Step=6.4 mm
0
0
0
0
0
0
0
0
0
0
0
0
0
0
0
0
0
0
0
0
0
0
0
0
0
0
0
0
0
0
0
0
0
0
0
0
0
0
0
0
0
0
0
0
0
0
0
0
0
0
0
0
0
0
0
0
0
0
0
0
0
0
0
0
0.000175433039125466
0.000674260269892483
0.00145671557057464
0.00248492723551991
0.00372288314826416
0.0051363959546447
0.00669306823591382
0.00836225768185227
0.0101150422638828
0.0119241854081839
0.0137641011688028
0.0156108194007696
0.0174419509332105
0.0192366527424613
0.020975593125181
0.0226409168714655
0.0242162104379607
0.0256864671209764
0.0270380522295997
0.0282586682588087
0.0293373200625856
0.0302642800270306
0.0310310532434755
0.0316303426815969
0.0320560143625298
0.0323030625319814
0.0323675748333444
0.0322466974808106
0.0319386004324843
0.031442442563496
0.0307583368391159
0.0298873154878673
0.0288312951746404
0.0275930421738054
0.0261761375423265
0.0245849422928751
0.0228245625669435
0.0209008148079583
0.0188201909343942
0.0165898235128869
0.0142174509313473
0.0117113825720751
0.00908046398487148
0.00633404206015358
0.00348193020206738
0.000534373501601411
-0.0024979860902994
-0.00560414458962072
-0.0087727708061648
-0.0119922411704374
-0.0152506745605339
-0.0185359671290259
-0.0218358271298477
-0.025137809745183
-0.0284293519123505
-0.0316978071506915
-0.0349304803884563
-0.0381146627896892
-0.0412376665811167
-0.0442868598790332
-0.0472497015161875
-0.0501137758686691
-0.0528668276827953
-0.0554967969019975
-0.0579918534937069
-0.0603404322762408
-0.0625312677456914
-0.0645534289028104
-0.066396354079894
-0.0680498857676732
-0.0695043054421975
-0.0707503683917204
-0.07177933854359
-0.0725830232911325
-0.0731538083205374
-0.0734846924377474
-0.0735693223953429
-0.0734020277194273
-0.0729778555365179
-0.0722926054004262
-0.0713428641191505
-0.0701260405817563
-0.0686404005852694
-0.0668851016615553
-0.0648602279042139
-0.0625668247954536
-0.0600069340329963
-0.0571836283569425
-0.0541010463766747
-0.0507644273977355
-0.0471801462487169
-0.0433557481081452
-0.0392999833313685
-0.0350228422774426
-0.0305355901360196
-0.0258508017542289
-0.0209823964635678
-0.0159456729067933
-0.0107573438647948
-0.00543557108349591
-1.00801242266274e-10
0.00548554355673595
0.011479400567491
0.0184415489515532
0.0266873773765253
0.0362214553303742
0.0465611787160109
0.0567444891680227
0.0656516385361725
0.072656180957326
0.0779630822250145
0.081381758813932
0.0832995510377374
0.0844882303321463
0.0852916161862882
0.0858611596323745
0.0862768854468426
0.0865862117826783
0.0868191488946019
0.0869954915717151
0.0871286549447065
0.0872278754842325
0.0872995331341223
0.0873479669311014
0.0873759810877973
0.0873851499238644
0.0873759810844646
0.0873479669223576
0.0872995331238763
0.0872278754697891
0.0871286549263067
0.0869954915495605
0.0868191488713144
0.0865862117564521
0.0862768854181484
0.0858611596029593
0.0852916161562808
0.0844882303064293
0.0832995510190603
0.0813817588167085
0.0779630822665252
0.0726561810323145
0.065651638651646
0.0567444893186366
0.0465611788790913
0.0362214554830633
0.0266873775042631
0.0184415490429418
0.0114794006353178
0.00548554360876194
-5.10376549316305e-11
-0.00548554369624892
-0.0114794006863869
-0.018441549038437
-0.0266873774312288
-0.0362214553591717
-0.0465611787381824
-0.0567444892171033
-0.0656516386380747
-0.072656181116387
-0.0779630824292446
-0.0813817590797587
-0.0832995513317192
-0.0844882306446571
-0.0852916165101975
-0.085861159966179
-0.0862768857888728
-0.0865862121332214
-0.0868191492515912
-0.0869954919317857
-0.0871286553116947
-0.087227875856017
-0.0872995335117617
-0.0873479673134311
-0.0873759814765062
-0.0873851503176991
-0.0873759814829493
-0.0873479673277925
-0.0872995335329506
-0.0872278758825614
-0.0871286553461621
-0.0869954919761957
-0.0868191493028387
-0.0865862121957043
-0.0862768858642373
-0.0858611600555373
-0.0852916166206293
-0.0844882307830247
-0.0832995515139209
-0.0813817593457689
-0.0779630828585901
-0.0726561816752
-0.0656516393557951
-0.0567444900697786
-0.0465611796437963
-0.0362214562200105
-0.0266873781817449
-0.0184415496459629
-0.0114794011536052
-0.00548554404050621
-1.00801242266274e-10
0.00548554355673595
0.011479400567491
0.0184415489515532
0.0266873773765253
0.0362214553303742
0.0465611787160109
0.0567444891680227
0.0656516385361725
0.072656180957326
0.0779630822250145
0.081381758813932
0.0832995510377374
0.0844882303321463
0.0852916161862882
0.0858611596323745
0.0862768854468426
0.0865862117826783
0.0868191488946019
0.0869954915717151
0.0871286549447065
0.0872278754842325
0.0872995331341223
0.0873479669311014
0.0873759810877973
0.0873851499238644
0.0873759810844646
0.0873479669223576
0.0872995331238763
0.0872278754697891
0.0871286549263067
0.0869954915495605
0.0868191488713144
0.0865862117564521
0.0862768854181484
0.0858611596029593
0.0852916161562808
0.0844882303064293
0.0832995510190603
0.0813817588167085
0.0779630822665252
0.0726561810323145
0.065651638651646
0.0567444893186366
0.0465611788790913
0.0362214554830633
0.0266873775042631
0.0184415490429418
0.0114794006353178
0.00548554360876194
-5.10376549316305e-11
-0.00548554369624892
-0.0114794006863869
-0.018441549038437
-0.0266873774312288
-0.0362214553591717
-0.0465611787381824
-0.0567444892171033
-0.0656516386380747
-0.072656181116387
-0.0779630824292446
-0.0813817590797587
-0.0832995513317192
-0.0844882306446571
-0.0852916165101975
-0.085861159966179
-0.0862768857888728
-0.0865862121332214
-0.0868191492515912
-0.0869954919317857
-0.0871286553116947
-0.087227875856017
-0.0872995335117617
-0.0873479673134311
-0.0873759814765062
-0.0873851503176991
-0.0873759814829493
-0.0873479673277925
-0.0872995335329506
-0.0872278758825614
-0.0871286553461621
-0.0869954919761957
-0.0868191493028387
-0.0865862121957043
-0.0862768858642373
-0.0858611600555373
-0.0852916166206293
-0.0844882307830247
-0.0832995515139209
-0.0813817593457689
-0.0779630828585901
-0.0726561816752
-0.0656516393557951
-0.0567444900697786
-0.0465611796437963
-0.0362214562200105
-0.0266873781817449
-0.0184415496459629
-0.0114794011536052
-0.00548554404050621
-1.00801242266274e-10
0.00548554355673595
0.011479400567491
0.0184415489515532
0.0266873773765253
0.0362214553303742
0.0465611787160109
0.0567444891680227
0.0656516385361725
0.072656180957326
0.0779630822250145
0.081381758813932
0.0832995510377374
0.0844882303321463
0.0852916161862882
0.0858611596323745
0.0862768854468426
0.0865862117826783
0.0868191488946019
0.0869954915717151
0.0871286549447065
0.0872278754842325
0.0872995331341223
0.0873479669311014
0.0873759810877973
0.0873851499238644
0.0873759810844646
0.0873479669223576
0.0872995331238763
0.0872278754697891
0.0871286549263067
0.0869954915495605
0.0868191488713144
0.0865862117564521
0.0862768854181484
0.0858611596029593
0.0852916161562808
0.0844882303064293
0.0832995510190603
0.0813817588167085
0.0779630822665252
0.0726561810323145
0.065651638651646
0.0567444893186366
0.0465611788790913
0.0362214554830633
0.0266873775042631
0.0184415490429418
0.0114794006353178
0.00548554360876194
-5.10376549316305e-11
-0.00548554369624892
-0.0114794006863869
-0.018441549038437
-0.0266873774312288
-0.0362214553591717
-0.0465611787381824
-0.0567444892171033
-0.0656516386380747
-0.072656181116387
-0.0779630824292446
-0.0813817590797587
-0.0832995513317192
-0.0844882306446571
-0.0852916165101975
-0.085861159966179
-0.0862768857888728
-0.0865862121332214
-0.0868191492515912
-0.0869954919317857
-0.0871286553116947
-0.087227875856017
-0.0872995335117617
-0.0873479673134311
-0.0873759814765062
-0.0873851503176991
-0.0873759814829493
-0.0873479673277925
-0.0872995335329506
-0.0872278758825614
-0.0871286553461621
-0.0869954919761957
-0.0868191493028387
-0.0865862121957043
-0.0862768858642373
-0.0858611600555373
-0.0852916166206293
-0.0844882307830247
-0.0832995515139209
-0.0813817593457689
-0.0779630828585901
-0.0726561816752
-0.0656516393557951
-0.0567444900697786
-0.0465611796437963
-0.0362214562200105
-0.0266873781817449
-0.0184415496459629
-0.0114794011536052
-0.00548554404050621
-1.00801242266274e-10
0.00548554355673595
0.011479400567491
0.0184415489515532
0.0266873773765253
0.0362214553303742
0.0465611787160109
0.0567444891680227
0.0656516385361725
0.072656180957326
0.0779630822250145
0.081381758813932
0.0832995510377374
0.0844882303321463
0.0852916161862882
0.0858611596323745
0.0862768854468426
0.0865862117826783
0.0868191488946019
0.0869954915717151
0.0871286549447065
0.0872278754842325
0.0872995331341223
0.0873479669311014
0.0873759810877973
0.0873851499238644
0.0873759810844646
0.0873479669223576
0.0872995331238763
0.0872278754697891
0.0871286549263067
0.0869954915495605
0.0868191488713144
0.0865862117564521
0.0862768854181484
0.0858611596029593
0.0852916161562808
0.0844882303064293
0.0832995510190603
0.0813817588167085
0.0779630822665252
0.0726561810323145
0.065651638651646
0.0567444893186366
0.0465611788790913
0.0362214554830633
0.0266873775042631
0.0184415490429418
0.0114794006353178
0.00548554360876194
-5.10376549316305e-11
-0.00548554369624892
-0.0114794006863869
-0.018441549038437
-0.0266873774312288
-0.0362214553591717
-0.0465611787381824
-0.0567444892171033
-0.0656516386380747
-0.072656181116387
-0.0779630824292446
-0.0813817590797587
-0.0832995513317192
-0.0844882306446571
-0.0852916165101975
-0.085861159966179
-0.0862768857888728
-0.0865862121332214
-0.0868191492515912
-0.0869954919317857
-0.0871286553116947
-0.087227875856017
-0.0872995335117617
-0.0873479673134311
-0.0873759814765062
-0.0873851503176991
-0.0873759814829493
-0.0873479673277925
-0.0872995335329506
-0.0872278758825614
-0.0871286553461621
-0.0869954919761957
-0.0868191493028387
-0.0865862121957043
-0.0862768858642373
-0.0858611600555373
-0.0852916166206293
-0.0844882307830247
-0.0832995515139209
-0.0813817593457689
-0.0779630828585901
-0.0726561816752
-0.0656516393557951
-0.0567444900697786
-0.0465611796437963
-0.0362214562200105
-0.0266873781817449
-0.0184415496459629
-0.0114794011536052
-0.00548554404050621
-1.00801242266274e-10
0.00548554355673595
0.011479400567491
0.0184415489515532
0.0266873773765253
0.0362214553303742
0.0465611787160109
0.0567444891680227
0.0656516385361725
0.072656180957326
0.0779630822250145
0.081381758813932
0.0832995510377374
0.0844882303321463
0.0852916161862882
0.0858611596323745
0.0862768854468426
0.0865862117826783
0.0868191488946019
0.0869954915717151
0.0871286549447065
0.0872278754842325
0.0872995331341223
0.0873479669311014
0.0873759810877973
0.0873851499238644
0.0873759810844646
0.0873479669223576
0.0872995331238763
0.0872278754697891
0.0871286549263067
0.0869954915495605
0.0868191488713144
0.0865862117564521
0.0862768854181484
0.0858611596029593
0.0852916161562808
0.0844882303064293
0.0832995510190603
0.0813817588167085
0.0779630822665252
0.0726561810323145
0.065651638651646
0.0567444893186366
0.0465611788790913
0.0362214554830633
0.0266873775042631
0.0184415490429418
0.0114794006353178
0.00548554360876194
-5.10376549316305e-11
-0.00548554369624892
-0.0114794006863869
-0.018441549038437
-0.0266873774312288
-0.0362214553591717
-0.0465611787381824
-0.0567444892171033
-0.0656516386380747
-0.072656181116387
-0.0779630824292446
-0.0813817590797587
-0.0832995513317192
-0.0844882306446571
-0.0852916165101975
-0.085861159966179
-0.0862768857888728
-0.0865862121332214
-0.0868191492515912
-0.0869954919317857
-0.0871286553116947
-0.087227875856017
-0.0872995335117617
-0.0873479673134311
-0.0873759814765062
-0.0873851503176991
-0.0873759814829493
-0.0873479673277925
-0.0872995335329506
-0.0872278758825614
-0.0871286553461621
-0.0869954919761957
-0.0868191493028387
-0.0865862121957043
-0.0862768858642373
-0.0858611600555373
-0.0852916166206293
-0.0844882307830247
-0.0832995515139209
-0.0813817593457689
-0.0779630828585901
-0.0726561816752
-0.0656516393557951
-0.0567444900697786
-0.0465611796437963
-0.0362214562200105
-0.0266873781817449
-0.0184415496459629
-0.0114794011536052
-0.00548554404050621
-1.00801242266274e-10
0.00548554355673595
0.011479400567491
0.0184415489515532
0.0266873773765253
0.0362214553303742
0.0465611787160109
0.0567444891680227
0.0656516385361725
0.072656180957326
0.0779630822250145
0.081381758813932
0.0832995510377374
0.0844882303321463
0.0852916161862882
0.0858611596323745
0.0862768854468426
0.0865862117826783
0.0868191488946019
0.0869954915717151
0.0871286549447065
0.0872278754842325
0.0872995331341223
0.0873479669311014
0.0873759810877973
0.0873851499238644
0.0873759810844646
0.0873479669223576
0.0872995331238763
0.0872278754697891
0.0871286549263067
0.0869954915495605
0.0868191488713144
0.0865862117564521
0.0862768854181484
0.0858611596029593
0.0852916161562808
0.0844882303064293
0.0832995510190603
0.0813817588167085
0.0779630822665252
0.0726561810323145
0.065651638651646
0.0567444893186366
0.0465611788790913
0.0362214554830633
0.0266873775042631
0.0184415490429418
0.0114794006353178
0.00548554360876194
-5.10376549316305e-11
-0.00548554369624892
-0.0114794006863869
-0.018441549038437
-0.0266873774312288
-0.0362214553591717
-0.0465611787381824
-0.0567444892171033
-0.0656516386380747
-0.072656181116387
-0.0779630824292446
-0.0813817590797587
-0.0832995513317192
-0.0844882306446571
-0.0852916165101975
-0.085861159966179
-0.0862768857888728
-0.0865862121332214
-0.0868191492515912
-0.0869954919317857
-0.0871286553116947
-0.087227875856017
-0.0872995335117617
-0.0873479673134311
-0.0873759814765062
-0.0873851503176991
-0.0873759814829493
-0.0873479673277925
-0.0872995335329506
-0.0872278758825614
-0.0871286553461621
-0.0869954919761957
-0.0868191493028387
-0.0865862121957043
-0.0862768858642373
-0.0858611600555373
-0.0852916166206293
-0.0844882307830247
-0.0832995515139209
-0.0813817593457689
-0.0779630828585901
-0.0726561816752
-0.0656516393557951
-0.0567444900697786
-0.0465611796437963
-0.0362214562200105
-0.0266873781817449
-0.0184415496459629
-0.0114794011536052
-0.00548554404050621
-1.00801242266274e-10
0.00548554355673595
0.011479400567491
0.0184415489515532
0.0266873773765253
0.0362214553303742
0.0465611787160109
0.0567444891680227
0.0656516385361725
0.072656180957326
0.0779630822250145
0.081381758813932
0.0832995510377374
0.0844882303321463
0.0852916161862882
0.0858611596323745
0.0862768854468426
0.0865862117826783
0.0868191488946019
0.0869954915717151
0.0871286549447065
0.0872278754842325
0.0872995331341223
0.0873479669311014
0.0873759810877973
0.0873851499238644
0.0873759810844646
0.0873479669223576
0.0872995331238763
0.0872278754697891
0.0871286549263067
0.0869954915495605
0.0868191488713144
0.0865862117564521
0.0862768854181484
0.0858611596029593
0.0852916161562808
0.0844882303064293
0.0832995510190603
0.0813817588167085
0.0779630822665252
0.0726561810323145
0.065651638651646
0.0567444893186366
0.0465611788790913
0.0362214554830633
0.0266873775042631
0.0184415490429418
0.0114794006353178
0.00548554360876194
-5.10376549316305e-11
-0.00548554369624892
-0.0114794006863869
-0.018441549038437
-0.0266873774312288
-0.0362214553591717
-0.0465611787381824
-0.0567444892171033
-0.0656516386380747
-0.072656181116387
-0.0779630824292446
-0.0813817590797587
-0.0832995513317192
-0.0844882306446571
-0.0852916165101975
-0.085861159966179
-0.0862768857888728
-0.0865862121332214
-0.0868191492515912
-0.0869954919317857
-0.0871286553116947
-0.087227875856017
-0.0872995335117617
-0.0873479673134311
-0.0873759814765062
-0.0873851503176991
-0.0873759814829493
-0.0873479673277925
-0.0872995335329506
-0.0872278758825614
-0.0871286553461621
-0.0869954919761957
-0.0868191493028387
-0.0865862121957043
-0.0862768858642373
-0.0858611600555373
-0.0852916166206293
-0.0844882307830247
-0.0832995515139209
-0.0813817593457689
-0.0779630828585901
-0.0726561816752
-0.0656516393557951
-0.0567444900697786
-0.0465611796437963
-0.0362214562200105
-0.0266873781817449
-0.0184415496459629
-0.0114794011536052
-0.00548554404050621
-1.00801242266274e-10
0.00548554355673595
0.011479400567491
0.0184415489515532
0.0266873773765253
0.0362214553303742
0.0465611787160109
0.0567444891680227
0.0656516385361725
0.072656180957326
0.0779630822250145
0.081381758813932
0.0832995510377374
0.0844882303321463
0.0852916161862882
0.0858611596323745
0.0862768854468426
0.0865862117826783
0.0868191488946019
0.0869954915717151
0.0871286549447065
0.0872278754842325
0.0872995331341223
0.0873479669311014
0.0873759810877973
0.0873851499238644
0.0873759810844646
0.0873479669223576
0.0872995331238763
0.0872278754697891
0.0871286549263067
0.0869954915495605
0.0868191488713144
0.0865862117564521
0.0862768854181484
0.0858611596029593
0.0852916161562808
0.0844882303064293
0.0832995510190603
0.0813817588167085
0.0779630822665252
0.0726561810323145
0.065651638651646
0.0567444893186366
0.0465611788790913
0.0362214554830633
0.0266873775042631
0.0184415490429418
0.0114794006353178
0.00548554360876194
-5.10376549316305e-11
-0.00548554369624892
-0.0114794006863869
-0.018441549038437
-0.0266873774312288
-0.0362214553591717
-0.0465611787381824
-0.0567444892171033
-0.0656516386380747
-0.072656181116387
-0.0779630824292446
-0.0813817590797587
-0.0832995513317192
-0.0844882306446571
-0.0852916165101975
-0.085861159966179
-0.0862768857888728
-0.0865862121332214
-0.0868191492515912
-0.0869954919317857
-0.0871286553116947
-0.087227875856017
-0.0872995335117617
-0.0873479673134311
-0.0873759814765062
-0.0873851503176991
-0.0873759814829493
-0.0873479673277925
-0.0872995335329506
-0.0872278758825614
-0.0871286553461621
-0.0869954919761957
-0.0868191493028387
-0.0865862121957043
-0.0862768858642373
-0.0858611600555373
-0.0852916166206293
-0.0844882307830247
-0.0832995515139209
-0.0813817593457689
-0.0779630828585901
-0.0726561816752
-0.0656516393557951
-0.0567444900697786
-0.0465611796437963
-0.0362214562200105
-0.0266873781817449
-0.0184415496459629
-0.0114794011536052
-0.00548554404050621
-1.00801242266274e-10
0.00548554355673595
0.011479400567491
0.0184415489515532
0.0266873773765253
0.0362214553303742
0.0465611787160109
0.0567444891680227
0.0656516385361725
0.072656180957326
0.0779630822250145
0.081381758813932
0.0832995510377374
0.0844882303321463
0.0852916161862882
0.0858611596323745
0.0862768854468426
0.0865862117826783
0.0868191488946019
0.0869954915717151
0.0871286549447065
0.0872278754842325
0.0872995331341223
0.0873479669311014
0.0873759810877973
0.0873851499238644
0.0873759810844646
0.0873479669223576
0.0872995331238763
0.0872278754697891
0.0871286549263067
0.0869954915495605
0.0868191488713144
0.0865862117564521
0.0862768854181484
0.0858611596029593
0.0852916161562808
0.0844882303064293
0.0832995510190603
0.0813817588167085
0.0779630822665252
0.0726561810323145
0.065651638651646
0.0567444893186366
0.0465611788790913
0.0362214554830633
0.0266873775042631
0.0184415490429418
0.0114794006353178
0.00548554360876194
-5.10376549316305e-11
-0.00548554369624892
-0.0114794006863869
-0.018441549038437
-0.0266873774312288
-0.0362214553591717
-0.0465611787381824
-0.0567444892171033
-0.0656516386380747
-0.072656181116387
-0.0779630824292446
-0.0813817590797587
-0.0832995513317192
-0.0844882306446571
-0.0852916165101975
-0.085861159966179
-0.0862768857888728
-0.0865862121332214
-0.0868191492515912
-0.0869954919317857
-0.0871286553116947
-0.087227875856017
-0.0872995335117617
-0.0873479673134311
-0.0873759814765062
-0.0873851503176991
-0.0873759814829493
-0.0873479673277925
-0.0872995335329506
-0.0872278758825614
-0.0871286553461621
-0.0869954919761957
-0.0868191493028387
-0.0865862121957043
-0.0862768858642373
-0.0858611600555373
-0.0852916166206293
-0.0844882307830247
-0.0832995515139209
-0.0813817593457689
-0.0779630828585901
-0.0726561816752
-0.0656516393557951
-0.0567444900697786
-0.0465611796437963
-0.0362214562200105
-0.0266873781817449
-0.0184415496459629
-0.0114794011536052
-0.00548554404050621
-1.00801242266274e-10
0.00548554355673595
0.011479400567491
0.0184415489515532
0.0266873773765253
0.0362214553303742
0.0465611787160109
0.0567444891680227
0.0656516385361725
0.072656180957326
0.0779630822250145
0.081381758813932
0.0832995510377374
0.0844882303321463
0.0852916161862882
0.0858611596323745
0.0862768854468426
0.0865862117826783
0.0868191488946019
0.0869954915717151
0.0871286549447065
0.0872278754842325
0.0872995331341223
0.0873479669311014
0.0873759810877973
0.0873851499238644
0.0873759810844646
0.0873479669223576
0.0872995331238763
0.0872278754697891
0.0871286549263067
0.0869954915495605
0.0868191488713144
0.0865862117564521
0.0862768854181484
0.0858611596029593
0.0852916161562808
0.0844882303064293
0.0832995510190603
0.0813817588167085
0.0779630822665252
0.0726561810323145
0.065651638651646
0.0567444893186366
0.0465611788790913
0.0362214554830633
0.0266873775042631
0.0184415490429418
0.0114794006353178
0.00548554360876194
-5.10376549316305e-11
-0.00548554369624892
-0.0114794006863869
-0.018441549038437
-0.0266873774312288
-0.0362214553591717
-0.0465611787381824
-0.0567444892171033
-0.0656516386380747
-0.072656181116387
-0.0779630824292446
-0.0813817590797587
-0.0832995513317192
-0.0844882306446571
-0.0852916165101975
-0.085861159966179
-0.0862768857888728
-0.0865862121332214
-0.0868191492515912
-0.0869954919317857
-0.0871286553116947
-0.087227875856017
-0.0872995335117617
-0.0873479673134311
-0.0873759814765062
-0.0873851503176991
-0.0873759814829493
-0.0873479673277925
-0.0872995335329506
-0.0872278758825614
-0.0871286553461621
-0.0869954919761957
-0.0868191493028387
-0.0865862121957043
-0.0862768858642373
-0.0858611600555373
-0.0852916166206293
-0.0844882307830247
-0.0832995515139209
-0.0813817593457689
-0.0779630828585901
-0.0726561816752
-0.0656516393557951
-0.0567444900697786
-0.0465611796437963
-0.0362214562200105
-0.0266873781817449
-0.0184415496459629
-0.0114794011536052
-0.00548554404050621
-1.00801242266274e-10
0.00548554355673595
0.011479400567491
0.0184415489515532
0.0266873773765253
0.0362214553303742
0.0465611787160109
0.0567444891680227
0.0656516385361725
0.072656180957326
0.0779630822250145
0.081381758813932
0.0832995510377374
0.0844882303321463
0.0852916161862882
0.0858611596323745
0.0862768854468426
0.0865862117826783
0.0868191488946019
0.0869954915717151
0.0871286549447065
0.0872278754842325
0.0872995331341223
0.0873479669311014
0.0873759810877973
0.0873851499238644
0.0873759810844646
0.0873479669223576
0.0872995331238763
0.0872278754697891
0.0871286549263067
0.0869954915495605
0.0868191488713144
0.0865862117564521
0.0862768854181484
0.0858611596029593
0.0852916161562808
0.0844882303064293
0.0832995510190603
0.0813817588167085
0.0779630822665252
0.0726561810323145
0.065651638651646
0.0567444893186366
0.0465611788790913
0.0362214554830633
0.0266873775042631
0.0184415490429418
0.0114794006353178
0.00548554360876194
-5.10376549316305e-11
-0.00548554369624892
-0.0114794006863869
-0.018441549038437
-0.0266873774312288
-0.0362214553591717
-0.0465611787381824
-0.0567444892171033
-0.0656516386380747
-0.072656181116387
-0.0779630824292446
-0.0813817590797587
-0.0832995513317192
-0.0844882306446571
-0.0852916165101975
-0.085861159966179
-0.0862768857888728
-0.0865862121332214
-0.0868191492515912
-0.0869954919317857
-0.0871286553116947
-0.087227875856017
-0.0872995335117617
-0.0873479673134311
-0.0873759814765062
-0.0873851503176991
-0.0873759814829493
-0.0873479673277925
-0.0872995335329506
-0.0872278758825614
-0.0871286553461621
-0.0869954919761957
-0.0868191493028387
-0.0865862121957043
-0.0862768858642373
-0.0858611600555373
-0.0852916166206293
-0.0844882307830247
-0.0832995515139209
-0.0813817593457689
-0.0779630828585901
-0.0726561816752
-0.0656516393557951
-0.0567444900697786
-0.0465611796437963
-0.0362214562200105
-0.0266873781817449
-0.0184415496459629
-0.0114794011536052
-0.00548554404050621
-1.00801242266274e-10
0.00548554355673595
0.011479400567491
0.0184415489515532
0.0266873773765253
0.0362214553303742
0.0465611787160109
0.0567444891680227
0.0656516385361725
0.072656180957326
0.0779630822250145
0.081381758813932
0.0832995510377374
0.0844882303321463
0.0852916161862882
0.0858611596323745
0.0862768854468426
0.0865862117826783
0.0868191488946019
0.0869954915717151
0.0871286549447065
0.0872278754842325
0.0872995331341223
0.0873479669311014
0.0873759810877973
0.0873851499238644
0.0873759810844646
0.0873479669223576
0.0872995331238763
0.0872278754697891
0.0871286549263067
0.0869954915495605
0.0868191488713144
0.0865862117564521
0.0862768854181484
0.0858611596029593
0.0852916161562808
0.0844882303064293
0.0832995510190603
0.0813817588167085
0.0779630822665252
0.0726561810323145
0.065651638651646
0.0567444893186366
0.0465611788790913
0.0362214554830633
0.0266873775042631
0.0184415490429418
0.0114794006353178
0.00548554360876194
-5.10376549316305e-11
-0.00548554369624892
-0.0114794006863869
-0.018441549038437
-0.0266873774312288
-0.0362214553591717
-0.0465611787381824
-0.0567444892171033
-0.0656516386380747
-0.072656181116387
-0.0779630824292446
-0.0813817590797587
-0.0832995513317192
-0.0844882306446571
-0.0852916165101975
-0.085861159966179
-0.0862768857888728
-0.0865862121332214
-0.0868191492515912
-0.0869954919317857
-0.0871286553116947
-0.087227875856017
-0.0872995335117617
-0.0873479673134311
-0.0873759814765062
-0.0873851503176991
-0.0873759814829493
-0.0873479673277925
-0.0872995335329506
-0.0872278758825614
-0.0871286553461621
-0.0869954919761957
-0.0868191493028387
-0.0865862121957043
-0.0862768858642373
-0.0858611600555373
-0.0852916166206293
-0.0844882307830247
-0.0832995515139209
-0.0813817593457689
-0.0779630828585901
-0.0726561816752
-0.0656516393557951
-0.0567444900697786
-0.0465611796437963
-0.0362214562200105
-0.0266873781817449
-0.0184415496459629
-0.0114794011536052
-0.00548554404050621
-1.00801242266274e-10
0.00548554355673595
0.011479400567491
0.0184415489515532
0.0266873773765253
0.0362214553303742
0.0465611787160109
0.0567444891680227
0.0656516385361725
0.072656180957326
0.0779630822250145
0.081381758813932
0.0832995510377374
0.0844882303321463
0.0852916161862882
0.0858611596323745
0.0862768854468426
0.0865862117826783
0.0868191488946019
0.0869954915717151
0.0871286549447065
0.0872278754842325
0.0872995331341223
0.0873479669311014
0.0873759810877973
0.0873851499238644
0.0873759810844646
0.0873479669223576
0.0872995331238763
0.0872278754697891
0.0871286549263067
0.0869954915495605
0.0868191488713144
0.0865862117564521
0.0862768854181484
0.0858611596029593
0.0852916161562808
0.0844882303064293
0.0832995510190603
0.0813817588167085
0.0779630822665252
0.0726561810323145
0.065651638651646
0.0567444893186366
0.0465611788790913
0.0362214554830633
0.0266873775042631
0.0184415490429418
0.0114794006353178
0.00548554360876194
-5.10376549316305e-11
-0.00548554369624892
-0.0114794006863869
-0.018441549038437
-0.0266873774312288
-0.0362214553591717
-0.0465611787381824
-0.0567444892171033
-0.0656516386380747
-0.072656181116387
-0.0779630824292446
-0.0813817590797587
-0.0832995513317192
-0.0844882306446571
-0.0852916165101975
-0.085861159966179
-0.0862768857888728
-0.0865862121332214
-0.0868191492515912
-0.0869954919317857
-0.0871286553116947
-0.087227875856017
-0.0872995335117617
-0.0873479673134311
-0.0873759814765062
-0.0873851503176991
-0.0873759814829493
-0.0873479673277925
-0.0872995335329506
-0.0872278758825614
-0.0871286553461621
-0.0869954919761957
-0.0868191493028387
-0.0865862121957043
-0.0862768858642373
-0.0858611600555373
-0.0852916166206293
-0.0844882307830247
-0.0832995515139209
-0.0813817593457689
-0.0779630828585901
-0.0726561816752
-0.0656516393557951
-0.0567444900697786
-0.0465611796437963
-0.0362214562200105
-0.0266873781817449
-0.0184415496459629
-0.0114794011536052
-0.00548554404050621
-1.00801242266274e-10
0.00548554355673595
0.011479400567491
0.0184415489515532
0.0266873773765253
0.0362214553303742
0.0465611787160109
0.0567444891680227
0.0656516385361725
0.072656180957326
0.0779630822250145
0.081381758813932
0.0832995510377374
0.0844882303321463
0.0852916161862882
0.0858611596323745
0.0862768854468426
0.0865862117826783
0.0868191488946019
0.0869954915717151
0.0871286549447065
0.0872278754842325
0.0872995331341223
0.0873479669311014
0.0873759810877973
0.0873851499238644
0.0873759810844646
0.0873479669223576
0.0872995331238763
0.0872278754697891
0.0871286549263067
0.0869954915495605
0.0868191488713144
0.0865862117564521
0.0862768854181484
0.0858611596029593
0.0852916161562808
0.0844882303064293
0.0832995510190603
0.0813817588167085
0.0779630822665252
0.0726561810323145
0.065651638651646
0.0567444893186366
0.0465611788790913
0.0362214554830633
0.0266873775042631
0.0184415490429418
0.0114794006353178
0.00548554360876194
-5.10376549316305e-11
-0.00548554369624892
-0.0114794006863869
-0.018441549038437
-0.0266873774312288
-0.0362214553591717
-0.0465611787381824
-0.0567444892171033
-0.0656516386380747
-0.072656181116387
-0.0779630824292446
-0.0813817590797587
-0.0832995513317192
-0.0844882306446571
-0.0852916165101975
-0.085861159966179
-0.0862768857888728
-0.0865862121332214
-0.0868191492515912
-0.0869954919317857
-0.0871286553116947
-0.087227875856017
-0.0872995335117617
-0.0873479673134311
-0.0873759814765062
-0.0873851503176991
-0.0873759814829493
-0.0873479673277925
-0.0872995335329506
-0.0872278758825614
-0.0871286553461621
-0.0869954919761957
-0.0868191493028387
-0.0865862121957043
-0.0862768858642373
-0.0858611600555373
-0.0852916166206293
-0.0844882307830247
-0.0832995515139209
-0.0813817593457689
-0.0779630828585901
-0.0726561816752
-0.0656516393557951
-0.0567444900697786
-0.0465611796437963
-0.0362214562200105
-0.0266873781817449
-0.0184415496459629
-0.0114794011536052
-0.00548541732132435
0.000450408086180687
0.00625605089589953
0.0119115361012518
0.0173984081484377
0.0226996983401477
0.0277999062091112
0.032684953417629
0.0373421320691705
0.041760103777051
0.0459288265556097
0.0498395399190486
0.0534847378730774
0.05685810232535
0.0599544933065772
0.062769906129688
0.0653014248237014
0.0675471969880164
0.0695064128376544
0.0711792279034853
0.0725667658261955
0.07367107225582
0.0744950477965176
0.0750424712896347
0.0753179108723998
0.0753267179243267
0.0750749772414565
0.0745694739744067
0.0738176666200161
0.0728276274167001
0.071608042344451
0.0701681398786604
0.0685176807455719
0.0666669015772641
0.0646264995448291
0.06240757368505
0.060021610930562
0.0574804334901273
0.0547961797565222
0.0519812386482954
0.0490482468158007
0.0460100388154388
0.0428796182386577
0.0396700915880501
0.0363946766592562
0.0330666298978031
0.029699245467782
0.0263057756237686
0.0228994330391288
0.0194933409802616
0.0161004946567118
0.0127337207086384
0.0094056548550725
0.00612869532778859
0.00291498051956296
-0.000223670620471239
-0.00327578047290444
-0.00623023556545377
-0.00907634757459164
-0.0118038831278682
-0.0144030759111047
-0.0168647007085383
-0.0191800822503865
-0.0213411320000887
-0.0233404068276286
-0.0251711132004857
-0.0268271658569574
-0.0283032231964171
-0.0295947096310556
-0.0306978621520102
-0.0316097689792514
-0.0323283798061311
-0.0328525933437049
-0.0331822331063449
-0.0333181247115135
-0.0332621219567955
-0.0330171450041234
-0.03258718829602
-0.0319773945957422
-0.0311940922401845
-0.0302447844296694
-0.0291382409632206
-0.0278844893909991
-0.0264948885887861
-0.0249821399338543
-0.0233603217639029
-0.0216449480503798
-0.0198529693298042
-0.0180028574541211
-0.016114603728056
-0.01420973893255
-0.0123114371672273
-0.010444478597492
-0.00863533467054367
-0.0069121764972806
-0.00530492514371872
-0.00384527584537864
-0.00256674783304334
-0.00150471366941929
-0.00069642998278141
-0.000181091949343681
0
0
0
0
0
0
0
0
0
0
0
0
0
0
0
0
0
0
0
0
0
0
0
0
0
0
0
0
0
0
0
0
0
0
0
0
0
0
0
0
0
0
0
0
0
0
0
0
0
0
0
0
0
0
0
0
0
0
0
0
0
0
0
0
