-0.000015815856432753807
-0.00004237881577693658
0.00004096355245751133
0.00004651123282070427
-0.000025267020173073333
-0.000021087406343846815
0.00003924875262141142
0.000029202542384811166
0.0000227674557694179
-0.00005353613647118809
-9.661020784277295e-6
2.932168072217922e-6
0.00002170098955076285
-1.9452347188087568e-6
-3.215972097910735e-6
0.00003609963497355048
-0.000033799988872712075
0.00004568407683465936
0.0000245743293519034
-0.00006519421353373622
6.737895764334008e-6
0.00007199058071866653
0.000040806041688914164
6.7794964771920045e-6
0.00001605976151174407
0.00004827632344755425
-2.492918673043712e-6
-0.000012857259681213802
0.000011294793503820469
-6.856704447572e-6
0.0000374518544402078
0.00004169733113831013
0.00003838588411831203
0.000013757733360584727
0.000052785844909658287
0.00003394739665487968
0.00007652748441421181
0.000016224030354103958
0.00003486808355866956
0.00006111833825857201
-2.6399111769810884e-6
0.000028432463327964586
0.00005161743347033844
0.000010946159647568265
-0.00001219526517997377
0.000034207376027443666
4.98466204471038e-6
-0.00009726845773913528
0.00004872239292391639
-0.00002665048504571604
0.000027285730799404167
-6.636175836981602e-6
7.032777233147937e-6
0.000024817345498820383
0.00008873957349093077
0.000019352222442906644
0.000023739429036768986
-0.00002760304483425963
-0.000011433305232335418
0.000011720084040731711
0.000030348835827976307
-0.00001404290316142248
-0.00004053836284833724
-2.690408239518466e-6
-0.000012854404277685702
0.00005146144183979079
0.000029907686800913897
9.046568309199146e-7
0.00003390584459487656
0.000023581344989973668
0.00002643774835904878
7.7028078557736e-6
0.00003960253774865296
-0.00004766596315166223
-1.6684513552755051e-6
0.000012110089789098665
0.000022069821262754425
0.00003236148441391386
0.00006789852313564546
0.00008099718984551734
-0.000010427171661073638
0.00004591770093264692
-0.0000441595642106486
0.000012865134178606405
8.968295533421384e-6
9.963514039940889e-9
-0.000021700707395764387
0.000045871269269344786
0.000057030419152357775
0.000025853994119151414
0.000010715324884309652
0.0000806327363883975
0.00008604881995316525
0.00006567453278802971
0.00003368493630693147
0.00005853124552443419
2.7467675323976715e-6
0.00005017316206606971
0.000013270742609006545
0.000027160531252572208
0.00004501039523840026
0.00005923958640243015
0.00008273580989712671
0.0001049626156897222
0.000061033233731856105
0.00004628716220610884
0.00009644836638959937
0.000012441797152290647
0.00005726446182196928
0.00012223351135964985
0.00011016830099454773
0.00008666692794676951
0.00008864927595747951
0.00009714238727748245
0.0000925421682660159
0.00011323291562249552
0.00010983040278368304
0.00011274473828428637
0.00005891857724717985
0.0000587021248934908
0.00004706227921995294
0.00009510169524121445
0.00008668447368516702
0.00010249068624805905
0.00014852122399609978
0.00007144919491954375
0.0000844838766246062
0.00007687761514183226
0.00010460122986810972
0.00014038607881059403
0.00009252320082395318
0.00010288607977211905
0.0001898852776941552
0.0001431442947005171
0.00018631811985037
0.00015571013196247324
0.00015237417583363654
0.00010117620245993043
0.00017049544252861857
0.00026808199147348977
0.00019264974461775735
0.00024671381378850085
0.00018057256847941395
0.00019798463298144876
0.00024347404659394914
0.00022006588722952612
0.0002774610355608412
0.0002826769695555979
0.0002294466158744496
0.00028684969485210363
0.0003325488124299943
0.0002952206413773905
0.0003824018820101985
0.0003595895477569396
0.0003138872028017024
0.0003474441342114437
0.00042713369429911365
0.00041420364825632485
0.00043508575418697273
0.0004214640667242025
0.0004241803635211277
0.000428148156950519
0.0004885382856767965
0.000536469469510774
0.0005631043561678381
0.0006509640680950941
0.00063108435932349
0.0006381685730326694
0.0006984673695559443
0.0007428082131887127
0.0007926721789506041
0.0007749916797945425
0.0008036056290306571
0.0008683770968250068
0.0008638238455386541
0.0009354968728868185
0.0009538409679812588
0.001033231830377444
0.001073316888404389
0.0011304134928631644
0.0011476599415991883
0.0012552969761907091
0.0013352713124855024
0.0013766925081069754
0.0014220304049690194
0.0015466330741823592
0.0016811329980160863
0.0016948859614788884
0.0017936379684588444
0.0019074788035899713
0.0020112123865619748
0.00212619124673608
0.002211883299909974
0.0023544254904698187
0.0024585480747976126
0.00261993292779178
0.0027808470867715066
0.002984681107113721
0.003085175609477307
0.003263044045518766
0.003404127689413757
0.0036371430978762017
0.003806220607727321
0.004034294641702816
0.004233772098483885
0.004523273966658705
0.004742838439345971
0.004974857612485964
0.00529769535814358
0.005526506842686102
0.005845490753278881
0.0060621388279212705
0.006420520521950515
0.006727764922678445
0.00704652816907314
0.007359284145178132
0.007689592672232162
0.007901488065669825
0.00816493568251033
0.008406879776107894
0.008636114883604145
0.008765986242583977
0.008854875206089343
0.008848996368033312
0.00860288597751817
0.008172178494548741
0.00764659429362813
0.006604882871919484
0.005198207545033087
0.003225111917184367
0.00044110915799282024
-0.0032031195728142174
-0.008079003105453125
-0.014410825765920543
-0.022497089030972132
-0.0325084178086082
-0.0445909291040939
-0.05870471523030356
-0.07459791811792697
-0.09179544359579427
-0.10978940786185737
-0.1277471301548233
-0.14519515141458797
-0.1611268594824881
-0.1748550647709169
-0.1856527914434109
-0.1931025501730912
-0.19671026692364463
-0.19642847984385742
-0.19203386244432777
-0.18351013395184884
-0.17094634477079795
-0.1544507777099574
-0.1342126832015926
-0.11037402422786165
-0.08305033630089882
-0.05226312241930883
-0.01825922115875398
0.018759071186838852
0.05853386439187568
0.10026966012563035
0.1432808161345041
0.1866252575565311
0.229148246325466
0.2698309487163048
0.30747505830612043
0.34120023647031594
0.37013486940858426
0.3936024976829561
0.4113948424829059
0.42327042315145896
0.4295776033076058
0.43061075814891914
0.4268656957648776
0.4188512669208099
0.40683293064237835
0.3908066042343791
0.3706470348391958
0.3463650618544239
0.3176014640741399
0.28435866733383813
0.24674322918461808
0.2049745357576337
0.15951520182296602
0.11098274548584293
0.06029834396220095
0.008660194090151013
-0.042800440538870506
-0.09310997590516357
-0.1413204456927884
-0.1870269818977772
-0.22997793347471523
-0.27016964747159866
-0.30752810898839555
-0.34229837894814635
-0.37438267525476787
-0.40397756230631326
-0.4308845771957463
-0.4548459507797774
-0.47551942626780624
-0.4923026476297282
-0.504762740074348
-0.5123171163473234
-0.5144580725987762
-0.5111776146517947
-0.5028268311287105
-0.48976223926485507
-0.47258034496613716
-0.4519600784359917
-0.4281642099938676
-0.40170317678655476
-0.37259260298231134
-0.3409970170706018
-0.30683324680571805
-0.27001066186553774
-0.2304230732386603
-0.18798915814629386
-0.14283121861111361
-0.09532137335822723
-0.045944639868598675
0.00440559774605206
0.054824736001935444
0.10422914807562138
0.15187532304078513
0.19719773876131344
0.23976036107436488
0.2795674912410886
0.31671031312358555
0.35110083087799027
0.3830386497634092
0.4125123913642003
0.4394252957985223
0.46361736021655886
0.4848115914360185
0.5025075651176832
0.5161138955383959
0.5250918125517859
0.5289597376986621
0.5274648447535404
0.5207857487596927
0.5091572626937624
0.49317108818104227
0.4734425243729616
0.4505098544342114
0.42465919850462275
0.3962432102523126
0.365349493912152
0.33188866308126397
0.2958589318951526
0.2571774883873991
0.21567000335397205
0.1713783964939839
0.12453372084860827
0.07558007547335589
0.02525446157537265
-0.025549513129424554
-0.07588135941438821
-0.12475483034005334
-0.171440693516957
-0.21563489800050023
-0.25702456096269216
-0.2955794538182406
-0.331468388072871
-0.36481406596138455
-0.39564103164770853
-0.4239440186502989
-0.4496032074598977
-0.4724461286633711
-0.4919875293240189
-0.5078003966694237
-0.5191403265774671
-0.5256582756199653
-0.5268781672759142
-0.52270140050949
-0.5135152164737301
-0.49960174425300224
-0.4817709092117255
-0.46033665491377207
-0.4359446131373645
-0.40881182031911445
-0.37915966620837305
-0.3469832093168784
-0.31230512963692814
-0.2749619946742322
-0.23481175781380625
-0.1919890803000441
-0.1464399249624612
-0.09849048557648071
-0.048735844895571284
0.0019172598237555069
0.052571174732557256
0.10219915447848306
0.14996622735397874
0.19539012618906887
0.23808601275888774
0.27803019253964456
0.31518742944943046
0.3496588478741534
0.38165830501656356
0.41120950064942496
0.43812681419300703
0.46233397243224517
0.48350247280155795
0.5011544303542614
0.5147345453833596
0.5236522920149577
0.5273800217954638
0.5258062392388986
0.5189730784547463
0.5072657727039213
0.49125534528254367
0.47141377522993766
0.44841539814143916
0.4225794634794693
0.3941532164140652
0.3631440140504099
0.3297116646253511
0.29360749553977306
0.25489483595108753
0.21328188228775297
0.1690389401450958
0.12213462923533946
0.07314745778448753
0.022858276914658315
-0.02800292145804831
-0.07821374872797007
-0.1269723394626307
-0.17357856489917342
-0.21763567571755893
-0.2589111119602371
-0.2973783660385781
-0.3331692514303903
-0.366402528560484
-0.3970764759556425
-0.4252860290482286
-0.4508318907825956
-0.4735210425332032
-0.4929457631122879
-0.50859047056343
-0.5197647299969466
-0.5260374911688843
-0.5270994783883842
-0.522795732709097
-0.513368730395425
-0.4993486346558923
-0.4813078738066904
-0.4597964737759956
-0.4352583710485505
-0.4080826659666978
-0.37831298269039837
-0.3460685452267975
-0.3112603371250805
-0.2738174782408358
-0.2336115578972487
-0.19064049233211555
-0.14495480994099152
-0.0969351171355021
-0.04718258674457558
0.0035049794225000745
0.054150662702806496
0.10370476565724261
0.15146052572092072
0.19676035125622743
0.2393627768285673
0.27917515779943514
0.31628354165013406
0.3507138394412466
0.38256959946038793
0.41201536333823846
0.43891229977934276
0.4630085714539874
0.484063537037814
0.5015764398305341
0.5150022752475644
0.5237545944239247
0.5273556071642499
0.5255872408631538
0.5185607878650041
0.5067147429889253
0.490567986000996
0.4706417153481022
0.4475246297122326
0.4215909349927409
0.3930397741664405
0.3620143264800314
0.328451436449718
0.2922943725694057
0.25338691980258216
0.21177043341130566
0.1674068806312121
0.12039014821459519
0.07141875758740743
0.021005146613440905
-0.02978418798868861
-0.0799352455351667
-0.12865575259778933
-0.17516561141396145
-0.219153239014396
-0.26032803935857374
-0.29870562142368035
-0.3343869332763754
-0.3675132818181586
-0.39812470666737027
-0.42620678767966763
-0.45172053668787243
-0.47427982588538076
-0.4935493518839354
-0.5090816794040955
-0.5201084336558914
-0.5262539079555788
-0.5270520271048956
-0.5225864755464052
-0.513004161591293
-0.49883748844483095
-0.4806619518271119
-0.4590795450698458
-0.4344099893003391
-0.40711488450798844
-0.3772582367288392
-0.34492537726438616
-0.31004092410998935
-0.2724981172479005
-0.23221690082954094
-0.18916439507240543
-0.14336178288773901
-0.0952772237386638
-0.04544053481636489
0.005282057993969499
0.05587580269686967
0.1053921383198681
0.1530454020000662
0.19830882228036426
0.24076137671911413
0.2805083409906296
0.31745810274077135
0.35186345030876126
0.3836610309405558
0.41298806208020505
0.43975456739495666
0.4637983015309855
0.48472805800181895
0.5021361568643747
0.5153973391012336
0.5239164117567825
0.5273209513619939
0.5254247128961571
0.5182294176461355
0.5062009738426217
0.48989735523563765
0.4698620862514543
0.44664167626824786
0.4206428347131015
0.3919720353560233
0.3608571924666207
0.32723761353598907
0.2909573332997239
0.2520232432952382
0.21029597535769812
0.16577895994018288
0.11875950298079359
0.06969867523076273
0.01930101132590044
-0.031536345971544616
-0.08167010092099951
-0.1303232169925579
-0.1767512634654204
-0.22060077204084602
-0.2616891006222749
-0.29994788891972934
-0.33558297755259536
-0.36862156405518254
-0.39913439135489004
-0.42715747076842436
-0.45251491697626917
-0.475024801780921
-0.4941937646475742
-0.5095308587630994
-0.5203827982684596
-0.5263770639847029
-0.5269848697029491
-0.5223349124256215
-0.5125935790520415
-0.49827746137115536
-0.4799458681889196
-0.4582508569758389
-0.4335320463485974
-0.40613798734370954
-0.3762402734529168
-0.34382225175092385
-0.30880682561433376
-0.2711854931293382
-0.23076494984974288
-0.1875843029420854
-0.14175689150500823
-0.09359870696577133
-0.043712017091514524
0.007005205440760246
0.05759577247235629
0.10709760474891421
0.15466571527768588
0.199807988740685
0.24219675897305465
0.2818139057507857
0.31873201092673975
0.3529635657770784
0.38470400640788416
0.41395449873937407
0.44060299352553267
0.46456357648204594
0.4854120931901068
0.5026402067839212
0.5157554031870797
0.5241338071822637
0.5273788561135867
0.5252589443589835
0.5178918493275853
0.5057150796946563
0.4892746839423591
0.4691377937783037
0.4458005763456248
0.41969206932145753
0.3909597981608254
0.35973894766775344
0.3260070299366402
0.2896839668222584
0.25062757467239066
0.208768074090867
0.164207534959984
0.11711031825383594
0.06795421648787789
0.017549825255043137
-0.03325678399775392
-0.08337156197238105
-0.13197251813526464
-0.17831524706548998
-0.22206819344724502
-0.26301601779626627
-0.3012070136779431
-0.3367352523732852
-0.3697165301524624
-0.40015142715177937
-0.42807866458225735
-0.45335002380790107
-0.47574597333421365
-0.4948043242792462
-0.5099710376442749
-0.5207187022925528
-0.5264653880867776
-0.5269400413798778
-0.5220617319058227
-0.5121565066020111
-0.497700722747054
-0.47925181840606773
-0.4574178021272235
-0.4326252503767631
-0.4051321950871234
-0.3751436458248336
-0.34262082107720393
-0.3075466780421498
-0.2698079171481616
-0.22933639037376954
-0.1860802463323357
-0.14012297417383093
-0.09188440779409521
-0.04198019817773083
0.008761580320123172
0.05934978085260472
0.10875461967879639
0.15625533045604656
0.20130332901139625
0.24360428232704265
0.28314933430965566
0.3199448902177579
0.3541182215318669
0.38574898113838496
0.414917578832959
0.441493775902583
0.4653279240048442
0.48603083470454894
0.5031404654233149
0.5161507089091615
0.5243394943016341
0.52737714471281
0.5250724895739624
0.5175572010821979
0.5052410917899087
0.48864157041958245
0.46836548374013093
0.44496223127099954
0.4187408915417384
0.38993384514959006
0.35862193797214026
0.3248163466952344
0.2883859176073551
0.24923831333283394
0.20730377690746032
0.16261878425232
0.11541535332785953
0.06623454225781367
0.01576253933351915
-0.03499905182981076
-0.0851062452103014
-0.13359757119199264
-0.17986709966214331
-0.22353655404223693
-0.2643967148371592
-0.30249919974258144
-0.33791811428171015
-0.3707865868426893
-0.4011452207273299
-0.4290191709080601
-0.4541745841043282
-0.4764576579419813
-0.4953908467763697
-0.5104234835421918
-0.5209865415222141
-0.5265869498009211
-0.5268504762314623
-0.5218185610588962
-0.5117313046899549
-0.4971265326953187
-0.4785865216461965
-0.45664282773307263
-0.4317306801757729
-0.40413157102972425
-0.37404032411440846
-0.34143481351498384
-0.3062903963984165
-0.2684831343911209
-0.2278812268319439
-0.184512754695253
-0.13849822198625747
-0.09019367935995912
-0.040228017677696244
0.010495706903596866
0.06105821586820964
0.1104362476683965
0.15785803859986647
0.2028243822775446
0.2450082018469549
0.28446715928397714
0.3211626854900731
0.3552449344199296
0.3868072654380048
0.4158481936530815
0.44237436224846166
0.46609642475196195
0.48669870954785194
0.5036954548295169
0.5164902669078203
0.5245272797118055
0.5273889351518921
0.5248935045890959
0.5172144723091726
0.5047120290375451
0.48799158782617513
0.467605710308748
0.4440642470525756
0.4177935345239134
0.38888892483428505
0.3575162427392501
0.32359448056873913
0.28707667564865663
0.24783057978159537
0.205798959991387
0.1610414005437831
0.11377724045807047
0.06452114632743089
0.014038251834808524
-0.03674640949510181
-0.08679279035171676
-0.13522683757123038
-0.1814314012760135
-0.2249964064366772
-0.2657702350569352
-0.303784073577968
-0.33910461146029297
-0.3718886369235791
-0.40214727058702676
-0.4298976013575291
-0.4550070759220517
-0.4771677925721691
-0.49597573877630485
-0.5108714485362843
-0.5212739816823175
-0.5266748848088266
-0.5267819862165948
-0.5215614649585152
-0.5113117505483662
-0.49653958709838203
-0.47789698352817406
-0.45581381600584625
-0.43081665255676693
-0.40315659447187324
-0.37297069603799227
-0.3402791132178996
-0.30505234248768637
-0.26713425471939445
-0.22642807930796968
-0.18297817971161087
-0.1368704269267143
-0.08849321624008608
-0.03849073166109545
0.012271579476368926
0.06279147158608972
0.11210610148616817
0.15945486181234997
0.20430021700788786
0.24642699287457717
0.28577804468768425
0.32236974481815045
0.35637216479143397
0.3878472590360937
0.41683957885359985
0.44323985523420095
0.466850427913735
0.4873420445262963
0.5041990919081091
0.5168449472860099
0.5247247691362886
0.5273981193827939
0.524711029084216
0.5168468830181243
0.5041935852325538
0.4873416660099328
0.46685564757681886
0.4432381404783889
0.41682759712070705
0.38784219534986764
0.35637441527170416
0.3223772930075743
0.28576202559206154
0.24643336494308474
0.20430293650537118
0.15942439652962803
0.11210900718852594
0.06277888116925463
0.012277176100547642
-0.0384778693670913
-0.08849505312976255
-0.1368697668764014
-0.18296516457047285
-0.2264479635864574
-0.2671105675617916
-0.3050398331797953
-0.3402973210941492
-0.3729629704958444
-0.403145070505027
-0.4308213400423105
-0.4558117407014813
-0.4778612710387166
-0.4965446562959061
-0.5112992813046476
-0.5215375998571976
-0.5267663665197374
-0.5266668392665929
-0.5212771238282715
-0.5108759895070413
-0.49597205014294454
-0.4771699686977937
-0.45499601807414264
-0.4299008441554438
-0.40215425420751166
-0.3718769859561452
-0.339110642056106
-0.3037789630900112
-0.2657632259610749
-0.22498153336358107
-0.18143181297710925
-0.13523730549281673
-0.08678820698592549
-0.03675427336625689
0.014023212515345935
0.06450342777959472
0.11376015334863762
0.16104192660466837
0.20580317897796901
0.24782453666758222
0.2870797847826537
0.32359036848450046
0.35751750904709323
0.3888838112968049
0.4177812654676524
0.44408616431517295
0.4676217204255302
0.48799303625589674
0.5046996512593023
0.5171897845755837
0.5249091553229949
0.527389535069779
0.5245312475114862
0.5164963816706087
0.5036852626787501
0.48667903706367577
0.4660868261487111
0.44236810106207897
0.4158800311707636
0.38680845528972896
0.3552498007668927
0.32115439032915916
0.28445721776835453
0.2450402009540716
0.20279409555358482
0.1578479774976982
0.11043646838982653
0.06105003468484632
0.010517141361617412
-0.04021803067310699
-0.09019579424615844
-0.13851260546940922
-0.18451205413850694
-0.227878980969425
-0.2684844642716094
-0.3062952928332642
-0.34145561561594556
-0.37405735213088154
-0.40414165775838234
-0.4317349070539378
-0.4566398761990318
-0.47857820657568156
-0.49713056845710507
-0.5117423563769895
-0.5218205862089716
-0.5268509194154721
-0.5265806140602529
-0.5209842512607793
-0.5104302088643617
-0.4953690335308946
-0.47643723997222653
-0.4541877590298999
-0.4289923684548986
-0.4011545220383288
-0.37079256077529515
-0.3379380134411676
-0.30250590378092995
-0.26440045875920043
-0.22352769661892463
-0.1798775942085995
-0.13359479099257804
-0.08509560196522983
-0.03499508810608438
0.015769793082644246
0.06623231730008032
0.1154383673883955
0.16260817842117628
0.20729558799893355
0.24923260610319425
0.2883792533573034
0.3248029367182766
0.3586304553699696
0.38993151483454586
0.41873671045641087
0.4449547855334848
0.4683753273777829
0.48862581782442355
0.5052128669867059
0.5175540783207975
0.5250764354486774
0.5273786745060934
0.5243470338078214
0.5161162252482192
0.5031729614283821
0.48604386511532655
0.4653133943888824
0.4414962714510504
0.41490984062106406
0.3857718444301103
0.3541040056846866
0.3199457859410141
0.2831446541510446
0.2436144796253289
0.20129435254427158
0.15625047372319245
0.10874958197158653
0.059326885379972105
0.008765205003067742
-0.04196696836340623
-0.09189373512404907
-0.14011465223109193
-0.18604343813201346
-0.22933834578692128
-0.26981541740308207
-0.3075431359887087
-0.3426221068951106
-0.37511743400024294
-0.40513418775847043
-0.43263565537194615
-0.45744507009908136
-0.47928189765688767
-0.4977033131252028
-0.512164557320317
-0.522078715422247
-0.5269429222813911
-0.5264806931068666
-0.5207171814577812
-0.5099739828156314
-0.49479310107993646
-0.4757400298942042
-0.4533594575551909
-0.42806359002749067
-0.40015227396870434
-0.3696869271899783
-0.33676505067022905
-0.3012364709018587
-0.2630315671248903
-0.22208255135296404
-0.17833315131922428
-0.13195443347312985
-0.08337712083792886
-0.033250528523005626
0.017524174348542608
0.06794953676838696
0.11708968978249412
0.16419665434533384
0.20878454778097616
0.2506122580114221
0.28967656831840466
0.32601211475537845
0.3597513103347977
0.39096660825136176
0.4196864738739146
0.44580571435444544
0.46913133874153123
0.48926766539970984
0.5057164871059951
0.5178966889026694
0.5252456661185494
0.5273679599209249
0.5241401467586403
0.5157444183162133
0.5026392677649539
0.48538403509240013
0.4645561578369926
0.44062143604965287
0.41393513676345933
0.3847082913116656
0.3529751193364776
0.3187053938836248
0.2818233368946084
0.24220202568028093
0.19977247603687195
0.154647244668126
0.10707433285145533
0.05759885010048797
0.007002051206667079
-0.043708132706239036
-0.09357749914396263
-0.1417466377947265
-0.18760035360426344
-0.23078809451061857
-0.2711579240131229
-0.30879477161747176
-0.34377172566156555
-0.37619834549599734
-0.40612939564575556
-0.4335396533558122
-0.45823833264937486
-0.47996947585941024
-0.49826741039950245
-0.5125844260524554
-0.5223084993113996
-0.5270069072726854
-0.526358872503302
-0.5204402252205886
-0.5095246601787669
-0.49419191971268167
-0.47500821199577237
-0.4525384304898024
-0.4271540095467202
-0.3991451599789307
-0.368602095441571
-0.3355762698584884
-0.2999655350200208
-0.26166597982488243
-0.22058994405292282
-0.17676941750029562
-0.13032593882675497
-0.08168481484773277
-0.031511637055328896
0.01927229755877239
0.06967599016393727
0.11875839818231565
0.16578103599416683
0.21028905062493558
0.2520131723161367
0.2909738400783478
0.3272109743131388
0.36087098550253205
0.3919894973773295
0.4206252589899183
0.446661362832042
0.46986474626969127
0.48989793901732914
0.506209957844259
0.5182257808392173
0.5253936763362799
0.5273379520788711
0.523945247884568
0.5153696759665214
0.5021099457363176
0.484723651169844
0.4637665232522174
0.439736544654066
0.4129756637846212
0.38365561666267295
0.3518462933250127
0.3174762288009524
0.28050742240190224
0.24077672677256853
0.19825649205406173
0.1530490104352061
0.10539301096930949
0.0558661761066485
0.0052780970546641845
-0.04544507373675339
-0.09529189235993103
-0.1433662288530875
-0.1891408689475899
-0.23220445114826244
-0.2725095667987768
-0.3100428495159113
-0.34494482842201407
-0.37728335030711796
-0.4071220190294612
-0.43443421854527126
-0.45903115796151384
-0.4806715684263297
-0.498833593334045
-0.5129897957177948
-0.5225728835110355
-0.5270818599320231
-0.526245373064672
-0.5201218214394158
-0.5090534094885798
-0.493594547757014
-0.47429818732080364
-0.4517105923971815
-0.42622638744357966
-0.39811798453784636
-0.3675116469333772
-0.33440367584668856
-0.29869858198965643
-0.26031096580186946
-0.21913233017514977
-0.17520658608887985
-0.12866912762432822
-0.07996761450546683
-0.029777140064326527
0.021019491300123865
0.07138981785646173
0.12040754320359262
0.16736588048149573
0.21175923451302522
0.25340757252890517
0.2922626285526619
0.3284200804205539
0.3619743621389906
0.3930246897936029
0.4215758715597794
0.44750436751362127
0.47061267280507313
0.49052089019180106
0.5066989751446477
0.5185722057545923
0.5255747491183215
0.5273161229200833
0.5237284930571433
0.5149902265770139
0.5015798946031733
0.484054291849262
0.46298600208092333
0.43888006962176845
0.4120006463863979
0.38259705617387596
0.35070389706986743
0.31625330395320067
0.2791957719633716
0.23937031171587095
0.1967531578518044
0.15145471708124028
0.10370926384653381
0.054125414252238636
0.003507404358900034
-0.04719694460744579
-0.09696285514908877
-0.1449952806493766
-0.19066519266120885
-0.23364871669398768
-0.2738645160274884
-0.311308865928966
-0.34608920111431635
-0.37835827854917736
-0.4081123752172055
-0.43532551755066445
-0.4598437770153291
-0.48135731458132625
-0.49939364855212304
-0.5134160342026479
-0.5228145852480232
-0.5271438798336662
-0.5261181701014085
-0.5198244938778758
-0.5086055628726832
-0.49298625671920143
-0.47358546718199623
-0.4508883435446581
-0.4253098399034815
-0.39711361047355037
-0.3663934776696728
-0.33319881676227425
-0.2974130438040575
-0.2589315860968581
-0.21766147220425577
-0.17364959132942143
-0.1270251009323866
-0.07825233163706871
-0.028024871631059
0.02276710998397149
0.0731034089766144
0.1220658149805675
0.16892746649553841
0.21324224901381078
0.2547926439008064
0.29355433941029285
0.3296264714363766
0.3630972940228507
0.3940526582302148
0.42249697316560575
0.4483620074568935
0.4713722719779801
0.49113708162052244
0.5071766072352224
0.5188828765632221
0.5257051008947701
0.5272745244783611
0.5235136618290515
0.5145978058070096
0.5010336465074627
0.4833912918028674
0.46220539489776474
0.4379970874782431
0.4110411869785986
0.3815346518731301
0.34955551872797175
0.31502228033802276
0.2778739813739904
0.23792200301186497
0.19523518790581312
0.14984558955785096
0.10202430687420243
0.05239992042708046
0.0017678808259288987
-0.048930835260124
-0.0986567615170882
-0.14661636920866
-0.19217820734036284
-0.23507872006225275
-0.2751898569117832
-0.31253745208898315
-0.34723906830212337
-0.37940726746775155
-0.4090998987296325
-0.4362155896315254
-0.46063183138096175
-0.48203730440404713
-0.49993643225032636
-0.513815975644483
-0.5230632460221121
-0.5271954283233439
-0.5259865058069984
-0.5195185359563719
-0.5081340613733631
-0.4923816051877068
-0.4728241770858855
-0.45002460777498626
-0.42437265588342116
-0.39610032749645274
-0.3653092617427838
-0.3320236978326265
-0.2961289681846015
-0.257549927494815
-0.21621978613304968
-0.17206896642006533
-0.12539020669843431
-0.0765284667730447
-0.02626874415473945
0.02451800995232946
0.07481408309233363
0.12373223324296247
0.17052507408012954
0.21473276765907626
0.2561736648315005
0.29485409999363044
0.33081960848363934
0.3642041559549251
0.39506067219362534
0.42343262368853546
0.44919137435484546
0.4720968815319802
0.4917727558723089
0.507682142798247
0.5192015499323737
0.5258479924676158
0.5272393276509847
0.5232889599477889
0.5142075394902038
0.5004900366809742
0.4827229230898081
0.461427100708599
0.4371031668355809
0.410082426062901
0.3804770409651029
0.3483981414486259
0.3137706233458762
0.2765130847788943
0.23652624480027232
0.19371959611167044
0.14821320813019195
0.10036394946414345
0.05067045228554703
-9.016211036945936e-6
-0.05066864459019395
-0.10034231948260923
-0.14823558967231729
-0.19370183593330131
-0.23650699887942242
-0.27652026047915274
-0.3137920058127249
-0.3483996833220898
-0.3804750236707718
-0.4100587411153236
-0.43709237199185236
-0.46143807393733133
-0.48271381576752054
-0.500496931292079
-0.5142010956126063
-0.5232905821874416
-0.5272278129604931
-0.5258511331324582
-0.5191855042406718
-0.5076488587553049
-0.4917802988276859
-0.47210399671728726
-0.4492314044047915
-0.423453632690292
-0.3950800668901174
-0.36420020728241914
-0.330823138828185
-0.29484974675003184
-0.25617595637369117
-0.2147043908119066
-0.17052291966616653
-0.12374893418387745
-0.07482842992262638
-0.024519670611433893
0.02627226300151721
0.07653873912193611
0.12537320589187467
0.17207435185797335
0.21622316165358632
0.25753410293197476
0.2961379945892507
0.332022266064036
0.3653065952510104
0.3961015718882079
0.42437164484381645
0.4500508324827652
0.4728470470016146
0.4923689787055141
0.5081239348489462
0.5195198891711542
0.5259836766859781
0.5271819703161864
0.5230474064649981
0.5138139835615269
0.4999400211094462
0.48201920324089337
0.46063781303467094
0.43621337092265783
0.4090773043071555
0.3794297441217728
0.3472534365344109
0.31254124641810443
0.2751884264366126
0.2350932256246787
0.19219116725041152
0.14659837548998092
0.09868536631395682
0.04891679041134814
-0.0017434789861035397
-0.052377487262734834
-0.10203057898900297
-0.14985191752143495
-0.195228978596547
-0.23793930154411652
-0.27787052202451523
-0.31501857718744664
-0.34956828133403567
-0.3815474087177647
-0.41104742651645376
-0.4379841918734545
-0.4622333658743027
-0.48339729695578887
-0.5010488260968049
-0.5145884592305581
-0.5235211375275015
-0.5272922497337996
-0.5257014872827249
-0.5188822502806605
-0.5071764636890781
-0.49115708353163
-0.47136143573469325
-0.44834391841578974
-0.4225028232131074
-0.3940508602485587
-0.3630696240534774
-0.3296499076562513
-0.2935469879306124
-0.25479153829516105
-0.2132563279704316
-0.1689405268688887
-0.12205695021028218
-0.07313054286594327
-0.022779191621774806
0.028049365238262094
0.07823808410818375
0.12700751762545257
0.17364536668451616
0.21765891348594188
0.2589209249211309
0.297407540934506
0.333227348810722
0.366417386968128
0.39712244522274864
0.42531316778783135
0.4508699224028923
0.47358727453430777
0.49299193992282886
0.508590584773148
0.5198225869957427
0.5261113934845997
0.5271440338971447
0.5228242971892776
0.5134272917948106
0.4994049510513879
0.48133739042510526
0.4598488688661897
0.43531650633783203
0.4081175283360198
0.37835189171575456
0.3460922799707379
0.3112974247570773
0.2738318126257216
0.23363709094199095
0.19066144096645282
0.1449959275944443
0.09694399349701292
0.04719128650485487
-0.003527961519344916
-0.05411665864115979
-0.10372712074010307
-0.15145528728862084
-0.19673369707258212
-0.23934401405017158
-0.2791637740820974
-0.31627894734861894
-0.3507136920061383
-0.38258813375931583
-0.4120301515146583
-0.43890347165431715
-0.4630037929194616
-0.48403964974211294
-0.5015870005773162
-0.5150185599337969
-0.5237097287176534
-0.527322917760625
-0.5255562897743115
-0.5185576060204161
-0.5067368728418106
-0.49049163351214564
-0.470628014273569
-0.44748243312717245
-0.4215500913330468
-0.3930414998411492
-0.36197180542520585
-0.3284318974249838
-0.2922722300676287
-0.2534170785435494
-0.21175403019016065
-0.1673710198677651
-0.12042193986557576
-0.07138918541001496
-0.021030709169632823
0.029777129753165182
0.07996445592147278
0.1286794887302241
0.175200508879
0.21913332542880995
0.260301916651117
0.29871631610344845
0.33440711907652804
0.3675194513489699
0.39812472940069515
0.42623602131741767
0.4517115525512282
0.4742700162016423
0.4935518410191064
0.5090544283508259
0.5201094098837016
0.5262437681891828
0.5270826736362518
0.522577902368519
0.5129824720961023
0.49879357181732853
0.4806236273254307
0.459028294286165
0.43440765454336083
0.40708664686691237
0.3772793778309731
0.3449482096523395
0.3100661325211594
0.27250649399608523
0.23220172202682957
0.18912434975739123
0.14337903953126924
0.09521951407757509
0.04544831512319936
-0.005279352157744561
-0.055858695351624355
-0.10544071650248966
-0.15306993341487996
-0.19825675874172172
-0.24077043026496228
-0.2805170497039601
-0.31750543056010894
-0.35183217657240473
-0.38366637631198425
-0.41297455655293974
-0.4397571015097995
-0.4637776576389583
-0.4847121834281333
-0.5021005789488078
-0.5153985802536261
-0.523949720593721
-0.5273683368709097
-0.525386532796714
-0.5182193134398874
-0.5062414082438587
-0.48991099528926413
-0.4698553038423589
-0.44666399394560213
-0.4206458852635911
-0.3920369315983398
-0.36088594780445626
-0.3272090914533489
-0.2910124009909873
-0.25203489793143424
-0.21029419081629486
-0.16579833313538417
-0.11878719662224203
-0.06971528824466552
-0.019247445887914827
0.031482865865140326
0.0816784202618478
0.13028662249432404
0.17673862769680723
0.22059052443130328
0.26166153939837833
0.29994536017851037
0.33556588844694707
0.3685934552163742
0.399092307317335
0.4271361078235056
0.4525174552649916
0.4750049216172016
0.4941284953911665
0.5094589791711778
0.520407600102444
0.5263500055591581
0.5269580560174985
0.5222880575461228
0.5125653953971173
0.4982283873812802
0.4799408551407957
0.4582184117920206
0.4335229618569194
0.40607335752733015
0.37617549494923164
0.34376421171925364
0.3087878226615846
0.27113788500759245
0.23074830402464735
0.18753265162438415
0.14172631586551546
0.09355646119162392
0.043683185156051366
-0.007089081721012698
-0.05766724603263048
-0.10712753522236089
-0.15468547885713355
-0.1998375862402529
-0.24227237674427862
-0.2819286612515195
-0.3188060152391372
-0.3530510043058655
-0.38478233231551306
-0.41399982023365767
-0.4407100355155303
-0.46464838572655803
-0.48542190651413497
-0.5027264479027294
-0.5158418236506692
-0.5242835091707054
-0.5274505910315761
-0.5253687952963383
-0.5179637505062427
-0.5058319758799082
-0.4893668840662609
-0.4692629527323975
-0.4459372038634031
-0.41982553865309596
-0.3910674804388266
-0.3598566540759065
-0.32614880233772836
-0.28978595130233686
-0.25076577819761825
-0.20894122403007429
-0.16436939535914605
-0.11725519785490497
-0.0681028128642942
-0.017696581901993358
0.03307564985847851
0.08319994230137165
0.13179799899412703
0.17811388148591994
0.22187811629984805
0.2628297671797221
0.30099872640114694
0.3365107142140487
0.3694539014973858
0.39986539941592686
0.4277796965955331
0.4530963492036636
0.4754489444574364
0.49449108157878274
0.5097155992218025
0.5204232043996914
0.5261204142735617
0.5265752148918244
0.5217031850240134
0.5117839714960232
0.49729773244846315
0.4788801845096188
0.45701081457210474
0.43218518848441556
0.4046636489644064
0.3746633175869925
0.34211417752163154
0.30702899781471416
0.269245209308941
0.22874647041013021
0.18544910807208084
0.1394938196396473
0.09126177335122583
0.041293490868307456
-0.009511273514018771
-0.06006853793572209
-0.10956316458682594
-0.1570921791311862
-0.20220503293873213
-0.24455143582285116
-0.28414416224893874
-0.32098246828748833
-0.3551737999226401
-0.38685559927243435
-0.41611277762648174
-0.4427553521944876
-0.46668952073659264
-0.4873773422200821
-0.5046260828862852
-0.5176607086392347
-0.525934229144917
-0.5290924832128464
-0.5268448926672994
-0.519356882464172
-0.5071621936384025
-0.4906684103551968
-0.4704694710137455
-0.44723423356493075
-0.42118836936250137
-0.3924347519350657
-0.36133902971997495
-0.32766603860298316
-0.29137277702066716
-0.25243780822696266
-0.2106285658726402
-0.1662044385814829
-0.11924388374280474
-0.07031156203723801
-0.020113789057847352
0.030362652431453988
0.08016032115536202
0.12834431260372037
0.1742680417536144
0.2175292346244846
0.25802551834606186
0.29564128922452443
0.33075002852604357
0.3630808652858679
0.39298102608366103
0.42027766590693666
0.44486792693603894
0.46657607278198404
0.48486694868317115
0.4992676945914234
0.5091393132894529
0.5139816613073372
0.513533222841199
0.5076668296159486
0.49663032966244536
0.48112752098325784
0.4616566054076711
0.43868540457015487
0.41262256549629495
0.3838576333307099
0.35250245800679086
0.3186513140890882
0.2820216029582376
0.2427577200336331
0.20065319254526953
0.1558292208838956
0.1082934637226166
0.05858587556709093
0.0073481033154832905
-0.04434255502108055
-0.09544847923625906
-0.14469257206539995
-0.19123140335402913
-0.23427042030201461
-0.2731998201382657
-0.3077266190552399
-0.33787954302879003
-0.3636149121139567
-0.38501477642333387
-0.40228326464647646
-0.41562437752174364
-0.4249097330384412
-0.4299387577424543
-0.4303570383576615
-0.4258357833874997
-0.4157133000917147
-0.39975851410889884
-0.37800693932928714
-0.35072249250475984
-0.31843293898561387
-0.2819191367491288
-0.24205365288915323
-0.1999595225246389
-0.1568057542103777
-0.11357110340511038
-0.07127167295858236
-0.03084781186230809
0.007091350922303231
0.04206074305996979
0.07383441364386663
0.10228685146153188
0.1271935507544701
0.14853866725077747
0.16621765475124978
0.1799970758853566
0.18982806679797634
0.19550608429826685
0.19710888120403205
0.194692526853968
0.18839193415480635
0.17849275714095061
0.16561254725473865
0.15027657028791244
0.133335074833219
0.11537787679877098
0.09727788192472243
0.07978516165083697
0.06342520551285084
0.04876935276697726
0.03604091673484752
0.025398914103659777
0.016717346217517286
0.009855331945699541
0.00454461933640786
0.0005670601539961585
-0.002491725616591065
-0.004672609212811402
-0.006213602494368089
-0.007356624382962487
-0.008032603695772942
-0.00849300487898498
-0.008765779969081044
-0.008784023250128661
-0.008780563068440713
-0.008699384656519484
-0.008572010984235037
-0.00830687958371286
-0.007991836419382647
-0.007793797341327913
-0.007401226779757933
-0.007122697836192023
-0.006777230374042739
-0.006498022256089139
-0.006212987205124036
-0.005883737578215136
-0.005602036796733469
-0.0053607158977145766
-0.005061459808705469
-0.004792177587474111
-0.004609405153666616
-0.004365484917497909
-0.00414342150250293
-0.003901131452088214
-0.0037578179952372603
-0.003554279429415755
-0.0032867807741754572
-0.0031659131528688086
-0.0029671574627743334
-0.002808372614626621
-0.0027005495689139737
-0.002533146836249369
-0.0024188459756214952
-0.0022599713867623474
-0.0021639141308477474
-0.002064703676961297
-0.001978135524838762
-0.001811604548278223
-0.0016821821966046826
-0.0017089787469483082
-0.0015796139480523197
-0.0014911860493565638
-0.0014050845820399048
-0.0013219111257303452
-0.0012933353821496254
-0.001249180219026846
-0.0011010239711542592
-0.0011197612867166128
-0.0010841640858273458
-0.0010310044040056246
-0.0009194852024567018
-0.0009472470129888225
-0.0008406049794703548
-0.0008460843625222795
-0.0007747114513877036
-0.0007761225403261485
-0.0007005385504243857
-0.0006849040038562187
-0.0006238884703873326
-0.0005717609102486502
-0.000532935410614665
-0.0005403107577057126
-0.0006040392769925054
-0.0004980599661167888
-0.0004981304269277886
-0.00047623729298861304
-0.00043519813607996135
-0.00037475747489292997
-0.0004018876165907655
-0.0003710574741096735
-0.0003724102915946533
-0.0003489440444402435
-0.000336545682382608
-0.0004110399476626563
-0.00033548660281925845
-0.0002888326290993337
-0.0003284014047258602
-0.00023104067742246522
-0.0002757825787005367
-0.00028294374514207317
-0.0002037416599452581
-0.000267684019697648
-0.0001799763402667215
-0.0002481457304985667
-0.00021474355662390825
-0.00024297773104300753
-0.00017035339870635205
-0.00017729879954900797
-0.00011221593218179829
-0.00015758491376462785
-0.00016131953693766714
-0.00013849499748213966
-0.00020184195678030624
-0.00022435210245673888
-0.00014881145541702773
-0.00014834014940339206
-0.00007445549032507075
-0.00013580928378907465
-0.00007723984651265718
-0.00014335279046218425
-0.00003551715018874104
-0.00016831868383104025
-0.000048679913104551096
-0.00010291013896038072
-0.00011959425406872223
-0.00010586296131837328
-0.00006722562098968107
-0.0001237746402821944
-0.0000510984588211149
-0.00008082190693745235
-0.00005868167839199096
-0.00008019494483775712
-0.00007701621853182478
-0.00008858351523838275
-0.000088170537599729
-0.00010405068875807287
-0.00003966024906275847
-0.000020613223194902102
-0.00009088118630351485
-0.00007550445424792526
-0.00003563467174869917
-0.00003444159702204635
-0.00004203221351318029
-0.000060938790839648
-0.00002678648697758305
-9.050155955917119e-6
-0.0000742175734970742
-0.0000159926574748463
-0.00005250371094905423
-0.00005859023760772779
-0.00004627736538840918
-0.00006517875271622093
-0.00005084603107347502
-0.00001796854796481942
-0.00006872658047231546
-0.00007845337362414393
-0.00001034450756022039
-0.000019432164979267785
-0.000010938702348351755
-0.00010221760682514742
-0.00008915899756138236
-0.00013892000312223593
-0.00004415333772083243
-0.00003938285877174417
0.000014833956248547155
-0.00004263838450973336
-0.00003066052326997493
2.1996003195310704e-7
-0.00006249439422567934
-0.00003409321725593503
1.1208690259345491e-7
0.000019438873012427123
-0.00003662491840799522
0.00003834437505000612
-5.625575494821998e-6
-0.00005113071589394879
0.00001910712951277058
-0.000044685405070404184
-0.000036776350907027104
-0.00002466401076604481
-0.00005638492969426234
-0.00007295596222422647
-0.00003926168982848837
-0.00004242866608161805
0.00004055628096571285
-0.00002814016952650255
0.00001509354641876528
-0.00009449818196754614
-0.00009337616724767287
-0.000022265811207354316
-0.00001225200740921927
0.000015472149858309437
-0.000017245282546498004
-0.00002037985442772865
-0.00003179311550790056
0.0000725384509196594
0.0000292506997773383
-0.00005069999900536847
1.3029334385378653e-6
-7.0513706730756356e-6
-2.4714158693965796e-6
0.00001631586489698277
0.000026327601768653022
-0.00002050563471509169
0.0000415297378296347
0.00001759146425991502
-0.000033477937217375164
-0.000023065427119114074
-6.251057251829672e-6
0.000049519955827931315
-0.000055656049563399524
-0.00006868235426804569
5.908049286511594e-6
-6.595006913131795e-6
-0.00002573128674022782
-0.00001485905613489054
0.000010802669288140213
0.00003859976638513727
-0.00002583964744960779
0.00006811146485169805
-4.779154045955705e-6
0.00001789045382882309
-0.000028487314535258492
-0.00003859019033212879
-0.00003208087350653304
-0.000040146023449938204
