-0.000017343049796289528
-4.666497308771545e-6
0.0000434272507604093
-3.094223802516367e-6
3.731761738423759e-6
0.000011983210465634031
-0.000052427704592245346
7.777539655831204e-6
0.00003319652013494768
0.00008503353393319771
0.00001097850582093068
5.639475317931666e-6
-3.8206614552436145e-6
6.718954474354119e-6
0.00005101236886683004
0.000023431868111092987
-0.000029625974711527543
0.0000576755164572673
-0.000014320557615035101
-0.000023583218743298724
-8.19077356773346e-6
0.00005307864013993413
0.000026924244058371916
-7.441385404856164e-6
-0.000029487522964432922
0.00003519281348559481
0.000021136090384210955
-0.00004672440448079468
0.00010368395554836037
0.00008756130321917032
0.00006236749363012811
-6.581943299971378e-6
-0.00004799634564912744
-0.000056568298438654124
-1.6689122235268244e-6
0.00008076680485997254
0.0000306648796061391
0.000013276287786364876
-0.000018495276899822226
0.00006390244087797359
0.00008380630094254556
0.000020088584527824667
-9.10296703427034e-6
0.0000848274105202294
0.000016690570721412754
0.000023700164448273002
-8.961922971171457e-6
0.00004153011881028048
-0.000011873831814589086
-0.000010271839288874927
-0.00004510778416961455
-0.000014974527730551686
0.00003692836616568691
0.00008209808184564028
0.000047738960017423666
-0.00003960714850320248
-0.000013806388745169423
-0.00006785579125104795
0.0000459182437847925
0.000017737634252719433
-0.000062320280903921
8.701450908214446e-7
0.000014760212116347035
-0.000013616127723286444
0.00003066412988887479
0.0000530230271557532
-0.00001149542078112225
0.000060682468857497416
0.00004168782243388637
0.00008346695076483862
0.000051867615221834614
-2.8653549776960664e-6
-0.000014121076957924148
0.0000558637497357307
-5.471287222856385e-6
0.00009980673246240804
0.00004648423710477808
-7.823920267799954e-6
0.00006673086212773042
0.00011956082956208468
0.000023615619844081522
0.00001916697808217296
0.00003038610270046635
-2.616148506679688e-6
0.00009273202788074735
0.000027449132633702372
0.0000173867670483874
0.000042138631093114225
0.000056605715535968744
0.00005132683674396867
0.00006342246653059446
0.00003314393992697487
0.00007088595244409489
0.00008347192287284141
0.00005927397484406693
0.00006572039784391913
0.00006449321611744999
0.00010885897759625753
0.0000739538988371049
0.00005030729707245659
0.00007928771879053354
0.0000998094752967541
0.00013780800312151724
0.00009344257703894196
0.00013674483775709547
0.00007527391423478486
0.00005955749124687398
0.00012122249864561819
0.00008020748627740362
0.00010724267966604418
0.00010219875677275091
0.00015805975223488107
0.00014388761270676227
0.00009175849528659522
0.00011192143093210634
0.00015187570764509347
0.000057766892533519425
0.00008907026570904919
0.0000634387425819968
0.00016525492151613465
0.00011461405879861424
0.00013333487067400122
0.0001339382509563212
0.00017401708015475674
0.00019334835058674814
0.00016493040562313364
0.00022205187168906204
0.00018314767328865927
0.0001997679066423679
0.00016680263560594902
0.00025880694386740816
0.00024490557940035946
0.00020450278593593261
0.00020650791242505137
0.0001673073522746709
0.0002796922006047833
0.0002545461090198189
0.00030577729994958597
0.00020235661148478772
0.00028674529381767725
0.0002371821450340716
0.0003198752087924011
0.0003336790241270765
0.00033921032284470735
0.0003489737474531338
0.00034423911488817404
0.0003879000829047394
0.00042650291676321595
0.0003756444002187225
0.0003801492753986557
0.00047263142002481364
0.00046027608657945305
0.00046632292505822216
0.00048407163675267764
0.0005338216910648604
0.000571006169960514
0.0005470158813337068
0.0005578552191616998
0.0005953926295737227
0.0006300548576999589
0.0006227180881939497
0.0006847546151653224
0.000709505001144216
0.0007207362846327943
0.0007832089311572652
0.0008108049346178556
0.0008297436952704638
0.0008647785451833923
0.0009168572606336224
0.001010951173943253
0.00099799428849344
0.0010510636316195053
0.0011084261797634117
0.001145194174739501
0.0011866404486923648
0.0012391162173162598
0.0012886074539483691
0.001416057937854369
0.0014767470235327652
0.0015598514895466562
0.001564562687550164
0.0016320581499172356
0.0017792075485053576
0.0018610521699343604
0.0019994747801440923
0.002066787969113312
0.0021990431517624276
0.0022960674003659584
0.002398349431848035
0.0024993626826913034
0.0026579555217177793
0.0027926586517987334
0.0029195805707372216
0.0030983611141937287
0.0032574977717400103
0.003453067350771343
0.003689328503573806
0.003807877307222969
0.00401456661709377
0.004255153514884461
0.00447670547954026
0.00469363046623843
0.004979760162340843
0.005243178115260539
0.0055237049789650695
0.005889102216285564
0.006184487816991787
0.0065123834290431535
0.0068134450452197026
0.007275259994477744
0.007578449958019609
0.007958578527381065
0.008364175969745051
0.00882864380399216
0.00927592770501271
0.009625189466522147
0.010112651325893049
0.010500871572266021
0.01095684268694942
0.01127863963112716
0.011744597047800067
0.011973753168961468
0.012266286470065108
0.012370569549391976
0.012388918295769982
0.012263228315665942
0.011758933014112
0.011043365725819378
0.0098337026743262
0.008064436678452181
0.005647839608104579
0.002199622605631422
-0.002458800033963718
-0.008523705563415673
-0.01633557471298375
-0.02616538629223652
-0.03802437795932129
-0.05187327994067588
-0.0675626770236421
-0.08461015585858214
-0.10248999298156179
-0.12053291345649976
-0.13798641989276758
-0.1541385923744566
-0.16821744856797805
-0.17965678899994855
-0.1880500466496465
-0.19304301338512794
-0.1945690879863745
-0.19266264134860972
-0.18753833927021882
-0.17947312766966944
-0.16887104798154096
-0.1561119632645523
-0.1416564065632185
-0.12567465273867293
-0.10819311307929393
-0.08934649495655252
-0.06874802015831598
-0.04644524506775517
-0.02221575397190939
0.00391340713016296
0.03176215314764267
0.06121104801423442
0.09186309690547356
0.12327694098526194
0.15518985154077736
0.1870218717258895
0.2185126181275271
0.24940405662405465
0.27943296356025243
0.3085911816476475
0.3367554998301634
0.3636302475283174
0.38871696775473646
0.4117110907955777
0.4318414386212884
0.44849839018426
0.46072382686777386
0.46798279684891025
0.4694284907941516
0.46475337734664085
0.4535188723562656
0.43584489441061225
0.4120509129243401
0.3824737461176595
0.3481201266957511
0.30981283803662174
0.2684565552703209
0.224840065684516
0.17943346293727228
0.13248292858768218
0.08399936419022697
0.033782079186978196
-0.018105942394858666
-0.07170851948435482
-0.12682262446678338
-0.18310319652175464
-0.2400434744171156
-0.2966728321693539
-0.3520555683570321
-0.4049982215469748
-0.45435159729561514
-0.499092671624663
-0.5384198142849909
-0.571976614943941
-0.5997088651259721
-0.6216115941550217
-0.6379215540245621
-0.6489040423477307
-0.6547839911029204
-0.6555622153221733
-0.6512426359546213
-0.6417797157888123
-0.626890874088054
-0.6064088827461853
-0.5800112623121662
-0.5477057187905827
-0.509551985629506
-0.46600111525987864
-0.4178806679648828
-0.3660495612480706
-0.31162987570486217
-0.2554650243228747
-0.19835552854308822
-0.14071883327794021
-0.08285869056133438
-0.02500362408945544
0.032915387039541784
0.09092796633510636
0.1488570159199927
0.2067396024678653
0.2642584327027687
0.32099616585663143
0.3761804712604204
0.42905969446909076
0.47849639039241193
0.523506690041556
0.5634053237469686
0.597530643377187
0.6258836159089108
0.6483988776971213
0.6652610664055546
0.6769011733866477
0.6833912692010744
0.6847764524487523
0.6812327558977008
0.6726565924276624
0.6589779451883159
0.6397531020395612
0.6148979500854204
0.584143219726574
0.5476554831528644
0.5055602837881702
0.4584691790009501
0.40731059907226674
0.3530563954427653
0.2968015482166507
0.23921205669135734
0.18098284566424272
0.122515997395183
0.06394757744088636
0.005438777591574478
-0.05312972017016805
-0.1116092630192661
-0.1700787535707595
-0.22839094353404188
-0.28603446674461247
-0.34249584682843087
-0.39697920039663004
-0.44859671378269605
-0.4962019079089531
-0.5389885248599638
-0.5762569084521387
-0.6076985025915943
-0.6332483127618804
-0.6531091786523611
-0.6674861030003475
-0.6766140508316402
-0.6807237249008492
-0.6797344066514173
-0.6738419029910654
-0.6627975956896246
-0.6464196064426304
-0.6244726547967883
-0.5967652001235885
-0.5631537013460586
-0.5238192657532377
-0.47915537780432166
-0.4300126016474156
-0.3772685543873299
-0.32194565452185886
-0.264973322835873
-0.2071138034620104
-0.1488549531789413
-0.0904060138229801
-0.03191978713928594
0.026521537538986614
0.08493571653229837
0.14346949036686327
0.20176221555724674
0.259699122491432
0.3167635873569066
0.37229764135241505
0.4254159579304573
0.47495550883879323
0.520161427210629
0.5600908907027332
0.5942735060951672
0.6226594330349903
0.6451898821610643
0.6620962305219381
0.6737408563850581
0.6802002083940962
0.6816112244414464
0.6781147776848155
0.6695470038137126
0.6557313557229957
0.636493991177659
0.6115457504550359
0.5807853214330152
0.5441468278490177
0.5019322297459166
0.4548218030699179
0.40363500799887825
0.34939830948977857
0.29317632936098753
0.23556458665318655
0.17748738051039872
0.11909262379756558
0.06058101545909591
0.0020922204150694034
-0.05635747099107333
-0.11484205761538298
-0.17327978826111579
-0.23144216096772735
-0.2889961668735757
-0.34536613569891556
-0.3997961947860612
-0.4511689071857406
-0.49857812825706443
-0.5411703429131605
-0.5781993642482149
-0.6093956239469301
-0.634738454857485
-0.6544007459596047
-0.6685510832737359
-0.6774521259294681
-0.6813080775877506
-0.6802167178126927
-0.6740844425120358
-0.6628323027608113
-0.6462598857787717
-0.6241174253105427
-0.5961610910009424
-0.5623411720105614
-0.5227722250884631
-0.4779978173166252
-0.428622636478141
-0.37573070185334856
-0.32032359489074114
-0.26333593819728884
-0.20546372771727422
-0.1471586002251148
-0.0886796126754715
-0.030177462468948184
0.028290623832239466
0.08673535427066875
0.14522424828612138
0.2035014589787872
0.26145106113078176
0.31851109722594273
0.3739695223590174
0.4269087393141691
0.4763549397678667
0.5214164536739165
0.5611379049716064
0.5951912326094366
0.6233072395877043
0.645704982157458
0.6624422402535851
0.6738506027445594
0.6801609220477528
0.6814314507942016
0.6777681677871525
0.6690273714570745
0.6550241332006814
0.6355880493247533
0.6104599528490071
0.5794927207758396
0.542632041438085
0.5002837897717427
0.4530060445867491
0.4017077116573327
0.3474065484821403
0.29108142536784076
0.23354004368408934
0.175397813654032
0.11695774533585647
0.058518987817013896
9.826797839554933e-6
-0.058484689246206735
-0.11693984142522106
-0.1753382262995613
-0.23350855986671837
-0.2910604504845458
-0.3473652850509318
-0.40169068836862
-0.45297841806422806
-0.5002108717795863
-0.542597274264783
-0.5794551560538637
-0.6104212056119405
-0.635582082308688
-0.6549685332125894
-0.6689565575228326
-0.6777142765916615
-0.6814071849011025
-0.68013297892478
-0.6738301394937908
-0.6624059047242674
-0.6456253245717342
-0.6232973544786642
-0.5951423247931372
-0.5611151930026735
-0.5213664611932799
-0.4763957936262018
-0.4268956035845403
-0.3739021423143806
-0.31845572415158957
-0.26138155411485053
-0.20346765411880063
-0.1451785643073491
-0.08668044952841132
-0.028220419201870604
0.03026675230399977
0.08873510351059423
0.1471978913839762
0.20551385696789568
0.2633873462199863
0.320443021060957
0.37581291768359043
0.42863436217476825
0.47802643950949436
0.5228522817401391
0.5623922732578257
0.5961958986607887
0.6242037300711707
0.6463496429797247
0.6628910649102315
0.6741594695677017
0.6802664550651917
0.6814048017790852
0.6775088582843812
0.6686134472458555
0.6544441157690094
0.634809156213302
0.6094679713744503
0.5783107611436333
0.5412825481896675
0.49873446782232006
0.4512595093402103
0.3998667244836392
0.3454711089116732
0.2891054937050606
0.23152889063417606
0.17335524906524075
0.11493019618372144
0.056443503382611025
-0.0019925584274821445
-0.060470284981720475
-0.11893781861847655
-0.1773684648202391
-0.23550937051553233
-0.29302113993693585
-0.34927778423180383
-0.4035185402048351
-0.4546801754082782
-0.5017992163409553
-0.543981661309802
-0.5806494589015085
-0.6114256787957161
-0.6363366937950073
-0.6555654473350963
-0.6693538226773875
-0.6779670664874318
-0.681434938815249
-0.6800149802896676
-0.6735301116037797
-0.6619359584903253
-0.64497253716055
-0.6224348308781695
-0.5940668677343568
-0.5598317538130362
-0.5199155937063588
-0.4747555307459007
-0.4251048447740815
-0.3720586625848094
-0.3165136788951668
-0.25940478835112607
-0.20151547276253892
-0.1431571844354448
-0.08471071933734972
-0.02622510241108747
0.03226205618108208
0.09075168225622823
0.1491817512129293
0.207496283472697
0.26537725316310584
0.322336233127377
0.3776669247888928
0.43042240212163474
0.47964443124428335
0.5243017080081623
0.5636497317744223
0.5972840423421547
0.6250459556116774
0.6469934591069695
0.6633877234507517
0.6744400966184407
0.6803943626481831
0.6813039907170209
0.6772821814500729
0.6682070321980772
0.6538591445215521
0.6340113371419359
0.6085035621263376
0.5771049432808079
0.5398988810490002
0.4971387762588028
0.4495559935617071
0.3980595708134319
0.3435571416683766
0.2871257156645769
0.22951892235108207
0.17134078874947764
0.11292573618031984
0.054443314070983385
-0.004041041957459014
-0.06250694348115438
-0.120984864339894
-0.17937621807494353
-0.23751785651752036
-0.2949996684187441
-0.3512060225190227
-0.40535882250173355
-0.4563831615001853
-0.5033736636139301
-0.5453406667915457
-0.5817798501722296
-0.6123684699041781
-0.6370992925364675
-0.656126286090913
-0.6697615719310495
-0.67816481935393
-0.68152224790043
-0.6798690945162955
-0.6732400267511657
-0.6614518207926731
-0.6443049196045976
-0.6215376292700446
-0.5929809402090847
-0.558552499561269
-0.5184148582347989
-0.4730741043974066
-0.42334600685328955
-0.3701476892555044
-0.31454488757232807
-0.25744989484393355
-0.19949852758825126
-0.14113297432342922
-0.08268259259542524
-0.024197912713209074
0.034292870909945546
0.09275319683665018
0.1511908315855211
0.20952647192923993
0.26734182404848794
0.3242469041194555
0.3795354769644599
0.43219663213888737
0.4812329031062989
0.5257290511733281
0.5649116990442874
0.5983471318259157
0.625873999048423
0.6476367321232395
0.6638466474227759
0.674739683780927
0.6804875123340864
0.6812780435442637
0.6770725404536928
0.667797578792009
0.6532518099156247
0.6332502377665349
0.6075246933574256
0.5759073509663138
0.5384827831022435
0.49557402252332056
0.447856647115787
0.39619462841781705
0.34164195221387206
0.2851367287207819
0.2275284217322918
0.1693149111650977
0.11092175188979063
0.05240280256192022
-0.006047058368287291
-0.06452581239130396
-0.12301946097476815
-0.1813823420812367
-0.2395023031515102
-0.29695260682661034
-0.35312962033639556
-0.4071461034100905
-0.4580868119694783
-0.5049017010880374
-0.5466881374882923
-0.5829455815761266
-0.6132995753345477
-0.6378712272812191
-0.6567077600979578
-0.6701402985338373
-0.6783490755836172
-0.6815105762981444
-0.6797186681586631
-0.6729239908420026
-0.6609539179610266
-0.6436086356790998
-0.6206726881843238
-0.591894236951067
-0.5572626110163438
-0.5169364252627059
-0.47145038474199563
-0.4215603090262019
-0.36825807633601065
-0.3125984693751582
-0.25545245055308874
-0.1974524858659564
-0.13913219255557405
-0.0806696704542886
-0.022188771610256633
0.036283111315836634
0.0947838351396281
0.1532384779057508
0.21150517185704185
0.26935785137651214
0.32621183674236104
0.3813975643559928
0.4339676823195159
0.4828741220705406
0.5271844883572567
0.5661510190890076
0.5993797883163431
0.6267380660402274
0.6483029660625419
0.6643062122983625
0.6750113481290793
0.6806118092122595
0.6812123545408254
0.6768559237061768
0.6673710787996802
0.6526815921609478
0.6324396891617579
0.6065192450305616
0.5747296826540681
0.5371161696195599
0.49403765508832825
0.4461350828272772
0.39436121740643926
0.3397264493219851
0.28317125272074195
0.22551431172186062
0.16730339218943427
0.10888468073456908
0.05041087756707375
-0.008084520282590883
-0.06653664174929788
-0.12501158453471103
-0.18338546991327487
-0.24147511577237984
-0.29891447695045503
-0.35501436457371227
-0.40896141469658037
-0.459767901769023
-0.5064082735634509
-0.5480456087112076
-0.5840758134960299
-0.6142690146997909
-0.6386029246771182
-0.6572578025567944
-0.6705070210004572
-0.6785511148680579
-0.6815342984555144
-0.6795777105554064
-0.6725673801550774
-0.6604625666865062
-0.642915455270533
-0.6197831548994231
-0.5908170548498762
-0.5559718484338141
-0.5154505572404579
-0.4698031610181469
-0.41977725149144735
-0.3663786403544943
-0.3106442297641349
-0.2534539190322511
-0.19545858922077827
-0.13710099509535334
-0.07864840185293775
-0.020162598133181026
0.03830645905659378
0.0967941034354628
0.1552371866655048
0.21352033358183914
0.2713135522117
0.328153103520676
0.38325764159415077
0.43571750038115403
0.48447140386003634
0.5286277603302585
0.567401028657454
0.6004292903522045
0.627577707157112
0.6489391968982602
0.6647750070265598
0.6752979887180637
0.6807117639718444
0.6811459136429437
0.6765955487644182
0.6669507921264487
0.6520458996372147
0.6316591062169049
0.6055309711535821
0.5735275307583734
0.5357013848146429
0.4924339758181041
0.44441241996509506
0.39253207576565874
0.33781095653242094
0.2811958434693958
0.2235349576451218
0.1652946462831505
0.10686765500686592
0.048395406886094346
-0.010079465980457015
-0.06855408660207243
-0.1270243497628367
-0.18542986057845778
-0.24348859224446454
-0.3008786486221968
-0.3569110852681467
-0.410786352506019
-0.46144677066314355
-0.5079329641465471
-0.5493744956795069
-0.585209711238229
-0.6151948494320978
-0.6393311552216245
-0.6577952914903471
-0.6708664523101185
-0.6787271558905933
-0.6815666320585981
-0.6794125115725845
-0.672252638063048
-0.6599093803611361
-0.64220025363372
-0.6188795304342977
-0.5897081529113912
-0.5546660348829087
-0.5139673567964632
-0.4681479561527028
-0.4179692309076131
-0.3645014595654499
-0.3087060145618246
-0.2514792879069589
-0.1934500118886999
-0.13510280020265308
-0.07662905740000918
-0.018150699192233395
0.04032814141314088
0.09879663589239711
0.1572717614701279
0.21552639972321547
0.27330787436654086
0.33007040586275244
0.3851146931106366
0.43744950783528386
0.48608334527978786
0.5300560674081194
0.5686424357041019
0.6014699812307859
0.6283963811561398
0.649582051565124
0.6652149415128439
0.6755562713399468
0.680812513335327
0.6810572193131241
0.6763407523674333
0.6665293841248088
0.6514453704307581
0.6308478377568493
0.6045220035915706
0.5723135129872526
0.5342923687638117
0.49086227534057475
0.44266191803795
0.3906733300596156
0.335868336342795
0.27923233606978404
0.22153349348937548
0.1632949078221757
0.1048540479173467
0.04636045112654077
-0.012099084885843757
-0.07057567474105866
-0.12905076832481105
-0.1874324969479344
-0.2454939165120444
-0.3028274872297469
-0.3588234041651525
-0.41259066984573767
-0.4631346960510836
-0.5094452477980396
-0.5507187891529316
-0.5863501558265148
-0.6161215768364305
-0.6400630272628756
-0.6583579460292219
-0.671218598533714
-0.6789017730767218
-0.6815593205487533
-0.6792483537315438
-0.6719131624642932
-0.6594040904008034
-0.6415107984701649
-0.6179679934536235
-0.5885951403628904
-0.5533486824543035
-0.5124680138129565
-0.46646733633690135
-0.41618145873637147
-0.3625989388919113
-0.30675689515264626
-0.24948036107433297
-0.19143312522548503
-0.13306401587257902
-0.07460871341222827
-0.016137437581320073
0.042349820316225806
0.10081573718854073
0.15926524808734555
0.21753224450035832
0.27526978860444296
0.33200058651402536
0.38696833398055963
0.43917988494992793
0.4876818999361584
0.5314582658916189
0.5698585234456933
0.6024917686203524
0.6292277589867106
0.6502078181902298
0.6656641164205686
0.6758279405438603
0.6809073632153414
0.680991038567982
0.6760834471944677
0.6661052299317634
0.6508237747114916
0.6300393265733754
0.6035040922925771
0.571084463971011
0.5328867036188422
0.48928265384619346
0.44094553272208703
0.3888254691757902
0.33393647468738274
0.27726713611273746
0.21951690218208067
0.16127425094595735
0.10284914136160399
0.04437203585437574
-0.014109928869627157
-0.07260078685771863
-0.13106179543107752
-0.1894289209273324
-0.24747869100849917
-0.3047969256171712
-0.36071780739752135
-0.41440304791472743
-0.4648009755469995
-0.5109688644662312
-0.5520385070409874
-0.5874833881005853
-0.6170443224626599
-0.6407834190286299
-0.6588780083828637
-0.6715639602580474
-0.6790883388286312
-0.6815642416820034
-0.6790872658131945
-0.6715629996261784
-0.658871829614877
-0.6407862355661028
-0.6170272005330746
-0.58746993593814
-0.5520473834826646
-0.5109683854194698
-0.46480132963447857
-0.41439370414096016
-0.3607173746567532
-0.3047992822950794
-0.24748659170682624
-0.1894240526673833
-0.1310728040643179
-0.07258744846614489
-0.014116570874427465
0.0443593530595793
0.10283674228202988
0.16128971532147965
0.2195271120741817
0.2772515821573533
0.33393884312025784
0.3888212930093949
0.44093448738608015
0.48926742841941073
0.5328820589010225
0.5710793103444137
0.603504803814343
0.6300482722742863
0.6508283552925526
0.6661027596254696
0.6760849373789036
0.6809905385145949
0.6809175391558507
0.6758302634684062
0.6656643774673894
0.650208089151583
0.6292253708586799
0.6024941859724455
0.5698721359778287
0.5314623465666827
0.4876735115787056
0.4391923005006571
0.38696092134122345
0.3320134158285863
0.27527597390060854
0.21751922550373778
0.15926109153151768
0.10081569135191684
0.04233339224374279
-0.016125234273859014
-0.07460238902000306
-0.1330670022647749
-0.19142716693263978
-0.2494772411504691
-0.30674989116622026
-0.3626172486365488
-0.4161787646263418
-0.46646262514084585
-0.5124710993331619
-0.5533473470629797
-0.5885949514120206
-0.6179656308536644
-0.6415004480832105
-0.6594152926738944
-0.6719128801751415
-0.6792557165169587
-0.681561736041514
-0.6789115522058243
-0.6712172969334597
-0.658351779920205
-0.6400646499920152
-0.6161247026283394
-0.5863454389710921
-0.5507298442894443
-0.5094585432720771
-0.463119272875699
-0.4125838303530658
-0.3588165877603423
-0.3028421920691769
-0.24549451943422945
-0.18742814759051601
-0.12904708673372242
-0.0705771418360209
-0.01210400489386019
0.04638454504635406
0.10485588173352313
0.16329073860724602
0.22152750097512344
0.27923532467805884
0.3358655225265721
0.3906754144624079
0.44268021983588735
0.49085285880681767
0.5342961311329895
0.5722986467382849
0.6045221662595776
0.6308596799171852
0.6514462303742243
0.6665252546614279
0.6763488316722958
0.6810660717110898
0.6808074872334398
0.6755680646329991
0.6652166088081956
0.6495895938066173
0.6284209395998613
0.6014579239782075
0.5686406034434646
0.5300583947441888
0.48607174194782526
0.43745052314309035
0.38509269179527866
0.3300869195270334
0.27330636142613485
0.21551681815541937
0.15723891177120417
0.09880324844972696
0.04032502394178599
-0.018143044954391858
-0.07663867880948466
-0.13510420871077142
-0.19343751518945965
-0.2514787549695162
-0.3087069101694611
-0.3645221161411003
-0.4179874072772535
-0.46813990373127584
-0.5139605295974232
-0.5546705040598912
-0.5897123696921552
-0.6188725990191923
-0.6422243342277977
-0.659930034897388
-0.6722506596202964
-0.6794270215652979
-0.68157748266552
-0.6787339411138262
-0.6708564808612505
-0.6578177759170432
-0.6393342317491235
-0.6152043405376006
-0.5852174105854306
-0.5493737004450282
-0.5079330732072219
-0.4614376868229954
-0.4107806604078803
-0.3569127621008637
-0.3008747832973253
-0.24349265724923902
-0.18541548097046437
-0.12702875127679963
-0.06855132750747955
-0.010067267163890423
0.04839512844649757
0.10686429395218676
0.16529264685639175
0.22352950579347536
0.28120658590714076
0.3377988543190536
0.39251655665908025
0.4444082374050051
0.4924192976615105
0.5357032985049649
0.5735338998113644
0.6055337509049384
0.631661353026395
0.652052082169011
0.6669682673912914
0.6765893659486998
0.6811502226123649
0.6807161330398908
0.675298381335998
0.6647664771697854
0.6489413720931667
0.6275766613904906
0.6004231116866522
0.567395150856681
0.5286145412290136
0.4844779350099196
0.43570718110229867
0.38326389816852635
0.3281430298399438
0.2713374386565559
0.21352055439098958
0.1552294171641216
0.09677672954200602
0.03830588406485255
-0.020161129576111637
-0.07864745916303872
-0.13709572609752682
-0.19546673443322837
-0.2534553406338889
-0.31065829624821817
-0.36638543038235444
-0.4197848937839273
-0.4697817137592304
-0.5154600938225972
-0.5559710963000392
-0.5908132015888341
-0.6197653956241232
-0.6428989979112805
-0.660417310084852
-0.6725670582071955
-0.6795655038454963
-0.681567743654725
-0.6785362875875578
-0.6704952543000364
-0.6572545113214056
-0.6385996978230309
-0.614246803502661
-0.5840692674076079
-0.5480387100039117
-0.5064270020027272
-0.4597643466891938
-0.40896402576889385
-0.35503164443365837
-0.29893465843957534
-0.24152898931076275
-0.1833912361886393
-0.12502014747148488
-0.066546564385116
-0.008086739632945301
0.0504028538961405
0.1088922923020137
0.16730708720407822
0.22554030345046638
0.28317821607289406
0.3397271551408127
0.39436188216495566
0.44613646507861143
0.4939964711668314
0.5371031040907439
0.5747195350627183
0.6065319544171095
0.6324586622943027
0.6526559759263338
0.6673852819545547
0.676847961804622
0.6812284764977222
0.6806113349183576
0.6750215359630521
0.6643215182182645
0.6482939113263817
0.6267361558413436
0.5993845506270542
0.5661719486295618
0.5271646428482313
0.4828706432652589
0.43396431006101743
0.38139064329793
0.32619929642551015
0.26935081916670317
0.21151224706011523
0.15323308721187467
0.09477568517049541
0.03628898826154223
-0.02218106635922169
-0.08065759778775286
-0.139119606772087
-0.197482866058468
-0.2554507587314683
-0.3126040117734804
-0.3682816395781449
-0.42156230170119563
-0.47144034135068574
-0.5169268514584251
-0.557262133954602
-0.5918839350365318
-0.6206785691795585
-0.6436140591116616
-0.6609637020181791
-0.6729198391948308
-0.6797307789291335
-0.6815381377067287
-0.6783462034384181
-0.6701320431351879
-0.6567269266033557
-0.6378533413098695
-0.6133114461619682
-0.5829433799796303
-0.5467006716486876
-0.5048814844698746
-0.4580831283009753
-0.4071544371514683
-0.3531322830111959
-0.296957571840307
-0.23951213913952993
-0.18138385238263657
-0.12298112692676227
-0.06453424514883578
-0.006036318825196719
0.05240909014898598
0.11089569918099178
0.16933234280177234
0.22751684007924416
0.2851468984305198
0.3416500345391811
0.39618689134660434
0.44786304676785377
0.49559291806792216
0.5384954430974679
0.5759263645488476
0.6075290527167013
0.6332621373946935
0.6532591213120638
0.6678000716215843
0.6770544808704736
0.6812623533258841
0.6805173422434794
0.6747248743916693
0.6638213625658972
0.6476710025147278
0.6258855322056499
0.5983494142209934
0.5648994849800698
0.5257464610834739
0.481255368254746
0.43219550249635835
0.37951904455925106
0.3242686498304817
0.2673629766110816
0.20949823486126895
0.15117979716708382
0.09276385319130308
0.03425270201105931
-0.02418819300000929
-0.08266804233249511
-0.14113348142656262
-0.19946939861194737
-0.25743364162896226
-0.3145435346186498
-0.3701662632004383
-0.4233555596931877
-0.47308583689890793
-0.5184207348492667
-0.5585529758395045
-0.5930151943132906
-0.6215656819230184
-0.6443053568145495
-0.6614334206023962
-0.673229203240775
-0.679853333861924
-0.6815261952152996
-0.6781527598684789
-0.6697313816135657
-0.6561696287621357
-0.6370925863907126
-0.6123544050842649
-0.5817670629899615
-0.545344206355936
-0.5033534220518467
-0.4563768736398652
-0.40533742095060493
-0.35119096705201525
-0.29497881186567493
-0.23750764631928376
-0.17938346213369807
-0.12098452398494981
-0.06252243109666088
-0.004025952539484467
0.0544398427643845
0.11293490549549619
0.1713271322575
0.22953141687462136
0.28712306087712325
0.34355486256546275
0.39800470497705165
0.4495628420855252
0.497174028147478
0.5398586536376377
0.5771129153832119
0.6084854904969493
0.6340529738199507
0.653853180247677
0.6681973091811788
0.6773092194669881
0.681332046112302
0.6803767402033845
0.674433685340091
0.6633638160288575
0.6469933792651854
0.6250252813368086
0.5972722131821245
0.563654674894587
0.5242766856780541
0.47961230304878544
0.43044090587473727
0.37767417030310946
0.32232866584115527
0.2653565189557815
0.2075011480424641
0.14919748519294604
0.09074377053854465
0.032255863048261384
-0.026196568039538206
-0.08467609039396687
-0.14315724837243676
-0.20146080178125741
-0.25939851558488497
-0.3165271455265375
-0.37205392699520157
-0.42513267545041183
-0.4747250108036588
-0.5198893324634418
-0.5598471128701368
-0.5940856504492268
-0.6224436096814396
-0.6449794362958597
-0.6619511113411097
-0.6735489562818122
-0.6800000046816971
-0.6814805843657805
-0.6779354177157937
-0.6693964714453813
-0.6556030441014635
-0.6363670178894337
-0.6114228031865885
-0.5806178467687957
-0.5439921146296294
-0.5017907397154336
-0.4546947791452288
-0.40351827904735427
-0.3493052534035715
-0.29301178754149687
-0.2355258256685688
-0.17736212639152152
-0.11899985371984746
-0.0604898717114206
-0.0020176805201468796
0.05645110031887395
0.11492037409398805
0.17332788003822786
0.23151094342763334
0.2890928304012987
0.34545721330957024
0.39988973494614394
0.4512875924825098
0.4987228050941486
0.541246611679197
0.5782818409404981
0.6094449979262294
0.6348158816075957
0.6544336968042781
0.6685898215402284
0.67751847214128
0.6814022509787637
0.680253889794922
0.6741387213264236
0.6628872553734171
0.6463040704602391
0.6241759307089143
0.5962064451427608
0.5624055546222887
0.5228452293754215
0.47797571637886366
0.42864878570405407
0.3758044502404696
0.320353966779725
0.2633793767116468
0.20548669188946167
0.1471787117556858
0.08870137154797685
0.03024188619099941
-0.028237005692456563
-0.08671953703112839
-0.1451656219694607
-0.20348475001076718
-0.26139426218650225
-0.3184056547065848
-0.3739236747798587
-0.42689897932886467
-0.47635871548800995
-0.5213711163405435
-0.5611258737231777
-0.5951390110508015
-0.6232999804029452
-0.6456526959256487
-0.6624325393397725
-0.6738518100442524
-0.680162825498932
-0.6814538054587271
-0.6777371695799947
-0.6689898067854755
-0.6550142819537741
-0.6355909452114532
-0.610442985786167
-0.5794639511632795
-0.5426360905099614
-0.500258592333033
-0.4530182605926401
-0.4016897378817009
-0.34739708990513474
-0.2910866111862388
-0.23354032279044667
-0.1753420634182812
-0.11691553094965929
-0.05847667521408928
-0.000018496899416828108
0.05845827775903033
0.116927257636943
0.17536082019182492
0.2335306203929828
0.2910669789261683
0.3473882215832714
0.4016554814203973
0.452977357776072
0.5002424239924836
0.5426347037336651
0.5794752186013342
0.6104453718276394
0.6355844997714666
0.6550057789503676
0.668962975970953
0.6777153778528852
0.6814055928190424
0.6801068062821114
0.6738282905751531
0.6624598308669529
0.6456395480795024
0.6233029418667511
0.595140939986161
0.5611036761371901
0.521353313593306
0.4763631465645074
0.4268886716802071
0.3738992787712925
0.3183955161955918
0.26139593780433207
0.20346567867544427
0.14514321075039288
0.08670671925065639
0.0282635959986364
-0.030294215481261995
-0.0887201017446433
-0.14719967989920638
-0.2054979210953181
-0.26340324763629336
-0.32040964659462967
-0.3758240963586761
-0.42867436306406403
-0.478013763001872
-0.5228532105819073
-0.5624210182801579
-0.5962258266188436
-0.624224198158274
-0.6463547548889543
-0.6629361958197727
-0.674178706834291
-0.6802910987186671
-0.6814260970973399
-0.6775733224887198
-0.6686215963459385
-0.6544753653512491
-0.6348198420636934
-0.6095635455365139
-0.578322294941025
-0.5412685433799352
-0.49873921566222745
-0.4512959862105641
-0.39989824404097135
-0.34550455889294823
-0.28913145722993566
-0.23155969051088227
-0.1733901211348108
-0.11498073035422705
-0.056537626240439405
0.001988588883236402
0.060466951228093334
0.11893526632079221
0.17730608960636032
0.23547993796750546
0.2929845122613102
0.34922050609822836
0.40346656627522165
0.45463984903831184
0.501753009762967
0.5439091109335626
0.5805480203648609
0.6113554988079988
0.6362911942664505
0.655549503705331
0.6693440426719908
0.6778932803808596
0.681415679764828
0.6799691850868109
0.6734655386344389
0.6618631338659505
0.6449051159218013
0.6224112201658812
0.5939680244632972
0.5597659260175661
0.5197985398713779
0.4746540800073546
0.4250658129054103
0.3719540585944044
0.3164357995722948
0.25934337747768926
0.20140085607076078
0.14302512650032378
0.08455628696851958
0.026141907948356514
-0.03236728263812863
-0.09087388568373854
-0.1493479485105976
-0.20761514631553055
-0.2655338014703668
-0.32248187280730345
-0.37776765502213966
-0.43060033966777894
-0.47971976961084944
-0.5244051079000106
-0.5638141339270101
-0.5974128949506179
-0.6252154534300614
-0.6471514252553404
-0.6635472793862017
-0.6746331953864521
-0.6805640365019119
-0.6815128712106039
-0.6774694043926758
-0.6683982791427605
-0.6540601616946488
-0.6342887381485829
-0.6086931647076502
-0.5773330449770566
-0.5401012688599359
-0.49737249874500666
-0.4498136886706003
-0.39829305228772977
-0.34383924938902877
-0.28742478772189184
-0.22982076414822752
-0.17165875956173285
-0.11322584721499751
-0.05475091256151862
0.0036572912952903807
0.06217961179108945
0.12062392753513464
0.1790000573675884
0.2371950491308487
0.2946019502386809
0.3507943865013786
0.4049358916613047
0.45592552203360337
0.502897918676264
0.5448598918739536
0.5812564657190945
0.6118585064042974
0.6365367672667372
0.6555985421898474
0.6691862812341858
0.6775010141283911
0.6808085745001762
0.6791747764487046
0.6725165686939731
0.6607377314504914
0.6435852086999407
0.6207348873560405
0.5921838955302048
0.5576929569725543
0.517476590250747
0.47211329847915773
0.4223442317132394
0.3691444544923025
0.31346115569029015
0.2563354261855015
0.1982552523332341
0.13992115028509233
0.08133933565038437
0.02285253707947403
-0.03572543743283148
-0.09427570476245876
-0.152758463402348
-0.21117351435049297
-0.26913458381845584
-0.3261347782304746
-0.38143513324688055
-0.43420704318361086
-0.4834167827624318
-0.5279540029073798
-0.5672259144814051
-0.6008220595352811
-0.6284691448955478
-0.650370673379792
-0.6667493969826513
-0.6777808029132142
-0.6837620784123292
-0.684674207623565
-0.6806629265082527
-0.6715393842511097
-0.6572594493706269
-0.6373973943994621
-0.6119562721202254
-0.5806588694425653
-0.5434449790113961
-0.5008464427624867
-0.45340202064939167
-0.40213672288861035
-0.3478813289723305
-0.29180226293029016
-0.23452693428046287
-0.17679698684368778
-0.11887412061402147
-0.06091237038172457
-0.0029383817400085205
0.05495464238916254
0.11281273929105706
0.1705368325001638
0.2279846013808288
0.2846921413595262
0.34001568500073875
0.3932776649088415
0.44332340291409184
0.48910316364551054
0.5299725554482779
0.5651383173087445
0.594378361365031
0.6177554978863578
0.6353164529349234
0.6473511887618224
0.6541161254062879
0.6558049643677275
0.6523932841229757
0.6438859064258444
0.6301737578510603
0.6109801642036554
0.5860742468480001
0.5553828716366728
0.5188218317375008
0.4766115422311976
0.42935185513749274
0.3779790989873863
0.3235903027555114
0.26742172328070185
0.21056570567066307
0.15392798669880867
0.09812335890871535
0.04372353155409323
-0.00893040328215787
-0.05993220538670151
-0.10931254817925978
-0.15696237511889521
-0.2031250004691369
-0.24764467171175128
-0.2901756218634456
-0.33005386415082305
-0.366480130836249
-0.3984026864390438
-0.4251095741186397
-0.4458376359569404
-0.4601354091622189
-0.46789514251636666
-0.46940421993321235
-0.4648964488578762
-0.4549553522588048
-0.44031390049294766
-0.4217967834072348
-0.40011069249738085
-0.3759125718716428
-0.34986698614740364
-0.32236144188662574
-0.2936535055634036
-0.26398771221347195
-0.23350126697328952
-0.20228877782173793
-0.17059728868172622
-0.13866674251150418
-0.10700017191404129
-0.07587186586001707
-0.04584149356522501
-0.017143950976810613
0.009860029936493701
0.035049260887142865
0.05827885950890616
0.07962633408989594
0.09926900189896846
0.11740914867591398
0.134138166812697
0.1493317846550426
0.1630067158867695
0.17458716277978034
0.18392819210179612
0.19059419503517755
0.19408097941755517
0.19423460540274254
0.1908683836834379
0.18408579240960038
0.17413390266373355
0.16118900615353976
0.14595113219100767
0.12910993206707366
0.11119702617056453
0.09316794567386683
0.0755947833449085
0.059254904686209676
0.04449619391472946
0.03157724208911476
0.0208054520155903
0.011994333175396603
0.005152444523672993
-0.0000879132554149425
-0.004098136735939718
-0.006962064356297118
-0.00908249756739696
-0.010511713357986358
-0.011448733076234929
-0.012003245320402891
-0.012321849176749687
-0.012375244862834815
-0.012313162004745797
-0.01207136803134056
-0.011825314182101825
-0.011542765034568712
-0.011099513602196789
-0.010756189397566677
-0.010281751822135655
-0.00982308976329782
-0.009472162960633973
-0.009006062758062101
-0.008656348995428281
-0.00821592557720612
-0.007775196937980924
-0.0074635795821595755
-0.007024199515766568
-0.006680638821781075
-0.006293388323551493
-0.005991919195885812
-0.005687367947563622
-0.005409755031726373
-0.005115627776150091
-0.004905318864618502
-0.004611595883158127
-0.0043595347349681375
-0.004123981233494781
-0.003922317197158258
-0.0037095698109175083
-0.0035517539229751797
-0.0033220359986818374
-0.0031747823704895064
-0.0030812786153917126
-0.002832559842517153
-0.0027546413181122322
-0.0026122292222046798
-0.0024524892733081487
-0.00233767477781849
-0.002281477441952159
-0.002097240800115456
-0.001963952286827795
-0.0019008323797871148
-0.001782471874321947
-0.0017258021195537487
-0.001657301523596773
-0.001587789503095801
-0.0014863599770105827
-0.0014009333137380785
-0.0014129848376944663
-0.0012529739740872333
-0.001235063634876188
-0.0011591443346189222
-0.0011301385707358223
-0.001096200064233447
-0.0010579028755861586
-0.0009917805869943854
-0.0008578715024784106
-0.0009120202226690126
-0.0008308919832914901
-0.0007797133703973724
-0.0008144519746848324
-0.0007548189241127262
-0.0006979561450685728
-0.0006610212612443145
-0.0006744184215757428
-0.0006665432379563865
-0.0005661996721501952
-0.0006334591252581349
-0.0005614470887518567
-0.0005705039841498703
-0.0004919546230930124
-0.0004977715617250551
-0.00045213107399496314
-0.00044158082038329045
-0.00046552778212755297
-0.0004411622753424313
-0.00040820117891629586
-0.0004112652590662499
-0.0003655443439367945
-0.00036355753161295437
-0.00028778415487237466
-0.0003415794256380433
-0.0003039358749247361
-0.0002775017663460616
-0.0003107373841498255
-0.0002797803623347325
-0.00026015599423576455
-0.00029662677936049674
-0.00028000152513375315
-0.000267282088951969
-0.00029784205726032326
-0.0002540315738331328
-0.0002308448679113979
-0.0002474491551064327
-0.0002204247815784905
-0.0002565783220469541
-0.00023572985129290298
-0.0002536057949904823
-0.00013619379376665546
-0.0002149846072145872
-0.00010994233374196095
-0.00015447398001457432
-0.00017290877623874276
-0.00015085994578252176
-0.00012546482179463914
-0.00017601421543518404
-0.00016388315583354773
-0.00012513547807180611
-0.0001220275920074081
-0.00019754575764437346
-0.00011110928640964404
-0.00010538588027401012
-0.00014809490775935584
-0.000037463283826561975
-0.0001816133788150673
-0.000034062833537936305
-0.00009038560581842212
-0.00011285340364340136
-0.00016158735897200586
-0.00014705383421508074
-0.00011260067057006004
-0.00014893814729857505
-0.00006775319356528049
-0.0001001529974973031
-4.836483245301662e-6
-0.00011734786733928545
-0.00010447979247445
-0.00008045382405208663
-0.00005776983577391786
-0.00003175278152028463
-0.000023932568927285024
-0.00005448996463844371
-0.00001917426727865289
-0.00008803762805232737
-0.00003045206841414219
-4.7115474524978355e-6
-0.00009086967994375442
-0.00006577100260020277
-0.00005715071894233694
-0.00007889534681146659
2.37574582788372e-6
-0.00004399302375585893
-0.00006262263740514924
-0.0000954041897313889
-0.00004476485644277264
-0.000056063325119227616
-9.961581115299393e-6
-0.00010062647174189186
-0.000054639321975796376
-0.000050854608752649714
-0.000012181077170474046
-0.00008585481540605355
-0.000029053412909840676
-7.838756570085432e-6
-0.000052033167593541856
-0.00010957128936379415
-0.00006706487782100586
-0.00003497088059884245
9.128336110778911e-6
-0.000019554354448945058
-0.000017521935777925384
-0.0000623987735847175
-0.000026406735898966074
-0.000022448938826625523
-0.00001939611521764554
-0.00006460285826735732
-0.00008811630265221047
8.083387600861922e-6
-0.00003785152978497595
-0.00002179864838787235
-0.000027670413733716125
0.00004257881743881543
0.00001652785940894111
-0.00001984832328420843
-0.00009266898096637644
-0.000047351618847177456
-0.000039151222462946554
-0.00008389703096604245
-0.0000236022524957656
6.5536969333563385e-6
-0.00004515251867688005
0.00003357137893936163
-0.00011041825396403996
-0.00002574439812044737
-0.00006991297559331001
0.000020435103623195226
0.000029278506412224106
-0.00005409386998870463
0.00007819238777568289
4.3434342671740435e-7
