-0.0000233232599565259
0.00006434268310860164
0.00017364965363801012
0.00002681706602147699
0.00011900689751793892
0.0001055647372315506
0.00012458867035806883
0.00009025746488386316
-0.000031342746978999095
0.0001720799316476534
-1.0426779100068323e-6
0.0001077136649770238
0.00006285796994486542
7.885097790877345e-6
0.00009113587935736828
0.00006641707794018942
0.00013351442795243366
0.00007794690937846128
0.00015689723620664823
0.00016117499010187753
0.00004120786393164731
0.00008012784877751661
0.00011844852977368514
0.00016354356921293654
0.00021060552869337518
0.00023296592113547138
0.0001973012217471565
0.00015563005434671512
0.00012656174674054613
0.00008757536278779446
0.0002536000821051855
0.00016906068666557218
0.00018378127417229502
0.00023912443014697626
0.00015099425575051479
0.0002691973708934068
0.00022621277795834482
0.00026300533540358427
0.0002547095519576123
0.00019216309415440738
0.0002644559608545483
0.0002871721964130508
0.00021375846519913587
0.00022588350421064583
0.0002712193178073749
0.0002906604420439342
0.0003826535814114573
0.00030055207611192925
0.0002459489666193824
0.0003156430333300476
0.00031754210543518806
0.0003312145518114343
0.0004234412613995905
0.00043494559201050995
0.0004263452566701645
0.0003939088737858718
0.0005256826837859775
0.00041209086615889503
0.0006035394470699253
0.000541737567954192
0.0006016409957321265
0.0005602168253578861
0.0006575088207567125
0.0006262279996069512
0.0006803235242891746
0.0006456420343009788
0.0006883958284217673
0.0007163756413066422
0.0008047138405103719
0.0009704886720500538
0.0009688473830509339
0.0009348522468676542
0.0010172485338251751
0.0010454813629584747
0.0011922284124834645
0.0011199803719345541
0.0011700737992249442
0.001210855248857655
0.0013752328318464707
0.0014541635394657827
0.0015272728396227865
0.001557407236200052
0.0016648884091242442
0.0016821068585967356
0.0018045158524507903
0.0019359398541775087
0.002133239769876126
0.002123594428437158
0.002269084548195211
0.0023768307546362267
0.002431013747179185
0.0027097827523428902
0.002769185343872625
0.0029470578301571924
0.0030811449478474156
0.0032535010262135216
0.0035005534237644536
0.0035298926135452304
0.0038372350840287033
0.004133724134219252
0.004286641693460225
0.004540929860674282
0.004801732166825661
0.005009565323058185
0.005216098978741056
0.005625256985618479
0.0058575682615751275
0.006111725407601737
0.006529920660492194
0.006860942640682829
0.007191026635565235
0.007492633004737966
0.007905531406711042
0.00824281176622702
0.008594648973560628
0.00903795549270983
0.009473248445676787
0.009806080150647137
0.010098569107028936
0.010397715461756525
0.01058605750343059
0.010892981732221594
0.010925467480267072
0.010881713111781315
0.010723484108815377
0.010212837300031995
0.009496818402679654
0.008408444113368918
0.006851532424056451
0.0045135641815769656
0.0015582672039825107
-0.0024854174087648308
-0.007745328450642772
-0.014434400160280567
-0.022655127400434166
-0.03251529736069877
-0.04389269976179634
-0.056556603810530404
-0.07033563958628873
-0.08462425691726735
-0.09890830762740684
-0.11270166629601482
-0.12529806682280895
-0.13607390913260498
-0.14446150240574324
-0.15015647954247083
-0.1527620809031653
-0.15229862924668547
-0.14873922762548356
-0.14228273964949079
-0.13311712572550188
-0.12146762943995715
-0.10727907517963176
-0.09044031127062226
-0.07083993141066838
-0.04818137734212151
-0.022475992391983765
0.006356282793647531
0.037959987016660555
0.07181269740338647
0.10730991029916803
0.14326745677464614
0.1787949292502841
0.21265190031578474
0.2434983912405635
0.2704215434347377
0.2921709380043245
0.30812134941437735
0.3178986222309141
0.32118727548683
0.31820630718933524
0.30909929812458853
0.294255921270944
0.27407216866806966
0.2485842302409237
0.21826421415579209
0.1833190452771855
0.14440495605471187
0.10185209290748753
0.056426525015872905
0.008876545580734864
-0.03996159161627244
-0.0892681554345717
-0.13787407395617612
-0.18496341803437902
-0.22911535734187194
-0.2692874497921768
-0.3041923766169324
-0.3329762930423577
-0.35489099768584437
-0.36935211667925816
-0.3760982022001056
-0.37510841454712773
-0.36624869801345583
-0.34958213415932127
-0.3254432529854951
-0.29429418187581724
-0.2566457436091303
-0.21347157977822212
-0.16603880050288247
-0.1152220912528868
-0.06217699557206477
-0.008075106895649636
0.046209771605021994
0.09947219681774871
0.15085955983068958
0.19908925539720837
0.24314117136116054
0.28186980558809804
0.3143850050597586
0.33981728624002544
0.35778319407135784
0.36792274594618113
0.3700684918961426
0.3642705006834421
0.3505289464401543
0.32910311724240393
0.3004029611616833
0.2649505727085583
0.22379253668457566
0.1777523663509297
0.12798998057115343
0.07575797901276243
0.022175571758908417
-0.03198172834914582
-0.08540642217182486
-0.13720195928057874
-0.18634894546703842
-0.23156625845565065
-0.27174050077676426
-0.30594366189405237
-0.33333058990201675
-0.3534104276122585
-0.36565290178103965
-0.3700460515099138
-0.3662789415728598
-0.3547564500901156
-0.3353810229852526
-0.3086953415388275
-0.27491469055196344
-0.2351635950119626
-0.19041042641205277
-0.14163033213289383
-0.08998078051723614
-0.03667964749928472
0.017440402861608844
0.07118230333260053
0.1236106090742555
0.17354793468391058
0.21990396828048553
0.26160713188676893
0.29761617348123154
0.32697458555168174
0.34892836454280013
0.36338812255672204
0.3699493886108926
0.368513281514588
0.3590819702832326
0.34185383964453175
0.3170982787654287
0.28527397115933056
0.24711474822094995
0.20361977026564276
0.15579008060466767
0.10477840757995484
0.0517784246277769
-0.00217787786163427
-0.056086956803248475
-0.109023792153998
-0.15983067254496053
-0.20727924168770448
-0.25031127543921194
-0.2880561998996143
-0.3192350549157973
-0.34341494833568437
-0.35999915035151714
-0.3686897578971303
-0.36945546208341906
-0.3623035344458003
-0.3471650210086804
-0.324489569776155
-0.2945316753155362
-0.25805366286689063
-0.2159235305424353
-0.16918031523822774
-0.11903704903408037
-0.06643397304133454
-0.012574617234377411
0.04139597465498993
0.09471690253229938
0.14617535836733614
0.19462810265682465
0.23906113861896225
0.27833739847253525
0.31149131845221006
0.3375940510621304
0.35633342424992953
0.36724337886260766
0.37021741942903014
0.36514422558755977
0.35228410755570905
0.3315785681531347
0.3035579386655731
0.268794625918772
0.22813692311385875
0.18258730495086328
0.13322789599120657
0.0812937132830179
0.027714881334350912
-0.026453241561626702
-0.08000345475136403
-0.13207006483717976
-0.18155352939928918
-0.22719801279646087
-0.2680011554200451
-0.30284158833837893
-0.3310230989828853
-0.3518489855920148
-0.36493560632318356
-0.37010878166847805
-0.36725649784335124
-0.3565403100331272
-0.3380368343747402
-0.31198159848485096
-0.27903123236307487
-0.23985860861772237
-0.1955859734411849
-0.14713847244335407
-0.09576840490154304
-0.04249479875334957
0.011530821872800204
0.06536753958207492
0.11794309418539714
0.16825728679516938
0.2151233531424346
0.2572864086680463
0.2938261111604295
0.3239800211318674
0.3468699575050623
0.3621374693711491
0.36951713073708087
0.3688906300764121
0.36033483688063755
0.34389437886290614
0.31992862543473144
0.28885236244322926
0.25130908574142025
0.20829483573400004
0.16090854506178365
0.11022077898167394
0.05739292328674121
0.0034712515149240434
-0.05055466478606534
-0.10358700817350719
-0.15458340994952666
-0.20253834808942606
-0.24611190823950352
-0.28438210909359063
-0.31627116221987456
-0.3412807255817213
-0.358673929062445
-0.36824649062856973
-0.36982622041651986
-0.36350714383875804
-0.34922678342736696
-0.3272696262840612
-0.2980753377738387
-0.2622439089944504
-0.22067331857514888
-0.17439602839615137
-0.1244423427445054
-0.0721612341709517
-0.018452544349908024
0.035683704760110485
0.08902050399193467
0.1407673473501763
0.18966620791790437
0.23450614202937778
0.274456831132448
0.30815428833509895
0.3351083698269022
0.3546671404804509
0.36638843534986576
0.370214928786526
0.36606884373169507
0.3540214139571278
0.33412571013103315
0.30686670081116674
0.27286472882076745
0.23271712082539295
0.1876127377356452
0.138625257652841
0.08689014944019928
0.03336616322811491
-0.020724181888915245
-0.0744178641015988
-0.1266792292583177
-0.1764417597689549
-0.2225558076561796
-0.2639146877291386
-0.2994771628799379
-0.3283745819758965
-0.34998472297550803
-0.36399388656626314
-0.36994170407921706
-0.3680019170215023
-0.3580941810783015
-0.3403581813321573
-0.31508701584022586
-0.28285251823727625
-0.24439130583300944
-0.20050159041461474
-0.15247616886595253
-0.10135684606594607
-0.048274948147190945
0.005771353690665648
0.05967092016611281
0.11240684675867911
0.16296970160765104
0.21026173601171538
0.25303941182907574
0.29036023646275083
0.3211035926308016
0.34482532549281475
0.3608931544294593
0.36905153964668774
0.36934809821981635
0.3616607479528694
0.34608618959600496
0.32284010564434823
0.29246333804920516
0.25558148363372946
0.21315833525897987
0.16613199404255904
0.11571969842235787
0.0630821767834494
0.009264402628352299
-0.04480718732861275
-0.09799349469363298
-0.14930362123699312
-0.1975753719969303
-0.24174428046268928
-0.28060425595290567
-0.31327471805087936
-0.3389784685106276
-0.3571969434850703
-0.36759441634159773
-0.37007670432261325
-0.3645894092408383
-0.35115008677285753
-0.32999223149192086
-0.3015270969833681
-0.26638391842912107
-0.22535630737343937
-0.17950544469554966
-0.12994056300952447
-0.07777383712369376
-0.02418241697924755
0.02993375882842927
0.08344457174533464
0.13541205602269363
0.18458543230140256
0.22997219589197188
0.27041505339373706
0.3049200744682316
0.33261238004835747
0.35295168840556074
0.36552836192235244
0.3701861885849808
0.3668765244277755
0.3556133693817511
0.336558706650289
0.31008776779028685
0.27674179857846004
0.23724220092308648
0.19263114122378572
0.1439409328429815
0.09246310578761885
0.03912672688463819
-0.014916917601253762
-0.06876148602003436
-0.12122681781112901
-0.17128533885503106
-0.21788234871832407
-0.2597862902313632
-0.29600851412537815
-0.32566597276541837
-0.34801853975640334
-0.3628248791056868
-0.3696845221999356
-0.3686054396770783
-0.3595065150209432
-0.34267173235468473
-0.3181408213789936
-0.28662773915183276
-0.24870936964427756
-0.20544326722747314
-0.1577484710374995
-0.10687330636043507
-0.05395114193220884
0.000025366688590077188
0.053943811282521625
0.10687683040709937
0.15777276483107008
0.2054638916011071
0.24873020109892915
0.286595329896836
0.31812448603663146
0.342606542119341
0.35949361270497626
0.368595572674643
0.3697169552561989
0.3628066514253851
0.3480900934410798
0.3256878290069491
0.29601074745343364
0.25985222554497667
0.21787407133779066
0.17131337808894376
0.12124564616613771
0.06875069477805118
0.014965635098368827
-0.039111112938828664
-0.0924471120643992
-0.14397849787194472
-0.19264366385826776
-0.23727410360130552
-0.2767348896132496
-0.31015086826815114
-0.336598687761233
-0.3556609038003511
-0.36689990779338344
-0.37021173332807
-0.3655586087950024
-0.3529126308888591
-0.3325897351763556
-0.3048852136370767
-0.2704091161741937
-0.22995480633423132
-0.18460413568666564
-0.13536689409992286
-0.08342995085526879
-0.02990421568945584
0.024153264831586797
0.07780888399644649
0.1299328963373339
0.17951441352310973
0.22537157275768196
0.26635680346313784
0.30149604782119643
0.32997625115775026
0.3511141174917614
0.3645512264155067
0.3700434463914358
0.3676158193658623
0.3571997978121932
0.3389860230509508
0.31329654860395584
0.2805708815840097
0.24171680754134886
0.19758325786947292
0.1492892794676055
0.098019311235697
0.04482144863258025
-0.009220163173515657
-0.06306164334013577
-0.11578403101863335
-0.16613042162303696
-0.21314642383736127
-0.2555505418959059
-0.2924268661271822
-0.3228301638481993
-0.34607612637376656
-0.3616362847501038
-0.36937556802098104
-0.36910403434074074
-0.3608582385727607
-0.3447644905796601
-0.32110878636636225
-0.2903092342919098
-0.25303445422672083
-0.21029151852276887
-0.16298796685340902
-0.11242205529518151
-0.05968454526394842
-0.005769603899262659
0.04828265439199461
0.10137688902211239
0.15249631526816126
0.2005296272860387
0.24437615975553426
0.28286384041062973
0.315119766296802
0.3403614648085303
0.35809456352591784
0.3680183137419139
0.3699864459743615
0.3639119108537296
0.3500042478776668
0.3283789720326521
0.2994933945175083
0.26390395664851174
0.2225754668726847
0.17646433415917764
0.12672572225410747
0.07443986819340175
0.020721072839197434
-0.03334287226890684
-0.08684256976943766
-0.1386284737961276
-0.18762553183143407
-0.23273458492662122
-0.27281479563654154
-0.3068475223136449
-0.33409973673034116
-0.3539589370536693
-0.36604903629060076
-0.3702243936188836
-0.3664154001664697
-0.35465245645787624
-0.33509636455298814
-0.3081452982287475
-0.27437990404680973
-0.23452737760507422
-0.18962046535006596
-0.14071815033157328
-0.08904817796535854
-0.03568313628170831
0.018440381372620135
0.07215222356974765
0.12449210799824464
0.17440057632780123
0.22071545480529803
0.26228936592466445
0.2980962215091836
0.3273051911875767
0.3492303748378945
0.3634905147154613
0.36982953262861845
0.36822217359028225
0.3586845159400366
0.3412821162115391
0.31634125193774426
0.28440684256601934
0.24611083062907196
0.20249393967510007
0.1545960905494077
0.1035760715407511
0.05054276770872235
-0.003438483620303093
-0.05738555188659349
-0.11020434451763336
-0.16091315289354174
-0.20832671262711183
-0.25132113504629233
-0.28883622837514045
-0.31993081067592627
-0.34391923712300687
-0.36032419028775664
-0.36891668670602773
-0.36950801381019316
-0.3621163669789254
-0.3468604447585381
-0.32394420635598725
-0.2938757267172485
-0.2572540509979194
-0.2150422480170132
-0.16819782165909059
-0.11795185225891817
-0.06534073284230617
-0.011548501730890854
0.04252727843441546
0.09575374004876103
0.14718146064773432
0.19557846813778984
0.2399149857899583
0.2790431658421301
0.3120248791130335
0.3380487159399905
0.3565914195650889
0.3673311340073837
0.37013811123030005
0.3649657441785533
0.3518710904117552
0.3310539158658221
0.3028885545129004
0.2679912975400578
0.22720758768926827
0.18156023258753173
0.13211706982532534
0.08007152883749026
0.026487433592790547
-0.02762138811301719
-0.08121530076477862
-0.13322930262656962
-0.1825798273871324
-0.22813455471683233
-0.26880313792805227
-0.3035584209012525
-0.3315726189566924
-0.3522101791709927
-0.3651617314309779
-0.3701637329909181
-0.3671683543348673
-0.3562615200670822
-0.3375710882632158
-0.31140948017962955
-0.2783100301810643
-0.23901630354382478
-0.19462132621401412
-0.1460858272844577
-0.09464870788244853
-0.04138562605249352
0.012668431521262883
0.06646723792955146
0.1190375061393095
0.16925577193884173
0.21599424324668742
0.25809769285750017
0.2946150661040681
0.32455589800799184
0.34727284027330335
0.3623562432202274
0.369571864346694
0.36880905114276463
0.3600751287783865
0.3435092045642202
0.3193281262773907
0.2881001331873634
0.25047218722209624
0.20737001612796077
0.15985079938688435
0.10912846531612297
0.05626376787397958
0.002297008972135015
-0.05168356157295523
-0.10468504483000989
-0.15564650414367584
-0.20348869071466735
-0.24698004013301736
-0.28510735833254125
-0.3169845717373411
-0.3417106305629122
-0.35895996461002344
-0.36836310828010527
-0.36982124217196277
-0.36327693450864534
-0.34883390423137767
-0.32676633119476844
-0.29742540732575684
-0.2614363637941701
-0.2197670983352873
-0.17335350033729852
-0.12341515016352986
-0.07102541652286755
-0.017268344138334935
0.036831111311575467
0.09019657237073883
0.1418444287103639
0.1906385233949821
0.2354445291099055
0.27515276244697884
0.308803169972675
0.3356124022405676
0.3549573496799237
0.3665682838798523
0.37021163558536985
0.36588532413260816
0.35363024615868
0.33360200337214957
0.3062121223645791
0.2720215123057661
0.2317965943314203
0.18660361179008628
0.13753224111098578
0.08567549699314822
0.03220667554967819
-0.021887394623330694
-0.07552440778912665
-0.12779719986888013
-0.17746545801721628
-0.22353172198655266
-0.2647329469435709
-0.30016604787233847
-0.3289120736286204
-0.3503780882788419
-0.3641268050843982
-0.3699953686141737
-0.36788513379193694
-0.3577793119456852
-0.3399000056432697
-0.3145021889032619
-0.282132359618543
-0.24347083387875323
-0.19954762810550383
-0.1514092301897144
-0.10024027648420077
-0.04710715228958631
0.006910520749938245
0.06080438621528071
0.11353930652675355
0.16406170771327652
0.21119845031316892
0.2538897538794326
0.29102673465962986
0.32167520640157143
0.3452011794305309
0.3611260994387437
0.36917967774241917
0.36927599869840055
0.3613940589492077
0.34562622557222084
0.32227427156549143
0.2917354537393629
0.2547479529750305
0.2121662095179234
0.16511517881433543
0.11462701943696478
0.06194848777738322
0.008071011907864908
-0.04595712856722079
-0.09912903278582995
-0.15035500629249146
-0.1985663355465863
-0.242600747425433
-0.28134129063962354
-0.3138905509387506
-0.3394526284961232
-0.3575017936474447
-0.3677574961244816
-0.370063834711142
-0.36434904975677057
-0.3507341425638778
-0.3294700122203391
-0.3008630289845349
-0.2655925384309119
-0.22444472839297552
-0.17850334799094789
-0.12887359363413242
-0.07667769965400678
-0.023020290434505864
0.031062464629151087
0.084582064295202
0.136458833947273
0.18559561698777544
0.23091538215870486
0.2712218926623031
0.3055659866653541
0.3331000686014645
0.3532756434385981
0.3657078348137607
0.3702304233219718
0.3667208897169566
0.3552889698070302
0.3360933867641108
0.30947251179701624
0.2759423072936424
0.23635783936158938
0.19163432043357873
0.14290298464140502
0.09129879138905356
0.03794036469717551
-0.01611965209013113
-0.06988395448085569
-0.12233923800236875
-0.1723420625947757
-0.21881735182248566
-0.26061580795051564
-0.29672847133551944
-0.3262204160244656
-0.34844887025295107
-0.3630349950438249
-0.36975579096431754
-0.3685049701065108
-0.35924324473515085
-0.3421788721447979
-0.317551756569773
-0.28587060280003196
-0.24785224875955877
-0.20443772572466162
-0.15670229000138097
-0.10579216394709216
-0.05282777539714829
0.0011567091483498221
0.055100149888253264
0.10802558371885375
0.1587882496588305
0.20637738324033325
0.24960548985874093
0.28735986181577605
0.3187357669212477
0.3430539445048731
0.3597968615932738
0.36868633037689735
0.3696316451873125
0.36259495716128937
0.3476577876548007
0.3250991226888706
0.2953070455876179
0.25893860777324124
0.2169448800328835
0.17026531013615584
0.12013272165198358
0.06760736132993272
0.01381877964677916
-0.04023090253328293
-0.09353814253344016
-0.14506352044223284
-0.1935909444790195
-0.23812987918842063
-0.2775148139133906
-0.31075882800840826
-0.337073411322532
-0.35594740765301475
-0.3670319078260311
-0.37017862104539734
-0.3653513681231477
-0.3525695498833597
-0.3320758501022284
-0.30422472862047173
-0.26962979968512363
-0.22908918189745572
-0.18357831171805222
-0.13430220236621115
-0.08233357847549719
-0.028764445374547545
0.025308846836673275
0.07894004561038911
0.13103056800930857
0.18054012212929635
0.22629465185544945
0.2671901093547467
0.30221112297256447
0.33052364595583367
0.35147401672267475
0.3647451963645517
0.3701167152265716
0.36747620073007364
0.356895181446103
0.33851769993259717
0.31264784386215955
0.2798290327290768
0.24081946296364615
0.19659600450330914
0.14825517652840778
0.09688993444105976
0.043687341447637355
-0.010370944460076846
-0.06420315960632143
-0.11682951233262506
-0.1671653300750124
-0.2140746791439259
-0.2564227502209967
-0.2931797327982629
-0.3233803405103294
-0.346447576428367
-0.36186115692276305
-0.36942741189937384
-0.3689918945341158
-0.36060439303207237
-0.3443487172285819
-0.3205112795764597
-0.28957417995195045
-0.2521558900702116
-0.20927595361031723
-0.16196947455911653
-0.11133371848933944
-0.05852360765483694
-0.004611486017585844
0.049402641555978524
0.10247076400920364
0.1535447264941026
0.20152754900806316
0.2452170589114251
0.2836286007600346
0.3157324845766562
0.3408211437198594
0.35838946055614346
0.36811389013569107
0.3699015645943741
0.36371656699430993
0.3496293286879144
0.32783330891222556
0.2988021612328362
0.26313257517646316
0.22164697794000526
0.17542551275472393
0.12560538656906023
0.07329625227763963
0.019575505797171974
-0.03449758816319302
-0.08792049996963343
-0.1396763158715441
-0.18861806290941643
-0.23362184976150635
-0.27360119279352074
-0.3075267518757259
-0.33463713639379167
-0.35429819828237025
-0.3662434138684855
-0.370227604240956
-0.366227889957924
-0.35430172221679873
-0.3346278490661597
-0.3075584299284803
-0.2735922437867412
-0.2336241938651575
-0.18862076741925474
-0.1396858328052171
-0.08792648965880168
-0.03449622415385307
0.01957169182606595
0.07328553494462402
0.1255949861645291
0.1754180209137309
0.2216388895818493
0.26311447864319915
0.2987969220715083
0.32786074764085205
0.34961807204590845
0.3637199192156192
0.3699159555617838
0.36812880822333244
0.3583753824343627
0.34082278700835517
0.3157243910395018
0.28363398385006966
0.2452374123082367
0.20150399462720037
0.15355723621927558
0.10247104801837531
0.04939399376605252
-0.004606615413351831
-0.05854583699403815
-0.11133817663307671
-0.16196602664419277
-0.20927561370547484
-0.25217018342146863
-0.2895768497404658
-0.32050401681919394
-0.3443599419636314
-0.36059874109375306
-0.3690077935012588
-0.36942966991131193
-0.3618739840424549
-0.34644628690116586
-0.32340523831992957
-0.2931666073608335
-0.25640926063598024
-0.21408309618284263
-0.16716755884274537
-0.1168366208450495
-0.06422361560217228
-0.010367621254933786
0.0436696931090588
0.09689393301051882
0.14824443760692038
0.1965953735218325
0.24083223997960015
0.27981891373417755
0.3126658382521251
0.33849852075663656
0.3568760667512289
0.36750075484533085
0.3701002962123244
0.3647537419445672
0.35148965259207016
0.3305239770809343
0.3022003364009217
0.2672024896812573
0.22631100628798737
0.18051910899096907
0.13103719643322065
0.07892327336923853
0.02533433429649776
-0.028770069084552086
-0.08232572289660625
-0.13430628022964988
-0.18358011404982957
-0.22905143976560968
-0.26963410315898884
-0.3042137785537243
-0.33206883824886513
-0.35256164000511314
-0.3653399617146058
-0.37017575864635827
-0.3670270163978654
-0.3559304801557874
-0.3370727021163712
-0.31072415833992184
-0.2775323761993024
-0.2381425595455033
-0.19363412406572975
-0.1450426520235744
-0.09354803852109063
-0.04023462379247001
0.01380666439724669
0.06761988612370246
0.12013286375075666
0.17027777803622485
0.2169395203124792
0.2589667815576277
0.2952942492538461
0.3250905673771972
0.34765470170455226
0.36258209643501843
0.36963093004714076
0.36872579079080964
0.35979818337294633
0.343066102281352
0.3187612968856339
0.28733443913049866
0.24959698304890998
0.20637645533322452
0.15881939039101614
0.10803407769126487
0.055096950885396734
0.0011502221196464733
-0.0528322960222442
-0.10579317521924388
-0.1567169509507269
-0.20443655263880187
-0.247869629328296
-0.2858831009555635
-0.3175531206975659
-0.34217050353545525
-0.3592379201821746
-0.36848677011394726
-0.36974872354502086
-0.36303399703487715
-0.3484691091288337
-0.32619581856427987
-0.29668979863105993
-0.2606313464400853
-0.21882836296258476
-0.17235083508217322
-0.12234023197927596
-0.06989423106293463
-0.016110762308419187
0.03793750041106626
0.09131962235668672
0.1429079605596192
0.19161518454420615
0.23633475505225265
0.275932741176847
0.30947086873836926
0.33609511068270637
0.3552859756605196
0.36672995734152347
0.37018802557573244
0.3657225986920271
0.35326596232413937
0.3330865494669825
0.3055613933683079
0.27121537386722344
0.2309063818365593
0.18560368973765765
0.13645064178028907
0.08457796815332982
0.03106927824169002
-0.023017585597354152
-0.07668153197261951
-0.12885725483261457
-0.17849903138942994
-0.2244342149357934
-0.2655652794135335
-0.3008602288351665
-0.32945196253838144
-0.3507706169606542
-0.36436790393501584
-0.3700441120441671
-0.3677282381057545
-0.357527067490178
-0.3394257197929074
-0.3138974987966165
-0.2813242409962871
-0.24260167040865183
-0.1985718745095075
-0.1503615230954961
-0.09912264485941996
-0.04598023636417079
0.008072261643589682
0.061940608847876416
0.11463323195437314
0.16509377952202225
0.21216578810485595
0.2547568750067809
0.2917406227246796
0.32225650266093375
0.345611905500697
0.361372725760147
0.3693013382794524
0.36917607553804044
0.361129686817389
0.3451751372253617
0.3216765847793886
0.29103762652043275
0.2539023236654924
0.21121070165571426
0.16404363611199843
0.11352852597073433
0.06079594028030159
0.006892863350692445
-0.04709564391087143
-0.10025132461499019
-0.15143342381488736
-0.1995353152788636
-0.24349254109274812
-0.28213138271451466
-0.3145121807301675
-0.3399028527655743
-0.3577918830038606
-0.36788284133059423
-0.37000961272740174
-0.3641588309340492
-0.35038543145167605
-0.32891890710300936
-0.3001850405601453
-0.26476633418435375
-0.22351375537729432
-0.1774701406060991
-0.12778243285208926
-0.0755448464231508
-0.021879652861898007
0.03221201896023239
0.08569976837474313
0.1375253363106461
0.18660481700438608
0.23182043709730624
0.27202496853131236
0.30622047887503917
0.33361730086613806
0.35362356319680854
0.3659028703276151
0.37021146596112486
0.36654592186223517
0.3549701793230237
0.3356164822775178
0.3088103962210081
0.27516397171558854
0.23546815946984878
0.19062941012093948
0.14181617765970272
0.09015065835062414
0.03679273265391645
-0.017303543936527496
-0.07102948050050091
-0.1234258869916686
-0.1733886074521606
-0.2197844238178628
-0.2614820031994635
-0.2973840707721289
-0.326760926035339
-0.3488521788955406
-0.36326165826787554
-0.3697769461164296
-0.3683679775674911
-0.35894020500729445
-0.3417278231146756
-0.31695026380709596
-0.285129188212081
-0.24699960721693545
-0.20347165394735697
-0.1556726855874603
-0.10468672067847366
-0.05166650884192228
0.0022958873370057904
0.056247745757257245
0.10914889832779666
0.15987151745744146
0.20734470183656645
0.25046433468467455
0.288092155167322
0.31932503575494514
0.3434972850460067
0.36008578761161314
0.36881609286015204
0.3695745322864854
0.3623322256690677
0.3472506320349662
0.32453475445432384
0.29458422848156013
0.25810511297229893
0.21598795691887238
0.16924611155383174
0.11905528506041828
0.0664954537168095
0.012661448042372058
-0.041377055204929826
-0.09464315019761015
-0.14609206142567377
-0.19460880323193278
-0.2390249486022831
-0.27829388942470346
-0.3113829996044577
-0.3375445992617122
-0.3562621164083489
-0.36717511009630277
-0.370169003491406
-0.365129607104975
-0.3522150995617797
-0.3315542861557176
-0.30356768278270096
-0.268824263003149
-0.22816292729572651
-0.18256847495505865
-0.1332155653889101
-0.08120450479573733
-0.027616169988082195
0.026476819561075924
0.080086291340036
0.13211434270745243
0.18154826906665053
0.22721674312724177
0.268005706928051
0.3029134053442018
0.3310429110751319
0.3518596817494801
0.3649436223824949
0.3701252809197301
0.36733621805872707
0.3566056733620153
0.338054373917054
0.3120030857945796
0.27905037610405503
0.23991365406599757
0.1955862783284798
0.14717411437022956
0.09576515485874976
0.042513977080865815
-0.011512026650636501
-0.06532936757534806
-0.11793492198472935
-0.16821791249038426
-0.21505024723837765
-0.2572827016560713
-0.29386945802906067
-0.32398972173784923
-0.3468661099236287
-0.3621083008650765
-0.36950777082431785
-0.36889991219978174
-0.36032767075547106
-0.34391903836193377
-0.31994506440401044
-0.28885815722878255
-0.2513098574665549
-0.20834298972620421
-0.16090988545100587
-0.11021491257814045
-0.057365050096307574
-0.0034328998326322705
0.05054072798999514
0.10357772230673037
0.15460334260390257
0.20247099084275635
0.24612838148051594
0.28435905096649045
0.3163739687998628
0.3412698415696128
0.3586820904643274
0.3682243429981411
0.3698578131390642
0.3634929003167105
0.3492497231078099
0.32729906972334594
0.29812877321458986
0.26230343567895337
0.2207049536312795
0.17443796334102207
0.12450409545176819
0.07213919765991578
0.018439314252318834
-0.03567406084954991
-0.0890600932947237
-0.14074909046490827
-0.18962377477280987
-0.23451869919993237
-0.27438035826318846
-0.30818099943223726
-0.3351188574531625
-0.35463562164670215
-0.3663775220499774
-0.37021354510183385
-0.3660798894067414
-0.35395041784731734
-0.3341344274581031
-0.30689177937575457
-0.27284358398409914
-0.23271783532690107
-0.1876396790770439
-0.13859101390733583
-0.08682185086741151
-0.033338496769162944
0.020758090736586018
0.07440046840666693
0.1267095001564493
0.17645285185466028
0.22257565900083665
0.2639455596011567
0.2994852360166875
0.3283725084299743
0.34999281999849496
0.3639498963455754
0.36996925810872383
0.3680204194145355
0.3581171372513982
0.34033345536808784
0.3151313734632112
0.2828885725793346
0.24437363848188529
0.20054260030972576
0.1524915002687923
0.10135281799983774
0.04825770372115737
-0.005780309685587364
-0.059672865891598086
-0.1124116448099625
-0.1629992508464003
-0.21026743616061183
-0.2530343962584581
-0.29035026763683636
-0.32108997511558773
-0.3447625035231979
-0.36085015524812636
-0.36911073875589573
-0.36932669296727
-0.36161926907509195
-0.3460268463068222
-0.3228278055609311
-0.29247015715104024
-0.2556213642700171
-0.2131433403127743
-0.16614638775499585
-0.11572024408254249
-0.06307406968677859
-0.009216284171279324
0.044818443350945786
0.098029257125369
0.14931358155850474
0.1975665887412329
0.24172106244075536
0.28057319008390735
0.31328186756142407
0.33893195233183804
0.3571749059031987
0.36759994461351764
0.3700922182031216
0.36459016440456754
0.3511484370986537
0.3299811185259056
0.30153181466577444
0.26641188105808555
0.22535417116543519
0.1795477178959653
0.12995604039726247
0.0778229553082037
0.024149513071124656
-0.02991237199319664
-0.0834777215094477
-0.13533264635762424
-0.18458120705770115
-0.22998025711251938
-0.27045770926942037
-0.304897699287566
-0.3325910054200245
-0.35292738974293997
-0.3655385047612657
-0.37018738223823533
-0.36684645635722024
-0.3556017322437669
-0.3366393481357702
-0.31011544686200776
-0.27672730953118174
-0.23725975293666246
-0.19259897956209668
-0.14400146756380178
-0.09243495941226426
-0.03909917905663945
0.01496526045970394
0.06878897598902452
0.12124210529726397
0.17132525448559008
0.21788993302964366
0.2598017222429161
0.2960177868247688
0.3256442110771098
0.34806435963365795
0.3628383942125131
0.36967259905788086
0.36856201075456424
0.3595201793226492
0.3426119831657545
0.3181660151571457
0.2866323574826943
0.24872891288020363
0.2054320669270958
0.157759931441187
0.10693588465757503
0.05394466152575674
-0.000013594246942135691
-0.05394521939452966
-0.10691092133674426
-0.15779337028064505
-0.20540273925751318
-0.24870219859326073
-0.28660690294861024
-0.3181593263669318
-0.3425807404514927
-0.35953105243236533
-0.3685428370859659
-0.369686844572035
-0.3628175506500723
-0.34806046793006795
-0.32564100856400746
-0.2960224905796898
-0.2598252527715837
-0.21787051594231435
-0.17128869229158505
-0.12121487766663022
-0.06875593475316139
-0.014995173248557704
0.03910653679440907
0.09245033890158395
0.1440216516027531
0.19262324861982721
0.237238934714226
0.2767363539958172
0.3101149621935657
0.336569066174652
0.35562641930173244
0.36693830248021814
0.3701822030679353
0.3655581401408318
0.3529262314099839
0.3326200446155638
0.30496518274162326
0.27043450605748154
0.2299976282463947
0.18457375643295276
0.13533033766309052
0.08339842923411141
0.02989913491783306
-0.02414230808204734
-0.07778045116993235
-0.12993581117287573
-0.179524807334099
-0.2254556647787123
-0.26640423951981757
-0.3015311894600916
-0.32999158119102096
-0.35110613566324567
-0.36454426272161
-0.37002489383390985
-0.3676304805209089
-0.35718212075980355
-0.3389720022841917
-0.31328034207958355
-0.2806386282872487
-0.2416976796502631
-0.1975981074521769
-0.14927849065418072
-0.09797899229626698
-0.04483922311813424
0.0091800635128016
0.06307876907837895
0.11574815566205199
0.16606004009274078
0.21310133735984146
0.2555699241536394
0.2924738408339266
0.3228616212785017
0.3460175852199697
0.36164779466020003
0.36936759836640387
0.36910084439692964
0.3608610758584977
0.3448109131644385
0.32115103504481324
0.29030276309854675
0.25300203828635653
0.21025977875862947
0.1629881592889118
0.11244013600948446
0.05963416261805884
0.005754227881511223
-0.04822534795276181
-0.10134527419298883
-0.15248598913015127
-0.20051108458504177
-0.24437315785729005
-0.28289923520307836
-0.31513239150137856
-0.34034596591666283
-0.35808344899627415
-0.36800384636299005
-0.37002362410123385
-0.36390884179696514
-0.3500123347874292
-0.32841427446888344
-0.29946681989465895
-0.2639667096925711
-0.2225663097326798
-0.17643099599241144
-0.12668985874664956
-0.0743956535072359
-0.020671877014542612
0.03329186971997434
0.0868136619696917
0.13859805487872276
0.18758957953832098
0.232739913886883
0.27282019741699937
0.30688090039490196
0.3341217165711595
0.3539858788473158
0.366067069452407
0.3701982128520591
0.3664166415621498
0.35464110731693443
0.3350870246320869
0.30819140234615705
0.2743592238805099
0.23454036426678326
0.1896411176734485
0.14071007897413867
0.08909503567684333
0.03561649955174805
-0.01842056924288299
-0.07215746268221114
-0.12457054944398559
-0.1744319010828711
-0.2207514803364547
-0.26229686764605814
-0.29809376024257334
-0.32736075801925996
-0.3492276488751034
-0.36346436551879574
-0.36989139987715036
-0.36824306750293234
-0.3586567533098052
-0.3413141711471385
-0.3163405444287549
-0.28433095738925956
-0.24612137545762505
-0.20252349853538518
-0.15460746281261079
-0.10358801846818716
-0.05052631756369823
0.003427814663817073
0.057368536559624574
0.11019023832025994
0.16090218026494246
0.208292853793866
0.25134671523712676
0.2888658755386806
0.319978222055298
0.3438975586245327
0.3603493882549574
0.3688852965670933
0.3695164447496542
0.3621145177293978
0.3468838748649097
0.3239208179745307
0.2938402835623137
0.257225838274637
0.21502609059004593
0.1681791571517313
0.11791944618392992
0.06534339937234282
0.011475262338971427
-0.04255843703553223
-0.09584206938008659
-0.14711849154107448
-0.19564987995708344
-0.2399862089341165
-0.2790628733354458
-0.3120752878016786
-0.33798913182373386
-0.3565585693986545
-0.36731826872425033
-0.37014339006418095
-0.36496445029014246
-0.35189131182448763
-0.33102813641092427
-0.3028939164155822
-0.26799569221493175
-0.22720382610542592
-0.1815490515834435
-0.13215914365278017
-0.08010275153404513
-0.026481958198718472
0.02756665136302026
0.08115732722682606
0.13315812300996036
0.18258852140004106
0.228118828825684
0.26878611747629266
0.3035415390319524
0.33156906806421094
0.35225998144097337
0.36515478224001086
0.37015965510043153
0.3671576708253768
0.3562903201119251
0.3374889325254218
0.3113357998114915
0.2782777469497692
0.23903085789100015
0.19462033294168818
0.14606059316911463
0.09468202382793758
0.041411093388917505
-0.012739701051031106
-0.06647825157357223
-0.11907494316596781
-0.16927578141406427
-0.21603299795212857
-0.2581361696141523
-0.2946357876799663
-0.3246055032898644
-0.3473214657310639
-0.3623653847922047
-0.3696508409910509
-0.3688160510837936
-0.36011940086894384
-0.3435426328876937
-0.3193524527665066
-0.2881457723974594
-0.25053827994312156
-0.2073669119904604
-0.15990848616135753
-0.10917471499154488
-0.056309019942656156
-0.0023604593407566786
0.051638482941844775
0.10461608306296279
0.15563070042120966
0.2034565651190001
0.2469323908804257
0.28502743986810775
0.3168502318817644
0.34167529156996174
0.3589018161635465
0.36824928929724704
0.36972488881605803
0.3632521611394992
0.3487515261713077
0.3266523995179917
0.29737755952716594
0.26138754396032043
0.21967646568443572
0.17326718303844815
0.1232652149402105
0.07094168316123393
0.017170357929219015
-0.03685658212414488
-0.09027975404844549
-0.14190573563251171
-0.19071907807788507
-0.23557837514545663
-0.27524790134817245
-0.308968565864427
-0.3357745479410042
-0.35511864221224515
-0.3667022831429809
-0.3703256095044902
-0.366000858445018
-0.3537527985781289
-0.33373891297352143
-0.3064187892377142
-0.27216087836871244
-0.23200944277311228
-0.18680273498177416
-0.1377035005147493
-0.08589494882239107
-0.03242210825401384
0.02166542305411238
0.0753091906425643
0.1276517543810009
0.17728710103832412
0.22326530279434975
0.26454267466876996
0.2998774154855922
0.3286279015399213
0.3501599673964757
0.36390679437632173
0.3697426472175488
0.3675992195604723
0.35754383892689534
0.33963830418522767
0.314242715142711
0.28186124337114943
0.24322256031869674
0.19921580359829727
0.15117311327303942
0.09995962186701636
0.04685180051803222
-0.0072576597713120425
-0.061090734879088754
-0.11380100177818783
-0.1643471698823071
-0.21146473636501034
-0.25404762947444787
-0.29120422610945623
-0.3219183317636624
-0.34537926899326604
-0.3611952251236052
-0.36929744270330805
-0.3692917997609907
-0.36135342928764347
-0.34553266142079914
-0.322140403889403
-0.29147197600482416
-0.2544048332253073
-0.2117881641498058
-0.16451577042984378
-0.11388149611750241
-0.061124334275397006
-0.006972101301544853
0.04725673627859192
0.10062757689282086
0.15224283952281495
0.20077625032435875
0.2452205861356989
0.28443792186998273
0.31751980637275234
0.34363542605555375
0.36237824007778424
0.37345483578155286
0.3766603914550082
0.3720254952327293
0.35959986851127645
0.3397830434490331
0.3128992384134411
0.279503052065585
0.24074914569685663
0.19760158732885677
0.15117022755790077
0.10281707438244689
0.05354597878651645
0.004520719651085985
-0.04345815709781923
-0.08957838640290712
-0.13299295923786053
-0.17293971034842928
-0.20904261894114018
-0.24064777755006167
-0.2675107104594293
-0.28922363352441227
-0.3055128854630094
-0.31624947579737794
-0.3209702942835152
-0.31948979083403023
-0.3114571010499735
-0.29728058012025954
-0.27691614517029245
-0.251451914471724
-0.22142559208186172
-0.18831358627962047
-0.15315413876521244
-0.1171916779917291
-0.08154431624339242
-0.047127305457507956
-0.014927482526108595
0.014773773095622573
0.04132052389542227
0.06477367859131694
0.08530665194936429
0.1028595717743817
0.11776986139155332
0.1302308125685423
0.1400048117625204
0.14720863819617766
0.15163385730419426
0.1529780866117077
0.15111961963771176
0.146231668763041
0.13870550341969806
0.12851970772461352
0.116307740142543
0.10283531909056143
0.08860960501907196
0.07425422277518101
0.06023416243799646
0.047206954967952595
0.03541954169512065
0.025189091003951312
0.01648281732174154
0.009478008194310017
0.0039354502059299225
-0.0004909709458112214
-0.003749030564327199
-0.006255945191158485
-0.00806708909026774
-0.009343967452348253
-0.01016447876330631
-0.01060255512776837
-0.010809539396849623
-0.010885893748542909
-0.01095379361288731
-0.010774268173233442
-0.010467612561981319
-0.0100446095040056
-0.00983188725768327
-0.009421081051475173
-0.009155288723244694
-0.008784789434174666
-0.008402110182102211
-0.007977573423768631
-0.007669286717789916
-0.007328130657623713
-0.006939958538968475
-0.006614585256637064
-0.006287741708206837
-0.006052588037505471
-0.005636052115447815
-0.005366912769712094
-0.005140474253624026
-0.004859909630976272
-0.004523249068528517
-0.004276210539330582
-0.003994618053503143
-0.003930921020670574
-0.0036954702106125285
-0.003466746551050798
-0.0033340478181922537
-0.00310959594487764
-0.0029648142354830073
-0.002892803877869843
-0.0026637794366402914
-0.0024995190830664348
-0.0024507982898197885
-0.0022878951061085506
-0.0021790211993778326
-0.0020558447956646863
-0.0019889841344670556
-0.0019372431114302723
-0.0017195584556387203
-0.0016753585324877278
-0.0015577232418758267
-0.0015198330449594664
-0.0014804490097972227
-0.0014224937622960387
-0.00129992659886789
-0.001257131415909597
-0.0012404914376019148
-0.0011055157895355813
-0.0011338441503985996
-0.001001563918490359
-0.0009527517963338056
-0.0009727894490395963
-0.000953583028496369
-0.0008100438166475947
-0.0008563499661285569
-0.0008168141875132749
-0.0007634683335120194
-0.0007653185135052285
-0.0006831876672171122
-0.0006322237715731241
-0.0005485762191914838
-0.0005310208097220966
-0.0006331382833501141
-0.00047986486030196875
-0.0005323570877421603
-0.0004431694290090501
-0.00043510471374317254
-0.0004551940596031189
-0.0004722986380012555
-0.00038539128567381854
-0.00046123367768635996
-0.0003356116721710383
-0.0004141320045218616
-0.00031811821056007046
-0.0004130551721431813
-0.0002593358590627301
-0.00029726491639048877
-0.0002887277902895531
-0.00034031276198806315
-0.0003462966540083234
-0.0002898135886883941
-0.0002176410716592115
-0.00016448237873222508
-0.0002978316407381285
-0.00017023973852278864
-0.00024773925626208205
-0.000281633645757862
-0.00025596438606204585
-0.00018984730466841185
-0.0002050963088959634
-0.00016817505496533348
-0.00017950094755396704
-0.00013209909902126232
-0.00018257789407980898
-0.000028217299690953854
-0.00014541855693614395
-0.00021354530652820867
-0.00003317014596950705
-0.00015590027655777895
-0.00017998558451106554
