-9.405936664917356e-6
0.000012923095890727938
9.60516943926245e-6
0.000010388778823916515
-0.000010873987228809021
5.133748704507898e-6
4.040845847997758e-6
0.000011819780123403829
1.7360090387076932e-6
7.498560720471008e-6
8.307806089048962e-6
9.935999996283607e-6
2.2155655659253165e-6
-2.357115426947695e-6
8.771816759233613e-6
8.447508783140783e-7
4.468563518518855e-6
0.000015427836625471856
0.00001169566413081318
-3.794791653774634e-6
-7.083635484017673e-6
7.83159469421368e-6
0.000011402672102602121
8.64381221076732e-6
-0.000010744605429383087
3.3135743422523318e-6
-5.0545915023475196e-6
8.41588959066843e-6
0.000013915488089903626
9.311772641519952e-6
-1.1992507040732758e-6
0.000013215075618403635
0.00001745185901697448
8.110790821012494e-8
-1.9048217142262977e-6
3.3062046627005144e-6
2.0692946415736602e-7
6.073581307055015e-6
5.247780966703543e-6
1.8419941734795134e-6
5.802174912317137e-6
-3.6296131423202297e-6
0.000011406874477205123
0.000014468951030293909
9.646981644567294e-6
5.449438278001919e-6
0.00001033362326179882
0.000012147333500883413
8.51491955409321e-6
0.000010181143837449793
-2.0639786880221303e-6
3.708460905462223e-7
0.000013271769080669025
3.7697592661157713e-6
9.355980476498164e-6
0.000019593858452582013
0.000025841850468554985
0.000013905830782874744
0.000017708570057619545
4.1845779001676545e-6
0.00001268348334803268
0.000026244846508605452
6.60521017063634e-6
0.000020119287084594583
0.000018042158395920465
0.000011795240877203315
0.000021817836388735808
0.000010179083785127833
0.000028169751152968816
0.000015195492394924778
0.000010895160307672452
0.000014726024760411677
0.00001587015645233401
0.000013095157889785855
0.00002038206374852314
0.000025316553235698887
0.00001569198588463679
0.000020274056786134347
0.000018210093249698866
7.5883076871772335e-6
0.000012287099255041333
0.000023482126419232443
0.000017823608781869044
0.000016109421497705985
0.000015526752602879973
0.000014886233891840059
0.000020873589295814377
0.000022875712875397267
0.00003120048925912389
0.000015893769915071345
0.00002386601607259399
0.000028058189071889555
0.000019830845984800152
0.000030505122598225354
0.00003569589691191037
0.000014801027952091198
0.00002923282315685493
0.000016998459216554626
0.00001883548247634468
0.00004464197009102588
0.00001743184153097948
0.000022411589280185533
0.000031915739733405405
0.000028373860199983798
0.000029951162430589773
0.00002918534808034532
0.000029059356693261246
0.000035725642810262173
0.000033524539741724506
0.000024661620670546246
0.00003567115510442594
0.00004622818386342016
0.000025946751400058736
0.000036802617667814056
0.00005802093009015862
0.0000463823502130243
0.000039536975121697224
0.00004728790273975173
0.00003255198209456255
0.0000549160594929688
0.000044081982737357136
0.00004182920135719807
0.00005971413999952487
0.00004430286134451707
0.000055150315025878395
0.00004729352097019638
0.00005439062929454241
0.00005555221753825181
0.00005654649333733066
0.00006370906425418658
0.00005323313313446351
0.00006663951090638673
0.00006384403327251126
0.000078353002135217
0.00006722472620040102
0.00006930837468371364
0.0000710771363786215
0.00007510189047608958
0.00007488017488220029
0.00008060793517695439
0.0000855362176447023
0.00009449458004183835
0.00008599499194491949
0.00009215753354278193
0.00009061222376717393
0.00009334681698975846
0.00009112159556360733
0.00009533144925735747
0.00009078402451975523
0.00011008610710763372
0.0001086169928316481
0.00010556800931770716
0.00011779560583740374
0.00010680184074221643
0.00013849671349263674
0.00012613931975916348
0.00013809416266534607
0.00014300693497403438
0.0001426504616952341
0.00014700245670292393
0.00015034436639113277
0.00016627655694766933
0.00016308788183697968
0.00015577719867674003
0.00018880144135421307
0.0001888218236503263
0.00019572363188410157
0.00020602014481929616
0.00020456077450603201
0.0002042158980203673
0.0002211499801286032
0.00023162373710070288
0.0002314008074736105
0.0002457881714765518
0.00024557714049829065
0.00027019131787005176
0.00027374838842334344
0.00028131242959217713
0.0003051076397297092
0.0003017082465399288
0.0003159178361034373
0.0003281568239488601
0.0003419079274926688
0.00035397322593177946
0.0003658618566169453
0.0003787766144151937
0.0003891444971179688
0.0004058731593561772
0.000434406008929453
0.00045199086058543
0.00045572065593522417
0.00047482872426489876
0.0004907412707028682
0.0005146444121560165
0.0005369767006347031
0.0005632694194959441
0.0005717476252649667
0.000592278044485143
0.0006244323129125698
0.0006359868156463484
0.000661272402513136
0.0006949288808724546
0.0007114140688642836
0.0007452094099539316
0.0007676552307196672
0.0007948282110675457
0.0008295303922355431
0.0008501051945238171
0.000879801910933822
0.0008963333370695429
0.0009345024677923476
0.000965607179456331
0.0009976297814126764
0.0010232403178133105
0.0010522052102694677
0.0010741346404528845
0.0011109051127707065
0.0011169701203588025
0.0011478583653925045
0.001158945670357107
0.0011728737528734264
0.0011774778390045483
0.0011978465664943137
0.0011845479373510678
0.0011959249607550065
0.001165360793537689
0.0011472805104963792
0.001111097590098875
0.00105565627686624
0.001008678410976843
0.0009304439806673796
0.0008229111408623979
0.0007064271405234327
0.0005644851629546376
0.0003890680019578736
0.00018198129355124403
-0.00005037239368367252
-0.0003325060882666452
-0.0006558261394828793
-0.0010314096373264096
-0.001453518282250024
-0.0019403159095085836
-0.0025074244080806694
-0.0031209320597434397
-0.003824152853548959
-0.004617555551391562
-0.0055001999227251245
-0.006453876727458803
-0.00752070471739922
-0.008673441150440771
-0.009923490738720077
-0.011274477422677403
-0.012683699348490826
-0.014176634980657401
-0.0157217393055081
-0.017315799903293894
-0.018908471012327056
-0.02047973281659438
-0.02199724735729569
-0.023422508599686035
-0.024712379314036862
-0.025819048153798575
-0.02670810793236199
-0.027333127608559764
-0.027641049025909324
-0.027609300809590842
-0.027168724115651587
-0.026307936068550846
-0.024991777223244967
-0.023220314233560316
-0.02094230091763106
-0.018181878925953767
-0.014921598063842195
-0.0111651464353944
-0.006938627988082934
-0.0022693313425023237
0.0028410838046405928
0.008318184353082611
0.0141217837843251
0.02022099672807211
0.026528382494049468
0.0329952316974717
0.03953042043865955
0.04604234386431428
0.05247158146863718
0.058683657614818904
0.06460710466682751
0.07015166244380473
0.07520566883974536
0.07969833148698487
0.0835422077356344
0.08666204915231704
0.08898420961803943
0.09047186865061883
0.09107702065980552
0.0907628620209674
0.0895103810171998
0.08731530912937034
0.08419017017395707
0.08013517492067304
0.07517249456060661
0.06935181439603971
0.06272368499279338
0.05531043556755999
0.047210693564889036
0.038467937134657175
0.0291809663711346
0.019421005028072168
0.009293429870400117
-0.0011222716939783602
-0.011721125002597595
-0.022409414714511692
-0.033065993960119035
-0.04360704376441041
-0.05396289488750007
-0.06399573102344827
-0.07365036535801836
-0.08282526684235281
-0.09143672269226169
-0.0994369702091879
-0.10672412148423481
-0.11327664032173713
-0.1189731534531663
-0.12383717511087801
-0.12777446106003018
-0.13076964576050146
-0.13280104148415028
-0.13385029784687522
-0.1338727970656456
-0.13291841234430754
-0.13093537689534057
-0.1279895112489297
-0.12408064642479492
-0.11923432006116905
-0.11348373598477883
-0.10689251127664866
-0.09949596610168149
-0.0913339368526167
-0.08249172473913514
-0.07300527172283235
-0.06296195583866024
-0.05242936969262962
-0.0414805853266065
-0.03019795571394624
-0.018656113510068188
-0.0069443017924637656
0.004838097557100645
0.016628409137917438
0.028318317362198638
0.03983957837914979
0.05109604991062546
0.06199763629658764
0.07247162454318044
0.08246221272899866
0.09187306434791907
0.10064727779350434
0.10872774957879273
0.11603853158593525
0.12253918721879908
0.12819538980550588
0.13293573997963937
0.13673308068052553
0.1395772608602039
0.141421999503993
0.1422577071556196
0.14207867968580787
0.140894744691996
0.13869248392964753
0.1355099290714262
0.13137357326386204
0.12629666077875434
0.12032590149960079
0.11349098445186742
0.10587731059031426
0.09749110907423757
0.08843344636649883
0.07872602986400855
0.06848347937135091
0.05774084491875779
0.046591237725850616
0.03511344435041202
0.023382086189817637
0.011487518224527135
-0.0004841204349155796
-0.012448063078198696
-0.024308527973991415
-0.03599349400608852
-0.04742047370079273
-0.058488253270394246
-0.0691223375522927
-0.07925789478713845
-0.08882164906249727
-0.09774825941791361
-0.10595990110996743
-0.11342050851085102
-0.12006308033703597
-0.12582669439912797
-0.13071155756822467
-0.13462639243888244
-0.1376006198916337
-0.13955620593685916
-0.14050463399977073
-0.14044143365837727
-0.1393693934811997
-0.13727704804285693
-0.13419105034592335
-0.13014606281402571
-0.12516243055760207
-0.11927344728569154
-0.11253153660309803
-0.10498896357298101
-0.0966808676982936
-0.087697998780702
-0.07806557601818008
-0.06787241609654139
-0.057190861963361386
-0.04608990723627887
-0.03466590073737769
-0.02298343100671827
-0.011118871906288283
0.0008189945218751514
0.012749488610301972
0.024590828583163617
0.03625528472185879
0.04765950416889616
0.058715866893956366
0.06934992865910715
0.07948259903659698
0.08904053255775475
0.09796818924238314
0.10619260193056548
0.11366730429738317
0.12031086865460432
0.12610430076697185
0.13099968477202079
0.1349356613298829
0.13792403088395008
0.13989806154936493
0.14088213354379267
0.1408329700978219
0.139783833753075
0.13771697570630126
0.1346626047281708
0.13064155338258698
0.12567562530422882
0.11981951476625992
0.1130980032073026
0.10556473173296708
0.09727888230701325
0.08830788808683666
0.07869081115154854
0.06851173561088686
0.05784286473334687
0.046735230373801166
0.03531672288965729
0.02363268238745879
0.011774697977821555
-0.0001726491021647545
-0.012115272178174739
-0.0239653899996036
-0.03564663416093675
-0.047062117855624815
-0.058141104011975406
-0.06879885957055264
-0.07894779326451189
-0.08854427633887499
-0.09750109772007313
-0.10575721627818864
-0.1132572134448266
-0.11993979414730434
-0.12576825516579815
-0.1306913316261878
-0.13468708574080676
-0.1377018943972335
-0.13973434810977514
-0.14075047901120902
-0.1407473289612571
-0.13973647501611755
-0.13770577048091062
-0.13468628661975068
-0.13070561182642454
-0.12578162575247812
-0.11994980411050131
-0.11326369470934075
-0.10577188220767664
-0.09751598768531418
-0.08856055999404894
-0.07897609398653675
-0.06882034654940847
-0.058168754331084774
-0.04708742524364586
-0.03567483092589972
-0.023994172195540897
-0.012141788286584673
-0.0002025006794764448
0.011737828472517182
0.023592844484806936
0.035275155455429086
0.04671176791690501
0.057795649754396584
0.0684733172086263
0.07864827482175907
0.08825922445786888
0.09722966183957131
0.1055164993244516
0.11303837884824351
0.1197552668634355
0.1256191354285354
0.13057172967015943
0.13459879766253774
0.13764757116069115
0.13971446829443585
0.14077212855594584
0.1408018974503073
0.13982940520866546
0.1378380275807809
0.1348566939016294
0.13090898932614597
0.12602241777124343
0.1202204034400975
0.11356461474719216
0.10608919858933966
0.09787077497694348
0.08893474104334285
0.07936715870747617
0.06923091913018975
0.058597762247579385
0.04753349862912787
0.036124069770063084
0.024458962723776134
0.012609469429684456
0.0006753262346483549
-0.011268327686105034
-0.023133637068909932
-0.03482827823427356
-0.04626163860352159
-0.05736616279041324
-0.06805237129275515
-0.0782523433489863
-0.08788856669031593
-0.09688824439337738
-0.10519646597576644
-0.11275542216109175
-0.11949901596747856
-0.12540173860850595
-0.13038959266521688
-0.13444770852430765
-0.1375389644884207
-0.13963735487602966
-0.14072646759817556
-0.1408005366045461
-0.1398590225969363
-0.1379112720437185
-0.13496745419811415
-0.13105656930409362
-0.12619674586375276
-0.12043294622214715
-0.11381020323224224
-0.10637518931274866
-0.09816559987864222
-0.08926509411199715
-0.0797172954144563
-0.06960822845642566
-0.05898627586794432
-0.04793317210282003
-0.036536688673336336
-0.02487849069132813
-0.013042367801543026
-0.0011050987243544598
0.010841875893054052
0.022708448710360953
0.034408542337887475
0.04585745368539396
0.0569751729938951
0.06768336584738231
0.07789446544322841
0.08755516799036782
0.09657713663617178
0.10491042122104186
0.11250053216729043
0.11927531994983782
0.12519885873086256
0.1302309596049897
0.13432456521052677
0.13745168259763732
0.13958801998070566
0.14071710669732773
0.14083089464023105
0.139928977222938
0.13800832641536967
0.13510405238997594
0.1312250923445696
0.12640080489389366
0.12067296256881685
0.11407757064164666
0.10667120209012969
0.09849342969293351
0.08961405416866262
0.0800923355993897
0.06998860641470853
0.05939662338295523
0.04835980156054083
0.03697386978863408
0.025330609290644596
0.013486250982490205
0.0015499994432410767
-0.01039072709533289
-0.022262681190762523
-0.03397151949669061
-0.0454380238275813
-0.05656681452307351
-0.06728806645491625
-0.07752415617510766
-0.0872024702851328
-0.0962505195749471
-0.10461553171553671
-0.11222852613884236
-0.11903920143059732
-0.12499745959674409
-0.13005823088048035
-0.13418784101222658
-0.13734899126874253
-0.13951903224134576
-0.14068556433457402
-0.14083388639062774
-0.13997112009745855
-0.13809544087490302
-0.1352227124443885
-0.13137839946481172
-0.12659185424668368
-0.12089451630890824
-0.11433053294548634
-0.10695178288499922
-0.09880106638418944
-0.08995178993917359
-0.0804545901883922
-0.07037592613332477
-0.05979024831025981
-0.048767339364792675
-0.03740190396769348
-0.02576053874515368
-0.013922613865486981
-0.001993985525415979
0.009955964938935991
0.021831634561953094
0.0335427099888996
0.04502339113427258
0.056166122764613004
0.06690065569293255
0.07715563905878646
0.08686126051532929
0.09593082633554134
0.10432063849863023
0.1119619197131488
0.11880350057466739
0.12479158025035957
0.12988801154788976
0.13405567700682955
0.13724997265535038
0.13946368840329681
0.14066879360780898
0.1408508136816193
0.14002435892667872
0.13818863931246553
0.13535265883320807
0.13154029783843751
0.1267831510602787
0.12112144969576308
0.11459330789756247
0.10724302080411847
0.09912127959634895
0.09029440780488687
0.0808193780811115
0.07075910915612726
0.060191337320333334
0.04918803715531428
0.03782840785474751
0.02619429192887847
0.014369319968934806
0.0024336079498391925
-0.009516513383273646
-0.021393358013747185
-0.033112323680941545
-0.0445991601968947
-0.055754617354759416
-0.06650754609467777
-0.07678337815363384
-0.08650706695460837
-0.09560657676726884
-0.10401839110290159
-0.11168801377652443
-0.11856227997514814
-0.12458486694237862
-0.12971371136761628
-0.13391042988117038
-0.13714870614500965
-0.1393937693677419
-0.1406378293422356
-0.1408605566738107
-0.14007479367644915
-0.13826666258018128
-0.13547452174505367
-0.13169439058451574
-0.12697900641340584
-0.12134735682515921
-0.11484801754630522
-0.10752789846223253
-0.09943677612898608
-0.09063044477721988
-0.08118031762026938
-0.0711392756545683
-0.060593075031772595
-0.04960182454590152
-0.03825230695630685
-0.02663068904678119
-0.014804498922209721
-0.0028780034527027625
0.009070832435152068
0.020955523249892565
0.03268370866557391
0.04417891310420044
0.05534502644853084
0.06612114643012464
0.07641428783957488
0.08615665461367482
0.09528281746661352
0.10372438146941124
0.11142052826628907
0.11832304285260889
0.12437939326591335
0.12954566636501086
0.13377696747637793
0.13704253689318005
0.1393308082632979
0.14060989849965555
0.14087435976075466
0.1401240828699898
0.13835936367365162
0.13559678374584616
0.1318576519207923
0.12717102946801942
0.12157556179374146
0.11510591944746718
0.10781218868539219
0.09974764894917085
0.09097345168524124
0.08153669904656127
0.07152265886605977
0.06098770736716935
0.05001514331938393
0.03868045960885043
0.027060391646617006
0.015246056772449362
0.0033199951271203378
-0.008631890142917683
-0.020516431938193882
-0.032254217614263704
-0.04375784255473153
-0.054943510952354425
-0.06572939295197926
-0.07603952607429226
-0.08580635474896023
-0.09495472041953282
-0.10342248365190833
-0.11115290042053064
-0.11808338753977272
-0.12417366159428672
-0.12936651959658246
-0.13363708961387963
-0.13694318058275098
-0.1392624754012451
-0.14057914350387085
-0.14088355395074445
-0.14016637505433827
-0.13843814433054621
-0.13571471581589825
-0.1320093440731145
-0.12735994879655016
-0.12179455045743974
-0.11535669713356872
-0.10809812513713675
-0.10006273579462686
-0.09130477745552575
-0.08190203990556802
-0.07190308283265967
-0.06138729915649738
-0.050429790362821164
-0.03910084688696862
-0.027497641498121943
-0.015689130346359915
-0.0037637311704095673
0.008187682274723666
0.020076610339794396
0.03182408650193819
0.043334345746126955
0.05453746840588447
0.0653365754255699
0.07567123738103355
0.08545432817938474
0.09462826560834328
0.10312526814503686
0.11088033551628429
0.11784044033171118
0.1239602031445747
0.1291912204264868
0.133496496425929
0.13683743298833953
0.13919830065642785
0.1405496424836823
0.1408874210818733
0.14021011854370632
0.13852210465170187
0.13583226892469555
0.13216345315155378
0.1275505306040132
0.12201486968120305
0.11561235871839824
0.10838093327094167
0.10037162034558987
0.09164402107943956
0.08225694889601422
0.07228204034077217
0.061782802890699436
0.0508398969891801
0.03953015759508102
0.027930490530265625
0.01612878504272978
0.004206519148565567
-0.007746507227547338
-0.019643201888205064
-0.03139115568332706
-0.042915109121834286
-0.05412918463788442
-0.06494490869025989
-0.07529545916062694
-0.08510033653683145
-0.09430122275844806
-0.10281938520410389
-0.11060738864323223
-0.11759779747775921
-0.12374918246969543
-0.12901580466758278
-0.13335442148999524
-0.1367311841267447
-0.1391260626284184
-0.14051802140961725
-0.14088973735171878
-0.14025319832063762
-0.13859920868055298
-0.1359440851266785
-0.1323192474730531
-0.12773900263535268
-0.12223752136467755
-0.11586422435984156
-0.10866204224726732
-0.10067986651340737
-0.09198048960459669
-0.08261576427242119
-0.07266112142733099
-0.0621801308498485
-0.05125438458437179
-0.039952804970922545
-0.02836280065898179
-0.01656581365919982
-0.0046510607090458535
0.0073039582680987
0.01920305015925658
0.030959244173864996
0.04249319105093881
0.05371409131309463
0.06455566658531964
0.07492169831976897
0.08475220024287664
0.09397203690024432
0.10251763360549275
0.11033210255356678
0.11735652129544336
0.12353742853206766
0.1288353544058923
0.13321036911581619
0.13662768585555254
0.1390555869807886
0.14048411209986694
0.14089729261040565
0.1402930383424481
0.13868156851552907
0.1360659107885253
0.1324702948740726
0.1279226413617803
0.12246021390710597
0.11611707097318161
0.10894254660594722
0.10098802070792956
0.09231180229992911
0.08297351968667807
0.07304006340050642
0.06257875672008414
0.05166639453528914
0.040376236760629056
0.028799898349597244
0.017006821159224406
0.005092700987152631
-0.006861003196249734
-0.018761626887341256
-0.03052921707941996
-0.042069278689476276
-0.05331055958643624
-0.06415687217919645
-0.07454764000172816
-0.08439488823726998
-0.0936398594330611
-0.10221476318154628
-0.11005571866424782
-0.11710752134861319
-0.12332447167543553
-0.128657626192809
-0.13306475188416747
-0.13651734941348181
-0.13898102219444047
-0.14044806515525554
-0.14090085343453124
-0.1403346237922413
-0.13875815698044452
-0.13617887180825858
-0.13262078812432063
-0.12810926243780216
-0.12267605137572654
-0.11636595815727661
-0.10922094802390937
-0.10129579918129
-0.0926502258017509
-0.08333257041200479
-0.07341597446531324
-0.06297331670261551
-0.05207568400617914
-0.040802942633681574
-0.029229529339685246
-0.017445176031238768
-0.005532578956540332
0.006417183481513991
0.018325462129157356
0.030096452877479356
0.04164858608565709
0.052897896212849835
0.06376628354898124
0.07417072264999272
0.08404364630501551
0.09330777376472921
0.10191206076140316
0.10977888055712054
0.11686107318504947
0.12310940112366317
0.12847342272692286
0.13291593505767407
0.13640320366114905
0.1389061985628528
0.1404126170777495
0.14090063533170055
0.14037472332454737
0.13883498434293243
0.1362908411196708
0.13276783349410348
0.12828972041063308
0.12288974791459174
0.11661528870243977
0.10950023148458884
0.10160591548376931
0.09297848256310796
0.08368815558933572
0.07379669748425145
0.06336868802756965
0.052488562290675306
0.04122353800336949
0.029664373885400712
0.017885056120206803
0.005976590911282951
-0.005977476039716224
-0.017884917938237335
-0.029661848192908586
-0.04122566214668961
-0.05248688815449695
-0.06337090721518777
-0.07379423006844428
-0.08368708935818929
-0.09298002680559472
-0.10160586474013526
-0.1095012961344613
-0.11661452042540023
-0.12289335891092651
-0.12829190983957137
-0.13277042173478204
-0.13629193735427458
-0.138833021258543
-0.14037443296659252
-0.14090201582890577
-0.14041164060875871
-0.13890978595006184
-0.13640488927113045
-0.13291812862519212
-0.12847324687983508
-0.12311046025366015
-0.11686248503233948
-0.10977917961810495
-0.1019102549596724
-0.09330960932582436
-0.08404304974784625
-0.07416908650653505
-0.06376569726217991
-0.052899049850762686
-0.041648724317444534
-0.03009735293241363
-0.018323059769993207
-0.006420455773047055
0.005534362504622138
0.0174490498868395
0.029231242071101386
0.040801499587810736
0.05207897412844897
0.06297542145346524
0.0734185111440267
0.08333566632717793
0.09264777130038025
0.10129492827167841
0.10922134175654777
0.11636602490086294
0.12267529791295421
0.12810786822512474
0.13262040737363287
0.13617672319332957
0.13875827446995065
0.1403355106966695
0.14090134824690204
0.140449902771428
0.1389811659122661
0.136512699828826
0.1330624778169839
0.12865564315274547
0.12332378099000818
0.1171098352265223
0.11005580079288693
0.10221468915259578
0.09364096899698786
0.08439624445365726
0.07454774330819834
0.06416076744894658
0.05330889121767443
0.042070334592330734
0.03052921178554624
0.01876340300809649
0.006859851987014422
-0.005090118832571649
-0.017006902888319433
-0.028797809027562155
-0.040375933785835365
-0.05166666670617145
-0.06257824414957969
-0.07304209054701405
-0.0829754293668616
-0.09231351244643776
-0.10098727510252557
-0.10894294958914082
-0.116115209329338
-0.12246095712232961
-0.1279221160692357
-0.13246846781718666
-0.13606387526955754
-0.13868064336087435
-0.140297046727552
-0.14089712075932215
-0.14048320847858992
-0.13905807467823225
-0.13662427496213217
-0.1332089826336351
-0.1288348689737705
-0.1235382340439824
-0.117352914391295
-0.1103322753166517
-0.10251999064714121
-0.09396996759633133
-0.08475135419747853
-0.0749223957309167
-0.06455075354366425
-0.053718205466906484
-0.04249079781353029
-0.03095885187833184
-0.019203507106440417
-0.007301029350736639
0.004649157108618344
0.016566687840948977
0.02836459290747711
0.039954623581410616
0.05125069687445649
0.06218317357486501
0.07266326429884287
0.08261810424559582
0.09198067623899825
0.1006802160203006
0.10866134577758416
0.11586535320971376
0.12224000092660976
0.12773687375601375
0.13231873249431186
0.13594755983938347
0.1386003788073313
0.1402553959516148
0.1408904600981762
0.1405186593832317
0.13912698981843416
0.1367291623113261
0.1333521559703996
0.12901434846124474
0.12375052312057626
0.11759607906113483
0.11060529727875787
0.10282085220005363
0.09430145103697879
0.08510109028111933
0.07529710289761898
0.0649454169254366
0.05412788137101982
0.0429145603618598
0.031390901799597665
0.01964113880403031
0.007744413566078077
-0.004205106233744992
-0.016125452326985357
-0.027933668819134793
-0.03952715947541717
-0.05084126317909336
-0.0617839451334842
-0.07228215035068777
-0.08225716861976366
-0.09164212102892061
-0.10036824476496449
-0.10838132951256652
-0.11561077140555358
-0.12201697236345457
-0.12754941676731246
-0.13216412810118508
-0.13583176659847288
-0.13852049978017505
-0.14020784276360276
-0.14088835677451114
-0.1405452443235809
-0.13919587343143244
-0.13683810690204676
-0.13349130012345323
-0.12919221747698312
-0.12396061631295352
-0.1178422425939977
-0.11088020992141873
-0.10312296200884556
-0.09462577899751948
-0.08545334069864259
-0.0756686215176719
-0.06534009865069612
-0.05453475101917337
-0.043336624217482356
-0.03182510947231297
-0.020078648722022772
-0.008187370663418058
0.003763696287871184
0.015687654224854967
0.02749410612414309
0.039102246669012235
0.05042828524488948
0.06138608756389757
0.07190270754648352
0.0818993732906986
0.09130866346803232
0.10006075074813704
0.10809426279497035
0.11535946192916031
0.12179592572730213
0.12735796033959104
0.1320092440389982
0.1357153667508159
0.13843874956118918
0.14016391179360269
0.14088421264607037
0.14057707998292512
0.13926350684212657
0.1369427563253656
0.1336318316104232
0.12936892144144627
0.12417079429041734
0.11808150870495007
0.11114799415137681
0.103424040393001
0.09495323463144664
0.08580759085402258
0.07604012505644638
0.06572952528772445
0.05493922544486554
0.043757605215444445
0.03225567686644553
0.0205181681347787
0.008630408474115388
-0.003319455515521108
-0.01524670581406969
-0.02705867088095311
-0.0386780152119494
-0.05001442565064757
-0.06098779858163321
-0.07151659861414009
-0.08153865132020706
-0.09096677641794262
-0.09974779804035724
-0.10781365125132099
-0.11510481293868313
-0.12156921830538467
-0.12716925412345048
-0.13185477873321394
-0.135594425366193
-0.13835821056721126
-0.14012016526244134
-0.14087088383838847
-0.1406112808926031
-0.13933122186651062
-0.13704626359215358
-0.13377557900389517
-0.12954332667327673
-0.12437974759085046
-0.11832545733905808
-0.11142451281132432
-0.10372041048376814
-0.09527943389282316
-0.08615755200491698
-0.07641489313246662
-0.0661233009485628
-0.055348486488103046
-0.04417993825659039
-0.03268862340517295
-0.020953582411957886
-0.009071185563165952
0.0028789851464825393
0.014809688861322523
0.026628305676962026
0.03825393517733628
0.049602485109405355
0.06059023491598575
0.07114178130089742
0.08117732877463614
0.09063271181085919
0.0994354202501192
0.10752594230954485
0.11484933259274549
0.1213496662629403
0.12697902489772211
0.13170186081786048
0.13547031144233088
0.13827064756713547
0.14007189349183827
0.14086315747766753
0.1406393193926853
0.13939877249593186
0.13714676985365784
0.13391155202206906
0.12971771478703767
0.1245844296815094
0.11856271485286521
0.11169508426557762
0.10402153007273819
0.09560603302237546
0.08650702231146054
0.0767833609801331
0.06650481824380378
0.05575692601199872
0.044596893905530975
0.03311408366851287
0.021390779057718273
0.009516826232384212
-0.00243507285501304
-0.014367350613602937
-0.026193484740412075
-0.03782417934074492
-0.04918804106331207
-0.06019272345032962
-0.07076224868029278
-0.08081745929645774
-0.0902934551515657
-0.09912140934646219
-0.10723910976737056
-0.11459353586305251
-0.12112013411848628
-0.12678642646958563
-0.13154523021798145
-0.13534788849486107
-0.13818602333085292
-0.1400262293990821
-0.14085404213020786
-0.14066321874617976
-0.139461404539477
-0.13724843096506853
-0.13405012436577307
-0.1298852278303495
-0.12479402018645559
-0.11880177588500217
-0.11196295850484814
-0.10432461192142631
-0.09593421704215606
-0.08685672996907626
-0.07715283146657333
-0.06689783019540782
-0.056166215432907556
-0.045024286927634716
-0.03354555227380155
-0.021831170660219792
-0.00995815219402319
0.0019944260622523544
0.013924713456456118
0.025755807809831166
0.0374015601011604
0.0487695884883339
0.059792135320007524
0.07037699143208612
0.0804549349181274
0.08995067555991718
0.09880668486028858
0.10695242241695946
0.11433172525333955
0.12089890078648843
0.12659406776383203
0.13137842556501714
0.13522243652849633
0.1380980940571937
0.13997135732829896
0.14084196352511072
0.14068636876570098
0.1395212756549895
0.13734961550428407
0.1341869590193849
0.13005600435663636
0.1249999269499671
0.11904181442089778
0.11222842765194482
0.10462183055149171
0.09625212248357295
0.0872029998839922
0.07752253391220924
0.06728869093421555
0.05656941455463612
0.04543417941263621
0.033974064425274515
0.02226433066753159
0.010397596259166449
-0.0015529081002469964
-0.013485028808767395
-0.02532312798657606
-0.03697446306453371
-0.04836205908206841
-0.059388528372283776
-0.0699961141331505
-0.08009248645993244
-0.08961345427086706
-0.09849368215477547
-0.10666540139774722
-0.11408160320551268
-0.12067091478627652
-0.1263966382731411
-0.13122251078459377
-0.13510396829475993
-0.1380112570630178
-0.13992489994471266
-0.1408249986481183
-0.14071244934956972
-0.1395880446579467
-0.13745023631101294
-0.13432184520769286
-0.13022437007544618
-0.12520515072420677
-0.1192756545043533
-0.11249392546024009
-0.10491573813956202
-0.09657490223155187
-0.08755302797564465
-0.07789596807476373
-0.06767517374092977
-0.05697336609821469
-0.04586023800822934
-0.03440535288510603
-0.022708661648787203
-0.01084021398750606
0.001107006233510806
0.013039979688534376
0.024881937870109967
0.03654251199234517
0.0479348244442397
0.05898661805641502
0.0696075222302671
0.07972353062138066
0.08927362801539312
0.09817528737268262
0.10637340348504903
0.11381116502276732
0.12043516119251466
0.1262036752804873
0.1310562727012681
0.1349721461436269
0.13791971411619502
0.13986748431678103
0.14081268899484914
0.14073047068759303
0.13964290182730868
0.13754196039107244
0.13445631942360733
0.13039572245997005
0.12540407175123403
0.11951083094886986
0.1127630823844946
0.10520653794558778
0.0968981076164317
0.08788995025605521
0.07825989342371915
0.06806283385174206
0.05737497511472138
0.04627397439617204
0.034835202987703505
0.023142986025419907
0.011280229155685783
-0.0006645196205857795
-0.012605357853393053
-0.02445082402094823
-0.036110652152398864
-0.04753125786185687
-0.05858799951308961
-0.06922836648205483
-0.07936238059005313
-0.08892876444909782
-0.0978592052758719
-0.10608851642599873
-0.11355646014118631
-0.12021188555145636
-0.12600488606417395
-0.13089419924093182
-0.13484548995485932
-0.1378293177876755
-0.13981904839469395
-0.14079457855761926
-0.14076118591011222
-0.1397017934847792
-0.13764267006196965
-0.1345893458590949
-0.13056957670327707
-0.125610285594549
-0.1197475483936892
-0.11303002174568481
-0.10550546872892201
-0.09722531356064129
-0.08824724928087707
-0.07863138184038089
-0.06845932505404179
-0.05778583750315436
-0.046698794322187244
-0.035270941605076815
-0.023585801561054987
-0.011727504973652597
0.0002144522335173787
0.012157116349164688
0.024006658045581004
0.035686220519726405
0.04709809100809753
0.05817813507321905
0.06883076241295409
0.07899400875588133
0.08857636265635833
0.09753246181076
0.10578613680553825
0.1132842317196818
0.11997738663979937
0.1257965077288239
0.13072156269945912
0.1347123767978945
0.13772975297368326
0.1397554683315294
0.1407683008862269
0.14077142859847128
0.1397536715381685
0.1377252171591054
0.13471401122296991
0.13072588046912617
0.12579298938432523
0.11996967252789517
0.11328672681685166
0.10578591901105501
0.09753523436317553
0.0885766959284933
0.07899095181068323
0.06883683404272084
0.05817809144520452
0.0470942593986819
0.0356857427999163
0.0240037106449165
0.012155115423633274
0.00021438514968728453
-0.011729889487721464
-0.023581402468967477
-0.03527263964328347
-0.04670165206982912
-0.05779032033909895
-0.06845991552603926
-0.07863354234589767
-0.08824994001062728
-0.09722401900556583
-0.10551579256863064
-0.11303963501139629
-0.11975238358067637
-0.1256204521990094
-0.13057619791303926
-0.13459903277249688
-0.13764939919387273
-0.13971411243284204
-0.1407689066032983
-0.14080486422139743
-0.13983088547878442
-0.1378414740325795
-0.13485838668684696
-0.13090950963929254
-0.12601604381163029
-0.12022593576005076
-0.11357251421574883
-0.10610253542901214
-0.09787026737098153
-0.08895001209016686
-0.07938230419502594
-0.06924228635769775
-0.05860034043313427
-0.04754073030811411
-0.03613300446167345
-0.024472510222390904
-0.012617794526512334
-0.0006758176552637123
0.011260551999370748
0.023123197924544484
0.03481590061125365
0.04625333580023392
0.05735509636310632
0.06804630568951009
0.07824379299322083
0.08786932332005869
0.09687157776768687
0.10518498609532166
0.11274120274432788
0.11948421475916464
0.12537839305941906
0.13037312815244326
0.1344307442690411
0.13751434806308932
0.13961437684494576
0.14070809810243123
0.14078300717107384
0.13983842021287654
0.1378918675394186
0.13493941040291005
0.13103027431803865
0.12617084671506523
0.12041022070339429
0.11377435893838148
0.10633672854686842
0.09813495440559764
0.08922782058870994
0.07968370586246168
0.06957165715322707
0.05894522914533895
0.04789422826198357
0.03650173279083279
0.024839463966045274
0.012999399250136068
0.0010561950119733021
-0.010899342489008132
-0.02275793601736375
-0.03445732402416052
-0.04591059190782375
-0.05702950500338344
-0.06773292813974048
-0.07795268333707764
-0.08761331005805545
-0.0966460294082961
-0.10497120129172881
-0.11256369876349448
-0.11934211078244324
-0.1252700059359768
-0.13029749130544308
-0.13440246296099248
-0.13752906278231503
-0.13966537661959297
-0.14080076815946987
-0.1409123003219658
-0.14001646259605938
-0.13809819706215343
-0.13520143217184963
-0.1313129093583784
-0.12650068748518278
-0.12077927621499882
-0.11418489121047755
-0.10677622135649002
-0.09860686441513493
-0.08973021656389611
-0.08021743408745251
-0.0701207187547038
-0.05952233306130542
-0.04849396432445386
-0.03710836636567144
-0.025464881261707407
-0.013633890485418526
-0.0017033007942604452
0.010235429798280361
0.02210356180643003
0.03380675125315788
0.04526454327450554
0.05638254005644947
0.06709057409955554
0.07732472896471985
0.08700408545984804
0.09604314502076294
0.1043985894810179
0.11200563806176668
0.11880479295335448
0.12475290346851713
0.12980754623403215
0.13392666285868904
0.13707617140607858
0.13924379048522106
0.14039915719043783
0.14053645940370602
0.13966305320648764
0.1377703547028334
0.13488866905550698
0.1310304098173859
0.126231483651929
0.12052096842965138
0.11394265560837061
0.10654676512409017
0.09837993299434035
0.08950695545177755
0.07998834969806203
0.06989637928300914
0.05929289936037284
0.048256540329746786
0.036861411498450514
0.025182280504590294
0.013333212124086542
0.001371277029753244
-0.010603229005127706
-0.022506292667062767
-0.03424808809354407
-0.045756212197574864
-0.0569372934223475
-0.06770485160008856
-0.07799676914104714
-0.08773421726786117
-0.09683979767881609
-0.10527963998605674
-0.11296692192295943
-0.11984172831347402
-0.12588709089100728
-0.1310291034391594
-0.13523817434171242
-0.13848570817845063
-0.14076179956055057
-0.1420278910870148
-0.14228204365974173
-0.14151760025065874
-0.13973879498235112
-0.13698608088095038
-0.13325450712414721
-0.12857977920771813
-0.12300114518098702
-0.11655386457653893
-0.10928873523480671
-0.10127949256277567
-0.0925447605711434
-0.08318330328976158
-0.07324030713512539
-0.06278731434492921
-0.05191016909493286
-0.040678992563217525
-0.029183250791864315
-0.017497628361438384
-0.005710430833754
0.006074713618082125
0.01779722258547062
0.02934305082178942
0.04066291160362109
0.05163261341339859
0.06220278854035449
0.07227917211060035
0.08180018168485305
0.09070830900421269
0.09891409171231177
0.10637659005811893
0.11302400127796221
0.1188377553519136
0.12375511618704589
0.12773537344071845
0.13075474104156548
0.13279765283325226
0.13384047825076228
0.1338737915934708
0.13291971668120856
0.1309537751359456
0.12803539648712423
0.1241588885323877
0.11937175840344012
0.11371152323927054
0.10723809804173745
0.09998992359495773
0.09204831717977903
0.0834845453565936
0.07433995689216195
0.06471632002186718
0.05471775794016663
0.044383058909009454
0.03385399553303978
0.023193585216492098
0.012516082254604674
0.0019075282460265378
-0.008530624939433951
-0.01868395418344249
-0.028470521298181176
-0.03779670027118535
-0.046576849838600894
-0.05473716013427187
-0.062193994657159295
-0.06887896689200072
-0.07477012599034515
-0.07979601772170429
-0.08392137144847574
-0.08711143125834243
-0.08937898471041378
-0.0906964470314399
-0.09108214433241078
-0.09054459179399704
-0.08912233001059129
-0.0868561814435301
-0.08379444798893128
-0.08001099928365918
-0.07555913963374165
-0.07053595772354794
-0.06504012823954655
-0.059128325416241634
-0.052934857076787446
-0.04653505429864824
-0.04001468582053237
-0.033486231244729915
-0.02700934932667161
-0.020674846568501992
-0.014566171446240717
-0.008735585391928561
-0.0032198774091863488
0.0018992034682582572
0.0066190413140302115
0.010862730813445735
0.014655919225424233
0.01795512138922726
0.02075288234117335
0.02306439437707762
0.02487320472000061
0.026227263689532626
0.027121267843418846
0.027585842321970276
0.027656499496707083
0.027369592743955992
0.026766329472201034
0.025898958145485682
0.024794208728244265
0.023513430642986728
0.022100622714771166
0.020585132318944686
0.019013672316535286
0.017429299902110056
0.01585332517686346
0.014297742504016523
0.01279691686114382
0.011371862812653516
0.010024020543505114
0.008766197353307725
0.007602209309279567
0.006541725580438372
0.0055615207690644505
0.0046827544828452914
0.003885053609060879
0.0031698233674677073
0.0025310458516991647
0.001982629411312654
0.001504951602940815
0.0010462773510513986
0.0006744220161890764
0.00035606202289326056
0.00007917556521553203
-0.00017824828288374412
-0.0003829769515984819
-0.0005509844744118449
-0.0007007239381007137
-0.0008227891034236245
-0.0009118461732206776
-0.0009989867814698076
-0.0010499542282811308
-0.001105387197872461
-0.0011479200150761757
-0.0011672682958689172
-0.0011783172303406362
-0.001190787303172737
-0.0011926238283417642
-0.0011883504887015453
-0.0011880260958681526
-0.001154730773849023
-0.001150107688207371
-0.0011174984651132942
-0.0011016420243213356
-0.0010646852675814356
-0.001049737074385952
-0.001026625907135185
-0.00099617883923609
-0.0009653986081264859
-0.0009422368961257533
-0.0009104445548341779
-0.0008860104045951471
-0.0008561777024435752
-0.0008290020645341774
-0.0007941124746012246
-0.0007708538090790121
-0.0007455099670136546
-0.000711767703352963
-0.0007012837420119777
-0.0006586592095053889
-0.0006452707708142374
-0.0006184532780758812
-0.0005988358658919564
-0.0005836691573893469
-0.0005568189652042612
-0.0005296494015340386
-0.0005108147158149565
-0.0004942740189515721
-0.0004795498149967302
-0.0004618230861617418
-0.00044567886032759315
-0.0004323529662778259
-0.0004028895527398481
-0.00039651549987287406
-0.00038185832074372753
-0.0003739072912116435
-0.0003534423498971516
-0.0003469044801981344
-0.00031879542630189957
-0.0003259227608857617
-0.0003164749989062546
-0.00030366509360484935
-0.0002860883570443863
-0.0002703297848263985
-0.0002618398879432583
-0.0002553460191208033
-0.0002444736855614707
-0.00024138535587040944
-0.00023788514341906538
-0.0002246829056106447
-0.0002076850074689587
-0.0002012739060607515
-0.0001993872018167774
-0.00018827643842777518
-0.00019142870331158318
-0.00018667499396552733
-0.0001824262263887106
-0.00016333540607401436
-0.00015513208624993638
-0.00015040328191079673
-0.00015801637701340782
-0.00015102351081679505
-0.00013303429281842145
-0.00014054879344859778
-0.0001349274501013092
-0.0001263959786075046
-0.00012623565131874068
-0.0001220725325357361
-0.00011791354471892229
-0.00011095835959741271
-0.00011263937203839699
-0.00011106628864749462
-0.00010235102275050318
-0.0000960022121251463
-0.0000979515351263178
-0.00009962330032730353
-0.0000862480770571423
-0.00009193926397183827
-0.00007243517926606264
-0.0000823021669918587
-0.00007898531767618778
-0.0000757490447991701
-0.00006495987391104433
-0.0000630198645861748
-0.00006718370990752336
-0.00006852943023675824
-0.00006428736482973529
-0.00006845370823967813
-0.00005996988644983553
-0.000054789521262334695
-0.00006035680982730071
-0.000056284293916489906
-0.00005343640677126395
-0.000056879295644000846
-0.000052957233623502435
-0.000051698676021126704
-0.000054782623452418447
-0.000043809590874423405
-0.0000448170274329522
-0.00004845207921562585
-0.00004519113257849612
-0.00004637409568975202
-0.000049548527639076346
-0.000042758571219275405
-0.00005076035319052644
-0.00003192955286892801
-0.000040581367750809165
-0.00003993023738863027
-0.00004003988583410216
-0.000037713513614615766
-0.000027617629992767924
-0.00003151777162849173
-0.00003695786205053737
-0.00002469492340072062
-0.00003524485652023868
-0.000033533441537518765
-0.00002259033437654766
-0.00002773777922366764
-0.0000319109855323161
-0.00003112537927773469
-0.00002980464362039753
-0.00001954050409481509
-0.00001340546140471972
-0.000020011552213165896
-0.000015549156331895406
-0.000023265675884955796
-0.00002200273309842227
-0.000025306856834534325
-0.000019285812872570063
-0.000032047617314890476
-0.000028072509394681054
-0.00002008340335191044
-0.00001993405313204379
-0.00002752843375109405
-4.353225894245724e-6
-0.000022805953412550276
-0.000025212986866061718
-0.00002016436996704961
-0.000014429553798766296
-0.000020172177781715777
-0.000019818522363341712
-0.000016052274786111662
-0.000011147403423895817
-0.000021124996941103675
-8.457650988495574e-6
-0.000019203897818225485
-8.237165912357428e-6
-0.000014152118137545412
-0.000023432417965382484
-0.000011726117855356155
-0.000013292878592026129
-0.000018814670141750892
-0.000013396530211371812
-0.00002084187809115752
-0.00002215270689740206
-0.0000257445002227962
-0.00001744302465424408
-0.000011397157197074876
-0.000014202776115043064
-0.000019577597859766826
-0.000010151224729221689
-0.000012412246870081209
-2.178809073220794e-6
-0.00001571261793449599
-1.8155832023500629e-7
-0.000015540939026127326
-5.637150108702911e-6
-0.00002086080422631152
4.835352174726424e-6
-8.70840635235423e-6
-0.000014128530834049176
-3.158712596201254e-6
-0.000022791914624230325
-0.000012558377853115191
1.4925197850735648e-6
1.486133559176004e-6
2.6319763449612512e-6
5.971192700697796e-6
-0.000019812774982789178
-7.578347827271421e-6
-7.791009800038941e-6
-0.000013591688990030037
-0.000022742365400053236
-1.0970686965362922e-7
-3.628222922566725e-6
-4.38161589357708e-6
-3.2912945174970913e-7
-0.000011228037196203286
-3.0927716551534045e-6
-3.037080964300599e-6
-0.000013249359238060927
-7.122101149691447e-6
-4.647684201945067e-6
-2.2308634249128614e-6
