0
0
0
0
0
0
0
0
0
0
0
0
0
0
0
0
0
0
0
0
0
0
0
0
0
0
0
0
0
0
0
0
0
0
0
0
0
0
0
0
0
0
0
0
0
0
0
0
0
0
0
0
0
0
0
0
0
0
0
0
0
0
0
0
0
0
0
0
0
0
0
0
0
0
0
0
0
0
0
0
0
0
0
0
0
0
0
0
0
0
0
0
0
0
0
0
0
0
0
0
0
0
0
0
0
0
0
0
0
0
0
0
0
0
0
0
0
0
0
0
0
0
0
0
0
0
0
0
0
0
0
0
0
0
0
0
0
0
0
0
0
0
0
0
0
0
0
0
0
0
0
0
0
0
0
0
0
0
-4.5521e-06
-1.76695e-05
-3.85652e-05
-6.64808e-05
-0.000100686
-0.000140478
-0.000185181
-0.000234146
-0.000286751
-0.0003424
-0.000400523
-0.000460573
-0.000522031
-0.0005844
-0.000647209
-0.000710009
-0.000772374
-0.000833904
-0.000894218
-0.000952958
-0.00100979
-0.00106439
-0.00111648
-0.00116578
-0.00121203
-0.00125501
-0.00129449
-0.00133028
-0.00136221
-0.00139012
-0.00141386
-0.00143331
-0.00144837
-0.00145894
-0.00146495
-0.00146635
-0.00146308
-0.00145512
-0.00144246
-0.0014251
-0.00140305
-0.00137633
-0.001345
-0.0013091
-0.00126869
-0.00122386
-0.00117469
-0.00112128
-0.00106375
-0.0010022
-0.000936775
-0.000867608
-0.00079485
-0.000718655
-0.000639188
-0.000556623
-0.000471139
-0.000382922
-0.000292167
-0.000199072
-0.000103844
-6.69275e-06
9.21657e-05
0.000192511
0.000294118
0.000396759
0.000500202
0.000604213
0.000708553
0.000812983
0.000917261
0.00102115
0.00112439
0.00122675
0.00132799
0.00142785
0.0015261
0.00162249
0.00171678
0.00180872
0.00189809
0.00198464
0.00206815
0.00214838
0.00222511
0.00229811
0.00236718
0.0024321
0.00249266
0.00254867
0.00259992
0.00264624
0.00268743
0.00272333
0.00275377
0.00277859
0.00279764
0.00281079
0.00281789
0.00281884
0.00281351
0.0028018
0.00278364
0.00275893
0.00272762
0.00268963
0.00264495
0.00259352
0.00253534
0.00247041
0.00239873
0.00232034
0.00223527
0.00214357
0.00204532
0.00194062
0.00182955
0.00171225
0.00158884
0.00145949
0.00132438
0.00118368
0.00103762
0.000886418
0.000730333
0.000569631
0.000404604
0.000235561
6.28358e-05
-0.000113218
-0.000292224
-0.000473785
-0.000657478
-0.00084286
-0.00102946
-0.00121679
-0.00140434
-0.00159155
-0.00177787
-0.0019627
-0.00214543
-0.0023254
-0.00250196
-0.0026744
-0.00284199
-0.00300399
-0.0031596
-0.00330802
-0.00344842
-0.00357991
-0.0037016
-0.00381256
-0.00391183
-0.00399842
-0.0040713
-0.00412942
-0.00417169
-0.00420567
-0.00426361
-0.00434295
-0.00443878
-0.00454623
-0.00465931
-0.0047722
-0.00487927
-0.00497474
-0.0050541
-0.00511365
-0.00515051
-0.00516257
-0.00514948
-0.00511114
-0.0050487
-0.00496339
-0.00485748
-0.00473337
-0.00459361
-0.00444055
-0.00427705
-0.00410513
-0.00392751
-0.00374541
-0.00356141
-0.00337625
-0.00319189
-0.00300861
-0.00282794
-0.00265005
-0.00247602
-0.00230508
-0.00213806
-0.00197579
-0.00181715
-0.00166206
-0.00151083
-0.00138349
-0.00122
-0.00107937
-0.000942291
-0.0008058
-0.000673106
-0.000541896
-0.000411203
-0.000283175
-0.000155768
-2.8348e-05
9.92928e-05
0.000226639
0.000355083
0.000484147
0.000612569
0.000746823
0.000881395
0.00101657
0.00115793
0.00130016
0.00144605
0.00158413
0.00174785
0.00190534
0.0020663
0.00224002
0.00240004
0.00257287
0.0027492
0.00292878
0.00311088
0.00329501
0.00348007
0.00366496
0.00384809
0.00402769
0.00420271
0.00437023
0.00452826
0.00467423
0.00480561
0.00491962
0.00501429
0.00508714
0.00513623
0.0051603
0.00515938
0.00513318
0.00508354
0.0050125
0.00492365
0.0048212
0.00471039
0.00459688
0.00448636
0.00438471
0.00429773
0.00423004
0.00418557
0.00416646
0.00417408
0.00420763
0.00426569
0.00434473
0.00444045
0.00454763
0.00466064
0.00477351
0.00488048
0.00497562
0.00505507
0.00511445
0.00515097
0.00516318
0.00515014
0.00511163
0.00504891
0.00496353
0.00485777
0.00473353
0.00459381
0.00444066
0.00427697
0.00410503
0.00392714
0.00374522
0.00356102
0.00337591
0.00319131
0.0030083
0.00282745
0.00264947
0.00247512
0.00230443
0.00213801
0.00197741
0.00181653
0.00166172
0.00151032
0.00138521
0.00121926
0.00107866
0.000940999
0.000804818
0.000672152
0.000540691
0.000410575
0.000282126
0.000154511
2.73468e-05
-0.000100234
-0.000227752
-0.000355856
-0.000485109
-0.000615347
-0.00074826
-0.000882499
-0.0010192
-0.00115767
-0.00130121
-0.00144687
-0.00159453
-0.0017488
-0.00190659
-0.00206743
-0.00223995
-0.00240138
-0.00257425
-0.00275053
-0.00293017
-0.00311245
-0.00329639
-0.00348127
-0.00366611
-0.0038493
-0.00402903
-0.00420389
-0.00437155
-0.00452953
-0.00467548
-0.00480679
-0.00492097
-0.00501559
-0.0050884
-0.00513758
-0.00516176
-0.00516063
-0.00513467
-0.00508491
-0.00501391
-0.00492497
-0.00482265
-0.00471174
-0.00459802
-0.00448745
-0.00438598
-0.00429915
-0.00423142
-0.00418674
-0.00416763
-0.00417169
-0.00420567
-0.00426361
-0.00434295
-0.00443878
-0.00454623
-0.00465931
-0.0047722
-0.00487927
-0.00497474
-0.0050541
-0.00511365
-0.00515051
-0.00516257
-0.00514948
-0.00511114
-0.0050487
-0.00496339
-0.00485748
-0.00473337
-0.00459361
-0.00444055
-0.00427705
-0.00410513
-0.00392751
-0.00374541
-0.00356141
-0.00337625
-0.00319189
-0.00300861
-0.00282794
-0.00265005
-0.00247602
-0.00230508
-0.00213806
-0.00197579
-0.00181715
-0.00166206
-0.00151083
-0.00138349
-0.00122
-0.00107937
-0.000942291
-0.0008058
-0.000673106
-0.000541896
-0.000411203
-0.000283175
-0.000155768
-2.8348e-05
9.92928e-05
0.000226639
0.000355083
0.000484147
0.000612569
0.000746823
0.000881395
0.00101657
0.00115793
0.00130016
0.00144605
0.00158413
0.00174785
0.00190534
0.0020663
0.00224002
0.00240004
0.00257287
0.0027492
0.00292878
0.00311088
0.00329501
0.00348007
0.00366496
0.00384809
0.00402769
0.00420271
0.00437023
0.00452826
0.00467423
0.00480561
0.00491962
0.00501429
0.00508714
0.00513623
0.0051603
0.00515938
0.00513318
0.00508354
0.0050125
0.00492365
0.0048212
0.00471039
0.00459688
0.00448636
0.00438471
0.00429773
0.00423004
0.00418557
0.00416646
0.00417408
0.00420763
0.00426569
0.00434473
0.00444045
0.00454763
0.00466064
0.00477351
0.00488048
0.00497562
0.00505507
0.00511445
0.00515097
0.00516318
0.00515014
0.00511163
0.00504891
0.00496353
0.00485777
0.00473353
0.00459381
0.00444066
0.00427697
0.00410503
0.00392714
0.00374522
0.00356102
0.00337591
0.00319131
0.0030083
0.00282745
0.00264947
0.00247512
0.00230443
0.00213801
0.00197741
0.00181653
0.00166172
0.00151032
0.00138521
0.00121926
0.00107866
0.000940999
0.000804818
0.000672152
0.000540691
0.000410575
0.000282126
0.000154511
2.73468e-05
-0.000100234
-0.000227752
-0.000355856
-0.000485109
-0.000615347
-0.00074826
-0.000882499
-0.0010192
-0.00115767
-0.00130121
-0.00144687
-0.00159453
-0.0017488
-0.00190659
-0.00206743
-0.00223995
-0.00240138
-0.00257425
-0.00275053
-0.00293017
-0.00311245
-0.00329639
-0.00348127
-0.00366611
-0.0038493
-0.00402903
-0.00420389
-0.00437155
-0.00452953
-0.00467548
-0.00480679
-0.00492097
-0.00501559
-0.0050884
-0.00513758
-0.00516176
-0.00516063
-0.00513467
-0.00508491
-0.00501391
-0.00492497
-0.00482265
-0.00471174
-0.00459802
-0.00448745
-0.00438598
-0.00429915
-0.00423142
-0.00418674
-0.00416763
-0.00417169
-0.00420567
-0.00426361
-0.00434295
-0.00443878
-0.00454623
-0.00465931
-0.0047722
-0.00487927
-0.00497474
-0.0050541
-0.00511365
-0.00515051
-0.00516257
-0.00514948
-0.00511114
-0.0050487
-0.00496339
-0.00485748
-0.00473337
-0.00459361
-0.00444055
-0.00427705
-0.00410513
-0.00392751
-0.00374541
-0.00356141
-0.00337625
-0.00319189
-0.00300861
-0.00282794
-0.00265005
-0.00247602
-0.00230508
-0.00213806
-0.00197579
-0.00181715
-0.00166206
-0.00151083
-0.00138349
-0.00122
-0.00107937
-0.000942291
-0.0008058
-0.000673106
-0.000541896
-0.000411203
-0.000283175
-0.000155768
-2.8348e-05
9.92928e-05
0.000226639
0.000355083
0.000484147
0.000612569
0.000746823
0.000881395
0.00101657
0.00115793
0.00130016
0.00144605
0.00158413
0.00174785
0.00190534
0.0020663
0.00224002
0.00240004
0.00257287
0.0027492
0.00292878
0.00311088
0.00329501
0.00348007
0.00366496
0.00384809
0.00402769
0.00420271
0.00437023
0.00452826
0.00467423
0.00480561
0.00491962
0.00501429
0.00508714
0.00513623
0.0051603
0.00515938
0.00513318
0.00508354
0.0050125
0.00492365
0.0048212
0.00471039
0.00459688
0.00448636
0.00438471
0.00429773
0.00423004
0.00418557
0.00416646
0.00417408
0.00420763
0.00426569
0.00434473
0.00444045
0.00454763
0.00466064
0.00477351
0.00488048
0.00497562
0.00505507
0.00511445
0.00515097
0.00516318
0.00515014
0.00511163
0.00504891
0.00496353
0.00485777
0.00473353
0.00459381
0.00444066
0.00427697
0.00410503
0.00392714
0.00374522
0.00356102
0.00337591
0.00319131
0.0030083
0.00282745
0.00264947
0.00247512
0.00230443
0.00213801
0.00197741
0.00181653
0.00166172
0.00151032
0.00138521
0.00121926
0.00107866
0.000940999
0.000804818
0.000672152
0.000540691
0.000410575
0.000282126
0.000154511
2.73468e-05
-0.000100234
-0.000227752
-0.000355856
-0.000485109
-0.000615347
-0.00074826
-0.000882499
-0.0010192
-0.00115767
-0.00130121
-0.00144687
-0.00159453
-0.0017488
-0.00190659
-0.00206743
-0.00223995
-0.00240138
-0.00257425
-0.00275053
-0.00293017
-0.00311245
-0.00329639
-0.00348127
-0.00366611
-0.0038493
-0.00402903
-0.00420389
-0.00437155
-0.00452953
-0.00467548
-0.00480679
-0.00492097
-0.00501559
-0.0050884
-0.00513758
-0.00516176
-0.00516063
-0.00513467
-0.00508491
-0.00501391
-0.00492497
-0.00482265
-0.00471174
-0.00459802
-0.00448745
-0.00438598
-0.00429915
-0.00423142
-0.00418674
-0.00416763
-0.00417169
-0.00420567
-0.00426361
-0.00434295
-0.00443878
-0.00454623
-0.00465931
-0.0047722
-0.00487927
-0.00497474
-0.0050541
-0.00511365
-0.00515051
-0.00516257
-0.00514948
-0.00511114
-0.0050487
-0.00496339
-0.00485748
-0.00473337
-0.00459361
-0.00444055
-0.00427705
-0.00410513
-0.00392751
-0.00374541
-0.00356141
-0.00337625
-0.00319189
-0.00300861
-0.00282794
-0.00265005
-0.00247602
-0.00230508
-0.00213806
-0.00197579
-0.00181715
-0.00166206
-0.00151083
-0.00138349
-0.00122
-0.00107937
-0.000942291
-0.0008058
-0.000673106
-0.000541896
-0.000411203
-0.000283175
-0.000155768
-2.8348e-05
9.92928e-05
0.000226639
0.000355083
0.000484147
0.000612569
0.000746823
0.000881395
0.00101657
0.00115793
0.00130016
0.00144605
0.00158413
0.00174785
0.00190534
0.0020663
0.00224002
0.00240004
0.00257287
0.0027492
0.00292878
0.00311088
0.00329501
0.00348007
0.00366496
0.00384809
0.00402769
0.00420271
0.00437023
0.00452826
0.00467423
0.00480561
0.00491962
0.00501429
0.00508714
0.00513623
0.0051603
0.00515938
0.00513318
0.00508354
0.0050125
0.00492365
0.0048212
0.00471039
0.00459688
0.00448636
0.00438471
0.00429773
0.00423004
0.00418557
0.00416646
0.00417408
0.00420763
0.00426569
0.00434473
0.00444045
0.00454763
0.00466064
0.00477351
0.00488048
0.00497562
0.00505507
0.00511445
0.00515097
0.00516318
0.00515014
0.00511163
0.00504891
0.00496353
0.00485777
0.00473353
0.00459381
0.00444066
0.00427697
0.00410503
0.00392714
0.00374522
0.00356102
0.00337591
0.00319131
0.0030083
0.00282745
0.00264947
0.00247512
0.00230443
0.00213801
0.00197741
0.00181653
0.00166172
0.00151032
0.00138521
0.00121926
0.00107866
0.000940999
0.000804818
0.000672152
0.000540691
0.000410575
0.000282126
0.000154511
2.73468e-05
-0.000100234
-0.000227752
-0.000355856
-0.000485109
-0.000615347
-0.00074826
-0.000882499
-0.0010192
-0.00115767
-0.00130121
-0.00144687
-0.00159453
-0.0017488
-0.00190659
-0.00206743
-0.00223995
-0.00240138
-0.00257425
-0.00275053
-0.00293017
-0.00311245
-0.00329639
-0.00348127
-0.00366611
-0.0038493
-0.00402903
-0.00420389
-0.00437155
-0.00452953
-0.00467548
-0.00480679
-0.00492097
-0.00501559
-0.0050884
-0.00513758
-0.00516176
-0.00516063
-0.00513467
-0.00508491
-0.00501391
-0.00492497
-0.00482265
-0.00471174
-0.00459802
-0.00448745
-0.00438598
-0.00429915
-0.00423142
-0.00418674
-0.00416763
-0.00417169
-0.00420567
-0.00426361
-0.00434295
-0.00443878
-0.00454623
-0.00465931
-0.0047722
-0.00487927
-0.00497474
-0.0050541
-0.00511365
-0.00515051
-0.00516257
-0.00514948
-0.00511114
-0.0050487
-0.00496339
-0.00485748
-0.00473337
-0.00459361
-0.00444055
-0.00427705
-0.00410513
-0.00392751
-0.00374541
-0.00356141
-0.00337625
-0.00319189
-0.00300861
-0.00282794
-0.00265005
-0.00247602
-0.00230508
-0.00213806
-0.00197579
-0.00181715
-0.00166206
-0.00151083
-0.00138349
-0.00122
-0.00107937
-0.000942291
-0.0008058
-0.000673106
-0.000541896
-0.000411203
-0.000283175
-0.000155768
-2.8348e-05
9.92928e-05
0.000226639
0.000355083
0.000484147
0.000612569
0.000746823
0.000881395
0.00101657
0.00115793
0.00130016
0.00144605
0.00158413
0.00174785
0.00190534
0.0020663
0.00224002
0.00240004
0.00257287
0.0027492
0.00292878
0.00311088
0.00329501
0.00348007
0.00366496
0.00384809
0.00402769
0.00420271
0.00437023
0.00452826
0.00467423
0.00480561
0.00491962
0.00501429
0.00508714
0.00513623
0.0051603
0.00515938
0.00513318
0.00508354
0.0050125
0.00492365
0.0048212
0.00471039
0.00459688
0.00448636
0.00438471
0.00429773
0.00423004
0.00418557
0.00416646
0.00417408
0.00420763
0.00426569
0.00434473
0.00444045
0.00454763
0.00466064
0.00477351
0.00488048
0.00497562
0.00505507
0.00511445
0.00515097
0.00516318
0.00515014
0.00511163
0.00504891
0.00496353
0.00485777
0.00473353
0.00459381
0.00444066
0.00427697
0.00410503
0.00392714
0.00374522
0.00356102
0.00337591
0.00319131
0.0030083
0.00282745
0.00264947
0.00247512
0.00230443
0.00213801
0.00197741
0.00181653
0.00166172
0.00151032
0.00138521
0.00121926
0.00107866
0.000940999
0.000804818
0.000672152
0.000540691
0.000410575
0.000282126
0.000154511
2.73468e-05
-0.000100234
-0.000227752
-0.000355856
-0.000485109
-0.000615347
-0.00074826
-0.000882499
-0.0010192
-0.00115767
-0.00130121
-0.00144687
-0.00159453
-0.0017488
-0.00190659
-0.00206743
-0.00223995
-0.00240138
-0.00257425
-0.00275053
-0.00293017
-0.00311245
-0.00329639
-0.00348127
-0.00366611
-0.0038493
-0.00402903
-0.00420389
-0.00437155
-0.00452953
-0.00467548
-0.00480679
-0.00492097
-0.00501559
-0.0050884
-0.00513758
-0.00516176
-0.00516063
-0.00513467
-0.00508491
-0.00501391
-0.00492497
-0.00482265
-0.00471174
-0.00459802
-0.00448745
-0.00438598
-0.00429915
-0.00423142
-0.00418674
-0.00416763
-0.00417169
-0.00420567
-0.00426361
-0.00434295
-0.00443878
-0.00454623
-0.00465931
-0.0047722
-0.00487927
-0.00497474
-0.0050541
-0.00511365
-0.00515051
-0.00516257
-0.00514948
-0.00511114
-0.0050487
-0.00496339
-0.00485748
-0.00473337
-0.00459361
-0.00444055
-0.00427705
-0.00410513
-0.00392751
-0.00374541
-0.00356141
-0.00337625
-0.00319189
-0.00300861
-0.00282794
-0.00265005
-0.00247602
-0.00230508
-0.00213806
-0.00197579
-0.00181715
-0.00166206
-0.00151083
-0.00138349
-0.00122
-0.00107937
-0.000942291
-0.0008058
-0.000673106
-0.000541896
-0.000411203
-0.000283175
-0.000155768
-2.8348e-05
9.92928e-05
0.000226639
0.000355083
0.000484147
0.000612569
0.000746823
0.000881395
0.00101657
0.00115793
0.00130016
0.00144605
0.00158413
0.00174785
0.00190534
0.0020663
0.00224002
0.00240004
0.00257287
0.0027492
0.00292878
0.00311088
0.00329501
0.00348007
0.00366496
0.00384809
0.00402769
0.00420271
0.00437023
0.00452826
0.00467423
0.00480561
0.00491962
0.00501429
0.00508714
0.00513623
0.0051603
0.00515938
0.00513318
0.00508354
0.0050125
0.00492365
0.0048212
0.00471039
0.00459688
0.00448636
0.00438471
0.00429773
0.00423004
0.00418557
0.00416646
0.00417408
0.00420763
0.00426569
0.00434473
0.00444045
0.00454763
0.00466064
0.00477351
0.00488048
0.00497562
0.00505507
0.00511445
0.00515097
0.00516318
0.00515014
0.00511163
0.00504891
0.00496353
0.00485777
0.00473353
0.00459381
0.00444066
0.00427697
0.00410503
0.00392714
0.00374522
0.00356102
0.00337591
0.00319131
0.0030083
0.00282745
0.00264947
0.00247512
0.00230443
0.00213801
0.00197741
0.00181653
0.00166172
0.00151032
0.00138521
0.00121926
0.00107866
0.000940999
0.000804818
0.000672152
0.000540691
0.000410575
0.000282126
0.000154511
2.73468e-05
-0.000100234
-0.000227752
-0.000355856
-0.000485109
-0.000615347
-0.00074826
-0.000882499
-0.0010192
-0.00115767
-0.00130121
-0.00144687
-0.00159453
-0.0017488
-0.00190659
-0.00206743
-0.00223995
-0.00240138
-0.00257425
-0.00275053
-0.00293017
-0.00311245
-0.00329639
-0.00348127
-0.00366611
-0.0038493
-0.00402903
-0.00420389
-0.00437155
-0.00452953
-0.00467548
-0.00480679
-0.00492097
-0.00501559
-0.0050884
-0.00513758
-0.00516176
-0.00516063
-0.00513467
-0.00508491
-0.00501391
-0.00492497
-0.00482265
-0.00471174
-0.00459802
-0.00448745
-0.00438598
-0.00429915
-0.00423142
-0.00418674
-0.00416763
-0.00417169
-0.00420567
-0.00426361
-0.00434295
-0.00443878
-0.00454623
-0.00465931
-0.0047722
-0.00487927
-0.00497474
-0.0050541
-0.00511365
-0.00515051
-0.00516257
-0.00514948
-0.00511114
-0.0050487
-0.00496339
-0.00485748
-0.00473337
-0.00459361
-0.00444055
-0.00427705
-0.00410513
-0.00392751
-0.00374541
-0.00356141
-0.00337625
-0.00319189
-0.00300861
-0.00282794
-0.00265005
-0.00247602
-0.00230508
-0.00213806
-0.00197579
-0.00181715
-0.00166206
-0.00151083
-0.00138349
-0.00122
-0.00107937
-0.000942291
-0.0008058
-0.000673106
-0.000541896
-0.000411203
-0.000283175
-0.000155768
-2.8348e-05
9.92928e-05
0.000226639
0.000355083
0.000484147
0.000612569
0.000746823
0.000881395
0.00101657
0.00115793
0.00130016
0.00144605
0.00158413
0.00174785
0.00190534
0.0020663
0.00224002
0.00240004
0.00257287
0.0027492
0.00292878
0.00311088
0.00329501
0.00348007
0.00366496
0.00384809
0.00402769
0.00420271
0.00437023
0.00452826
0.00467423
0.00480561
0.00491962
0.00501429
0.00508714
0.00513623
0.0051603
0.00515938
0.00513318
0.00508354
0.0050125
0.00492365
0.0048212
0.00471039
0.00459688
0.00448636
0.00438471
0.00429773
0.00423004
0.00418557
0.00416646
0.00417408
0.00420763
0.00426569
0.00434473
0.00444045
0.00454763
0.00466064
0.00477351
0.00488048
0.00497562
0.00505507
0.00511445
0.00515097
0.00516318
0.00515014
0.00511163
0.00504891
0.00496353
0.00485777
0.00473353
0.00459381
0.00444066
0.00427697
0.00410503
0.00392714
0.00374522
0.00356102
0.00337591
0.00319131
0.0030083
0.00282745
0.00264947
0.00247512
0.00230443
0.00213801
0.00197741
0.00181653
0.00166172
0.00151032
0.00138521
0.00121926
0.00107866
0.000940999
0.000804818
0.000672152
0.000540691
0.000410575
0.000282126
0.000154511
2.73468e-05
-0.000100234
-0.000227752
-0.000355856
-0.000485109
-0.000615347
-0.00074826
-0.000882499
-0.0010192
-0.00115767
-0.00130121
-0.00144687
-0.00159453
-0.0017488
-0.00190659
-0.00206743
-0.00223995
-0.00240138
-0.00257425
-0.00275053
-0.00293017
-0.00311245
-0.00329639
-0.00348127
-0.00366611
-0.0038493
-0.00402903
-0.00420389
-0.00437155
-0.00452953
-0.00467548
-0.00480679
-0.00492097
-0.00501559
-0.0050884
-0.00513758
-0.00516176
-0.00516063
-0.00513467
-0.00508491
-0.00501391
-0.00492497
-0.00482265
-0.00471174
-0.00459802
-0.00448745
-0.00438598
-0.00429915
-0.00423142
-0.00418674
-0.00416763
-0.00417169
-0.00420567
-0.00426361
-0.00434295
-0.00443878
-0.00454623
-0.00465931
-0.0047722
-0.00487927
-0.00497474
-0.0050541
-0.00511365
-0.00515051
-0.00516257
-0.00514948
-0.00511114
-0.0050487
-0.00496339
-0.00485748
-0.00473337
-0.00459361
-0.00444055
-0.00427705
-0.00410513
-0.00392751
-0.00374541
-0.00356141
-0.00337625
-0.00319189
-0.00300861
-0.00282794
-0.00265005
-0.00247602
-0.00230508
-0.00213806
-0.00197579
-0.00181715
-0.00166206
-0.00151083
-0.00138349
-0.00122
-0.00107937
-0.000942291
-0.0008058
-0.000673106
-0.000541896
-0.000411203
-0.000283175
-0.000155768
-2.8348e-05
9.92928e-05
0.000226639
0.000355083
0.000484147
0.000612569
0.000746823
0.000881395
0.00101657
0.00115793
0.00130016
0.00144605
0.00158413
0.00174785
0.00190534
0.0020663
0.00224002
0.00240004
0.00257287
0.0027492
0.00292878
0.00311088
0.00329501
0.00348007
0.00366496
0.00384809
0.00402769
0.00420271
0.00437023
0.00452826
0.00467423
0.00480561
0.00491962
0.00501429
0.00508714
0.00513623
0.0051603
0.00515938
0.00513318
0.00508354
0.0050125
0.00492365
0.0048212
0.00471039
0.00459688
0.00448636
0.00438471
0.00429773
0.00423004
0.00418557
0.00416646
0.00417408
0.00420763
0.00426569
0.00434473
0.00444045
0.00454763
0.00466064
0.00477351
0.00488048
0.00497562
0.00505507
0.00511445
0.00515097
0.00516318
0.00515014
0.00511163
0.00504891
0.00496353
0.00485777
0.00473353
0.00459381
0.00444066
0.00427697
0.00410503
0.00392714
0.00374522
0.00356102
0.00337591
0.00319131
0.0030083
0.00282745
0.00264947
0.00247512
0.00230443
0.00213801
0.00197741
0.00181653
0.00166172
0.00151032
0.00138521
0.00121926
0.00107866
0.000940999
0.000804818
0.000672152
0.000540691
0.000410575
0.000282126
0.000154511
2.73468e-05
-0.000100234
-0.000227752
-0.000355856
-0.000485109
-0.000615347
-0.00074826
-0.000882499
-0.0010192
-0.00115767
-0.00130121
-0.00144687
-0.00159453
-0.0017488
-0.00190659
-0.00206743
-0.00223995
-0.00240138
-0.00257425
-0.00275053
-0.00293017
-0.00311245
-0.00329639
-0.00348127
-0.00366611
-0.0038493
-0.00402903
-0.00420389
-0.00437155
-0.00452953
-0.00467548
-0.00480679
-0.00492097
-0.00501559
-0.0050884
-0.00513758
-0.00516176
-0.00516063
-0.00513467
-0.00508491
-0.00501391
-0.00492497
-0.00482265
-0.00471174
-0.00459802
-0.00448745
-0.00438598
-0.00429915
-0.00423142
-0.00418674
-0.00416763
-0.00417169
-0.00420567
-0.00426361
-0.00434295
-0.00443878
-0.00454623
-0.00465931
-0.0047722
-0.00487927
-0.00497474
-0.0050541
-0.00511365
-0.00515051
-0.00516257
-0.00514948
-0.00511114
-0.0050487
-0.00496339
-0.00485748
-0.00473337
-0.00459361
-0.00444055
-0.00427705
-0.00410513
-0.00392751
-0.00374541
-0.00356141
-0.00337625
-0.00319189
-0.00300861
-0.00282794
-0.00265005
-0.00247602
-0.00230508
-0.00213806
-0.00197579
-0.00181715
-0.00166206
-0.00151083
-0.00138349
-0.00122
-0.00107937
-0.000942291
-0.0008058
-0.000673106
-0.000541896
-0.000411203
-0.000283175
-0.000155768
-2.8348e-05
9.92928e-05
0.000226639
0.000355083
0.000484147
0.000612569
0.000746823
0.000881395
0.00101657
0.00115793
0.00130016
0.00144605
0.00158413
0.00174785
0.00190534
0.0020663
0.00224002
0.00240004
0.00257287
0.0027492
0.00292878
0.00311088
0.00329501
0.00348007
0.00366496
0.00384809
0.00402769
0.00420271
0.00437023
0.00452826
0.00467423
0.00480561
0.00491962
0.00501429
0.00508714
0.00513623
0.0051603
0.00515938
0.00513318
0.00508354
0.0050125
0.00492365
0.0048212
0.00471039
0.00459688
0.00448636
0.00438471
0.00429773
0.00423004
0.00418557
0.00416646
0.00417408
0.00420763
0.00426569
0.00434473
0.00444045
0.00454763
0.00466064
0.00477351
0.00488048
0.00497562
0.00505507
0.00511445
0.00515097
0.00516318
0.00515014
0.00511163
0.00504891
0.00496353
0.00485777
0.00473353
0.00459381
0.00444066
0.00427697
0.00410503
0.00392714
0.00374522
0.00356102
0.00337591
0.00319131
0.0030083
0.00282745
0.00264947
0.00247512
0.00230443
0.00213801
0.00197741
0.00181653
0.00166172
0.00151032
0.00138521
0.00121926
0.00107866
0.000940999
0.000804818
0.000672152
0.000540691
0.000410575
0.000282126
0.000154511
2.73468e-05
-0.000100234
-0.000227752
-0.000355856
-0.000485109
-0.000615347
-0.00074826
-0.000882499
-0.0010192
-0.00115767
-0.00130121
-0.00144687
-0.00159453
-0.0017488
-0.00190659
-0.00206743
-0.00223995
-0.00240138
-0.00257425
-0.00275053
-0.00293017
-0.00311245
-0.00329639
-0.00348127
-0.00366611
-0.0038493
-0.00402903
-0.00420389
-0.00437155
-0.00452953
-0.00467548
-0.00480679
-0.00492097
-0.00501559
-0.0050884
-0.00513758
-0.00516176
-0.00516063
-0.00513467
-0.00508491
-0.00501391
-0.00492497
-0.00482265
-0.00471174
-0.00459802
-0.00448745
-0.00438598
-0.00429915
-0.00423142
-0.00418674
-0.00416763
-0.00417169
-0.00420567
-0.00426361
-0.00434295
-0.00443878
-0.00454623
-0.00465931
-0.0047722
-0.00487927
-0.00497474
-0.0050541
-0.00511365
-0.00515051
-0.00516257
-0.00514948
-0.00511114
-0.0050487
-0.00496339
-0.00485748
-0.00473337
-0.00459361
-0.00444055
-0.00427705
-0.00410513
-0.00392751
-0.00374541
-0.00356141
-0.00337625
-0.00319189
-0.00300861
-0.00282794
-0.00265005
-0.00247602
-0.00230508
-0.00213806
-0.00197579
-0.00181715
-0.00166206
-0.00151083
-0.00138349
-0.00122
-0.00107937
-0.000942291
-0.0008058
-0.000673106
-0.000541896
-0.000411203
-0.000283175
-0.000155768
-2.8348e-05
9.92928e-05
0.000226639
0.000355083
0.000484147
0.000612569
0.000746823
0.000881395
0.00101657
0.00115793
0.00130016
0.00144605
0.00158413
0.00174785
0.00190534
0.0020663
0.00224002
0.00240004
0.00257287
0.0027492
0.00292878
0.00311088
0.00329501
0.00348007
0.00366496
0.00384809
0.00402769
0.00420271
0.00437023
0.00452826
0.00467423
0.00480561
0.00491962
0.00501429
0.00508714
0.00513623
0.0051603
0.00515938
0.00513318
0.00508354
0.0050125
0.00492365
0.0048212
0.00471039
0.00459688
0.00448636
0.00438471
0.00429773
0.00423004
0.00418557
0.00416646
0.00417408
0.00420763
0.00426569
0.00434473
0.00444045
0.00454763
0.00466064
0.00477351
0.00488048
0.00497562
0.00505507
0.00511445
0.00515097
0.00516318
0.00515014
0.00511163
0.00504891
0.00496353
0.00485777
0.00473353
0.00459381
0.00444066
0.00427697
0.00410503
0.00392714
0.00374522
0.00356102
0.00337591
0.00319131
0.0030083
0.00282745
0.00264947
0.00247512
0.00230443
0.00213801
0.00197741
0.00181653
0.00166172
0.00151032
0.00138521
0.00121926
0.00107866
0.000940999
0.000804818
0.000672152
0.000540691
0.000410575
0.000282126
0.000154511
2.73468e-05
-0.000100234
-0.000227752
-0.000355856
-0.000485109
-0.000615347
-0.00074826
-0.000882499
-0.0010192
-0.00115767
-0.00130121
-0.00144687
-0.00159453
-0.0017488
-0.00190659
-0.00206743
-0.00223995
-0.00240138
-0.00257425
-0.00275053
-0.00293017
-0.00311245
-0.00329639
-0.00348127
-0.00366611
-0.0038493
-0.00402903
-0.00420389
-0.00437155
-0.00452953
-0.00467548
-0.00480679
-0.00492097
-0.00501559
-0.0050884
-0.00513758
-0.00516176
-0.00516063
-0.00513467
-0.00508491
-0.00501391
-0.00492497
-0.00482265
-0.00471174
-0.00459802
-0.00448745
-0.00438598
-0.00429915
-0.00423142
-0.00418674
-0.00416763
-0.00417169
-0.00420567
-0.00426361
-0.00434295
-0.00443878
-0.00454623
-0.00465931
-0.0047722
-0.00487927
-0.00497474
-0.0050541
-0.00511365
-0.00515051
-0.00516257
-0.00514948
-0.00511114
-0.0050487
-0.00496339
-0.00485748
-0.00473337
-0.00459361
-0.00444055
-0.00427705
-0.00410513
-0.00392751
-0.00374541
-0.00356141
-0.00337625
-0.00319189
-0.00300861
-0.00282794
-0.00265005
-0.00247602
-0.00230508
-0.00213806
-0.00197579
-0.00181715
-0.00166206
-0.00151083
-0.00138349
-0.00122
-0.00107937
-0.000942291
-0.0008058
-0.000673106
-0.000541896
-0.000411203
-0.000283175
-0.000155768
-2.8348e-05
9.92928e-05
0.000226639
0.000355083
0.000484147
0.000612569
0.000746823
0.000881395
0.00101657
0.00115793
0.00130016
0.00144605
0.00158413
0.00174785
0.00190534
0.0020663
0.00224002
0.00240004
0.00257287
0.0027492
0.00292878
0.00311088
0.00329501
0.00348007
0.00366496
0.00384809
0.00402769
0.00420271
0.00437023
0.00452826
0.00467423
0.00480561
0.00491962
0.00501429
0.00508714
0.00513623
0.0051603
0.00515938
0.00513318
0.00508354
0.0050125
0.00492365
0.0048212
0.00471039
0.00459688
0.00448636
0.00438471
0.00429773
0.00423004
0.00418557
0.00416646
0.00417408
0.00420763
0.00426569
0.00434473
0.00444045
0.00454763
0.00466064
0.00477351
0.00488048
0.00497562
0.00505507
0.00511445
0.00515097
0.00516318
0.00515014
0.00511163
0.00504891
0.00496353
0.00485777
0.00473353
0.00459381
0.00444066
0.00427697
0.00410503
0.00392714
0.00374522
0.00356102
0.00337591
0.00319131
0.0030083
0.00282745
0.00264947
0.00247512
0.00230443
0.00213801
0.00197741
0.00181653
0.00166172
0.00151032
0.00138521
0.00121926
0.00107866
0.000940999
0.000804818
0.000672152
0.000540691
0.000410575
0.000282126
0.000154511
2.73468e-05
-0.000100234
-0.000227752
-0.000355856
-0.000485109
-0.000615347
-0.00074826
-0.000882499
-0.0010192
-0.00115767
-0.00130121
-0.00144687
-0.00159453
-0.0017488
-0.00190659
-0.00206743
-0.00223995
-0.00240138
-0.00257425
-0.00275053
-0.00293017
-0.00311245
-0.00329639
-0.00348127
-0.00366611
-0.0038493
-0.00402903
-0.00420389
-0.00437155
-0.00452953
-0.00467548
-0.00480679
-0.00492097
-0.00501559
-0.0050884
-0.00513758
-0.00516176
-0.00516063
-0.00513467
-0.00508491
-0.00501391
-0.00492497
-0.00482265
-0.00471174
-0.00459802
-0.00448745
-0.00438598
-0.00429915
-0.00423142
-0.00418674
-0.00416763
-0.00417169
-0.00420567
-0.00426361
-0.00434295
-0.00443878
-0.00454623
-0.00465931
-0.0047722
-0.00487927
-0.00497474
-0.0050541
-0.00511365
-0.00515051
-0.00516257
-0.00514948
-0.00511114
-0.0050487
-0.00496339
-0.00485748
-0.00473337
-0.00459361
-0.00444055
-0.00427705
-0.00410513
-0.00392751
-0.00374541
-0.00356141
-0.00337625
-0.00319189
-0.00300861
-0.00282794
-0.00265005
-0.00247602
-0.00230508
-0.00213806
-0.00197579
-0.00181715
-0.00166206
-0.00151083
-0.00138349
-0.00122
-0.00107937
-0.000942291
-0.0008058
-0.000673106
-0.000541896
-0.000411203
-0.000283175
-0.000155768
-2.8348e-05
9.92928e-05
0.000226639
0.000355083
0.000484147
0.000612569
0.000746823
0.000881395
0.00101657
0.00115793
0.00130016
0.00144605
0.00158413
0.00174785
0.00190534
0.0020663
0.00224002
0.00240004
0.00257287
0.0027492
0.00292878
0.00311088
0.00329501
0.00348007
0.00366496
0.00384809
0.00402769
0.00420271
0.00437023
0.00452826
0.00467423
0.00480561
0.00491962
0.00501429
0.00508714
0.00513623
0.0051603
0.00515938
0.00513318
0.00508354
0.0050125
0.00492365
0.0048212
0.00471039
0.00459688
0.00448636
0.00438471
0.00429773
0.00423004
0.00418557
0.00416646
0.00417408
0.00420763
0.00426569
0.00434473
0.00444045
0.00454763
0.00466064
0.00477351
0.00488048
0.00497562
0.00505507
0.00511445
0.00515097
0.00516318
0.00515014
0.00511163
0.00504891
0.00496353
0.00485777
0.00473353
0.00459381
0.00444066
0.00427697
0.00410503
0.00392714
0.00374522
0.00356102
0.00337591
0.00319131
0.0030083
0.00282745
0.00264947
0.00247512
0.00230443
0.00213801
0.00197741
0.00181653
0.00166172
0.00151032
0.00138521
0.00121926
0.00107866
0.000940999
0.000804818
0.000672152
0.000540691
0.000410575
0.000282126
0.000154511
2.73468e-05
-0.000100234
-0.000227752
-0.000355856
-0.000485109
-0.000615347
-0.00074826
-0.000882499
-0.0010192
-0.00115767
-0.00130121
-0.00144687
-0.00159453
-0.0017488
-0.00190659
-0.00206743
-0.00223995
-0.00240138
-0.00257425
-0.00275053
-0.00293017
-0.00311245
-0.00329639
-0.00348127
-0.00366611
-0.0038493
-0.00402903
-0.00420389
-0.00437155
-0.00452953
-0.00467548
-0.00480679
-0.00492097
-0.00501559
-0.0050884
-0.00513758
-0.00516176
-0.00516063
-0.00513467
-0.00508491
-0.00501391
-0.00492497
-0.00482265
-0.00471174
-0.00459802
-0.00448745
-0.00438598
-0.00429915
-0.00423142
-0.00418674
-0.00416763
-0.00417169
-0.00420567
-0.00426361
-0.00434295
-0.00443878
-0.00454623
-0.00465931
-0.0047722
-0.00487927
-0.00497474
-0.0050541
-0.00511365
-0.00515051
-0.00516257
-0.00514948
-0.00511114
-0.0050487
-0.00496339
-0.00485748
-0.00473337
-0.00459361
-0.00444055
-0.00427705
-0.00410513
-0.00392751
-0.00374541
-0.00356141
-0.00337625
-0.00319189
-0.00300861
-0.00282794
-0.00265005
-0.00247602
-0.00230508
-0.00213806
-0.00197579
-0.00181715
-0.00166206
-0.00151083
-0.00138349
-0.00122
-0.00107937
-0.000942291
-0.0008058
-0.000673106
-0.000541896
-0.000411203
-0.000283175
-0.000155768
-2.8348e-05
9.92928e-05
0.000226639
0.000355083
0.000484147
0.000612569
0.000746823
0.000881395
0.00101657
0.00115793
0.00130016
0.00144605
0.00158413
0.00174785
0.00190534
0.0020663
0.00224002
0.00240004
0.00257287
0.0027492
0.00292878
0.00311088
0.00329501
0.00348007
0.00366496
0.00384809
0.00402769
0.00420271
0.00437023
0.00452826
0.00467423
0.00480561
0.00491962
0.00501429
0.00508714
0.00513623
0.0051603
0.00515938
0.00513318
0.00508354
0.0050125
0.00492365
0.0048212
0.00471039
0.00459688
0.00448636
0.00438471
0.00429773
0.00423004
0.00418557
0.00416646
0.00417408
0.00420763
0.00426569
0.00434473
0.00444045
0.00454763
0.00466064
0.00477351
0.00488048
0.00497562
0.00505507
0.00511445
0.00515097
0.00516318
0.00515014
0.00511163
0.00504891
0.00496353
0.00485777
0.00473353
0.00459381
0.00444066
0.00427697
0.00410503
0.00392714
0.00374522
0.00356102
0.00337591
0.00319131
0.0030083
0.00282745
0.00264947
0.00247512
0.00230443
0.00213801
0.00197741
0.00181653
0.00166172
0.00151032
0.00138521
0.00121926
0.00107866
0.000940999
0.000804818
0.000672152
0.000540691
0.000410575
0.000282126
0.000154511
2.73468e-05
-0.000100234
-0.000227752
-0.000355856
-0.000485109
-0.000615347
-0.00074826
-0.000882499
-0.0010192
-0.00115767
-0.00130121
-0.00144687
-0.00159453
-0.0017488
-0.00190659
-0.00206743
-0.00223995
-0.00240138
-0.00257425
-0.00275053
-0.00293017
-0.00311245
-0.00329639
-0.00348127
-0.00366611
-0.0038493
-0.00402903
-0.00420389
-0.00437155
-0.00452953
-0.00467548
-0.00480679
-0.00492097
-0.00501559
-0.0050884
-0.00513758
-0.00516176
-0.00516063
-0.00513467
-0.00508491
-0.00501391
-0.00492497
-0.00482265
-0.00471174
-0.00459802
-0.00448745
-0.00438598
-0.00429915
-0.00423142
-0.00418674
-0.00416763
-0.00417169
-0.00420567
-0.00426361
-0.00434295
-0.00443878
-0.00454623
-0.00465931
-0.0047722
-0.00487927
-0.00497474
-0.0050541
-0.00511365
-0.00515051
-0.00516257
-0.00514948
-0.00511114
-0.0050487
-0.00496339
-0.00485748
-0.00473337
-0.00459361
-0.00444055
-0.00427705
-0.00410513
-0.00392751
-0.00374541
-0.00356141
-0.00337625
-0.00319189
-0.00300861
-0.00282794
-0.00265005
-0.00247602
-0.00230508
-0.00213806
-0.00197579
-0.00181715
-0.00166206
-0.00151083
-0.00138349
-0.00122
-0.00107937
-0.000942291
-0.0008058
-0.000673106
-0.000541896
-0.000411203
-0.000283175
-0.000155768
-2.8348e-05
9.92928e-05
0.000226639
0.000355083
0.000484147
0.000612569
0.000746823
0.000881395
0.00101657
0.00115793
0.00130016
0.00144605
0.00158413
0.00174785
0.00190534
0.0020663
0.00224002
0.00240004
0.00257287
0.0027492
0.00292878
0.00311088
0.00329501
0.00348007
0.00366496
0.00384809
0.00402769
0.00420271
0.00437023
0.00452826
0.00467423
0.00480561
0.00491962
0.00501429
0.00508714
0.00513623
0.0051603
0.00515938
0.00513318
0.00508354
0.0050125
0.00492365
0.0048212
0.00471039
0.00459688
0.00448636
0.00438471
0.00429773
0.00423004
0.00418557
0.00416646
0.00413823
0.00409256
0.00403062
0.00395354
0.00386242
0.00375832
0.00364229
0.00351531
0.00337836
0.00323238
0.00307826
0.00291689
0.0027491
0.0025757
0.00239748
0.00221519
0.00202956
0.00184128
0.00165101
0.0014594
0.00126706
0.00107458
0.000882508
0.000691383
0.000501712
0.000313974
0.000128631
-5.38853e-05
-0.000233169
-0.000408834
-0.000580515
-0.000747874
-0.000910596
-0.00106838
-0.00122096
-0.00136807
-0.00150949
-0.00164501
-0.00177442
-0.00189756
-0.00201426
-0.00212441
-0.00222787
-0.00232455
-0.00241436
-0.00249724
-0.00257313
-0.00264201
-0.00270384
-0.00275864
-0.0028064
-0.00284716
-0.00288096
-0.00290784
-0.00292786
-0.00294112
-0.0029477
-0.00294769
-0.00294122
-0.0029284
-0.00290937
-0.00288428
-0.00285327
-0.00281651
-0.00277418
-0.00272644
-0.0026735
-0.00261554
-0.00255276
-0.00248538
-0.00241361
-0.00233767
-0.00225779
-0.00217419
-0.00208712
-0.00199681
-0.00190351
-0.00180746
-0.00170891
-0.00160812
-0.00150534
-0.00140082
-0.00129482
-0.00118759
-0.00107941
-0.000970509
-0.000861161
-0.000751619
-0.000642136
-0.000532963
-0.000424353
-0.000316555
-0.00020981
-0.00010436
-4.43193e-07
0.000101706
0.000201864
0.000299806
0.000395312
0.000488173
0.000578186
0.000665151
0.000748876
0.00082918
0.000905891
0.000978839
0.00104787
0.00111283
0.00117359
0.00123001
0.00128199
0.00132941
0.00137218
0.00141022
0.00144347
0.00147185
0.00149533
0.00151387
0.00152747
0.00153612
0.00153983
0.00153863
0.00153257
0.0015217
0.00150611
0.00148588
0.00146113
0.00143199
0.0013986
0.00136114
0.00131978
0.00127473
0.00122622
0.0011745
0.00111982
0.00106248
0.00100278
0.000941061
0.000877667
0.000812983
0.000747405
0.000681356
0.000615286
0.000549665
0.000484993
0.000421792
0.000360611
0.000302024
0.000246635
0.000195072
0.000147993
0.000106078
7.00457e-05
4.06356e-05
1.86185e-05
4.79631e-06
0
0
0
0
0
0
0
0
0
0
0
0
0
0
0
0
0
0
0
0
0
0
0
0
0
0
0
0
0
0
0
0
0
0
0
0
0
0
0
0
0
0
0
0
0
0
0
0
0
0
0
0
0
0
0
0
0
0
0
0
0
0
0
0
0
0
0
0
0
0
0
0
0
0
0
0
0
0
0
0
0
0
0
0
0
0
0
0
0
0
0
0
0
0
0
0
0
0
0
0
0
0
0
0
0
0
0
0
0
0
0
0
0
0
0
0
0
0
0
0
0
0
0
0
0
0
0
0
0
0
0
0
0
0
0
0
0
0
0
0
0
0
0
0
0
0
0
0
0
0
0
0
0
0
0
0
0
0