0
0
0
0
0
0
0
0
0
0
0
0
0
0
0
0
0
0
0
0
0
0
0
0
0
0
0
0
0
0
0
0
0
0
0
0
0
0
0
0
0
0
0
0
0
0
0
0
0
0
0
0
0
0
0
0
0
0
0
0
0
0
0
0
0
0
0
0
0
0
0
0
0
0
0
0
0
0
0
0
0
0
0
0
0
0
0
0
0
0
0
0
0
0
0
0
0
0
0
0
0
0
0
0
0
0
0
0
0
0
0
0
0
0
0
0
0
0
0
0
0
0
0
0
0
0
0
0
0
0
0
0
0
0
0
0
0
0
0
0
0
0
0
0
0
0
0
0
0
0
0
0
0
0
0
0
0
0
-0.000151394
-0.000587447
-0.0012817
-0.00220866
-0.00334379
-0.0046635
-0.0061451
-0.00776685
-0.00950789
-0.0113482
-0.0132688
-0.0152513
-0.0172784
-0.0193335
-0.0214009
-0.0234655
-0.0255133
-0.0275309
-0.0295056
-0.0314255
-0.0332796
-0.0350575
-0.0367493
-0.0383461
-0.0398396
-0.0412221
-0.0424866
-0.0436266
-0.0446366
-0.0455112
-0.046246
-0.046837
-0.0472808
-0.0475746
-0.0477161
-0.0477036
-0.0475358
-0.0472119
-0.0467317
-0.0460955
-0.0453038
-0.0443579
-0.0432593
-0.04201
-0.0406124
-0.0390692
-0.0373836
-0.0355592
-0.0335998
-0.0315096
-0.0292931
-0.0269553
-0.0245012
-0.0219363
-0.0192662
-0.016497
-0.0136348
-0.010686
-0.00765728
-0.00455545
-0.00138754
0.00183927
0.00511762
0.00844
0.0117988
0.0151862
0.0185945
0.0220156
0.0254416
0.0288643
0.0322757
0.0356675
0.0390315
0.0423597
0.0456436
0.0488753
0.0520465
0.0551492
0.0581752
0.0611167
0.0639658
0.0667146
0.0693556
0.0718811
0.0742838
0.0765565
0.0786921
0.0806837
0.0825246
0.0842084
0.0857287
0.0870796
0.0882554
0.0892504
0.0900596
0.090678
0.0911009
0.091324
0.0913435
0.0911556
0.0907572
0.0901453
0.0893175
0.0882717
0.0870061
0.0855196
0.0838113
0.0818809
0.0797286
0.0773549
0.074761
0.0719485
0.0689195
0.0656767
0.0622234
0.0585633
0.054701
0.0506412
0.0463897
0.0419527
0.0373369
0.0325499
0.0275999
0.0224957
0.0172468
0.0118635
0.00635659
0.000737901
-0.00498019
-0.0107845
-0.0166611
-0.0225952
-0.0285712
-0.034573
-0.0405831
-0.0465837
-0.0525558
-0.0584797
-0.0643348
-0.0700996
-0.0757515
-0.0812674
-0.0866228
-0.0917925
-0.0967504
-0.101469
-0.105921
-0.110076
-0.113904
-0.117375
-0.120456
-0.123113
-0.125312
-0.127018
-0.128193
-0.128802
-0.128803
-0.128488
-0.127922
-0.127099
-0.126018
-0.12467
-0.123053
-0.121163
-0.119001
-0.116571
-0.113879
-0.110941
-0.107774
-0.1044
-0.100845
-0.0971409
-0.093318
-0.0894089
-0.0854462
-0.0814606
-0.0774801
-0.0735314
-0.0696364
-0.0658139
-0.0620796
-0.0584459
-0.0549217
-0.051513
-0.0482235
-0.0450545
-0.0420058
-0.0390755
-0.0362604
-0.0335554
-0.0309562
-0.0284573
-0.026052
-0.0237344
-0.0214978
-0.0193347
-0.0172392
-0.0152046
-0.0132233
-0.0112895
-0.00939574
-0.00753573
-0.00570311
-0.00389071
-0.00209322
-0.000302865
0.00148612
0.00327972
0.00508514
0.00690823
0.00875605
0.0106339
0.0125502
0.0145101
0.0165209
0.0185893
0.0207222
0.0229266
0.0252087
0.0275754
0.0300332
0.0325889
0.0352476
0.0380148
0.0408955
0.0438927
0.04701
0.0502477
0.0536059
0.057081
0.0606696
0.0643621
0.0681492
0.0720162
0.0759456
0.0799164
0.0839048
0.0878831
0.0918209
0.0956873
0.0994498
0.103075
0.106534
0.109797
0.112841
0.115644
0.118192
0.120474
0.122486
0.124225
0.125692
0.126893
0.127831
0.128511
0.128939
0.129117
0.129046
0.128727
0.128157
0.12733
0.126244
0.124893
0.123272
0.121379
0.119213
0.116779
0.114085
0.111143
0.107972
0.104594
0.101037
0.0973293
0.0935032
0.0895915
0.0856256
0.0816374
0.0776542
0.0737024
0.0698047
0.0659796
0.0622427
0.0586061
0.0550796
0.051668
0.0483763
0.045205
0.042154
0.0392214
0.0364037
0.0336967
0.0310956
0.0285945
0.0261871
0.0238674
0.0216285
0.0194635
0.0173664
0.0153295
0.0133464
0.0114108
0.00951508
0.00765328
0.00581889
0.00400491
0.00220517
0.00041354
-0.0013768
-0.00317242
-0.00497938
-0.00680379
-0.00865302
-0.0105329
-0.0124503
-0.0144117
-0.0164242
-0.018494
-0.0206283
-0.0228341
-0.0251174
-0.0274855
-0.0299447
-0.0325013
-0.0351614
-0.0379297
-0.0408116
-0.0438104
-0.0469288
-0.0501678
-0.0535268
-0.0570036
-0.0605929
-0.0642868
-0.068075
-0.071943
-0.0758734
-0.0798453
-0.0838349
-0.0878138
-0.091753
-0.0956204
-0.0993837
-0.10301
-0.10647
-0.109734
-0.112778
-0.115582
-0.118131
-0.120415
-0.122427
-0.124166
-0.125635
-0.126836
-0.127775
-0.128457
-0.128885
-0.129064
-0.128803
-0.128488
-0.127922
-0.127099
-0.126018
-0.12467
-0.123053
-0.121163
-0.119001
-0.116571
-0.113879
-0.110941
-0.107774
-0.1044
-0.100845
-0.0971409
-0.093318
-0.0894089
-0.0854462
-0.0814606
-0.0774801
-0.0735314
-0.0696364
-0.0658139
-0.0620796
-0.0584459
-0.0549217
-0.051513
-0.0482235
-0.0450545
-0.0420058
-0.0390755
-0.0362604
-0.0335554
-0.0309562
-0.0284573
-0.026052
-0.0237344
-0.0214978
-0.0193347
-0.0172392
-0.0152046
-0.0132233
-0.0112895
-0.00939574
-0.00753573
-0.00570311
-0.00389071
-0.00209322
-0.000302865
0.00148612
0.00327972
0.00508514
0.00690823
0.00875605
0.0106339
0.0125502
0.0145101
0.0165209
0.0185893
0.0207222
0.0229266
0.0252087
0.0275754
0.0300332
0.0325889
0.0352476
0.0380148
0.0408955
0.0438927
0.04701
0.0502477
0.0536059
0.057081
0.0606696
0.0643621
0.0681492
0.0720162
0.0759456
0.0799164
0.0839048
0.0878831
0.0918209
0.0956873
0.0994498
0.103075
0.106534
0.109797
0.112841
0.115644
0.118192
0.120474
0.122486
0.124225
0.125692
0.126893
0.127831
0.128511
0.128939
0.129117
0.129046
0.128727
0.128157
0.12733
0.126244
0.124893
0.123272
0.121379
0.119213
0.116779
0.114085
0.111143
0.107972
0.104594
0.101037
0.0973293
0.0935032
0.0895915
0.0856256
0.0816374
0.0776542
0.0737024
0.0698047
0.0659796
0.0622427
0.0586061
0.0550796
0.051668
0.0483763
0.045205
0.042154
0.0392214
0.0364037
0.0336967
0.0310956
0.0285945
0.0261871
0.0238674
0.0216285
0.0194635
0.0173664
0.0153295
0.0133464
0.0114108
0.00951508
0.00765328
0.00581889
0.00400491
0.00220517
0.00041354
-0.0013768
-0.00317242
-0.00497938
-0.00680379
-0.00865302
-0.0105329
-0.0124503
-0.0144117
-0.0164242
-0.018494
-0.0206283
-0.0228341
-0.0251174
-0.0274855
-0.0299447
-0.0325013
-0.0351614
-0.0379297
-0.0408116
-0.0438104
-0.0469288
-0.0501678
-0.0535268
-0.0570036
-0.0605929
-0.0642868
-0.068075
-0.071943
-0.0758734
-0.0798453
-0.0838349
-0.0878138
-0.091753
-0.0956204
-0.0993837
-0.10301
-0.10647
-0.109734
-0.112778
-0.115582
-0.118131
-0.120415
-0.122427
-0.124166
-0.125635
-0.126836
-0.127775
-0.128457
-0.128885
-0.129064
-0.128803
-0.128488
-0.127922
-0.127099
-0.126018
-0.12467
-0.123053
-0.121163
-0.119001
-0.116571
-0.113879
-0.110941
-0.107774
-0.1044
-0.100845
-0.0971409
-0.093318
-0.0894089
-0.0854462
-0.0814606
-0.0774801
-0.0735314
-0.0696364
-0.0658139
-0.0620796
-0.0584459
-0.0549217
-0.051513
-0.0482235
-0.0450545
-0.0420058
-0.0390755
-0.0362604
-0.0335554
-0.0309562
-0.0284573
-0.026052
-0.0237344
-0.0214978
-0.0193347
-0.0172392
-0.0152046
-0.0132233
-0.0112895
-0.00939574
-0.00753573
-0.00570311
-0.00389071
-0.00209322
-0.000302865
0.00148612
0.00327972
0.00508514
0.00690823
0.00875605
0.0106339
0.0125502
0.0145101
0.0165209
0.0185893
0.0207222
0.0229266
0.0252087
0.0275754
0.0300332
0.0325889
0.0352476
0.0380148
0.0408955
0.0438927
0.04701
0.0502477
0.0536059
0.057081
0.0606696
0.0643621
0.0681492
0.0720162
0.0759456
0.0799164
0.0839048
0.0878831
0.0918209
0.0956873
0.0994498
0.103075
0.106534
0.109797
0.112841
0.115644
0.118192
0.120474
0.122486
0.124225
0.125692
0.126893
0.127831
0.128511
0.128939
0.129117
0.129046
0.128727
0.128157
0.12733
0.126244
0.124893
0.123272
0.121379
0.119213
0.116779
0.114085
0.111143
0.107972
0.104594
0.101037
0.0973293
0.0935032
0.0895915
0.0856256
0.0816374
0.0776542
0.0737024
0.0698047
0.0659796
0.0622427
0.0586061
0.0550796
0.051668
0.0483763
0.045205
0.042154
0.0392214
0.0364037
0.0336967
0.0310956
0.0285945
0.0261871
0.0238674
0.0216285
0.0194635
0.0173664
0.0153295
0.0133464
0.0114108
0.00951508
0.00765328
0.00581889
0.00400491
0.00220517
0.00041354
-0.0013768
-0.00317242
-0.00497938
-0.00680379
-0.00865302
-0.0105329
-0.0124503
-0.0144117
-0.0164242
-0.018494
-0.0206283
-0.0228341
-0.0251174
-0.0274855
-0.0299447
-0.0325013
-0.0351614
-0.0379297
-0.0408116
-0.0438104
-0.0469288
-0.0501678
-0.0535268
-0.0570036
-0.0605929
-0.0642868
-0.068075
-0.071943
-0.0758734
-0.0798453
-0.0838349
-0.0878138
-0.091753
-0.0956204
-0.0993837
-0.10301
-0.10647
-0.109734
-0.112778
-0.115582
-0.118131
-0.120415
-0.122427
-0.124166
-0.125635
-0.126836
-0.127775
-0.128457
-0.128885
-0.129064
-0.128803
-0.128488
-0.127922
-0.127099
-0.126018
-0.12467
-0.123053
-0.121163
-0.119001
-0.116571
-0.113879
-0.110941
-0.107774
-0.1044
-0.100845
-0.0971409
-0.093318
-0.0894089
-0.0854462
-0.0814606
-0.0774801
-0.0735314
-0.0696364
-0.0658139
-0.0620796
-0.0584459
-0.0549217
-0.051513
-0.0482235
-0.0450545
-0.0420058
-0.0390755
-0.0362604
-0.0335554
-0.0309562
-0.0284573
-0.026052
-0.0237344
-0.0214978
-0.0193347
-0.0172392
-0.0152046
-0.0132233
-0.0112895
-0.00939574
-0.00753573
-0.00570311
-0.00389071
-0.00209322
-0.000302865
0.00148612
0.00327972
0.00508514
0.00690823
0.00875605
0.0106339
0.0125502
0.0145101
0.0165209
0.0185893
0.0207222
0.0229266
0.0252087
0.0275754
0.0300332
0.0325889
0.0352476
0.0380148
0.0408955
0.0438927
0.04701
0.0502477
0.0536059
0.057081
0.0606696
0.0643621
0.0681492
0.0720162
0.0759456
0.0799164
0.0839048
0.0878831
0.0918209
0.0956873
0.0994498
0.103075
0.106534
0.109797
0.112841
0.115644
0.118192
0.120474
0.122486
0.124225
0.125692
0.126893
0.127831
0.128511
0.128939
0.129117
0.129046
0.128727
0.128157
0.12733
0.126244
0.124893
0.123272
0.121379
0.119213
0.116779
0.114085
0.111143
0.107972
0.104594
0.101037
0.0973293
0.0935032
0.0895915
0.0856256
0.0816374
0.0776542
0.0737024
0.0698047
0.0659796
0.0622427
0.0586061
0.0550796
0.051668
0.0483763
0.045205
0.042154
0.0392214
0.0364037
0.0336967
0.0310956
0.0285945
0.0261871
0.0238674
0.0216285
0.0194635
0.0173664
0.0153295
0.0133464
0.0114108
0.00951508
0.00765328
0.00581889
0.00400491
0.00220517
0.00041354
-0.0013768
-0.00317242
-0.00497938
-0.00680379
-0.00865302
-0.0105329
-0.0124503
-0.0144117
-0.0164242
-0.018494
-0.0206283
-0.0228341
-0.0251174
-0.0274855
-0.0299447
-0.0325013
-0.0351614
-0.0379297
-0.0408116
-0.0438104
-0.0469288
-0.0501678
-0.0535268
-0.0570036
-0.0605929
-0.0642868
-0.068075
-0.071943
-0.0758734
-0.0798453
-0.0838349
-0.0878138
-0.091753
-0.0956204
-0.0993837
-0.10301
-0.10647
-0.109734
-0.112778
-0.115582
-0.118131
-0.120415
-0.122427
-0.124166
-0.125635
-0.126836
-0.127775
-0.128457
-0.128885
-0.129064
-0.128803
-0.128488
-0.127922
-0.127099
-0.126018
-0.12467
-0.123053
-0.121163
-0.119001
-0.116571
-0.113879
-0.110941
-0.107774
-0.1044
-0.100845
-0.0971409
-0.093318
-0.0894089
-0.0854462
-0.0814606
-0.0774801
-0.0735314
-0.0696364
-0.0658139
-0.0620796
-0.0584459
-0.0549217
-0.051513
-0.0482235
-0.0450545
-0.0420058
-0.0390755
-0.0362604
-0.0335554
-0.0309562
-0.0284573
-0.026052
-0.0237344
-0.0214978
-0.0193347
-0.0172392
-0.0152046
-0.0132233
-0.0112895
-0.00939574
-0.00753573
-0.00570311
-0.00389071
-0.00209322
-0.000302865
0.00148612
0.00327972
0.00508514
0.00690823
0.00875605
0.0106339
0.0125502
0.0145101
0.0165209
0.0185893
0.0207222
0.0229266
0.0252087
0.0275754
0.0300332
0.0325889
0.0352476
0.0380148
0.0408955
0.0438927
0.04701
0.0502477
0.0536059
0.057081
0.0606696
0.0643621
0.0681492
0.0720162
0.0759456
0.0799164
0.0839048
0.0878831
0.0918209
0.0956873
0.0994498
0.103075
0.106534
0.109797
0.112841
0.115644
0.118192
0.120474
0.122486
0.124225
0.125692
0.126893
0.127831
0.128511
0.128939
0.129117
0.129046
0.128727
0.128157
0.12733
0.126244
0.124893
0.123272
0.121379
0.119213
0.116779
0.114085
0.111143
0.107972
0.104594
0.101037
0.0973293
0.0935032
0.0895915
0.0856256
0.0816374
0.0776542
0.0737024
0.0698047
0.0659796
0.0622427
0.0586061
0.0550796
0.051668
0.0483763
0.045205
0.042154
0.0392214
0.0364037
0.0336967
0.0310956
0.0285945
0.0261871
0.0238674
0.0216285
0.0194635
0.0173664
0.0153295
0.0133464
0.0114108
0.00951508
0.00765328
0.00581889
0.00400491
0.00220517
0.00041354
-0.0013768
-0.00317242
-0.00497938
-0.00680379
-0.00865302
-0.0105329
-0.0124503
-0.0144117
-0.0164242
-0.018494
-0.0206283
-0.0228341
-0.0251174
-0.0274855
-0.0299447
-0.0325013
-0.0351614
-0.0379297
-0.0408116
-0.0438104
-0.0469288
-0.0501678
-0.0535268
-0.0570036
-0.0605929
-0.0642868
-0.068075
-0.071943
-0.0758734
-0.0798453
-0.0838349
-0.0878138
-0.091753
-0.0956204
-0.0993837
-0.10301
-0.10647
-0.109734
-0.112778
-0.115582
-0.118131
-0.120415
-0.122427
-0.124166
-0.125635
-0.126836
-0.127775
-0.128457
-0.128885
-0.129064
-0.128803
-0.128488
-0.127922
-0.127099
-0.126018
-0.12467
-0.123053
-0.121163
-0.119001
-0.116571
-0.113879
-0.110941
-0.107774
-0.1044
-0.100845
-0.0971409
-0.093318
-0.0894089
-0.0854462
-0.0814606
-0.0774801
-0.0735314
-0.0696364
-0.0658139
-0.0620796
-0.0584459
-0.0549217
-0.051513
-0.0482235
-0.0450545
-0.0420058
-0.0390755
-0.0362604
-0.0335554
-0.0309562
-0.0284573
-0.026052
-0.0237344
-0.0214978
-0.0193347
-0.0172392
-0.0152046
-0.0132233
-0.0112895
-0.00939574
-0.00753573
-0.00570311
-0.00389071
-0.00209322
-0.000302865
0.00148612
0.00327972
0.00508514
0.00690823
0.00875605
0.0106339
0.0125502
0.0145101
0.0165209
0.0185893
0.0207222
0.0229266
0.0252087
0.0275754
0.0300332
0.0325889
0.0352476
0.0380148
0.0408955
0.0438927
0.04701
0.0502477
0.0536059
0.057081
0.0606696
0.0643621
0.0681492
0.0720162
0.0759456
0.0799164
0.0839048
0.0878831
0.0918209
0.0956873
0.0994498
0.103075
0.106534
0.109797
0.112841
0.115644
0.118192
0.120474
0.122486
0.124225
0.125692
0.126893
0.127831
0.128511
0.128939
0.129117
0.129046
0.128727
0.128157
0.12733
0.126244
0.124893
0.123272
0.121379
0.119213
0.116779
0.114085
0.111143
0.107972
0.104594
0.101037
0.0973293
0.0935032
0.0895915
0.0856256
0.0816374
0.0776542
0.0737024
0.0698047
0.0659796
0.0622427
0.0586061
0.0550796
0.051668
0.0483763
0.045205
0.042154
0.0392214
0.0364037
0.0336967
0.0310956
0.0285945
0.0261871
0.0238674
0.0216285
0.0194635
0.0173664
0.0153295
0.0133464
0.0114108
0.00951508
0.00765328
0.00581889
0.00400491
0.00220517
0.00041354
-0.0013768
-0.00317242
-0.00497938
-0.00680379
-0.00865302
-0.0105329
-0.0124503
-0.0144117
-0.0164242
-0.018494
-0.0206283
-0.0228341
-0.0251174
-0.0274855
-0.0299447
-0.0325013
-0.0351614
-0.0379297
-0.0408116
-0.0438104
-0.0469288
-0.0501678
-0.0535268
-0.0570036
-0.0605929
-0.0642868
-0.068075
-0.071943
-0.0758734
-0.0798453
-0.0838349
-0.0878138
-0.091753
-0.0956204
-0.0993837
-0.10301
-0.10647
-0.109734
-0.112778
-0.115582
-0.118131
-0.120415
-0.122427
-0.124166
-0.125635
-0.126836
-0.127775
-0.128457
-0.128885
-0.129064
-0.128803
-0.128488
-0.127922
-0.127099
-0.126018
-0.12467
-0.123053
-0.121163
-0.119001
-0.116571
-0.113879
-0.110941
-0.107774
-0.1044
-0.100845
-0.0971409
-0.093318
-0.0894089
-0.0854462
-0.0814606
-0.0774801
-0.0735314
-0.0696364
-0.0658139
-0.0620796
-0.0584459
-0.0549217
-0.051513
-0.0482235
-0.0450545
-0.0420058
-0.0390755
-0.0362604
-0.0335554
-0.0309562
-0.0284573
-0.026052
-0.0237344
-0.0214978
-0.0193347
-0.0172392
-0.0152046
-0.0132233
-0.0112895
-0.00939574
-0.00753573
-0.00570311
-0.00389071
-0.00209322
-0.000302865
0.00148612
0.00327972
0.00508514
0.00690823
0.00875605
0.0106339
0.0125502
0.0145101
0.0165209
0.0185893
0.0207222
0.0229266
0.0252087
0.0275754
0.0300332
0.0325889
0.0352476
0.0380148
0.0408955
0.0438927
0.04701
0.0502477
0.0536059
0.057081
0.0606696
0.0643621
0.0681492
0.0720162
0.0759456
0.0799164
0.0839048
0.0878831
0.0918209
0.0956873
0.0994498
0.103075
0.106534
0.109797
0.112841
0.115644
0.118192
0.120474
0.122486
0.124225
0.125692
0.126893
0.127831
0.128511
0.128939
0.129117
0.129046
0.128727
0.128157
0.12733
0.126244
0.124893
0.123272
0.121379
0.119213
0.116779
0.114085
0.111143
0.107972
0.104594
0.101037
0.0973293
0.0935032
0.0895915
0.0856256
0.0816374
0.0776542
0.0737024
0.0698047
0.0659796
0.0622427
0.0586061
0.0550796
0.051668
0.0483763
0.045205
0.042154
0.0392214
0.0364037
0.0336967
0.0310956
0.0285945
0.0261871
0.0238674
0.0216285
0.0194635
0.0173664
0.0153295
0.0133464
0.0114108
0.00951508
0.00765328
0.00581889
0.00400491
0.00220517
0.00041354
-0.0013768
-0.00317242
-0.00497938
-0.00680379
-0.00865302
-0.0105329
-0.0124503
-0.0144117
-0.0164242
-0.018494
-0.0206283
-0.0228341
-0.0251174
-0.0274855
-0.0299447
-0.0325013
-0.0351614
-0.0379297
-0.0408116
-0.0438104
-0.0469288
-0.0501678
-0.0535268
-0.0570036
-0.0605929
-0.0642868
-0.068075
-0.071943
-0.0758734
-0.0798453
-0.0838349
-0.0878138
-0.091753
-0.0956204
-0.0993837
-0.10301
-0.10647
-0.109734
-0.112778
-0.115582
-0.118131
-0.120415
-0.122427
-0.124166
-0.125635
-0.126836
-0.127775
-0.128457
-0.128885
-0.129064
-0.128803
-0.128488
-0.127922
-0.127099
-0.126018
-0.12467
-0.123053
-0.121163
-0.119001
-0.116571
-0.113879
-0.110941
-0.107774
-0.1044
-0.100845
-0.0971409
-0.093318
-0.0894089
-0.0854462
-0.0814606
-0.0774801
-0.0735314
-0.0696364
-0.0658139
-0.0620796
-0.0584459
-0.0549217
-0.051513
-0.0482235
-0.0450545
-0.0420058
-0.0390755
-0.0362604
-0.0335554
-0.0309562
-0.0284573
-0.026052
-0.0237344
-0.0214978
-0.0193347
-0.0172392
-0.0152046
-0.0132233
-0.0112895
-0.00939574
-0.00753573
-0.00570311
-0.00389071
-0.00209322
-0.000302865
0.00148612
0.00327972
0.00508514
0.00690823
0.00875605
0.0106339
0.0125502
0.0145101
0.0165209
0.0185893
0.0207222
0.0229266
0.0252087
0.0275754
0.0300332
0.0325889
0.0352476
0.0380148
0.0408955
0.0438927
0.04701
0.0502477
0.0536059
0.057081
0.0606696
0.0643621
0.0681492
0.0720162
0.0759456
0.0799164
0.0839048
0.0878831
0.0918209
0.0956873
0.0994498
0.103075
0.106534
0.109797
0.112841
0.115644
0.118192
0.120474
0.122486
0.124225
0.125692
0.126893
0.127831
0.128511
0.128939
0.129117
0.129046
0.128727
0.128157
0.12733
0.126244
0.124893
0.123272
0.121379
0.119213
0.116779
0.114085
0.111143
0.107972
0.104594
0.101037
0.0973293
0.0935032
0.0895915
0.0856256
0.0816374
0.0776542
0.0737024
0.0698047
0.0659796
0.0622427
0.0586061
0.0550796
0.051668
0.0483763
0.045205
0.042154
0.0392214
0.0364037
0.0336967
0.0310956
0.0285945
0.0261871
0.0238674
0.0216285
0.0194635
0.0173664
0.0153295
0.0133464
0.0114108
0.00951508
0.00765328
0.00581889
0.00400491
0.00220517
0.00041354
-0.0013768
-0.00317242
-0.00497938
-0.00680379
-0.00865302
-0.0105329
-0.0124503
-0.0144117
-0.0164242
-0.018494
-0.0206283
-0.0228341
-0.0251174
-0.0274855
-0.0299447
-0.0325013
-0.0351614
-0.0379297
-0.0408116
-0.0438104
-0.0469288
-0.0501678
-0.0535268
-0.0570036
-0.0605929
-0.0642868
-0.068075
-0.071943
-0.0758734
-0.0798453
-0.0838349
-0.0878138
-0.091753
-0.0956204
-0.0993837
-0.10301
-0.10647
-0.109734
-0.112778
-0.115582
-0.118131
-0.120415
-0.122427
-0.124166
-0.125635
-0.126836
-0.127775
-0.128457
-0.128885
-0.129064
-0.128803
-0.128488
-0.127922
-0.127099
-0.126018
-0.12467
-0.123053
-0.121163
-0.119001
-0.116571
-0.113879
-0.110941
-0.107774
-0.1044
-0.100845
-0.0971409
-0.093318
-0.0894089
-0.0854462
-0.0814606
-0.0774801
-0.0735314
-0.0696364
-0.0658139
-0.0620796
-0.0584459
-0.0549217
-0.051513
-0.0482235
-0.0450545
-0.0420058
-0.0390755
-0.0362604
-0.0335554
-0.0309562
-0.0284573
-0.026052
-0.0237344
-0.0214978
-0.0193347
-0.0172392
-0.0152046
-0.0132233
-0.0112895
-0.00939574
-0.00753573
-0.00570311
-0.00389071
-0.00209322
-0.000302865
0.00148612
0.00327972
0.00508514
0.00690823
0.00875605
0.0106339
0.0125502
0.0145101
0.0165209
0.0185893
0.0207222
0.0229266
0.0252087
0.0275754
0.0300332
0.0325889
0.0352476
0.0380148
0.0408955
0.0438927
0.04701
0.0502477
0.0536059
0.057081
0.0606696
0.0643621
0.0681492
0.0720162
0.0759456
0.0799164
0.0839048
0.0878831
0.0918209
0.0956873
0.0994498
0.103075
0.106534
0.109797
0.112841
0.115644
0.118192
0.120474
0.122486
0.124225
0.125692
0.126893
0.127831
0.128511
0.128939
0.129117
0.129046
0.128727
0.128157
0.12733
0.126244
0.124893
0.123272
0.121379
0.119213
0.116779
0.114085
0.111143
0.107972
0.104594
0.101037
0.0973293
0.0935032
0.0895915
0.0856256
0.0816374
0.0776542
0.0737024
0.0698047
0.0659796
0.0622427
0.0586061
0.0550796
0.051668
0.0483763
0.045205
0.042154
0.0392214
0.0364037
0.0336967
0.0310956
0.0285945
0.0261871
0.0238674
0.0216285
0.0194635
0.0173664
0.0153295
0.0133464
0.0114108
0.00951508
0.00765328
0.00581889
0.00400491
0.00220517
0.00041354
-0.0013768
-0.00317242
-0.00497938
-0.00680379
-0.00865302
-0.0105329
-0.0124503
-0.0144117
-0.0164242
-0.018494
-0.0206283
-0.0228341
-0.0251174
-0.0274855
-0.0299447
-0.0325013
-0.0351614
-0.0379297
-0.0408116
-0.0438104
-0.0469288
-0.0501678
-0.0535268
-0.0570036
-0.0605929
-0.0642868
-0.068075
-0.071943
-0.0758734
-0.0798453
-0.0838349
-0.0878138
-0.091753
-0.0956204
-0.0993837
-0.10301
-0.10647
-0.109734
-0.112778
-0.115582
-0.118131
-0.120415
-0.122427
-0.124166
-0.125635
-0.126836
-0.127775
-0.128457
-0.128885
-0.129064
-0.128803
-0.128488
-0.127922
-0.127099
-0.126018
-0.12467
-0.123053
-0.121163
-0.119001
-0.116571
-0.113879
-0.110941
-0.107774
-0.1044
-0.100845
-0.0971409
-0.093318
-0.0894089
-0.0854462
-0.0814606
-0.0774801
-0.0735314
-0.0696364
-0.0658139
-0.0620796
-0.0584459
-0.0549217
-0.051513
-0.0482235
-0.0450545
-0.0420058
-0.0390755
-0.0362604
-0.0335554
-0.0309562
-0.0284573
-0.026052
-0.0237344
-0.0214978
-0.0193347
-0.0172392
-0.0152046
-0.0132233
-0.0112895
-0.00939574
-0.00753573
-0.00570311
-0.00389071
-0.00209322
-0.000302865
0.00148612
0.00327972
0.00508514
0.00690823
0.00875605
0.0106339
0.0125502
0.0145101
0.0165209
0.0185893
0.0207222
0.0229266
0.0252087
0.0275754
0.0300332
0.0325889
0.0352476
0.0380148
0.0408955
0.0438927
0.04701
0.0502477
0.0536059
0.057081
0.0606696
0.0643621
0.0681492
0.0720162
0.0759456
0.0799164
0.0839048
0.0878831
0.0918209
0.0956873
0.0994498
0.103075
0.106534
0.109797
0.112841
0.115644
0.118192
0.120474
0.122486
0.124225
0.125692
0.126893
0.127831
0.128511
0.128939
0.129117
0.129046
0.128727
0.128157
0.12733
0.126244
0.124893
0.123272
0.121379
0.119213
0.116779
0.114085
0.111143
0.107972
0.104594
0.101037
0.0973293
0.0935032
0.0895915
0.0856256
0.0816374
0.0776542
0.0737024
0.0698047
0.0659796
0.0622427
0.0586061
0.0550796
0.051668
0.0483763
0.045205
0.042154
0.0392214
0.0364037
0.0336967
0.0310956
0.0285945
0.0261871
0.0238674
0.0216285
0.0194635
0.0173664
0.0153295
0.0133464
0.0114108
0.00951508
0.00765328
0.00581889
0.00400491
0.00220517
0.00041354
-0.0013768
-0.00317242
-0.00497938
-0.00680379
-0.00865302
-0.0105329
-0.0124503
-0.0144117
-0.0164242
-0.018494
-0.0206283
-0.0228341
-0.0251174
-0.0274855
-0.0299447
-0.0325013
-0.0351614
-0.0379297
-0.0408116
-0.0438104
-0.0469288
-0.0501678
-0.0535268
-0.0570036
-0.0605929
-0.0642868
-0.068075
-0.071943
-0.0758734
-0.0798453
-0.0838349
-0.0878138
-0.091753
-0.0956204
-0.0993837
-0.10301
-0.10647
-0.109734
-0.112778
-0.115582
-0.118131
-0.120415
-0.122427
-0.124166
-0.125635
-0.126836
-0.127775
-0.128457
-0.128885
-0.129064
-0.128803
-0.128488
-0.127922
-0.127099
-0.126018
-0.12467
-0.123053
-0.121163
-0.119001
-0.116571
-0.113879
-0.110941
-0.107774
-0.1044
-0.100845
-0.0971409
-0.093318
-0.0894089
-0.0854462
-0.0814606
-0.0774801
-0.0735314
-0.0696364
-0.0658139
-0.0620796
-0.0584459
-0.0549217
-0.051513
-0.0482235
-0.0450545
-0.0420058
-0.0390755
-0.0362604
-0.0335554
-0.0309562
-0.0284573
-0.026052
-0.0237344
-0.0214978
-0.0193347
-0.0172392
-0.0152046
-0.0132233
-0.0112895
-0.00939574
-0.00753573
-0.00570311
-0.00389071
-0.00209322
-0.000302865
0.00148612
0.00327972
0.00508514
0.00690823
0.00875605
0.0106339
0.0125502
0.0145101
0.0165209
0.0185893
0.0207222
0.0229266
0.0252087
0.0275754
0.0300332
0.0325889
0.0352476
0.0380148
0.0408955
0.0438927
0.04701
0.0502477
0.0536059
0.057081
0.0606696
0.0643621
0.0681492
0.0720162
0.0759456
0.0799164
0.0839048
0.0878831
0.0918209
0.0956873
0.0994498
0.103075
0.106534
0.109797
0.112841
0.115644
0.118192
0.120474
0.122486
0.124225
0.125692
0.126893
0.127831
0.128511
0.128939
0.129117
0.129046
0.128727
0.128157
0.12733
0.126244
0.124893
0.123272
0.121379
0.119213
0.116779
0.114085
0.111143
0.107972
0.104594
0.101037
0.0973293
0.0935032
0.0895915
0.0856256
0.0816374
0.0776542
0.0737024
0.0698047
0.0659796
0.0622427
0.0586061
0.0550796
0.051668
0.0483763
0.045205
0.042154
0.0392214
0.0364037
0.0336967
0.0310956
0.0285945
0.0261871
0.0238674
0.0216285
0.0194635
0.0173664
0.0153295
0.0133464
0.0114108
0.00951508
0.00765328
0.00581889
0.00400491
0.00220517
0.00041354
-0.0013768
-0.00317242
-0.00497938
-0.00680379
-0.00865302
-0.0105329
-0.0124503
-0.0144117
-0.0164242
-0.018494
-0.0206283
-0.0228341
-0.0251174
-0.0274855
-0.0299447
-0.0325013
-0.0351614
-0.0379297
-0.0408116
-0.0438104
-0.0469288
-0.0501678
-0.0535268
-0.0570036
-0.0605929
-0.0642868
-0.068075
-0.071943
-0.0758734
-0.0798453
-0.0838349
-0.0878138
-0.091753
-0.0956204
-0.0993837
-0.10301
-0.10647
-0.109734
-0.112778
-0.115582
-0.118131
-0.120415
-0.122427
-0.124166
-0.125635
-0.126836
-0.127775
-0.128457
-0.128885
-0.129064
-0.128803
-0.128488
-0.127922
-0.127099
-0.126018
-0.12467
-0.123053
-0.121163
-0.119001
-0.116571
-0.113879
-0.110941
-0.107774
-0.1044
-0.100845
-0.0971409
-0.093318
-0.0894089
-0.0854462
-0.0814606
-0.0774801
-0.0735314
-0.0696364
-0.0658139
-0.0620796
-0.0584459
-0.0549217
-0.051513
-0.0482235
-0.0450545
-0.0420058
-0.0390755
-0.0362604
-0.0335554
-0.0309562
-0.0284573
-0.026052
-0.0237344
-0.0214978
-0.0193347
-0.0172392
-0.0152046
-0.0132233
-0.0112895
-0.00939574
-0.00753573
-0.00570311
-0.00389071
-0.00209322
-0.000302865
0.00148612
0.00327972
0.00508514
0.00690823
0.00875605
0.0106339
0.0125502
0.0145101
0.0165209
0.0185893
0.0207222
0.0229266
0.0252087
0.0275754
0.0300332
0.0325889
0.0352476
0.0380148
0.0408955
0.0438927
0.04701
0.0502477
0.0536059
0.057081
0.0606696
0.0643621
0.0681492
0.0720162
0.0759456
0.0799164
0.0839048
0.0878831
0.0918209
0.0956873
0.0994498
0.103075
0.106534
0.109797
0.112841
0.115644
0.118192
0.120474
0.122486
0.124225
0.125692
0.126893
0.127831
0.128511
0.128939
0.129117
0.129046
0.128727
0.128157
0.12733
0.126244
0.124893
0.123272
0.121379
0.119213
0.116779
0.114085
0.111143
0.107972
0.104594
0.101037
0.0973293
0.0935032
0.0895915
0.0856256
0.0816374
0.0776542
0.0737024
0.0698047
0.0659796
0.0622427
0.0586061
0.0550796
0.051668
0.0483763
0.045205
0.042154
0.0392214
0.0364037
0.0336967
0.0310956
0.0285945
0.0261871
0.0238674
0.0216285
0.0194635
0.0173664
0.0153295
0.0133464
0.0114108
0.00951508
0.00765328
0.00581889
0.00400491
0.00220517
0.00041354
-0.0013768
-0.00317242
-0.00497938
-0.00680379
-0.00865302
-0.0105329
-0.0124503
-0.0144117
-0.0164242
-0.018494
-0.0206283
-0.0228341
-0.0251174
-0.0274855
-0.0299447
-0.0325013
-0.0351614
-0.0379297
-0.0408116
-0.0438104
-0.0469288
-0.0501678
-0.0535268
-0.0570036
-0.0605929
-0.0642868
-0.068075
-0.071943
-0.0758734
-0.0798453
-0.0838349
-0.0878138
-0.091753
-0.0956204
-0.0993837
-0.10301
-0.10647
-0.109734
-0.112778
-0.115582
-0.118131
-0.120415
-0.122427
-0.124166
-0.125635
-0.126836
-0.127775
-0.128457
-0.128885
-0.129064
-0.128803
-0.128488
-0.127922
-0.127099
-0.126018
-0.12467
-0.123053
-0.121163
-0.119001
-0.116571
-0.113879
-0.110941
-0.107774
-0.1044
-0.100845
-0.0971409
-0.093318
-0.0894089
-0.0854462
-0.0814606
-0.0774801
-0.0735314
-0.0696364
-0.0658139
-0.0620796
-0.0584459
-0.0549217
-0.051513
-0.0482235
-0.0450545
-0.0420058
-0.0390755
-0.0362604
-0.0335554
-0.0309562
-0.0284573
-0.026052
-0.0237344
-0.0214978
-0.0193347
-0.0172392
-0.0152046
-0.0132233
-0.0112895
-0.00939574
-0.00753573
-0.00570311
-0.00389071
-0.00209322
-0.000302865
0.00148612
0.00327972
0.00508514
0.00690823
0.00875605
0.0106339
0.0125502
0.0145101
0.0165209
0.0185893
0.0207222
0.0229266
0.0252087
0.0275754
0.0300332
0.0325889
0.0352476
0.0380148
0.0408955
0.0438927
0.04701
0.0502477
0.0536059
0.057081
0.0606696
0.0643621
0.0681492
0.0720162
0.0759456
0.0799164
0.0839048
0.0878831
0.0918209
0.0956873
0.0994498
0.103075
0.106534
0.109797
0.112841
0.115644
0.118192
0.120474
0.122486
0.124225
0.125692
0.126893
0.127831
0.128511
0.128939
0.129117
0.129046
0.128727
0.128157
0.12733
0.126244
0.124893
0.123272
0.121379
0.119213
0.116779
0.114085
0.111143
0.107972
0.104594
0.101037
0.0973293
0.0935032
0.0895915
0.0856256
0.0816374
0.0776542
0.0737024
0.0698047
0.0659796
0.0622427
0.0586061
0.0550796
0.051668
0.0483763
0.045205
0.042154
0.0392214
0.0364037
0.0336967
0.0310956
0.0285945
0.0261871
0.0238674
0.0216285
0.0194635
0.0173664
0.0153295
0.0133464
0.0114108
0.00951508
0.00765328
0.00581889
0.00400491
0.00220517
0.00041354
-0.0013768
-0.00317242
-0.00497938
-0.00680379
-0.00865302
-0.0105329
-0.0124503
-0.0144117
-0.0164242
-0.018494
-0.0206283
-0.0228341
-0.0251174
-0.0274855
-0.0299447
-0.0325013
-0.0351614
-0.0379297
-0.0408116
-0.0438104
-0.0469288
-0.0501678
-0.0535268
-0.0570036
-0.0605929
-0.0642868
-0.068075
-0.071943
-0.0758734
-0.0798453
-0.0838349
-0.0878138
-0.091753
-0.0956204
-0.0993837
-0.10301
-0.10647
-0.109734
-0.112778
-0.115582
-0.118131
-0.120415
-0.122427
-0.124166
-0.125635
-0.126836
-0.127775
-0.128457
-0.128885
-0.129064
-0.128803
-0.128488
-0.127922
-0.127099
-0.126018
-0.12467
-0.123053
-0.121163
-0.119001
-0.116571
-0.113879
-0.110941
-0.107774
-0.1044
-0.100845
-0.0971409
-0.093318
-0.0894089
-0.0854462
-0.0814606
-0.0774801
-0.0735314
-0.0696364
-0.0658139
-0.0620796
-0.0584459
-0.0549217
-0.051513
-0.0482235
-0.0450545
-0.0420058
-0.0390755
-0.0362604
-0.0335554
-0.0309562
-0.0284573
-0.026052
-0.0237344
-0.0214978
-0.0193347
-0.0172392
-0.0152046
-0.0132233
-0.0112895
-0.00939574
-0.00753573
-0.00570311
-0.00389071
-0.00209322
-0.000302865
0.00148612
0.00327972
0.00508514
0.00690823
0.00875605
0.0106339
0.0125502
0.0145101
0.0165209
0.0185893
0.0207222
0.0229266
0.0252087
0.0275754
0.0300332
0.0325889
0.0352476
0.0380148
0.0408955
0.0438927
0.04701
0.0502477
0.0536059
0.057081
0.0606696
0.0643621
0.0681492
0.0720162
0.0759456
0.0799164
0.0839048
0.0878831
0.0918209
0.0956873
0.0994498
0.103075
0.106534
0.109797
0.112841
0.115644
0.118192
0.120474
0.122486
0.124225
0.125692
0.126893
0.127831
0.128511
0.128939
0.129117
0.12897
0.1282
0.126849
0.124954
0.122554
0.119686
0.116386
0.112688
0.108625
0.104231
0.0995356
0.0945701
0.0893634
0.0839436
0.0783381
0.0725727
0.0666729
0.0606627
0.0545652
0.0484028
0.0421969
0.0359677
0.0297348
0.0235169
0.0173316
0.0111958
0.0051256
-0.000863913
-0.0067583
-0.0125441
-0.0182085
-0.0237394
-0.0291256
-0.0343568
-0.0394231
-0.0443154
-0.0490256
-0.0535459
-0.0578693
-0.0619896
-0.0659012
-0.0695989
-0.0730785
-0.0763361
-0.0793686
-0.0821731
-0.0847479
-0.0870912
-0.0892021
-0.0910802
-0.0927256
-0.0941386
-0.0953203
-0.0962722
-0.0969961
-0.0974945
-0.0977701
-0.097826
-0.0976658
-0.0972934
-0.0967131
-0.0959296
-0.0949477
-0.0937728
-0.0924105
-0.0908665
-0.0891472
-0.0872588
-0.085208
-0.0830018
-0.0806471
-0.0781513
-0.0755219
-0.0727666
-0.0698932
-0.0669096
-0.0638239
-0.0606444
-0.0573793
-0.0540372
-0.0506263
-0.0471553
-0.0436328
-0.0400674
-0.0364676
-0.0328422
-0.0291997
-0.0255486
-0.0218976
-0.0182553
-0.0146298
-0.0110296
-0.007463
-0.003938
-0.000462584
0.00295524
0.00630797
0.00958793
0.0127879
0.0159007
0.0189194
0.0218373
0.024648
0.0273452
0.0299231
0.0323759
0.0346984
0.0368857
0.0389328
0.0408354
0.0425898
0.0441921
0.0456391
0.0469281
0.0480565
0.0490225
0.0498244
0.0504612
0.0509322
0.0512375
0.0513772
0.0513523
0.0511642
0.0508149
0.0503068
0.0496432
0.0488276
0.0478643
0.0467583
0.0455151
0.0441409
0.0426424
0.0410272
0.0393035
0.0374802
0.0355669
0.033574
0.0315124
0.0293942
0.0272318
0.0250388
0.0228293
0.0206184
0.0184219
0.0162566
0.01414
0.0120904
0.0101274
0.00827107
0.00654263
0.00496414
0.00355864
0.00235013
0.00136347
0.000624847
0.000160974
0
0
0
0
0
0
0
0
0
0
0
0
0
0
0
0
0
0
0
0
0
0
0
0
0
0
0
0
0
0
0
0
0
0
0
0
0
0
0
0
0
0
0
0
0
0
0
0
0
0
0
0
0
0
0
0
0
0
0
0
0
0
0
0
0
0
0
0
0
0
0
0
0
0
0
0
0
0
0
0
0
0
0
0
0
0
0
0
0
0
0
0
0
0
0
0
0
0
0
0
0
0
0
0
0
0
0
0
0
0
0
0
0
0
0
0
0
0
0
0
0
0
0
0
0
0
0
0
0
0
0
0
0
0
0
0
0
0
0
0
0
0
0
0
0
0
0
0
0
0
0
0
0
0
0
0
0
0
