0
0
0
0
0
0
0
0
0
0
0
0
0
0
0
0
0
0
0
0
0
0
0
0
0
0
0
0
0
0
0
0
0
0
0
0
0
0
0
0
0
0
0
0
0
0
0
0
0
0
0
0
0
0
0
0
0
0
0
0
0
0
0
0
0
0
0
0
0
0
0
0
0
0
0
0
0
0
0
0
0
0
0
0
0
0
0
0
0
0
0
0
0
0
0
0
0
0
0
0
0
0
0
0
0
0
0
0
0
0
0
0
0
0
0
0
0
0
0
-0.000557872
-0.00214248
-0.00462513
-0.00788344
-0.0118012
-0.0162684
-0.0211808
-0.0264402
-0.0319539
-0.037635
-0.043402
-0.0491787
-0.0548942
-0.0604828
-0.0658836
-0.0710408
-0.0759031
-0.0804241
-0.0845618
-0.0882785
-0.091541
-0.09432
-0.0965905
-0.0983312
-0.0995247
-0.100157
-0.100219
-0.0997022
-0.0986045
-0.0969252
-0.0946672
-0.0918363
-0.0884411
-0.0844929
-0.0800058
-0.074996
-0.0694824
-0.0634859
-0.0570297
-0.0501389
-0.0428404
-0.035163
-0.0271371
-0.0187945
-0.0101685
-0.00129367
0.00779431
0.0170587
0.0264619
0.0359654
0.0455302
0.0551165
0.0646843
0.0741932
0.0836026
0.0928719
0.10196
0.110828
0.119433
0.127738
0.135702
0.143288
0.150457
0.157172
0.163398
0.169099
0.174243
0.178796
0.182729
0.186013
0.188619
0.190524
0.191702
0.192133
0.191798
0.190679
0.188763
0.186037
0.182493
0.178124
0.172926
0.1669
0.160048
0.152376
0.143894
0.134615
0.124556
0.113737
0.102183
0.0899219
0.0769864
0.0634134
0.0492439
0.0345239
0.0193034
0.00363763
-0.0124136
-0.0287853
-0.0454077
-0.0622055
-0.0790981
-0.0959997
-0.112819
-0.129458
-0.145814
-0.161778
-0.177235
-0.192064
-0.206137
-0.21932
-0.231473
-0.242448
-0.252092
-0.260244
-0.266736
-0.271392
-0.274032
-0.274464
-0.273728
-0.272412
-0.270508
-0.268013
-0.264922
-0.261235
-0.256955
-0.252091
-0.246658
-0.240685
-0.234203
-0.22726
-0.219906
-0.2122
-0.204205
-0.19599
-0.187621
-0.179165
-0.170684
-0.162236
-0.153873
-0.145639
-0.137572
-0.129703
-0.122055
-0.114646
-0.107487
-0.100585
-0.0939419
-0.0875558
-0.0814223
-0.0755329
-0.0698793
-0.0644494
-0.0592323
-0.0542136
-0.04938
-0.0447173
-0.0402109
-0.0358485
-0.0316122
-0.027491
-0.0234682
-0.01953
-0.0156636
-0.0118539
-0.00808839
-0.00435268
-0.000632514
0.00308306
0.00681046
0.0105623
0.0143506
0.0181907
0.0220959
0.0260804
0.0301585
0.0343432
0.03865
0.0430929
0.0476863
0.0524449
0.0573817
0.0625117
0.0678486
0.0734046
0.0791912
0.0852187
0.0914953
0.0980279
0.104819
0.111868
0.119172
0.126719
0.134497
0.142483
0.150652
0.158966
0.167386
0.175862
0.184341
0.192759
0.201053
0.209157
0.217001
0.224521
0.231656
0.238349
0.244554
0.250231
0.255352
0.259894
0.263847
0.267204
0.269965
0.272133
0.273712
0.274706
0.275122
0.274958
0.274214
0.272889
0.270977
0.268473
0.265375
0.26168
0.257392
0.25252
0.247081
0.2411
0.234613
0.227662
0.220302
0.212589
0.204588
0.196366
0.187991
0.17953
0.171042
0.162589
0.15422
0.14598
0.137908
0.130033
0.12238
0.114966
0.107802
0.100895
0.0942473
0.0878565
0.0817181
0.0758245
0.070166
0.0647324
0.0595102
0.0544878
0.0496495
0.0449829
0.0404735
0.0361058
0.0318661
0.0277403
0.0237131
0.019772
0.0159018
0.0120891
0.00832023
0.00458069
0.000857886
-0.00286146
-0.00659239
-0.0103466
-0.0141386
-0.0179817
-0.0218905
-0.025878
-0.0299585
-0.0341467
-0.0384566
-0.0429023
-0.0474981
-0.0522593
-0.0571989
-0.062332
-0.0676713
-0.07323
-0.0790187
-0.0850491
-0.0913285
-0.0978632
-0.104657
-0.111708
-0.119014
-0.126564
-0.134343
-0.142332
-0.150503
-0.15882
-0.167242
-0.175721
-0.1842
-0.192621
-0.200917
-0.209022
-0.216868
-0.224391
-0.231527
-0.238222
-0.244429
-0.250108
-0.25523
-0.259775
-0.263729
-0.267088
-0.269851
-0.27202
-0.273601
-0.274598
-0.275014
-0.274464
-0.273728
-0.272412
-0.270508
-0.268013
-0.264922
-0.261235
-0.256955
-0.252091
-0.246658
-0.240685
-0.234203
-0.22726
-0.219906
-0.2122
-0.204205
-0.19599
-0.187621
-0.179165
-0.170684
-0.162236
-0.153873
-0.145639
-0.137572
-0.129703
-0.122055
-0.114646
-0.107487
-0.100585
-0.0939419
-0.0875558
-0.0814223
-0.0755329
-0.0698793
-0.0644494
-0.0592323
-0.0542136
-0.04938
-0.0447173
-0.0402109
-0.0358485
-0.0316122
-0.027491
-0.0234682
-0.01953
-0.0156636
-0.0118539
-0.00808839
-0.00435268
-0.000632514
0.00308306
0.00681046
0.0105623
0.0143506
0.0181907
0.0220959
0.0260804
0.0301585
0.0343432
0.03865
0.0430929
0.0476863
0.0524449
0.0573817
0.0625117
0.0678486
0.0734046
0.0791912
0.0852187
0.0914953
0.0980279
0.104819
0.111868
0.119172
0.126719
0.134497
0.142483
0.150652
0.158966
0.167386
0.175862
0.184341
0.192759
0.201053
0.209157
0.217001
0.224521
0.231656
0.238349
0.244554
0.250231
0.255352
0.259894
0.263847
0.267204
0.269965
0.272133
0.273712
0.274706
0.275122
0.274958
0.274214
0.272889
0.270977
0.268473
0.265375
0.26168
0.257392
0.25252
0.247081
0.2411
0.234613
0.227662
0.220302
0.212589
0.204588
0.196366
0.187991
0.17953
0.171042
0.162589
0.15422
0.14598
0.137908
0.130033
0.12238
0.114966
0.107802
0.100895
0.0942473
0.0878565
0.0817181
0.0758245
0.070166
0.0647324
0.0595102
0.0544878
0.0496495
0.0449829
0.0404735
0.0361058
0.0318661
0.0277403
0.0237131
0.019772
0.0159018
0.0120891
0.00832023
0.00458069
0.000857886
-0.00286146
-0.00659239
-0.0103466
-0.0141386
-0.0179817
-0.0218905
-0.025878
-0.0299585
-0.0341467
-0.0384566
-0.0429023
-0.0474981
-0.0522593
-0.0571989
-0.062332
-0.0676713
-0.07323
-0.0790187
-0.0850491
-0.0913285
-0.0978632
-0.104657
-0.111708
-0.119014
-0.126564
-0.134343
-0.142332
-0.150503
-0.15882
-0.167242
-0.175721
-0.1842
-0.192621
-0.200917
-0.209022
-0.216868
-0.224391
-0.231527
-0.238222
-0.244429
-0.250108
-0.25523
-0.259775
-0.263729
-0.267088
-0.269851
-0.27202
-0.273601
-0.274598
-0.275014
-0.274464
-0.273728
-0.272412
-0.270508
-0.268013
-0.264922
-0.261235
-0.256955
-0.252091
-0.246658
-0.240685
-0.234203
-0.22726
-0.219906
-0.2122
-0.204205
-0.19599
-0.187621
-0.179165
-0.170684
-0.162236
-0.153873
-0.145639
-0.137572
-0.129703
-0.122055
-0.114646
-0.107487
-0.100585
-0.0939419
-0.0875558
-0.0814223
-0.0755329
-0.0698793
-0.0644494
-0.0592323
-0.0542136
-0.04938
-0.0447173
-0.0402109
-0.0358485
-0.0316122
-0.027491
-0.0234682
-0.01953
-0.0156636
-0.0118539
-0.00808839
-0.00435268
-0.000632514
0.00308306
0.00681046
0.0105623
0.0143506
0.0181907
0.0220959
0.0260804
0.0301585
0.0343432
0.03865
0.0430929
0.0476863
0.0524449
0.0573817
0.0625117
0.0678486
0.0734046
0.0791912
0.0852187
0.0914953
0.0980279
0.104819
0.111868
0.119172
0.126719
0.134497
0.142483
0.150652
0.158966
0.167386
0.175862
0.184341
0.192759
0.201053
0.209157
0.217001
0.224521
0.231656
0.238349
0.244554
0.250231
0.255352
0.259894
0.263847
0.267204
0.269965
0.272133
0.273712
0.274706
0.275122
0.274958
0.274214
0.272889
0.270977
0.268473
0.265375
0.26168
0.257392
0.25252
0.247081
0.2411
0.234613
0.227662
0.220302
0.212589
0.204588
0.196366
0.187991
0.17953
0.171042
0.162589
0.15422
0.14598
0.137908
0.130033
0.12238
0.114966
0.107802
0.100895
0.0942473
0.0878565
0.0817181
0.0758245
0.070166
0.0647324
0.0595102
0.0544878
0.0496495
0.0449829
0.0404735
0.0361058
0.0318661
0.0277403
0.0237131
0.019772
0.0159018
0.0120891
0.00832023
0.00458069
0.000857886
-0.00286146
-0.00659239
-0.0103466
-0.0141386
-0.0179817
-0.0218905
-0.025878
-0.0299585
-0.0341467
-0.0384566
-0.0429023
-0.0474981
-0.0522593
-0.0571989
-0.062332
-0.0676713
-0.07323
-0.0790187
-0.0850491
-0.0913285
-0.0978632
-0.104657
-0.111708
-0.119014
-0.126564
-0.134343
-0.142332
-0.150503
-0.15882
-0.167242
-0.175721
-0.1842
-0.192621
-0.200917
-0.209022
-0.216868
-0.224391
-0.231527
-0.238222
-0.244429
-0.250108
-0.25523
-0.259775
-0.263729
-0.267088
-0.269851
-0.27202
-0.273601
-0.274598
-0.275014
-0.274464
-0.273728
-0.272412
-0.270508
-0.268013
-0.264922
-0.261235
-0.256955
-0.252091
-0.246658
-0.240685
-0.234203
-0.22726
-0.219906
-0.2122
-0.204205
-0.19599
-0.187621
-0.179165
-0.170684
-0.162236
-0.153873
-0.145639
-0.137572
-0.129703
-0.122055
-0.114646
-0.107487
-0.100585
-0.0939419
-0.0875558
-0.0814223
-0.0755329
-0.0698793
-0.0644494
-0.0592323
-0.0542136
-0.04938
-0.0447173
-0.0402109
-0.0358485
-0.0316122
-0.027491
-0.0234682
-0.01953
-0.0156636
-0.0118539
-0.00808839
-0.00435268
-0.000632514
0.00308306
0.00681046
0.0105623
0.0143506
0.0181907
0.0220959
0.0260804
0.0301585
0.0343432
0.03865
0.0430929
0.0476863
0.0524449
0.0573817
0.0625117
0.0678486
0.0734046
0.0791912
0.0852187
0.0914953
0.0980279
0.104819
0.111868
0.119172
0.126719
0.134497
0.142483
0.150652
0.158966
0.167386
0.175862
0.184341
0.192759
0.201053
0.209157
0.217001
0.224521
0.231656
0.238349
0.244554
0.250231
0.255352
0.259894
0.263847
0.267204
0.269965
0.272133
0.273712
0.274706
0.275122
0.274958
0.274214
0.272889
0.270977
0.268473
0.265375
0.26168
0.257392
0.25252
0.247081
0.2411
0.234613
0.227662
0.220302
0.212589
0.204588
0.196366
0.187991
0.17953
0.171042
0.162589
0.15422
0.14598
0.137908
0.130033
0.12238
0.114966
0.107802
0.100895
0.0942473
0.0878565
0.0817181
0.0758245
0.070166
0.0647324
0.0595102
0.0544878
0.0496495
0.0449829
0.0404735
0.0361058
0.0318661
0.0277403
0.0237131
0.019772
0.0159018
0.0120891
0.00832023
0.00458069
0.000857886
-0.00286146
-0.00659239
-0.0103466
-0.0141386
-0.0179817
-0.0218905
-0.025878
-0.0299585
-0.0341467
-0.0384566
-0.0429023
-0.0474981
-0.0522593
-0.0571989
-0.062332
-0.0676713
-0.07323
-0.0790187
-0.0850491
-0.0913285
-0.0978632
-0.104657
-0.111708
-0.119014
-0.126564
-0.134343
-0.142332
-0.150503
-0.15882
-0.167242
-0.175721
-0.1842
-0.192621
-0.200917
-0.209022
-0.216868
-0.224391
-0.231527
-0.238222
-0.244429
-0.250108
-0.25523
-0.259775
-0.263729
-0.267088
-0.269851
-0.27202
-0.273601
-0.274598
-0.275014
-0.274464
-0.273728
-0.272412
-0.270508
-0.268013
-0.264922
-0.261235
-0.256955
-0.252091
-0.246658
-0.240685
-0.234203
-0.22726
-0.219906
-0.2122
-0.204205
-0.19599
-0.187621
-0.179165
-0.170684
-0.162236
-0.153873
-0.145639
-0.137572
-0.129703
-0.122055
-0.114646
-0.107487
-0.100585
-0.0939419
-0.0875558
-0.0814223
-0.0755329
-0.0698793
-0.0644494
-0.0592323
-0.0542136
-0.04938
-0.0447173
-0.0402109
-0.0358485
-0.0316122
-0.027491
-0.0234682
-0.01953
-0.0156636
-0.0118539
-0.00808839
-0.00435268
-0.000632514
0.00308306
0.00681046
0.0105623
0.0143506
0.0181907
0.0220959
0.0260804
0.0301585
0.0343432
0.03865
0.0430929
0.0476863
0.0524449
0.0573817
0.0625117
0.0678486
0.0734046
0.0791912
0.0852187
0.0914953
0.0980279
0.104819
0.111868
0.119172
0.126719
0.134497
0.142483
0.150652
0.158966
0.167386
0.175862
0.184341
0.192759
0.201053
0.209157
0.217001
0.224521
0.231656
0.238349
0.244554
0.250231
0.255352
0.259894
0.263847
0.267204
0.269965
0.272133
0.273712
0.274706
0.275122
0.274958
0.274214
0.272889
0.270977
0.268473
0.265375
0.26168
0.257392
0.25252
0.247081
0.2411
0.234613
0.227662
0.220302
0.212589
0.204588
0.196366
0.187991
0.17953
0.171042
0.162589
0.15422
0.14598
0.137908
0.130033
0.12238
0.114966
0.107802
0.100895
0.0942473
0.0878565
0.0817181
0.0758245
0.070166
0.0647324
0.0595102
0.0544878
0.0496495
0.0449829
0.0404735
0.0361058
0.0318661
0.0277403
0.0237131
0.019772
0.0159018
0.0120891
0.00832023
0.00458069
0.000857886
-0.00286146
-0.00659239
-0.0103466
-0.0141386
-0.0179817
-0.0218905
-0.025878
-0.0299585
-0.0341467
-0.0384566
-0.0429023
-0.0474981
-0.0522593
-0.0571989
-0.062332
-0.0676713
-0.07323
-0.0790187
-0.0850491
-0.0913285
-0.0978632
-0.104657
-0.111708
-0.119014
-0.126564
-0.134343
-0.142332
-0.150503
-0.15882
-0.167242
-0.175721
-0.1842
-0.192621
-0.200917
-0.209022
-0.216868
-0.224391
-0.231527
-0.238222
-0.244429
-0.250108
-0.25523
-0.259775
-0.263729
-0.267088
-0.269851
-0.27202
-0.273601
-0.274598
-0.275014
-0.274464
-0.273728
-0.272412
-0.270508
-0.268013
-0.264922
-0.261235
-0.256955
-0.252091
-0.246658
-0.240685
-0.234203
-0.22726
-0.219906
-0.2122
-0.204205
-0.19599
-0.187621
-0.179165
-0.170684
-0.162236
-0.153873
-0.145639
-0.137572
-0.129703
-0.122055
-0.114646
-0.107487
-0.100585
-0.0939419
-0.0875558
-0.0814223
-0.0755329
-0.0698793
-0.0644494
-0.0592323
-0.0542136
-0.04938
-0.0447173
-0.0402109
-0.0358485
-0.0316122
-0.027491
-0.0234682
-0.01953
-0.0156636
-0.0118539
-0.00808839
-0.00435268
-0.000632514
0.00308306
0.00681046
0.0105623
0.0143506
0.0181907
0.0220959
0.0260804
0.0301585
0.0343432
0.03865
0.0430929
0.0476863
0.0524449
0.0573817
0.0625117
0.0678486
0.0734046
0.0791912
0.0852187
0.0914953
0.0980279
0.104819
0.111868
0.119172
0.126719
0.134497
0.142483
0.150652
0.158966
0.167386
0.175862
0.184341
0.192759
0.201053
0.209157
0.217001
0.224521
0.231656
0.238349
0.244554
0.250231
0.255352
0.259894
0.263847
0.267204
0.269965
0.272133
0.273712
0.274706
0.275122
0.274958
0.274214
0.272889
0.270977
0.268473
0.265375
0.26168
0.257392
0.25252
0.247081
0.2411
0.234613
0.227662
0.220302
0.212589
0.204588
0.196366
0.187991
0.17953
0.171042
0.162589
0.15422
0.14598
0.137908
0.130033
0.12238
0.114966
0.107802
0.100895
0.0942473
0.0878565
0.0817181
0.0758245
0.070166
0.0647324
0.0595102
0.0544878
0.0496495
0.0449829
0.0404735
0.0361058
0.0318661
0.0277403
0.0237131
0.019772
0.0159018
0.0120891
0.00832023
0.00458069
0.000857886
-0.00286146
-0.00659239
-0.0103466
-0.0141386
-0.0179817
-0.0218905
-0.025878
-0.0299585
-0.0341467
-0.0384566
-0.0429023
-0.0474981
-0.0522593
-0.0571989
-0.062332
-0.0676713
-0.07323
-0.0790187
-0.0850491
-0.0913285
-0.0978632
-0.104657
-0.111708
-0.119014
-0.126564
-0.134343
-0.142332
-0.150503
-0.15882
-0.167242
-0.175721
-0.1842
-0.192621
-0.200917
-0.209022
-0.216868
-0.224391
-0.231527
-0.238222
-0.244429
-0.250108
-0.25523
-0.259775
-0.263729
-0.267088
-0.269851
-0.27202
-0.273601
-0.274598
-0.275014
-0.274464
-0.273728
-0.272412
-0.270508
-0.268013
-0.264922
-0.261235
-0.256955
-0.252091
-0.246658
-0.240685
-0.234203
-0.22726
-0.219906
-0.2122
-0.204205
-0.19599
-0.187621
-0.179165
-0.170684
-0.162236
-0.153873
-0.145639
-0.137572
-0.129703
-0.122055
-0.114646
-0.107487
-0.100585
-0.0939419
-0.0875558
-0.0814223
-0.0755329
-0.0698793
-0.0644494
-0.0592323
-0.0542136
-0.04938
-0.0447173
-0.0402109
-0.0358485
-0.0316122
-0.027491
-0.0234682
-0.01953
-0.0156636
-0.0118539
-0.00808839
-0.00435268
-0.000632514
0.00308306
0.00681046
0.0105623
0.0143506
0.0181907
0.0220959
0.0260804
0.0301585
0.0343432
0.03865
0.0430929
0.0476863
0.0524449
0.0573817
0.0625117
0.0678486
0.0734046
0.0791912
0.0852187
0.0914953
0.0980279
0.104819
0.111868
0.119172
0.126719
0.134497
0.142483
0.150652
0.158966
0.167386
0.175862
0.184341
0.192759
0.201053
0.209157
0.217001
0.224521
0.231656
0.238349
0.244554
0.250231
0.255352
0.259894
0.263847
0.267204
0.269965
0.272133
0.273712
0.274706
0.275122
0.274958
0.274214
0.272889
0.270977
0.268473
0.265375
0.26168
0.257392
0.25252
0.247081
0.2411
0.234613
0.227662
0.220302
0.212589
0.204588
0.196366
0.187991
0.17953
0.171042
0.162589
0.15422
0.14598
0.137908
0.130033
0.12238
0.114966
0.107802
0.100895
0.0942473
0.0878565
0.0817181
0.0758245
0.070166
0.0647324
0.0595102
0.0544878
0.0496495
0.0449829
0.0404735
0.0361058
0.0318661
0.0277403
0.0237131
0.019772
0.0159018
0.0120891
0.00832023
0.00458069
0.000857886
-0.00286146
-0.00659239
-0.0103466
-0.0141386
-0.0179817
-0.0218905
-0.025878
-0.0299585
-0.0341467
-0.0384566
-0.0429023
-0.0474981
-0.0522593
-0.0571989
-0.062332
-0.0676713
-0.07323
-0.0790187
-0.0850491
-0.0913285
-0.0978632
-0.104657
-0.111708
-0.119014
-0.126564
-0.134343
-0.142332
-0.150503
-0.15882
-0.167242
-0.175721
-0.1842
-0.192621
-0.200917
-0.209022
-0.216868
-0.224391
-0.231527
-0.238222
-0.244429
-0.250108
-0.25523
-0.259775
-0.263729
-0.267088
-0.269851
-0.27202
-0.273601
-0.274598
-0.275014
-0.274464
-0.273728
-0.272412
-0.270508
-0.268013
-0.264922
-0.261235
-0.256955
-0.252091
-0.246658
-0.240685
-0.234203
-0.22726
-0.219906
-0.2122
-0.204205
-0.19599
-0.187621
-0.179165
-0.170684
-0.162236
-0.153873
-0.145639
-0.137572
-0.129703
-0.122055
-0.114646
-0.107487
-0.100585
-0.0939419
-0.0875558
-0.0814223
-0.0755329
-0.0698793
-0.0644494
-0.0592323
-0.0542136
-0.04938
-0.0447173
-0.0402109
-0.0358485
-0.0316122
-0.027491
-0.0234682
-0.01953
-0.0156636
-0.0118539
-0.00808839
-0.00435268
-0.000632514
0.00308306
0.00681046
0.0105623
0.0143506
0.0181907
0.0220959
0.0260804
0.0301585
0.0343432
0.03865
0.0430929
0.0476863
0.0524449
0.0573817
0.0625117
0.0678486
0.0734046
0.0791912
0.0852187
0.0914953
0.0980279
0.104819
0.111868
0.119172
0.126719
0.134497
0.142483
0.150652
0.158966
0.167386
0.175862
0.184341
0.192759
0.201053
0.209157
0.217001
0.224521
0.231656
0.238349
0.244554
0.250231
0.255352
0.259894
0.263847
0.267204
0.269965
0.272133
0.273712
0.274706
0.275122
0.274958
0.274214
0.272889
0.270977
0.268473
0.265375
0.26168
0.257392
0.25252
0.247081
0.2411
0.234613
0.227662
0.220302
0.212589
0.204588
0.196366
0.187991
0.17953
0.171042
0.162589
0.15422
0.14598
0.137908
0.130033
0.12238
0.114966
0.107802
0.100895
0.0942473
0.0878565
0.0817181
0.0758245
0.070166
0.0647324
0.0595102
0.0544878
0.0496495
0.0449829
0.0404735
0.0361058
0.0318661
0.0277403
0.0237131
0.019772
0.0159018
0.0120891
0.00832023
0.00458069
0.000857886
-0.00286146
-0.00659239
-0.0103466
-0.0141386
-0.0179817
-0.0218905
-0.025878
-0.0299585
-0.0341467
-0.0384566
-0.0429023
-0.0474981
-0.0522593
-0.0571989
-0.062332
-0.0676713
-0.07323
-0.0790187
-0.0850491
-0.0913285
-0.0978632
-0.104657
-0.111708
-0.119014
-0.126564
-0.134343
-0.142332
-0.150503
-0.15882
-0.167242
-0.175721
-0.1842
-0.192621
-0.200917
-0.209022
-0.216868
-0.224391
-0.231527
-0.238222
-0.244429
-0.250108
-0.25523
-0.259775
-0.263729
-0.267088
-0.269851
-0.27202
-0.273601
-0.274598
-0.275014
-0.274464
-0.273728
-0.272412
-0.270508
-0.268013
-0.264922
-0.261235
-0.256955
-0.252091
-0.246658
-0.240685
-0.234203
-0.22726
-0.219906
-0.2122
-0.204205
-0.19599
-0.187621
-0.179165
-0.170684
-0.162236
-0.153873
-0.145639
-0.137572
-0.129703
-0.122055
-0.114646
-0.107487
-0.100585
-0.0939419
-0.0875558
-0.0814223
-0.0755329
-0.0698793
-0.0644494
-0.0592323
-0.0542136
-0.04938
-0.0447173
-0.0402109
-0.0358485
-0.0316122
-0.027491
-0.0234682
-0.01953
-0.0156636
-0.0118539
-0.00808839
-0.00435268
-0.000632514
0.00308306
0.00681046
0.0105623
0.0143506
0.0181907
0.0220959
0.0260804
0.0301585
0.0343432
0.03865
0.0430929
0.0476863
0.0524449
0.0573817
0.0625117
0.0678486
0.0734046
0.0791912
0.0852187
0.0914953
0.0980279
0.104819
0.111868
0.119172
0.126719
0.134497
0.142483
0.150652
0.158966
0.167386
0.175862
0.184341
0.192759
0.201053
0.209157
0.217001
0.224521
0.231656
0.238349
0.244554
0.250231
0.255352
0.259894
0.263847
0.267204
0.269965
0.272133
0.273712
0.274706
0.275122
0.274958
0.274214
0.272889
0.270977
0.268473
0.265375
0.26168
0.257392
0.25252
0.247081
0.2411
0.234613
0.227662
0.220302
0.212589
0.204588
0.196366
0.187991
0.17953
0.171042
0.162589
0.15422
0.14598
0.137908
0.130033
0.12238
0.114966
0.107802
0.100895
0.0942473
0.0878565
0.0817181
0.0758245
0.070166
0.0647324
0.0595102
0.0544878
0.0496495
0.0449829
0.0404735
0.0361058
0.0318661
0.0277403
0.0237131
0.019772
0.0159018
0.0120891
0.00832023
0.00458069
0.000857886
-0.00286146
-0.00659239
-0.0103466
-0.0141386
-0.0179817
-0.0218905
-0.025878
-0.0299585
-0.0341467
-0.0384566
-0.0429023
-0.0474981
-0.0522593
-0.0571989
-0.062332
-0.0676713
-0.07323
-0.0790187
-0.0850491
-0.0913285
-0.0978632
-0.104657
-0.111708
-0.119014
-0.126564
-0.134343
-0.142332
-0.150503
-0.15882
-0.167242
-0.175721
-0.1842
-0.192621
-0.200917
-0.209022
-0.216868
-0.224391
-0.231527
-0.238222
-0.244429
-0.250108
-0.25523
-0.259775
-0.263729
-0.267088
-0.269851
-0.27202
-0.273601
-0.274598
-0.275014
-0.274464
-0.273728
-0.272412
-0.270508
-0.268013
-0.264922
-0.261235
-0.256955
-0.252091
-0.246658
-0.240685
-0.234203
-0.22726
-0.219906
-0.2122
-0.204205
-0.19599
-0.187621
-0.179165
-0.170684
-0.162236
-0.153873
-0.145639
-0.137572
-0.129703
-0.122055
-0.114646
-0.107487
-0.100585
-0.0939419
-0.0875558
-0.0814223
-0.0755329
-0.0698793
-0.0644494
-0.0592323
-0.0542136
-0.04938
-0.0447173
-0.0402109
-0.0358485
-0.0316122
-0.027491
-0.0234682
-0.01953
-0.0156636
-0.0118539
-0.00808839
-0.00435268
-0.000632514
0.00308306
0.00681046
0.0105623
0.0143506
0.0181907
0.0220959
0.0260804
0.0301585
0.0343432
0.03865
0.0430929
0.0476863
0.0524449
0.0573817
0.0625117
0.0678486
0.0734046
0.0791912
0.0852187
0.0914953
0.0980279
0.104819
0.111868
0.119172
0.126719
0.134497
0.142483
0.150652
0.158966
0.167386
0.175862
0.184341
0.192759
0.201053
0.209157
0.217001
0.224521
0.231656
0.238349
0.244554
0.250231
0.255352
0.259894
0.263847
0.267204
0.269965
0.272133
0.273712
0.274706
0.275122
0.274958
0.274214
0.272889
0.270977
0.268473
0.265375
0.26168
0.257392
0.25252
0.247081
0.2411
0.234613
0.227662
0.220302
0.212589
0.204588
0.196366
0.187991
0.17953
0.171042
0.162589
0.15422
0.14598
0.137908
0.130033
0.12238
0.114966
0.107802
0.100895
0.0942473
0.0878565
0.0817181
0.0758245
0.070166
0.0647324
0.0595102
0.0544878
0.0496495
0.0449829
0.0404735
0.0361058
0.0318661
0.0277403
0.0237131
0.019772
0.0159018
0.0120891
0.00832023
0.00458069
0.000857886
-0.00286146
-0.00659239
-0.0103466
-0.0141386
-0.0179817
-0.0218905
-0.025878
-0.0299585
-0.0341467
-0.0384566
-0.0429023
-0.0474981
-0.0522593
-0.0571989
-0.062332
-0.0676713
-0.07323
-0.0790187
-0.0850491
-0.0913285
-0.0978632
-0.104657
-0.111708
-0.119014
-0.126564
-0.134343
-0.142332
-0.150503
-0.15882
-0.167242
-0.175721
-0.1842
-0.192621
-0.200917
-0.209022
-0.216868
-0.224391
-0.231527
-0.238222
-0.244429
-0.250108
-0.25523
-0.259775
-0.263729
-0.267088
-0.269851
-0.27202
-0.273601
-0.274598
-0.275014
-0.274464
-0.273728
-0.272412
-0.270508
-0.268013
-0.264922
-0.261235
-0.256955
-0.252091
-0.246658
-0.240685
-0.234203
-0.22726
-0.219906
-0.2122
-0.204205
-0.19599
-0.187621
-0.179165
-0.170684
-0.162236
-0.153873
-0.145639
-0.137572
-0.129703
-0.122055
-0.114646
-0.107487
-0.100585
-0.0939419
-0.0875558
-0.0814223
-0.0755329
-0.0698793
-0.0644494
-0.0592323
-0.0542136
-0.04938
-0.0447173
-0.0402109
-0.0358485
-0.0316122
-0.027491
-0.0234682
-0.01953
-0.0156636
-0.0118539
-0.00808839
-0.00435268
-0.000632514
0.00308306
0.00681046
0.0105623
0.0143506
0.0181907
0.0220959
0.0260804
0.0301585
0.0343432
0.03865
0.0430929
0.0476863
0.0524449
0.0573817
0.0625117
0.0678486
0.0734046
0.0791912
0.0852187
0.0914953
0.0980279
0.104819
0.111868
0.119172
0.126719
0.134497
0.142483
0.150652
0.158966
0.167386
0.175862
0.184341
0.192759
0.201053
0.209157
0.217001
0.224521
0.231656
0.238349
0.244554
0.250231
0.255352
0.259894
0.263847
0.267204
0.269965
0.272133
0.273712
0.274706
0.275122
0.274958
0.274214
0.272889
0.270977
0.268473
0.265375
0.26168
0.257392
0.25252
0.247081
0.2411
0.234613
0.227662
0.220302
0.212589
0.204588
0.196366
0.187991
0.17953
0.171042
0.162589
0.15422
0.14598
0.137908
0.130033
0.12238
0.114966
0.107802
0.100895
0.0942473
0.0878565
0.0817181
0.0758245
0.070166
0.0647324
0.0595102
0.0544878
0.0496495
0.0449829
0.0404735
0.0361058
0.0318661
0.0277403
0.0237131
0.019772
0.0159018
0.0120891
0.00832023
0.00458069
0.000857886
-0.00286146
-0.00659239
-0.0103466
-0.0141386
-0.0179817
-0.0218905
-0.025878
-0.0299585
-0.0341467
-0.0384566
-0.0429023
-0.0474981
-0.0522593
-0.0571989
-0.062332
-0.0676713
-0.07323
-0.0790187
-0.0850491
-0.0913285
-0.0978632
-0.104657
-0.111708
-0.119014
-0.126564
-0.134343
-0.142332
-0.150503
-0.15882
-0.167242
-0.175721
-0.1842
-0.192621
-0.200917
-0.209022
-0.216868
-0.224391
-0.231527
-0.238222
-0.244429
-0.250108
-0.25523
-0.259775
-0.263729
-0.267088
-0.269851
-0.27202
-0.273601
-0.274598
-0.275014
-0.274464
-0.273728
-0.272412
-0.270508
-0.268013
-0.264922
-0.261235
-0.256955
-0.252091
-0.246658
-0.240685
-0.234203
-0.22726
-0.219906
-0.2122
-0.204205
-0.19599
-0.187621
-0.179165
-0.170684
-0.162236
-0.153873
-0.145639
-0.137572
-0.129703
-0.122055
-0.114646
-0.107487
-0.100585
-0.0939419
-0.0875558
-0.0814223
-0.0755329
-0.0698793
-0.0644494
-0.0592323
-0.0542136
-0.04938
-0.0447173
-0.0402109
-0.0358485
-0.0316122
-0.027491
-0.0234682
-0.01953
-0.0156636
-0.0118539
-0.00808839
-0.00435268
-0.000632514
0.00308306
0.00681046
0.0105623
0.0143506
0.0181907
0.0220959
0.0260804
0.0301585
0.0343432
0.03865
0.0430929
0.0476863
0.0524449
0.0573817
0.0625117
0.0678486
0.0734046
0.0791912
0.0852187
0.0914953
0.0980279
0.104819
0.111868
0.119172
0.126719
0.134497
0.142483
0.150652
0.158966
0.167386
0.175862
0.184341
0.192759
0.201053
0.209157
0.217001
0.224521
0.231656
0.238349
0.244554
0.250231
0.255352
0.259894
0.263847
0.267204
0.269965
0.272133
0.273712
0.274706
0.275122
0.274958
0.274214
0.272889
0.270977
0.268473
0.265375
0.26168
0.257392
0.25252
0.247081
0.2411
0.234613
0.227662
0.220302
0.212589
0.204588
0.196366
0.187991
0.17953
0.171042
0.162589
0.15422
0.14598
0.137908
0.130033
0.12238
0.114966
0.107802
0.100895
0.0942473
0.0878565
0.0817181
0.0758245
0.070166
0.0647324
0.0595102
0.0544878
0.0496495
0.0449829
0.0404735
0.0361058
0.0318661
0.0277403
0.0237131
0.019772
0.0159018
0.0120891
0.00832023
0.00458069
0.000857886
-0.00286146
-0.00659239
-0.0103466
-0.0141386
-0.0179817
-0.0218905
-0.025878
-0.0299585
-0.0341467
-0.0384566
-0.0429023
-0.0474981
-0.0522593
-0.0571989
-0.062332
-0.0676713
-0.07323
-0.0790187
-0.0850491
-0.0913285
-0.0978632
-0.104657
-0.111708
-0.119014
-0.126564
-0.134343
-0.142332
-0.150503
-0.15882
-0.167242
-0.175721
-0.1842
-0.192621
-0.200917
-0.209022
-0.216868
-0.224391
-0.231527
-0.238222
-0.244429
-0.250108
-0.25523
-0.259775
-0.263729
-0.267088
-0.269851
-0.27202
-0.273601
-0.274598
-0.275014
-0.274464
-0.273728
-0.272412
-0.270508
-0.268013
-0.264922
-0.261235
-0.256955
-0.252091
-0.246658
-0.240685
-0.234203
-0.22726
-0.219906
-0.2122
-0.204205
-0.19599
-0.187621
-0.179165
-0.170684
-0.162236
-0.153873
-0.145639
-0.137572
-0.129703
-0.122055
-0.114646
-0.107487
-0.100585
-0.0939419
-0.0875558
-0.0814223
-0.0755329
-0.0698793
-0.0644494
-0.0592323
-0.0542136
-0.04938
-0.0447173
-0.0402109
-0.0358485
-0.0316122
-0.027491
-0.0234682
-0.01953
-0.0156636
-0.0118539
-0.00808839
-0.00435268
-0.000632514
0.00308306
0.00681046
0.0105623
0.0143506
0.0181907
0.0220959
0.0260804
0.0301585
0.0343432
0.03865
0.0430929
0.0476863
0.0524449
0.0573817
0.0625117
0.0678486
0.0734046
0.0791912
0.0852187
0.0914953
0.0980279
0.104819
0.111868
0.119172
0.126719
0.134497
0.142483
0.150652
0.158966
0.167386
0.175862
0.184341
0.192759
0.201053
0.209157
0.217001
0.224521
0.231656
0.238349
0.244554
0.250231
0.255352
0.259894
0.263847
0.267204
0.269965
0.272133
0.273712
0.274706
0.275122
0.274958
0.274214
0.272889
0.270977
0.268473
0.265375
0.26168
0.257392
0.25252
0.247081
0.2411
0.234613
0.227662
0.220302
0.212589
0.204588
0.196366
0.187991
0.17953
0.171042
0.162589
0.15422
0.14598
0.137908
0.130033
0.12238
0.114966
0.107802
0.100895
0.0942473
0.0878565
0.0817181
0.0758245
0.070166
0.0647324
0.0595102
0.0544878
0.0496495
0.0449829
0.0404735
0.0361058
0.0318661
0.0277403
0.0237131
0.019772
0.0159018
0.0120891
0.00832023
0.00458069
0.000857886
-0.00286146
-0.00659239
-0.0103466
-0.0141386
-0.0179817
-0.0218905
-0.025878
-0.0299585
-0.0341467
-0.0384566
-0.0429023
-0.0474981
-0.0522593
-0.0571989
-0.062332
-0.0676713
-0.07323
-0.0790187
-0.0850491
-0.0913285
-0.0978632
-0.104657
-0.111708
-0.119014
-0.126564
-0.134343
-0.142332
-0.150503
-0.15882
-0.167242
-0.175721
-0.1842
-0.192621
-0.200917
-0.209022
-0.216868
-0.224391
-0.231527
-0.238222
-0.244429
-0.250108
-0.25523
-0.259775
-0.263729
-0.267088
-0.269851
-0.27202
-0.273601
-0.274598
-0.275014
-0.274464
-0.273728
-0.272412
-0.270508
-0.268013
-0.264922
-0.261235
-0.256955
-0.252091
-0.246658
-0.240685
-0.234203
-0.22726
-0.219906
-0.2122
-0.204205
-0.19599
-0.187621
-0.179165
-0.170684
-0.162236
-0.153873
-0.145639
-0.137572
-0.129703
-0.122055
-0.114646
-0.107487
-0.100585
-0.0939419
-0.0875558
-0.0814223
-0.0755329
-0.0698793
-0.0644494
-0.0592323
-0.0542136
-0.04938
-0.0447173
-0.0402109
-0.0358485
-0.0316122
-0.027491
-0.0234682
-0.01953
-0.0156636
-0.0118539
-0.00808839
-0.00435268
-0.000632514
0.00308306
0.00681046
0.0105623
0.0143506
0.0181907
0.0220959
0.0260804
0.0301585
0.0343432
0.03865
0.0430929
0.0476863
0.0524449
0.0573817
0.0625117
0.0678486
0.0734046
0.0791912
0.0852187
0.0914953
0.0980279
0.104819
0.111868
0.119172
0.126719
0.134497
0.142483
0.150652
0.158966
0.167386
0.175862
0.184341
0.192759
0.201053
0.209157
0.217001
0.224521
0.231656
0.238349
0.244554
0.250231
0.255352
0.259894
0.263847
0.267204
0.269965
0.272133
0.273712
0.274706
0.275121
0.274316
0.271207
0.265996
0.258875
0.250029
0.239635
0.227863
0.214875
0.200828
0.185868
0.170138
0.153771
0.136896
0.119633
0.102098
0.084399
0.0666376
0.0489108
0.0313086
0.013915
-0.00319049
-0.019935
-0.0362507
-0.0520749
-0.0673509
-0.0820249
-0.0960506
-0.109385
-0.12199
-0.133832
-0.144882
-0.155114
-0.164509
-0.17305
-0.180723
-0.187519
-0.193433
-0.198463
-0.20261
-0.205879
-0.208277
-0.209815
-0.210506
-0.210367
-0.209416
-0.207674
-0.205166
-0.201916
-0.197954
-0.193307
-0.188009
-0.182092
-0.175591
-0.168543
-0.160986
-0.152956
-0.144496
-0.135645
-0.126444
-0.116937
-0.107166
-0.0971746
-0.0870046
-0.0767011
-0.0663072
-0.0558662
-0.0454215
-0.0350161
-0.0246925
-0.0144922
-0.00445578
0.00537583
0.0149635
0.0242698
0.0332578
0.0418919
0.0501384
0.0579647
0.0653413
0.0722395
0.078632
0.0844953
0.0898072
0.0945475
0.0987005
0.10225
0.105186
0.107498
0.109183
0.110237
0.110661
0.110459
0.109639
0.108214
0.106198
0.103611
0.100477
0.0968222
0.0926801
0.0880859
0.0830824
0.0777139
0.0720321
0.0660914
0.0599546
0.0536865
0.0473584
0.041048
0.0348374
0.0288144
0.0230744
0.017716
0.0128467
0.00857833
0.00503126
0.00232938
0.000605583
0
0
0
0
0
0
0
0
0
0
0
0
0
0
0
0
0
0
0
0
0
0
0
0
0
0
0
0
0
0
0
0
0
0
0
0
0
0
0
0
0
0
0
0
0
0
0
0
0
0
0
0
0
0
0
0
0
0
0
0
0
0
0
0
0
0
0
0
0
0
0
0
0
0
0
0
0
0
0
0
0
0
0
0
0
0
0
0
0
0
0
0
0
0
0
0
0
0
0
0
0
0
0
0
0
0
0
0
0
0
0
0
0
0
0
0
0
0
0