0.00006920686045404904
-0.000027365039637357805
0.00007342335071646129
-2.5848326613267527e-6
-0.00004884087970707454
5.47120144621554e-7
0.00004458014274690854
0.000021899729339378664
-0.000041515425572387516
0.00002743648644042524
-0.00003905111798739415
0.000031456756001034464
-0.000024552784074188986
-0.00003833023894230763
0.0000641933104513677
2.80033911869835e-6
-0.00004546951497825324
4.300390936677143e-6
-0.00006573086210101339
0.000038878708144596425
-0.000013752789049463697
-8.638278810923395e-7
-0.000055272114530853905
1.3705737289575045e-6
-0.000026264262972034042
-0.00004319489119750934
-0.00006384945035733937
-0.000030214994333625917
0.000048239580118776865
0.000031149641647234324
-1.037613964137361e-6
0.000032138048822688185
0.000058159874333318463
0.000014737302385788368
-0.000023572133014523835
0.000011678753737956397
0.000014546372388290686
-0.000024330884261374863
-0.00002098783397527053
-0.00005944394487117388
0.00006802545912609469
4.993369390778047e-6
-0.000022512367392236666
0.000019915921899582374
0.000024004612040035846
0.000021917404514781792
-0.00003879285576382566
-0.00012359088639046792
6.352287342564508e-6
0.00005584991105164391
-0.000013380965392879358
0.000025883214342673198
0.000025361504366410887
0.000013050305577963897
0.00003603023240226145
0.00004542323726585606
0.00004256910010411771
0.00008268140295830896
-3.196933199425374e-6
-0.00003146504442189699
0.00007637762531082199
0.00001651391994989108
-0.000022066689417792127
0.000010757636042671076
0.000028186428379574178
0.000014393758553253799
0.000013484566461375777
-5.651070367748713e-6
-0.00006514198119234222
0.00004255140679079912
0.00006358206361319028
-0.000014031940994883781
0.000035197644301513484
0.000020974061618584617
0.00007886012940795474
0.00008960222627841204
-0.000023643023406759675
-0.00003470593590574337
-2.5744584214387363e-6
0.000011672562105622618
0.000028657156780055233
0.00003553638762442541
0.00008609420515011622
0.000030576934277919237
-8.087237384765982e-6
0.00007688563312676871
0.00005190191571945326
0.000022579104988513534
-0.000017984320576423144
0.00007095073648019549
1.259380807896309e-6
0.000024825813349543214
7.52441905097384e-6
-5.677644542430474e-6
-8.878746897798367e-6
0.000013119545507189146
0.00002406059968043817
0.00006830375917387838
0.000017464481388076873
0.00002975582322620927
-4.783377356511229e-7
0.000055864144310140476
-0.00004218817395934982
0.00006958554499082906
0.000017768377365614346
0.00003199127287978444
0.00006016809620108697
0.000027488924226594404
0.00004693549764596621
3.776526585759906e-6
-0.00001708923646022503
0.00007075285107970808
0.00003843614443629625
0.000037449571935805316
-0.000039082621924777434
0.00005474142172514085
-0.00004489861612543445
3.7069998195700067e-6
0.00009821137972310428
8.016281353628911e-6
-0.00001857998874405649
0.0000630583480915105
0.00006912460341245599
0.00002165906042854969
0.00005842284074161551
1.5874230473838333e-6
0.00004909795500865175
0.00003886723644166158
0.000033194661551591815
0.00012641540109230924
0.00009031531720332024
0.00003840083549624581
0.00014093572902360206
0.000032679922904844476
0.00004221171177444337
0.000040720185533315616
0.00007651807025942136
0.0000635439096337919
0.00004543833240357986
0.00006377051277175558
0.00010617339702401202
0.00010408011216135546
0.00007659625401059238
0.00010546587177679343
0.00008983701106897937
0.000010086458590742827
0.0001408827107262978
0.00012604275995202723
0.0001406658478292209
0.000057622251427313775
0.00012515861056577562
0.0000960515724886189
0.0001635124827609463
0.00017176307842430838
0.00012315102084936756
0.0001503384296123208
0.00016185886993881472
0.00010974345469332194
0.00020016485033652083
0.0002179824938547231
0.00014160347464081905
0.00009653174535875983
0.00015127108090576453
0.0002280834913396989
0.00019736750227748745
0.00023435036603195865
0.00018406463027362998
0.00022754169436916175
0.000263850275710009
0.0002628759568040917
0.0002345575491823064
0.00030322114034389894
0.00027684641433788624
0.00033181636071972636
0.0002556360438831509
0.0002969453688798446
0.00031620680215186715
0.0003960411976472592
0.00032438697528679243
0.0003394339124988784
0.0004390701330943967
0.0004677698392900036
0.0004225191779519622
0.000362979963405543
0.00048509628803951554
0.00048108346096014694
0.0005473543318638032
0.0005838306300758997
0.0005781902136406342
0.0005725506045690982
0.000654776209572116
0.0007006944293699482
0.0006845492388575555
0.0008019351852643009
0.0007597201374577761
0.000781480116140629
0.000838064422046963
0.0008728172672294132
0.0009734753160444395
0.001000294900532234
0.0010843946607631569
0.0010846948389128008
0.0011398346821085877
0.001171858097022694
0.0013378416282586374
0.0013659650514914808
0.0014599923550611786
0.0014890883252444882
0.0015804739882055083
0.0016722604613824753
0.001760175839745682
0.0018839451766942147
0.001989216031800997
0.002115185435215397
0.0022401656794709254
0.0023193877419485057
0.002456613201790047
0.0026048366943511383
0.002747805459400093
0.002957045263287049
0.003107351836100604
0.003287335061184639
0.0034703569214035767
0.003659901866870528
0.0039005419981196824
0.004061743426660954
0.004389900876481076
0.004536134868209859
0.004871993595885199
0.005122228801561346
0.005319320250287495
0.005729848963255894
0.005955842722420727
0.0062693597727511005
0.006585934059032892
0.006913496898910065
0.007268746559976322
0.007587077734039781
0.007890149856704966
0.008154834311568824
0.00845723830012415
0.008621108364450231
0.008762496185002628
0.008817325495489298
0.008797541269301904
0.008576933663847984
0.008111503336644272
0.007465466072557526
0.006333341891542337
0.004729501078824719
0.002499026217563536
-0.0006974866022257598
-0.005013479882116876
-0.010760114477141475
-0.018345731745997504
-0.028067015866164793
-0.04001463065127816
-0.054449134912694916
-0.07105545444604794
-0.08957207980030184
-0.10929241737817595
-0.12933353823251417
-0.14908473637541264
-0.16760149298556445
-0.18374830739963496
-0.19697572437396532
-0.20670403285209965
-0.21244587891022595
-0.21396462959417573
-0.21130922569590058
-0.20435682908306368
-0.19318719426682981
-0.1780780911559502
-0.15902626758303823
-0.1361952895913874
-0.10972081870104368
-0.07951698802693768
-0.04537792545923208
-0.007567429354321982
0.03414504319025508
0.07898806246796482
0.12633871009738926
0.1751869062721651
0.22418611449062373
0.2720322329343863
0.3172410745794225
0.35842782748883006
0.3945181356032921
0.4245454964279617
0.44796680546947987
0.46460781394115924
0.47467869032567817
0.47861387080214624
0.47704693336444315
0.4704489821832777
0.4597514017200328
0.4450371807671035
0.42663803451955207
0.4041855278005401
0.37762681739930315
0.3466901911950836
0.31114388982354296
0.2709968976606667
0.22647343573947235
0.17796732355228348
0.12623458884653227
0.07239215651956583
0.017654221371146916
-0.036540249392702444
-0.08910345038500815
-0.13910885870534562
-0.18622099679904694
-0.23021416189667718
-0.2711764042316439
-0.3093456410512111
-0.3448777505122673
-0.3780399432170078
-0.40893446609506584
-0.43774300770551744
-0.4642647545583088
-0.48834519686305783
-0.5094799030601204
-0.5272457178668226
-0.5407490836346287
-0.5494225457210413
-0.5526710730373422
-0.5505421975023376
-0.5430262084753608
-0.5308109705495069
-0.5145573213273092
-0.4950498234004126
-0.4727115699104248
-0.4480707687796865
-0.4211709424604268
-0.39230359877601806
-0.3612140356204483
-0.3278871676322348
-0.2920049128048893
-0.25342746893896057
-0.21188058965268491
-0.1673073177674649
-0.11998283960483909
-0.070128812800662
-0.018680112442922604
0.033249967109698624
0.08462570255210089
0.13431087835940755
0.18149714575968376
0.22590554794936304
0.26730091814155255
0.30586374609008227
0.34173371850335216
0.37516348318353604
0.40637497925102334
0.43542164378371706
0.46254411275141033
0.4875150644636315
0.5101037286215381
0.5298882235187877
0.5464296203909005
0.5589509696022491
0.5666513125122306
0.5690774124888288
0.5660186187279161
0.5577879160137726
0.5449046811849334
0.5279690598450235
0.5077521500093377
0.4848119142326059
0.4595036928451538
0.4321147095645544
0.4026408582485241
0.3711107610700284
0.33730793846168405
0.301109747778211
0.26204486458907955
0.22018914097001704
0.1753384159500731
0.12762100545689534
0.07753114751043697
0.02576066609148002
-0.02646460482167759
-0.07820256372086444
-0.12822302182898423
-0.17578482122598288
-0.2204672806677385
-0.2623046386825799
-0.30108995259113863
-0.33726162338699406
-0.3709204028984918
-0.40237812303883896
-0.4316947090519253
-0.4589823742662881
-0.4841522887005331
-0.5069584527270624
-0.527066863810955
-0.5437778073656193
-0.5565039097947997
-0.5645320552387977
-0.5672393345765118
-0.5645161994771117
-0.556611945196109
-0.5438437660109168
-0.527128459104845
-0.5071171162280698
-0.4843068688366341
-0.4591519334303067
-0.43185844324571687
-0.4025841325311179
-0.37116240714951854
-0.33745991401861036
-0.3013754179032856
-0.2625650076048947
-0.22082924506651602
-0.1761278252668031
-0.1286077824818092
-0.07860709610727425
-0.02696094877531807
0.02528925454921541
0.07698783317612509
0.1270809564558116
0.17472668427473903
0.2195353284535288
0.2613127345472282
0.30029082558245696
0.3364954641554295
0.37026717932884734
0.40175976051571366
0.4311617993758792
0.4584770973534858
0.48374775778718815
0.5066091415521464
0.5267442496975459
0.543619751683421
0.5565436796643293
0.5646658904593937
0.5675812686635043
0.5650892604605163
0.5572338380719097
0.5447170994019153
0.5281298494585464
0.5081723353395198
0.4854521671561176
0.460374971336311
0.4332104616977967
0.4039459261588424
0.3726174545181608
0.3390361709206244
0.30301363378731383
0.2642529070242375
0.2226141407464438
0.17807150091363902
0.13062562298094602
0.0807084794028131
0.029060451759482058
-0.023187504305472104
-0.07492716988333975
-0.12507461969071101
-0.17284251301573159
-0.21777151106239265
-0.25968439916892755
-0.2987301587951965
-0.3350271030627476
-0.36886232479765774
-0.4005145381009514
-0.4299750676668576
-0.4574236457497405
-0.4826804879988033
-0.505669398736986
-0.5259423057463404
-0.5429372279684318
-0.555991216963594
-0.5643714672765511
-0.5674867122156579
-0.5651678642181043
-0.5575407506066807
-0.5451454976879058
-0.5286980564793418
-0.5088892533244959
-0.4862553651576055
-0.4612676121577934
-0.4341648046163502
-0.40500666328866913
-0.3737374255913291
-0.3402205239683986
-0.3042688873237052
-0.26568507649132644
-0.2241635321703844
-0.17971230323241003
-0.13232978291651046
-0.08250638866189519
-0.03095956282836913
0.02132056954049278
0.07309673611629061
0.12331337050488496
0.17115185377816536
0.21618412290074135
0.25827528061875027
0.2974040109367464
0.3337961530837712
0.3678166128092397
0.3994031473225173
0.4289627480050992
0.45646120484736863
0.4818519197274305
0.5049247962028767
0.52530573696624
0.5424217675793412
0.5556243782758865
0.564179802979537
0.5674997242858237
0.5653555817420383
0.5579370449768483
0.5457530216493307
0.5294393635916235
0.5096905955181079
0.48717223192897824
0.4622853495136704
0.4352357702393717
0.406104291172232
0.3749558005115043
0.3415708484860401
0.3057129658779656
0.2671715137534341
0.22580838022575114
0.18144655535899498
0.13418067122672955
0.08443474213897985
0.03291582109858666
-0.01936437535234129
-0.07119663011252014
-0.1214439467426887
-0.16939722290034537
-0.2145598082069545
-0.256702442686422
-0.29598318447427796
-0.3325135430237765
-0.36655877613740345
-0.39827503129508085
-0.427858501658844
-0.45543212434538316
-0.4809101616177916
-0.5040686230021028
-0.5245859985907506
-0.5418478441154331
-0.555181120485981
-0.5639365501784046
-0.5674600446859113
-0.5655212143414751
-0.5582984720463108
-0.5462151054441801
-0.5300720913322887
-0.5104557408333521
-0.48802403308137865
-0.46321121063099957
-0.43625979183726243
-0.4072616146416075
-0.3761088721350793
-0.3428068987197637
-0.3070855461582499
-0.2686352508979354
-0.22738683870996912
-0.18315091047783677
-0.13592745472579232
-0.08626126277204116
-0.03480362615912392
0.01745625105433518
0.06929967997179382
0.11965755196996483
0.1677036496956005
0.21293956138889805
0.2552506696486277
0.29455903050555315
0.33119847478149894
0.365302302771121
0.39713157028411794
0.4268021362624878
0.4544721055903238
0.4800256496865198
0.5032884215704279
0.5238702905017893
0.5412924809531485
0.5547684407788144
0.5636934301824794
0.5674411270018288
0.565727790148575
0.5586333956167221
0.5467700932604074
0.5307407097940198
0.511265899817844
0.4889037691265262
0.46418471593606137
0.4373377339081384
0.40837378667676827
0.37736136546427534
0.34413329064380277
0.3084219041402851
0.27012524386445214
0.22895276349367952
0.18482890443952713
0.1377726853239658
0.08819059832940561
0.03674665382302736
-0.015483177976613322
-0.06737338559490777
-0.11783454539956481
-0.16597319229341095
-0.21134433157531546
-0.25371318804571036
-0.29315461177892976
-0.3298809664195336
-0.36407618718069085
-0.39598110341007836
-0.4257581317824052
-0.45344989282565645
-0.47909850830289924
-0.5024608416745217
-0.5231659850567355
-0.5406933880463068
-0.5543545583141628
-0.5634566637965873
-0.5673669519593149
-0.5658706568935868
-0.5590405314484165
-0.5473033327561926
-0.5314106853449616
-0.5120133102060864
-0.4897654701140674
-0.4651271883414632
-0.4383045843982991
-0.4094920463939367
-0.3785455595151182
-0.3453893553568903
-0.30981175285510015
-0.27160267545721123
-0.23053790625990603
-0.1864889939927931
-0.13955030133542984
-0.09002663530868632
-0.038673955059543914
0.013559096612594645
0.06547940119148903
0.11599856679034945
0.1642454630784736
0.20968801196978384
0.2521785467063676
0.2917607888257654
0.32854207543691577
0.3628609948314342
0.39483300065633176
0.42467926446879856
0.4524895782993975
0.47820307258438743
0.501656381312411
0.5224520108618167
0.540134238335165
0.5539321767806425
0.5631961150999183
0.5673346663313688
0.566027395319457
0.559358054208159
0.5478339975639207
0.5320397217495436
0.512811177423098
0.4906592064987795
0.4661075963096175
0.4393519794967669
0.4105886773203073
0.3797236278161919
0.34664385373693735
0.31116036921374507
0.2730387601085792
0.23210069775843742
0.18817776036164302
0.1413363840460467
0.09190236688586725
0.04057827059583102
-0.011603865565554318
-0.06357697452465817
-0.11415215217548012
-0.16250406012214594
-0.20807787632120153
-0.25064840880503775
-0.2903258204728926
-0.3272624247975303
-0.36161517547664024
-0.39368800564484935
-0.42359979086968574
-0.4514720718744722
-0.4773107945192448
-0.5008305193358806
-0.5217590291103712
-0.5395441143908067
-0.5534981197990164
-0.5629664186682107
-0.5672774855861914
-0.5661656811120899
-0.5597032258783284
-0.5483047213420673
-0.5327026940079461
-0.5135697550015523
-0.4915152258933078
-0.46704010673318247
-0.4404021888382978
-0.4116715469360431
-0.3808933827322749
-0.34792645629110436
-0.31254211424292866
-0.2745202381595623
-0.2336742353157102
-0.18984390707272164
-0.14311178828079435
-0.09377470511585702
-0.042526420510958764
0.009685686382367255
0.061658208242677745
0.11233747302871433
0.1607544749410121
0.20642480096118637
0.24913993235455711
0.2889345930197742
0.32591580252969204
0.36041920806867095
0.39254955789481916
0.422559017001487
0.4504885953199882
0.4763682703893227
0.4999780150012297
0.5210132345846009
0.5389320783773244
0.5530497943122676
0.5626998168678616
0.5672162781838683
0.5663014407873076
0.5600349572482111
0.5488077107909483
0.5333400591295286
0.5143167043628166
0.4923887823052679
0.46798109815732597
0.4414190142525866
0.41278340495210764
0.38207346654896635
0.34918708822679545
0.3138969471889719
0.27597157890765955
0.23525246854677406
0.1915353912596507
0.144904822980439
0.09563111013482947
0.04444833550504577
-0.007743389851486057
-0.059753462418236994
-0.11048776155452528
-0.1590075371959434
-0.2048018390921753
-0.24762993690941235
-0.28751092571246867
-0.32461767143718456
-0.35915202225691295
-0.3913816968204286
-0.42147471415603505
-0.4494945232990171
-0.47545181028247574
-0.49915989431856217
-0.5202931248799273
-0.5383286783328619
-0.5526172806136244
-0.5624129375319566
-0.5671474720870522
-0.5664383051480688
-0.5603544267724401
-0.5493206337644649
-0.5339931198007825
-0.5150703223254446
-0.4932385019647995
-0.46893531919364945
-0.4424356552166323
-0.4138676700081776
-0.38324829709131475
-0.35043500698870267
-0.3152525160142258
-0.27743752395686294
-0.2368070393326658
-0.19318793832524783
-0.1466770141022105
-0.0974945602889949
-0.046355331713579064
0.005835410170044149
0.05786306925249558
0.1086252246832991
0.15724999985743793
0.20315724158988813
0.24608835722966363
0.28607806862593455
0.3232685466064465
0.3579219579450431
0.3902426605403213
0.4204080875239747
0.4485096786971388
0.4745077876016639
0.49833471771491145
0.5195693853129204
0.5377352205376976
0.5521808589846751
0.562160135672473
0.567068063624828
0.5665583397577476
0.5606556907874302
0.5498108640965867
0.5346369871765124
0.5158424620614821
0.49411002423649014
0.46987239175828155
0.4434509039024973
0.41497841316406814
0.38442694352954404
0.35169709193454196
0.3165961478337045
0.2788947382158043
0.23837495486724045
0.19487995408641948
0.14842848994465027
0.09936216456130711
0.04827639891791909
-0.003881880746526212
-0.055945355656570724
-0.1067897104625748
-0.1555217712685851
-0.20149677097624633
-0.24455777157944517
-0.2846329432189975
-0.32193605451405377
-0.35667794962929183
-0.38908065248158913
-0.4193293694877844
-0.4474939120014733
-0.4736010525032595
-0.4974899335119353
-0.5188251541871132
-0.5371283905420925
-0.5516967714889839
-0.5618743131611621
-0.5669767863768055
-0.5666720938558846
-0.560973905126032
-0.5502862146521975
-0.5352606160877766
-0.5166122282901648
-0.4949502447150053
-0.47083261306619417
-0.44447667920756323
-0.41605985277051594
-0.38559609624281377
-0.3529503388523758
-0.31792675079284644
-0.2803382716927727
-0.23990650649285095
-0.19654334478022364
-0.15020618436735916
-0.10123172320475492
-0.050188615012300326
0.001937075803292842
0.05401969258899284
0.1049472869743447
0.15374517393577436
0.19985426779664525
0.24300414384459407
0.28322243813071046
0.3206205677237639
0.3554320582559684
0.3879244978147552
0.4182376066140524
0.4464838562404105
0.4726617295456486
0.49663738701345284
0.5180885068138321
0.536509300419803
0.5512291536518112
0.5615832617148608
0.566890452535332
0.5667898447477664
0.561281529203421
0.550767380047308
0.5358728858845706
0.5173512459668879
0.4958130373071023
0.4717498171006555
0.44547573641978583
0.41715260125090964
0.38674968045097075
0.3541901121942934
0.31928140077221573
0.28177119012582946
0.24145532660756042
0.19819698868627159
0.15197323149095146
0.10308590377671445
0.05210413248504972
6.5356856723217316e-6
-0.0521212641046299
-0.10309480340929346
-0.15198290909925505
-0.1981934213756136
-0.24146793641414976
-0.2817807711602584
-0.3192816963176888
-0.3541985615168239
-0.38673981173697164
-0.41715111649262504
-0.44547748726198055
-0.4717429590981447
-0.4958003871081481
-0.5173349302997404
-0.535887495922176
-0.550782274343998
-0.561276809831734
-0.5667865613174247
-0.5668985477441707
-0.5615879267031394
-0.5512541489813565
-0.5365160740357325
-0.5180907539487153
-0.49665384482803887
-0.47267156126353366
-0.44649871645953587
-0.41822863378461744
-0.38792168613665184
-0.3554451749200942
-0.32060963866321823
-0.28321665097048787
-0.2429969818134321
-0.19985968801065915
-0.1537524450483523
-0.10494930024851061
-0.05402194053590659
-0.0019391815908099395
0.050198284620186426
0.1012408039673941
0.15021216306190882
0.19653346323193016
0.23991100327393317
0.28033544651427067
0.3179237451693906
0.3529478790394947
0.38559718989315844
0.41606492541403933
0.4444674547183567
0.4708009604170524
0.4949531344395251
0.516606154143207
0.5352643698760616
0.5502764285065661
0.5609807485206497
0.5666737907032768
0.5669822335448911
0.5618565748221773
0.5517035134524318
0.5371095026217068
0.5188217463671212
0.49748467786269207
0.47361394608735524
0.4474901489250532
0.41932089848493254
0.3890778694494107
0.35668495779798864
0.3219479344431031
0.2846464806086583
0.24455082745571657
0.20148985558955582
0.1554905626398341
0.10677984342107005
0.05594258553929913
0.003872881000937773
-0.04826888354202122
-0.09937427699678669
-0.14844150548464613
-0.19486594295764517
-0.23837179861399654
-0.27888486690507613
-0.31659593795218227
-0.3516861751949882
-0.3844242809146832
-0.41497386579116907
-0.4434554750067479
-0.46986589306108806
-0.49408912172386044
-0.5158479542253135
-0.5346232549255782
-0.5498002198685223
-0.5606644260148856
-0.566557906183832
-0.567056334728579
-0.5621551992052942
-0.5521588054253409
-0.5377355355911466
-0.5195535415802738
-0.4983315197509188
-0.4745306298862883
-0.448493505177883
-0.4204058522069084
-0.39023572425577996
-0.35792896884209274
-0.3232771081000112
-0.28607390401759364
-0.24608344045026073
-0.20314195302998603
-0.15724073735834157
-0.10863319500927564
-0.05785150709872493
-0.005811659131914249
0.04635666977891755
0.09750553245263499
0.14666176914718668
0.1931944655270968
0.23680708693753988
0.27742379531119277
0.3152317478242527
0.35044543173714143
0.3832562992736851
0.4138671605427972
0.44244063711131587
0.4689459792047399
0.4932436563604988
0.5150789122655358
0.5339882990489176
0.5493145241765801
0.5603408875903874
0.5664543765342632
0.5671464788496076
0.5624295093653633
0.5526196509388362
0.5383375999965708
0.5202937696532602
0.4991770338400899
0.4754571456257941
0.4494955624657476
0.4214799563907284
0.39139646605447076
0.35916824052481133
0.32459692919061917
0.28750530261550494
0.24762780646425292
0.2047965885668187
0.15900170920536966
0.1104807133167032
0.059753758273669924
0.007743834508065831
-0.04442746619228771
-0.09564940206047294
-0.1448910209749743
-0.19153572800210866
-0.23524297698691207
-0.27598684060454265
-0.31390158535760243
-0.3491820678581431
-0.3820740198507577
-0.4127806147028019
-0.44140841010827003
-0.46798676758119084
-0.49238825296831334
-0.5143369105168091
-0.5333481242193575
-0.5488112106839631
-0.5600345108469402
-0.5663096713214311
-0.5672051892047087
-0.5626817381973103
-0.553055708546365
-0.5389408264532087
-0.5210160001972716
-0.500000512135993
-0.4763665187444863
-0.4504928100745884
-0.42254682018984613
-0.392557040703153
-0.3603982923373773
-0.32591727295415196
-0.28893368337256725
-0.2491443223194814
-0.20643233547857742
-0.1607493210524155
-0.11233164975346238
-0.061665701337270534
-0.009675477620996084
0.04250907634390837
0.09377796916613554
0.1431088789354359
0.18985957771584056
0.2336800975821294
0.27452378345836664
0.31253461207583466
0.34791840100881666
0.38091015922716825
0.41167609187900006
0.4403929262783819
0.46704815818143836
0.49152634288602765
0.5135666890459788
0.5326970257299884
0.5483134899136923
0.5596922889805936
0.5661596441473445
0.5672710761890866
0.5629485713392309
0.5535079047155078
0.5395446654564768
0.5217394869735819
0.5008232390116364
0.4772828672773249
0.45150021276530683
0.42362032783266057
0.393689484996102
0.3616376797602652
0.32725672651093995
0.2903443019168075
0.2506706810515829
0.2080642727206823
0.16250172632379037
0.11415325739027413
0.06357591307808985
0.011618454361116333
-0.04059048363705895
-0.09189882249593545
-0.14133042525011474
-0.18817613880681322
-0.23210337182770563
-0.27306177188632863
-0.31116915582628424
-0.346660900538242
-0.3797157527288335
-0.4105688843405559
-0.43936199729444614
-0.4660829192636735
-0.4906665596559178
-0.512804597880405
-0.5320623253924983
-0.5478028122531841
-0.5593558093419673
-0.5660241881103245
-0.5673305974915126
-0.5632087881822536
-0.5539476204596574
-0.540123125285749
-0.5224733984782755
-0.5016459864751549
-0.47820188931767715
-0.4524862951306003
-0.4246777678025808
-0.39485355388695864
-0.3628503310322952
-0.32857290767012315
-0.29176611588967033
-0.25221417224408044
-0.209693137949011
-0.1642262131024588
-0.11598516313213605
-0.065483135558266
-0.013573082292909728
0.038668528808894216
0.09003383760208854
0.13954449739391933
0.1864917406708825
0.23052630307738478
0.27159944706673417
0.3098156984899681
0.3453753232675391
0.37853966266998185
0.4094728562728631
0.4383329746267568
0.46513847130565367
0.4897880987046239
0.512016949157335
0.531396696381135
0.5473052067735557
0.5590103070339585
0.5658665106516841
0.567380100857266
0.5634660707543871
0.5543852033365273
0.5407107312153235
0.52317663439287
0.5024728588519924
0.4791079723257151
0.45349728682269475
0.4257605813600715
0.3959919487897254
0.36407691465809994
0.32989508367626796
0.29317288771291233
0.25369359858781754
0.21131156260938783
0.16597296965317604
0.11783866131386382
0.06737953713536678
0.015505757609131423
-0.036754875337694955
-0.08817232731385598
-0.1377502243107283
-0.18481027568176617
-0.2289485942110545
-0.27013394684332104
-0.30843985747198194
-0.34412215591502543
-0.37733898179726527
-0.4083706326421837
-0.43729109166473656
-0.4641725479398041
-0.4889281753524223
-0.5112427405277645
-0.5307422560455278
-0.5468029132885942
-0.5586545662460313
-0.5657151285820041
-0.5674532952876746
-0.5637031374401135
-0.5547940422550258
-0.5412661128712256
-0.523873776100862
-0.50327065761448
-0.4800221549177129
-0.45447209564616065
-0.42681763151248847
-0.39712743506920856
-0.36529926127113954
-0.3312112534953731
-0.2945627975906832
-0.25521859756964355
-0.21295646968918944
-0.16769544754174945
-0.11965124952041523
-0.06927325115064505
-0.017425875665030885
0.03481365118221817
0.08627110578051982
0.1359613002964709
0.18312017532620598
0.2273607623280489
0.2686398147145536
0.30706839786780143
0.34282733786556746
0.3761502664810812
0.40724829321991524
0.43625878865771095
0.4632307219003854
0.48805311429193865
0.5104683209212906
0.5300755760747231
0.546262802685325
0.558293520487523
0.5655476363106507
0.5674729051614783
0.563943398783146
0.5551906597301276
0.5418513621467826
0.5245686917352579
0.5040944032655614
0.4809157896874226
0.45546529750217796
0.42788303692125107
0.39826772315699166
0.3665174084391928
0.3325045725953612
0.2959933157726904
0.2567569203140599
0.21456969382799493
0.16941780208745108
0.12146883563405714
0.07118391984106984
0.0193493242672468
-0.03288554243389475
-0.08443154643106453
-0.1341728787059395
-0.18141332560467538
-0.22578764762106324
-0.26717363409020367
-0.3057026432039508
-0.3415596720482157
-0.3749491811193544
-0.4061329073158864
-0.4352144845961125
-0.4622694164810923
-0.48716496041752
-0.509668674045173
-0.5294080369775878
-0.5457245948657353
-0.5579483432093022
-0.56536152713325
-0.5674984058486693
-0.5641449030232398
-0.555636056518646
-0.5424212489807981
-0.5252990540335511
-0.504909014368118
-0.4818265708218266
-0.456438922366518
-0.4289339577682888
-0.3993888125550317
-0.36772588044289944
-0.33379376838707
-0.2973857824693006
-0.258217584956385
-0.21619811232804892
-0.1711559442431165
-0.12329320207328463
-0.07306434468342714
-0.021302125451746066
0.030934470429821226
0.08252624737539054
0.13235733596030277
0.17970957150422917
0.22419341755856245
0.265725933320985
0.304344290922905
0.34026863043199845
0.3737648044443796
0.40500957967100754
0.43418254350402324
0.46131383845296414
0.4862796059326129
0.5088993956982105
0.528741495879703
0.545189479056032
0.5575598136099618
0.5651543784166444
0.5674852860409281
0.5643647621076766
0.556032307353283
0.5430202303578434
0.5259734111751712
0.5057099554600223
0.482715332370408
0.4574228908424497
0.4299923023152436
0.4005429990753949
0.3689455806676718
0.3351031176380516
0.2987782032075928
0.25974150629443227
0.21780537660795135
0.17287389127265468
0.1251132833777037
0.07498220510273483
0.02323145416389513
-0.029011545475955466
-0.08063979952104067
-0.13054501906943655
-0.1780044366931049
-0.22261559816792703
-0.26421911035601275
-0.30294803418716176
-0.33899084354004394
-0.3725618408703914
-0.40390320177457556
-0.4331419932937289
-0.4603147748535253
-0.4853967461586002
-0.5081295839814967
-0.5280646285703054
-0.5446810508224065
-0.5572065379432359
-0.5649923391188149
-0.5675261407839991
-0.5645651630544021
-0.556413933970232
-0.5435472932488428
-0.5266919871393397
-0.5065168086764739
-0.48360797179864995
-0.45838792272903894
-0.4310330625121407
-0.40168130268654906
-0.37015193011806996
-0.3364145346901794
-0.3001970139609208
-0.26122038712942514
-0.21939147665250025
-0.17458177856747606
-0.12695581128112376
-0.07686633414965802
-0.025201991112580677
0.02708808997760253
0.07873819281750004
0.12872792865754687
0.17631442192052563
0.22099467645727658
0.2627155490926213
0.3015411565822113
0.33770413612273464
0.3713504805505649
0.4027508111200529
0.4320530302716264
0.4593507150906061
0.4845039483703321
0.5073087462779475
0.5273792584568585
0.5440905418068632
0.5567944311861704
0.5648074430307694
0.5675220115257195
0.5648109851694357
0.5568213432641907
0.5440960070545877
0.5273817668365609
0.507335066273588
0.48450469018997
0.4593516798884574
0.4321023812114368
0.40278462443283614
0.37134984249667374
0.33769319523006086
0.30152976380387597
0.26272540579257647
0.22098928817640828
0.1762770674799461
0.128745889008903
0.07874451171154263
0.027107565226969825
-0.02518087895359686
-0.0768648850167003
-0.12693345164550648
-0.17458463277174993
-0.21941730468581785
-0.2612388200549038
-0.3001454864555867
-0.3364134973479321
-0.37016083509967157
-0.40164203221367084
-0.43107978013853343
-0.4583861654277259
-0.48363313131757923
-0.506520231343545
-0.5266765576033756
-0.5435485397117624
-0.5564450934998522
-0.5645869801472686
-0.5675169082784681
-0.5649815578969303
-0.5571955251307704
-0.5446471320953914
-0.5280740638672345
-0.5080814062626513
-0.4854166577306426
-0.46033611644170036
-0.433155728288229
-0.40391957299172193
-0.37255276530908993
-0.3389363902174146
-0.3029445251332671
-0.2642376772337459
-0.22260750006266256
-0.17800755224633064
-0.1305488778054707
-0.08063651295597547
-0.02903912090340088
0.02325752423244833
0.07494434668261285
0.1250694311299329
0.17287457615364082
0.21777181490580502
0.25973131432631064
0.2987840034070328
0.3350801870058671
0.368963990697947
0.4005062731020467
0.4299815700112926
0.45738726116437006
0.48268389311949284
0.5057119960328013
0.5259790580428934
0.5429952301055202
0.5559776961864276
0.5643683880414454
0.5674996849300094
0.565181150466532
0.5575646203409073
0.5451879476672167
0.5286940683906791
0.5089269714462257
0.4862724952331743
0.4613166024159704
0.43418297046657744
0.40503381532704213
0.37374926426283817
0.3402894335088091
0.3042926311533945
0.2657070314978406
0.22420684157076282
0.17969411121259046
0.13234358530632534
0.08248287423125245
0.030935134597133974
-0.02131817638243255
-0.0730704313555113
-0.12328658711230585
-0.1711809331037426
-0.2162009938729183
-0.2582764563200128
-0.2973975233624864
-0.3338076160214252
-0.36773225963400236
-0.3993850101964185
-0.4289675303768096
-0.4564801479601303
-0.4818311459967826
-0.5049362058987912
-0.5253191554954519
-0.5424321711343248
-0.5556403393408406
-0.5641740595729471
-0.5675135185919363
-0.5653542172217134
-0.5579705099626551
-0.5457365132679173
-0.5294292502083121
-0.509666702996398
-0.4871828593221681
-0.462306187328693
-0.4352449993151189
-0.40614862073703223
-0.3749614164676159
-0.3415725311492914
-0.30571225306679495
-0.2671795735370657
-0.22577395484097532
-0.1814061999114015
-0.13415761539559423
-0.08442181448504654
-0.03290571476092804
0.01935048691052493
0.0711523252394273
0.1214682476588679
0.16942151672104613
0.21457771389460828
0.25672162500130635
0.29597490669277515
0.3324497190432265
0.36652186490545263
0.39823731343680546
0.42786967439997264
0.45543268750005156
0.48088285834255134
0.5040840354841997
0.5245415776518584
0.5418667104699642
0.5551849579473662
0.5639022070974744
0.567421377049922
0.5655364717169854
0.5582512063399508
0.5462621988430271
0.530041665981417
0.5104563464465202
0.48801812870452094
0.46320662883265884
0.4362426880475971
0.4072480346016917
0.37612354503138495
0.34283555295258467
0.30705745078479857
0.2686029693301909
0.22733408595425172
0.18309967121402337
0.13590102345255942
0.08627616869843883
0.03474271707827964
-0.017453737944020296
-0.06930946192692906
-0.1196921230760089
-0.16772854283377917
-0.21299286155109634
-0.2553209173128727
-0.29466307929284913
-0.33123207429611234
-0.36536526675027303
-0.39716260315906876
-0.4268650738590082
-0.45451518837475813
-0.4801197798178032
-0.5033557491433195
-0.5239640435624118
-0.54133859397336
-0.5548312285541391
-0.5637526608933938
-0.5675047448878565
-0.5657835405918337
-0.5587053418663506
-0.5468428206997137
-0.5308551163951472
-0.5113418474738112
-0.4889741812007649
-0.4642622629847677
-0.43739302541820896
-0.40845613571686157
-0.37740110121151005
-0.3442202901605577
-0.3085368859853204
-0.2702251668033635
-0.22912042073179756
-0.18492163746994544
-0.13786445638809194
-0.08829100055590246
-0.036873218639724814
0.015359858155564609
0.06720524850240622
0.11763554684526364
0.1657831446508258
0.21115654893938754
0.25353983771980954
0.2930314629195624
0.3296773438011623
0.36391328870087114
0.39577874389994233
0.4255439714543878
0.4532641537812165
0.478888248788907
0.5022341315283222
0.5229193324059229
0.5404830282944223
0.5540944644385029
0.5631850108690328
0.5671353627675967
0.5655556788648538
0.5587042213888688
0.5469949587160606
0.5310750620830833
0.5116264394350533
0.48946844132043665
0.46476298014934103
0.43794919084612693
0.40905282623856176
0.3781244161021118
0.34498217538339504
0.309363935675762
0.27112161443988925
0.23004430418266955
0.18599847812510445
0.13901202846784486
0.08947433079082541
0.03805978924327416
-0.014145404023174542
-0.06609620736838667
-0.11670446748869574
-0.16496818684554868
-0.2105049648197334
-0.2530395698265098
-0.29260164484910667
-0.3294391787995519
-0.3638159535321142
-0.39585196791491
-0.42572317115262126
-0.4535669789272171
-0.4793696624922803
-0.5028443748019983
-0.5236775269558145
-0.5414319061728101
-0.555298626959962
-0.5646772263121512
-0.568887422245133
-0.5676675657631598
-0.5610593181768404
-0.5495598817475703
-0.5339283683305242
-0.5147407639100245
-0.4927301833815685
-0.46824108943286225
-0.44161956890317444
-0.41296091211699143
-0.38224180278828224
-0.34937043590041084
-0.3140272781558406
-0.2761040345503304
-0.23532836941754628
-0.19161833320406466
-0.145044086116973
-0.09584149009763304
-0.044827104964144764
0.007166594567765999
0.058770081872866406
0.10899589543391668
0.1570583589534074
0.20234910331592823
0.24444571732555406
0.2836641631637799
0.32013429459252774
0.3540866433275191
0.38564399812628386
0.41501041120523346
0.44224111203740657
0.46740354292232256
0.4902705548540601
0.5104612130484615
0.5274818124449775
0.5407149628991902
0.5492948139057904
0.5526840763781795
0.5506242759890112
0.5431277007070735
0.5305804874196401
0.5137738949034545
0.4933460035296015
0.46983472098383217
0.4438632515526379
0.415552253831791
0.38509340190028435
0.35243925746324456
0.317414024922062
0.2798335864019013
0.23954653541581966
0.1962345635828788
0.1498735172292039
0.10043063658692575
0.04844037844280082
-0.005505152103507407
-0.0602453492314517
-0.11441847836260723
-0.1667296786610612
-0.21598886943252182
-0.2615160354387396
-0.3026468721465092
-0.3392212552339861
-0.37114099959510755
-0.3986599757650253
-0.4219264671111387
-0.44126629307067544
-0.45680742308663036
-0.4684486437676237
-0.4759625169421823
-0.4786547327527066
-0.4760743091771614
-0.46742451803358415
-0.4522737485033754
-0.43024236928551174
-0.40173434363385824
-0.3669731764071982
-0.326749114250943
-0.28239851909752534
-0.23499188473569052
-0.1861196442904111
-0.13716793889172302
-0.08934901322536352
-0.0438645304712086
-0.0014932214724461903
0.0372710118220185
0.07220090879959684
0.10328366428927445
0.13065133234701076
0.1542294472244279
0.1742037242322819
0.1901928776660389
0.20221684287376088
0.2100924086435553
0.21374767767611566
0.21313054286383312
0.20830053202540577
0.19944134927537424
0.1870126342391744
0.17136163360470502
0.15331448294349276
0.1338241756310767
0.11373072629113828
0.09380886695859417
0.07502102154462299
0.05795970446654197
0.04300083249869253
0.03042719345539653
0.020322960304208295
0.012312164569584196
0.006222641468766308
0.0015498997950750427
-0.0018639779586209053
-0.004327695455906144
-0.006024751971930465
-0.007205050521686763
-0.008055922571966353
-0.008545325363883917
-0.008738435346194676
-0.00885225974330758
-0.00885391530114471
-0.008702682542785813
-0.0084598123832231
-0.00825633496707655
-0.007890964215699884
-0.0076205815944266585
-0.007304339836126158
-0.006982676976864543
-0.006664751891695865
-0.006344685870597244
-0.0060994213132063504
-0.0057623020127970034
-0.005425745764713911
-0.0051723032872068005
-0.004875808942774815
-0.004597092475051814
-0.0043640651156259804
-0.004174975504639386
-0.0038867689792679845
-0.003655678956439905
-0.0035768639913960087
-0.003310825724810736
-0.0031527957122474883
-0.0029138527771864465
-0.0028723077396189418
-0.0026793134510107314
-0.002510391799676599
-0.002387855009264864
-0.0022394261335494025
-0.0020962931156040263
-0.0020012190532907466
-0.0018933950004563762
-0.001790480202001924
-0.0017373715656566321
-0.0015826671595372667
-0.0014952438264774785
-0.0014678454388397054
-0.0013013474755809136
-0.0013255661346117287
-0.0012947287107678562
-0.001193326593329192
-0.001107257145811209
-0.0010302973126525596
-0.0010522538155718544
-0.0009608015692227808
-0.0008748907999982827
-0.0008761104565665515
-0.0008757600890063989
-0.000815314759884653
-0.0007413829283116348
-0.0006891936683251336
-0.0006587309714567252
-0.0006315911459828573
-0.0006292354979380938
-0.0005620282433623021
-0.0005360396404793986
-0.000571341192574975
-0.00046823978896353666
-0.00048254775378566686
-0.0004182588637386237
-0.000421399003822963
-0.00040803844697793177
-0.000347867915368638
-0.00037297986254574604
-0.0004081844618936668
-0.00033426168099000395
-0.0003431395819392468
-0.0003072632271874934
-0.0003228159154366275
-0.00028905625508124664
-0.00032110960020265286
-0.0002810816417648141
-0.00029788812859447687
-0.0002939464297918142
-0.00017148563274109246
-0.00019521510500778794
-0.00024237290926964778
-0.0002592767777845308
-0.0001804554307087359
-0.0002308090056887201
-0.00024122598910087797
-0.00011607340024452228
-0.00016549985788136772
-0.0001959074557524929
-0.00018491732160365337
-0.00014640837714583987
-0.00013126597947718446
-0.0002303216257213106
-0.00012308690058869935
-0.00013874548355760952
-0.00010611319331929981
-0.00016616708587690536
-0.00015288923161794584
-0.0001383751357417159
-0.00013216726018644185
-0.00008292812507454953
-0.0001031185864009169
-0.00008270725756329363
-0.00013919032842987092
-0.00012010387768413651
-0.00013277924172522872
-0.00009218661197826638
-0.00010236189485917307
-0.000123679992696099
-0.00009939579367691926
-0.00010159581613155263
-0.00009712456935011027
-0.00008432555690106521
-0.000035141388718637954
-8.441478585339062e-6
-0.000052346862817397095
-0.00006141629431694122
-0.00008572570506583823
-0.00008030492643147968
-0.00007283468786925457
-0.00005629079983467815
-0.0000290925262659608
-0.00009299414448377082
-0.00004601757242163685
-0.00006514611309401904
-0.000039024433806670305
-0.00008834548325456338
-0.00006538439984229153
-0.00009332971407208191
-0.0001007905704514504
-0.00006039087212480556
-0.00012736768922984293
-0.000054846292604641535
-4.889589499432217e-7
-0.00004487871890551366
-0.000029383042208249692
-0.000023367476303574982
-0.00006031406714480963
-0.00003074434200175222
0.000011976079551288109
-0.00004655847268323759
-0.00002159631880933706
0.000026858309227985465
-0.000053072065330144136
-0.00012896932236609786
-0.00007383512036655216
-0.000018573097308101552
-0.00011806459299583321
-0.0000410849179409954
-0.00004511861871261459
-0.000028466315318807443
-0.00009215296877467381
0.000010817572564238555
-0.00005043988126378885
0.00006967292156506839
-0.00008675216807364348
-0.00005655764998221695
2.670558928898773e-7
0.000011212959972141677
0.000016148003851456773
0.00003449590090800691
0.00003005615438821152
-0.000032573826998259595
-0.00001664413316207915
-0.00006798270217293357
0.00003407579391716511
-0.00005119756771951584
-8.690016895315845e-8
-0.00007326190165672352
0.00007455311515464571
-0.000045529658027918495
-0.000049781937266733365
-9.058449408541041e-6
-0.000056053160471422256
0.000028608449162729465
0.00001743855394051166
-0.000024161932549571714
-0.00005240374983587506
-8.432650060175323e-6
0.000013289250188547775
0.000010235875258027899
5.8964340357447214e-6
-0.00006843211995476712
-3.1934178716237677e-6
6.618425165205201e-6
0.00004075936448261231
-0.00003412983451346573
5.310503813090005e-6
-0.00008351949381443196
-0.00003099328183701236
-0.000025867160111134747
-6.602274185630994e-6
6.8169087216673236e-6
-0.0000688193935132092
8.555486863584385e-8
0.00007613891439236095
-0.000018239004560321626
0.000026578129870678612
-9.34447333790582e-6
-0.000020249232065077297
-0.000049772206016512576
-7.918009453429172e-6
-0.000017965609970845496
0.00004300497565453538
-0.00002942922708588922
0.000045043918480017535
-0.00005801081737207577
-0.000028877104199950224
0.000014219392941239248
4.2019273244406655e-6
0.00006258765414744917
9.002214606918492e-6
0.00001552428759949942
-0.000019151583734347257
0.000026808949532847415
-0.00004083762953339258
-0.00003891288561844206
0.000042890245598888155
0.000026004836047475923
-0.0000629579136610947
0.000050163418734771074
6.39179819303405e-6
0.00004441316185587649
-0.000041573232394619536
-1.0068296749703598e-6
-0.000011228298141479796
0.0001520227876312541
