0.000028566834619251905
-0.00004191964312873149
0.00007511396098241606
0.000046975542426331584
-7.036547289750636e-6
0.000024770230568129796
0.000023813036986507167
0.00006062386813086462
0.000057981597370182955
-0.000013450241066817355
-0.000010523965858924618
0.00007419691261841472
0.000013275846089037994
-0.0000682901295616435
0.00007077670092102478
0.0000782530626701909
4.418461132425234e-6
-0.00004968096829059736
0.00005399443733169389
0.00001242822391528818
0.00006066765768878365
0.00007377289093726886
0.0000272037564799098
0.00006847488695855518
-6.691128664298729e-6
0.00005279999115590791
-0.00001768348912324168
0.00004864174335724424
-0.000019740117789994586
0.00009566380564298654
0.000064479469581236
0.000053699351185959086
0.00012300519500319556
-7.809092644852076e-6
0.00004691101537564619
2.0568351968883967e-6
0.0000832032572702146
-6.0738979676696654e-6
0.000041475938592538094
0.000028887097559613108
0.00007024886716859998
0.00004199023108871818
0.00008022358675728098
0.000023710648730940513
0.0001138865761578347
0.00014166053686923803
9.040876710885782e-6
0.00016119756892689878
0.00003332441583209258
0.00003956608859131956
0.00009381364825107098
0.0000616665214262913
0.0000119366511331577
0.00011509113616292544
0.00005397519564537514
0.000019287051703093575
0.000035812012716265624
0.00013549726766763363
0.00004276954693104089
0.00006199985458274287
0.000016334102622139193
0.00013142946533265567
0.00010848081919632738
0.000024173922790339286
0.000041903273108404634
0.000035186899289890715
0.00015441750301870043
0.00005126623516250477
0.00014255059348542614
0.00006189407376869473
0.00011515186861073138
0.0001099740734035212
0.00004918476557324563
0.00015600241466350896
0.00016904213695161744
0.00009259437250095047
0.00009897783487062948
0.00009508712754213494
0.00015344349919990078
0.00015528870114316063
0.00015811473554195107
0.0001120243429439001
0.00015268668430068065
0.00009398135542658928
0.00019273404180967206
0.00011983726915230267
0.00018124128972910286
0.000141826679795187
0.00017463150026206193
0.00008431446725043174
0.00016650686542131788
0.00021595755773121553
0.00013588668023476215
0.0002149555259295632
0.00018715390628020365
0.00023213889932313488
0.00018509975388102814
0.0002264210226533919
0.00018253998543289529
0.0002639962564314117
0.0002923751827536288
0.0002678137380834495
0.0003284819401763604
0.0003371288090967183
0.00037204142779934297
0.00030045629106166766
0.00035454268576164144
0.000358530941398148
0.0003605760300533123
0.00040102070102586516
0.000437075086439671
0.00038177388178302184
0.00047061683278471633
0.00042807032741002353
0.0004751331124124932
0.00046631880136151785
0.0004839283182563068
0.0005223988845699104
0.00053121987359997
0.0005744457994356306
0.0005982132528399069
0.0006802920365943418
0.0006612886633293079
0.0007246991732849605
0.0006815391144682142
0.0007973985969269416
0.0007415345312955817
0.0008685246213181899
0.0008706586468947662
0.000928082012472786
0.0009306203153742624
0.0010028490530828399
0.0011064486137456217
0.0011022249821304201
0.0012269859527355117
0.0012268668093975937
0.0013425920506474193
0.0013485518514340232
0.001412049573516447
0.0015699218110795368
0.0016853870704324858
0.0016881257960225456
0.0017052189041672908
0.0018880064678941523
0.0019676719204839476
0.002074260632459438
0.0023141429575853074
0.0023004899123795592
0.002567241544043191
0.0026827210764255533
0.0027774570772560944
0.0029338004421176973
0.00302506027043163
0.0032653341489097608
0.003483553261613364
0.0037210647699495174
0.003884770699867577
0.004156750303603999
0.004420395984082287
0.004708550300071455
0.004998994093766872
0.005141078634625941
0.005542747730596987
0.005777763831722977
0.006170203225607315
0.006482563091923665
0.00679850624809192
0.007212174744057864
0.007571653459588438
0.008049588771302869
0.008423631943440202
0.008833551485143499
0.009338110545594663
0.009770156084095656
0.010348238421504206
0.010706055725794047
0.011056113335989829
0.011486707370957501
0.01184744103965891
0.012083834127739028
0.012238711604103085
0.012361673938513904
0.012147652119232912
0.011672864534635929
0.010881426055440782
0.009561540899697662
0.007682227499503246
0.004917487451236562
0.0010782861345536628
-0.0041981284890926975
-0.011024779273206999
-0.019948247053869172
-0.03082241445947211
-0.04402499543657293
-0.05914265721148043
-0.07575643534067317
-0.0934058655373261
-0.11122232315052831
-0.12859182824076265
-0.14454058211138462
-0.15833726094424785
-0.16924580004066084
-0.1767385041625243
-0.18043353917721608
-0.1805162064271347
-0.17683957498822536
-0.16985249054876117
-0.16002361353356145
-0.14786031310236117
-0.1335983609294739
-0.11753472571435052
-0.09960890899840018
-0.07986139113289777
-0.057982821751553594
-0.03357450912992899
-0.006629903305681232
0.022750762595086585
0.054576281189915435
0.08865769893577376
0.12462841310405537
0.1621035690979215
0.20023550188058506
0.23843274473444664
0.2755636801916667
0.3108435397530166
0.3434715111604361
0.3724388612657504
0.39701511864908945
0.41638174227381713
0.42980789715580264
0.43663100233760466
0.43647109741051054
0.4289863669470397
0.41418460633862697
0.3922816900834634
0.36391705710393546
0.32977877720844845
0.2908782229828758
0.24805754537992647
0.20208128630217068
0.15356298910849928
0.10261453152994633
0.04963709734020214
-0.0053355108939302925
-0.06213564686861056
-0.1202703099294362
-0.1791956910441437
-0.2378468253343104
-0.29536166655078055
-0.3503723458472411
-0.40148794908817814
-0.4475058791662458
-0.487342845286747
-0.5203527819794083
-0.5463979246951178
-0.5654507123909496
-0.5774619677768542
-0.5826665966860788
-0.5812559612681737
-0.5728523915623843
-0.5576594847772635
-0.535313979605602
-0.5058087709764229
-0.46937598474664505
-0.4261706775784838
-0.3772300906440774
-0.32347726828535955
-0.2660182634884295
-0.20624608732099756
-0.14476237657247318
-0.08241139612732416
-0.01956655692431788
0.0433408575080723
0.10621314410826256
0.16856411081004166
0.23004159267373203
0.2897808870881349
0.347107462264979
0.40051528208130555
0.44908025892400283
0.49178466404782334
0.527800072565613
0.5568168622940683
0.5787311723388583
0.5936350950730587
0.6016635766555918
0.6028847231595361
0.5974855826673349
0.5851671277670094
0.5659337119108443
0.5395708625000271
0.5061689032330651
0.4658714415191578
0.4192259588935422
0.3673775744607029
0.31118123637255796
0.2519358786331052
0.19061000634874953
0.12816256616722638
0.06493481042864604
0.0014210138258878408
-0.06204337978177731
-0.1252329311882734
-0.18771450704325798
-0.24892409366284232
-0.3082254604890308
-0.36425665381242534
-0.4162509014591224
-0.46273577943565114
-0.5029100638568401
-0.5362557946928352
-0.5624787428282104
-0.5816217671712745
-0.5937631236593098
-0.5991642386400547
-0.5977303299991608
-0.5895153062915237
-0.5744450148500166
-0.5523726667312931
-0.5231526890189672
-0.4868516836310916
-0.4439628604806634
-0.3951465045948609
-0.34129820326982263
-0.2837852620128186
-0.22365731936272715
-0.16187260274094892
-0.09909727722708246
-0.03583233775755239
0.027561030624105146
0.09086931311992646
0.15366293371300818
0.21570192771001473
0.2761472807237783
0.33404863263958706
0.3885282353150026
0.4381686376452801
0.4819915727005572
0.5192183651241826
0.5494531477888445
0.5726012123094657
0.5886483582010916
0.5978651247196156
0.6002447152611674
0.5959260937101464
0.5848126728904507
0.5666307218716212
0.5414420771089924
0.5091906109447933
0.46998286416067386
0.4243613915578685
0.37325022201879016
0.31767710314307573
0.258854616505808
0.1978786557142099
0.13566250040848782
0.07261375869786856
0.009181379503391797
-0.0542509293422348
-0.11738498790873736
-0.1799606371857961
-0.24140219710722616
-0.30086951017480607
-0.35748300498109953
-0.41000903864718197
-0.4572887144166693
-0.49840230944177544
-0.5326788703181492
-0.5598824993608532
-0.57998195334229
-0.5930977799289899
-0.5994647142450407
-0.5989537038725306
-0.5916781429809084
-0.5775768505526785
-0.5564890520933016
-0.5282130242916868
-0.49290010527161693
-0.45094115019356645
-0.402874809058412
-0.34971100363708807
-0.29262598080828756
-0.23280447393746537
-0.17111542679628688
-0.10848519109747978
-0.045255457096163534
0.018152845241367125
0.08154656426099673
0.144497646305008
0.20666678390099233
0.2673290221975679
0.3257245363859333
0.38072128781365133
0.43108825326848516
0.47589013451168544
0.5141121560886406
0.5453690362627176
0.569527120680572
0.5865674622442598
0.5967851915222198
0.6001404601919403
0.5968094954397574
0.5866141738023964
0.5695014339788897
0.5453686701661394
0.5141337860067471
0.47577574937648454
0.43113767548975057
0.38067625091502155
0.3257187406888078
0.2673152107170098
0.20663932968908835
0.14447042837362256
0.0814818187930862
0.01809575844986834
-0.04525936646944637
-0.10852436928494359
-0.17120160780032964
-0.23279969174818985
-0.29261011838520656
-0.3497629466194624
-0.40289803315666634
-0.45095234321461336
-0.49297064330994406
-0.5282810885644782
-0.5565288510390601
-0.5776433291800905
-0.5918054672509113
-0.5990039946492904
-0.5994819878136348
-0.5932138424437523
-0.5801068925672501
-0.5599861627948778
-0.5327128885111713
-0.4984540065199057
-0.45739484699926425
-0.41011820867299936
-0.3576001221132151
-0.301030747474924
-0.24148089390910543
-0.18008210476259487
-0.11753095949508027
-0.05435910104534306
0.009053944533509486
0.07243003388299167
0.135484556438254
0.1977580408187676
0.25877202870713695
0.31754351567609446
0.3730673120125679
0.4242527038528518
0.4698373492937484
0.5090011384764828
0.5413335625307146
0.5664507259534619
0.5845737514620192
0.5957337158561576
0.6000807079143926
0.5976626007987942
0.5884607752573365
0.5723640607682535
0.5492251206789578
0.5189666184240094
0.48170449868514176
0.4378496278155903
0.38821962063836746
0.33378164737356353
0.2758540114867169
0.2154009485190585
0.15338224941166698
0.09049838421771574
0.027197464321451863
-0.0362370301264836
-0.09949719575896487
-0.16229547340622197
-0.2241234197203599
-0.28427653381788476
-0.34179347032435325
-0.39556034760883024
-0.44454668403673114
-0.4874425169333131
-0.5237103315235828
-0.5529655171809302
-0.5750847021273912
-0.5901995096796341
-0.5984079578694153
-0.5998447843245249
-0.5945646545818469
-0.5823906505646976
-0.5633320098403142
-0.5371477400822362
-0.5037962946395321
-0.4637027997546463
-0.41721402267617247
-0.36538282415040235
-0.30928956279603126
-0.2501172455970471
-0.18894612107631403
-0.12650145395736018
-0.0633832134512953
5.232684336807906e-6
0.06338220052998661
0.12651756464233826
0.18896182394025712
0.2501559533260464
0.30934470339803277
0.36538290644857596
0.4172162960555125
0.4636896738533458
0.5037939537205656
0.5371135485878701
0.5633252020787876
0.5823992104883732
0.5945213826917183
0.5998420911433592
0.5984200743213913
0.5901712796574651
0.5751102880933705
0.5529511972616178
0.5237044991159792
0.48741037709135
0.44445585147771804
0.3956484895648136
0.3417922765842159
0.28432483272541464
0.2241525746991061
0.16228670148594637
0.09949635172753077
0.03622557561570035
-0.02719366330198333
-0.09051732465405218
-0.1533449551364132
-0.21538058713727506
-0.2758147109043995
-0.3338071685933024
-0.3881701572054663
-0.4378734119747108
-0.4817018389573764
-0.5189479980977658
-0.5492246843681642
-0.5723881993185401
-0.5884415670144714
-0.5976288065631025
-0.600032660577706
-0.5957472718485411
-0.5846058188808536
-0.5664496304044863
-0.5413284187641689
-0.5090274974880099
-0.46978200693711875
-0.42421292413885936
-0.37307029971720496
-0.3175170687271519
-0.2587708319824785
-0.1977686752424623
-0.13547398054937712
-0.0724330061621135
-0.009029105701385863
0.05432001213439195
0.11753191746675644
0.1800849485881276
0.24150329470909235
0.30102954607490295
0.3576218731636466
0.4101346370110292
0.4573864842186082
0.4985331183723017
0.5327764988420325
0.5600076543269372
0.5800868503211715
0.5932382166669006
0.5995247127283746
0.5990017452598263
0.5918194256509622
0.5776703779752723
0.5565630157197803
0.528304233765438
0.4930300058043196
0.4509740762215131
0.40292304692883973
0.3497485396886711
0.29268994393672115
0.23281793236022874
0.1711713421251635
0.10848697612822468
0.04528197694754222
-0.018120666967548528
-0.08147391169741162
-0.14447011665131745
-0.2065647570873527
-0.2673076664756009
-0.3256692460747926
-0.3806926697935823
-0.4310840926546313
-0.47584668880856634
-0.5140586606752879
-0.5453028435184565
-0.5694781325071139
-0.5865839075207965
-0.5967699584974638
-0.6001556311562065
-0.596761081398217
-0.5865839000207894
-0.5694944040075869
-0.5453172559780981
-0.5140453643665749
-0.475806411264019
-0.43107957183490997
-0.38067809187113566
-0.32570836426195965
-0.26730978602928357
-0.20658801318111014
-0.14445329397945397
-0.08148541479760973
-0.01814659887998651
0.04530985528959551
0.10851429641273799
0.17123722557378365
0.23283844817646826
0.29263965724075824
0.3497685023528268
0.4028890772443578
0.4509843922508761
0.4930243793695405
0.5283008253292226
0.5565800798579498
0.5776591334943626
0.591783033811918
0.5990336551367517
0.5995531092129734
0.593250093200715
0.5801109737507177
0.5599813434250287
0.5328025488768166
0.4984818947239463
0.4573828689140998
0.41013365351541503
0.3576141702216175
0.30104633725743807
0.24152865379356966
0.18010459693687259
0.11751296070380328
0.054319863423276375
-0.009065866602187361
-0.072457305474817
-0.13550048396026915
-0.19779313306539015
-0.2587519880009112
-0.31752100682548695
-0.3731149106500316
-0.4241826368483771
-0.46980895793332095
-0.5090264462066715
-0.5413063694173653
-0.566483637227252
-0.5845488684856269
-0.5957018117961154
-0.6000461744473071
-0.5976555722141484
-0.588466840280472
-0.5723571962318755
-0.5491898044673227
-0.5189350228882211
-0.48168459352191473
-0.43782110220196674
-0.38818937344328064
-0.33381203097072604
-0.2758127915977757
-0.21536499046865504
-0.15337956378385637
-0.09051512851808019
-0.027172137629615248
0.03625628951084716
0.09953874389797833
0.16227472783441244
0.22413748022501503
0.2842685822085283
0.3418048393543972
0.395595865782261
0.44449234564723017
0.48743021873977305
0.5237163245374319
0.5529599558237073
0.575079464684461
0.5901855705069471
0.5984082592756402
0.5998508650461558
0.5945441692461438
0.5823900458601393
0.5633096095403793
0.5370954972262342
0.5038136193626629
0.4636536733538922
0.41721808366289215
0.36534616797637215
0.3093130886420992
0.25013713490371703
0.18895529504210573
0.1265007976261368
0.06340840506977703
-2.4432161642405844e-6
-0.06339737853857003
-0.1265415298444253
-0.18896859252976628
-0.25014077370741544
-0.3093168746048363
-0.3653930697007945
-0.4172159272254298
-0.4636700483220803
-0.5038245090609665
-0.5371286912210029
-0.5633308641851704
-0.5824290431089861
-0.5945548572339641
-0.5998466695712358
-0.5984113065623023
-0.5901953023662442
-0.5750763891440867
-0.5529426917258937
-0.5237364180852141
-0.4874304830770088
-0.4444835951640868
-0.39561196059772724
-0.34182058126765685
-0.2842518873742197
-0.22412039610295242
-0.1622874952769379
-0.09955145046041221
-0.03624652810992814
0.02718291103478278
0.09050812230356473
0.15336471518908978
0.21536776274072297
0.27580470597542633
0.3338052629314409
0.3881915003626755
0.43783920615278416
0.48167794351946064
0.5189618886245595
0.5492228613877425
0.5723450472825262
0.5884542659057457
0.5976513022404125
0.6000555827320438
0.5957272455634305
0.5845696143757596
0.5664927184427814
0.5413143614527854
0.5090156897567192
0.46982966326903436
0.42421001474047604
0.37308239034114465
0.31757432567646854
0.2587541905561121
0.19777443578459578
0.1355093957736479
0.07241782510724656
0.009065939185278612
-0.05434266074728543
-0.11753995663089377
-0.18008136097890132
-0.2415035942204976
-0.3010238434179331
-0.35763269393852926
-0.41010143166592156
-0.4573966393245014
-0.4985139595789003
-0.532809597898334
-0.5599803394631866
-0.5801130267882452
-0.5932605485390645
-0.5995083759878708
-0.5990499358725816
-0.5917841907506253
-0.5776844536530884
-0.5565821576733203
-0.5283412118435407
-0.4930387665946775
-0.45101157824524674
-0.4029164619895395
-0.3497407175537498
-0.2926893061677858
-0.23282077413520103
-0.171208275139719
-0.10851640121720275
-0.04528730405036174
0.018148288050520472
0.08146690716419565
0.1444363117531606
0.20660258342215904
0.26729740410831265
0.32569334944812767
0.3806647752735498
0.4310913833205681
0.4758125809992298
0.5140745530962302
0.5453474242835715
0.5694757000000374
0.5866037104688597
0.59675320397833
0.6001264846697224
0.5967638962303985
0.5865780072337107
0.569486728773925
0.5453350122380146
0.5140520096235706
0.47581565882424387
0.43108748015397214
0.38065853390955484
0.3256877725834214
0.26729428712298137
0.20661538491443976
0.14446087596481172
0.08148146505586015
0.018113873294805447
-0.04529580276565831
-0.1085214790400738
-0.17120666148033442
-0.23283686300740875
-0.2926649992319286
-0.34975516617722097
-0.40292013736114407
-0.45100044959549346
-0.4930203620836332
-0.5283161149501152
-0.5565451103617075
-0.5776876835797937
-0.5917831720928046
-0.5990422015113019
-0.5995181225011578
-0.5932401387050888
-0.5801191821120641
-0.5600068877133969
-0.5328099428770363
-0.4984801040687198
-0.45739505686601967
-0.4101020917812125
-0.35760551695669124
-0.3010321244041274
-0.2414993828282163
-0.18007975930003609
-0.11752850642250151
-0.054340843514812644
0.009074840973349634
0.07244065160382822
0.1354654346589023
0.1977860409509581
0.25875086811379616
0.31754187263057987
0.3730803643823673
0.42420775053625615
0.46981309016366135
0.5090070229398042
0.5413168516249128
0.5664596459316428
0.5845817076650134
0.5957056371106406
0.6000643097725193
0.597650735479921
0.5884300310578665
0.5723616105821411
0.5492344139319416
0.5189539705688466
0.48168503740237817
0.43782540156833305
0.3881980545681301
0.33378581054344547
0.27581803211415407
0.21537871239365292
0.15336674561266717
0.09049219797907616
0.02717141470190313
-0.03624205328833563
-0.09951896191766327
-0.16230336728482236
-0.2241387962642258
-0.28426682576107226
-0.3417974723473772
-0.39559910180203567
-0.4444837392154899
-0.48743098122722317
-0.5237064021529543
-0.5529554012958326
-0.5751020597609976
-0.5901837753002338
-0.5983962419217329
-0.5998586739069708
-0.594557535984228
-0.582417006265875
-0.5633065159765548
-0.5371229151821503
-0.50383357282731
-0.4636769516977629
-0.41722489830377213
-0.36537903511663233
-0.3093056332513158
-0.25016716573119
-0.18896649025879023
-0.12649752528374086
-0.06339029944499704
-0.00001173120525470224
0.06338135572513065
0.12649365636867077
0.18894367044592708
0.25015817966075665
0.3093007329639759
0.3653930600058759
0.4172049941811523
0.46366578921452994
0.5038241878222927
0.5371226122237157
0.5633266519612087
0.5824165172648311
0.5945488709038202
0.599856820592142
0.5983999577304017
0.5902021702002976
0.5750760905563207
0.5529541794566886
0.5236974438165574
0.487439401936201
0.4444807493910347
0.39558690475654334
0.34180636695337224
0.2842633705223524
0.22413391046221565
0.16230847820968772
0.09952560934693584
0.036246029455065186
-0.027189206848398043
-0.09048332630050195
-0.15339192380992156
-0.21537693925952178
-0.2758296634670026
-0.3337898249497474
-0.3881769330399492
-0.4378471657157539
-0.4816934548843828
-0.5189476342545257
-0.5492212218266112
-0.5723706158940397
-0.5884417075195684
-0.5976605097727342
-0.6000552916628205
-0.5957184965681397
-0.5845515099838786
-0.5664631208345782
-0.5412978598515908
-0.5090159057383867
-0.4697982351807339
-0.42420109242367415
-0.37309096490851434
-0.31755081859926537
-0.2587587044455165
-0.19780429216009834
-0.13549063683132384
-0.07243109147680536
-0.009070208800040978
0.05436046679054924
0.11754077179823955
0.1800872116221874
0.24151168451810096
0.3010235328508821
0.35761598931974126
0.41012956560184105
0.45739062432573807
0.49850506473212575
0.5328247170387493
0.5600166285057185
0.5801127154032167
0.5932243112158394
0.599506796531667
0.5990275031991488
0.5917928595986587
0.5776610156163365
0.5565503187367747
0.5283168258124158
0.4930255858103214
0.4509966388263917
0.40290835147609017
0.34974978161111653
0.29267054172730594
0.23284770214594017
0.17120130477020318
0.10852965609015745
0.045298583748877505
-0.01812596899192319
-0.08147015384949645
-0.14443903121247673
-0.20658890158198304
-0.26731009618639273
-0.32570767600282435
-0.3806808315601962
-0.43108398500979445
-0.47580168268021844
-0.5140561614747435
-0.5453355600165265
-0.5694915864575821
-0.5865724993978644
-0.5967539411547396
-0.6001409444564018
-0.596742904927792
-0.5865678280400688
-0.5694816832426385
-0.5453219436523704
-0.514043530036297
-0.47580383546563515
-0.4310942604102476
-0.3806814212460697
-0.32567908703958437
-0.26731238504353694
-0.20659123859116077
-0.14445480821703605
-0.0814757123290655
-0.01813500991174187
0.04528448778350321
0.10854706851674353
0.17122076101954545
0.2328467631208354
0.29268040279835406
0.3497547659094894
0.40292000463495725
0.45100452629587073
0.4930132591466278
0.5283298962733624
0.5565621382925132
0.5776656153522447
0.5917880849983256
0.5990429114046264
0.5995269642421451
0.593247583617272
0.5801193401235207
0.5599939144762408
0.5327947422735045
0.4984949681070817
0.4573956624945153
0.410121007583321
0.35760265939710667
0.3010109092284422
0.24151790812778517
0.1800868576547253
0.11752189580153483
0.054344650934954136
-0.009066720340310874
-0.07244279594133472
-0.13548417947313715
-0.1977871111732862
-0.2587674794112964
-0.31753752834484417
-0.37306336313294003
-0.42420400577229345
-0.4697916900678132
-0.5090158545020098
-0.5412976520688885
-0.5664724182191186
-0.584549080442694
-0.595724491785791
-0.600058092773569
-0.597631288530632
-0.5884710834852857
-0.5723601280600024
-0.5492209273336122
-0.5189623330732889
-0.4816713226735779
-0.4378428264682919
-0.38817952943858697
-0.3337803628021899
-0.27581789464896866
-0.21537402491186072
-0.15339701401880781
-0.09047910141600023
-0.02718727197422509
0.03624146219558911
0.09950044789451001
0.16230147783474627
0.22412237309809635
0.28427735164195655
0.3418138554927098
0.39560204970591256
0.4444714756994092
0.48741751645460873
0.5236946490683225
0.5529655155684169
0.5750725169226066
0.5901788246334492
0.5984129814967232
0.5998540753556609
0.5945436156670502
0.5824027630911872
0.5633127275649336
0.5371200490631312
0.503813485707583
0.46366968434130673
0.4172089155448132
0.36538767942256645
0.30931705209584454
0.25014706382178026
0.18893841262134486
0.12650268251734054
0.06340577518497902
4.270611840450816e-6
-0.06339024227515046
-0.1265080951183721
-0.18895823078175902
-0.25014290204691375
-0.30930025119214805
-0.36538849287629394
-0.4172125306651512
-0.4636656346552572
-0.5038291522603124
-0.5371140143266019
-0.5633350773464718
-0.582396765113889
-0.5945411650209934
-0.5998551336197581
-0.5984018402673364
-0.5901990470689329
-0.575096410867111
-0.5529623163480767
-0.523693546346503
-0.48742485544630526
-0.44448322153635256
-0.3955984421228096
-0.34181913673653735
-0.28427536083644284
-0.2241214767509522
-0.16229775864630486
-0.09950782280951688
-0.03626717039838768
0.027187035948880355
0.09048301337975277
0.15336965438926314
0.21538543862303797
0.2758084574569967
0.33379914391152854
0.38818141331951744
0.43784669218263333
0.4816837704520531
0.5189538531384958
0.5492212804538618
0.5723770279822457
0.588475896929173
0.5976428039923453
0.6000631517075532
0.59571463516347
0.5845645123250757
0.5664717199494987
0.5412964218313242
0.5090075285077885
0.46982081042473606
0.4242107063214423
0.37309067147603875
0.3175322889976053
0.25875476525358143
0.19779357209535245
0.13549540122616802
0.07244653725227843
0.009057211174421697
-0.05434704537673055
-0.11752921320600841
-0.18007185116307992
-0.24151663782794483
-0.3010166137531201
-0.3576062504166825
-0.4101014502200939
-0.45740319753332637
-0.4984758847952177
-0.5327937575927961
-0.5599986594053272
-0.5801214461250719
-0.5932304862955152
-0.5995049303230966
-0.5990248666515203
-0.5917678978488912
-0.577673927911974
-0.5565598392309183
-0.5283001507384506
-0.49301962265304694
-0.45100774787457476
-0.40291336703312863
-0.349745498743771
-0.2926594705339482
-0.23284019685851173
-0.17120694714702822
-0.10851126026715041
-0.04528767658219732
0.018118468452211836
0.0814709871399763
0.14444369036669827
0.20658958447112608
0.2672865719568704
0.3256550452530562
0.3807022721828769
0.4311021551175911
0.47581803780784654
0.5140918329273406
0.5453409187869298
0.5694752266400628
0.586580485891754
0.5967630952180225
0.6001082018356354
0.5967499096114799
0.5865760196543861
0.5694926145943839
0.5453341042081534
0.5140644156292219
0.4758076696568832
0.43107801571937704
0.3806757526366963
0.32569959316306707
0.2672779745379247
0.20659443640405864
0.14440811849764934
0.08146853644153897
0.018124187607102923
-0.04528457033545552
-0.1085217854940043
-0.17123201265746227
-0.23283106132582235
-0.2926720399282781
-0.34973499510279826
-0.40290630703337693
-0.4510075769878973
-0.4930209723036081
-0.5283329148588856
-0.5565859238873163
-0.5776905081579702
-0.5917898599527711
-0.5990475476562085
-0.599515267926212
-0.5932461980573598
-0.5801034069502503
-0.5600009417276339
-0.5327825882402537
-0.49851715110461053
-0.45739572450657057
-0.41011346036088714
-0.3576022789433313
-0.3010239329203665
-0.24149722605836663
-0.1801103349095356
-0.11750562458991047
-0.054354485281984596
0.009048906823618863
0.07242988325065342
0.1354953969669326
0.1977686090131261
0.2587596405367406
0.3175142295686188
0.37307285223403314
0.4242329299418541
0.4698155565200267
0.509022062806052
0.541329145871527
0.5664872547519543
0.5845474108506101
0.595728929713012
0.6000675811743365
0.5976528390133724
0.5884576862771912
0.5723749191108605
0.5492103653189323
0.5189414962394161
0.481661223813509
0.437831943729192
0.38821256187600656
0.33379028645153636
0.27580752476852655
0.2153617840733251
0.15338881663614334
0.09051752095678522
0.027160152437157317
-0.0362659745265815
-0.09951863933328506
-0.16228573618869982
-0.22414321427771766
-0.28427653278403253
-0.34179822739075394
-0.39561850968218404
-0.4444691925622584
-0.48741916931932366
-0.5237161255792059
-0.5529611224244123
-0.575085039443627
-0.5901661414957371
-0.5984171988680902
-0.5998431511830069
-0.594579306819804
-0.5824005647188226
-0.563313663168115
-0.5371124186834356
-0.5038431790267897
-0.46365605808995497
-0.41721714054592873
-0.3653997069510403
-0.30931065107794137
-0.2501502023836688
-0.18895122853647295
-0.1265193261217361
-0.06339886032344988
-0.000011232154468754333
0.06341773417938615
0.12650927407798238
0.18895720709880656
0.25014443839575107
0.3093024403707155
0.365400991410751
0.41720098844988956
0.46365872716295753
0.5038271325080004
0.5371125620688755
0.5633189550770071
0.5824269483379272
0.5945313866951931
0.5998577685314281
0.5984090624532113
0.5901919566641568
0.5750764243866153
0.5529609196516186
0.523713225052691
0.48743900933681444
0.44448698790257163
0.39560249791772817
0.34178613263475865
0.28427896250327656
0.22414302952325474
0.16232145645745016
0.09953706699011763
0.0362210679539258
-0.027199274091152456
-0.09048587491279231
-0.15338860936188747
-0.21539484578372325
-0.275823149873482
-0.33378327813547276
-0.38820190737862437
-0.43784262869613866
-0.4817095451645248
-0.5189967455779507
-0.5492229229703438
-0.572377819840865
-0.588469493923648
-0.5976741687913408
-0.6000426808213553
-0.5957198569280369
-0.5845856287143969
-0.5665045249266589
-0.5412851898631261
-0.5090038313698666
-0.46980029000764856
-0.4241623399495212
-0.3730552271571258
-0.31753846501196303
-0.25877915708884247
-0.19781423526050168
-0.1354878567431702
-0.07245345295119164
-0.009082890672934302
0.054350959229477476
0.11750749391115622
0.18011036341249032
0.241522056716187
0.30099827970205895
0.3576440186149811
0.41011070838234404
0.4573766884543408
0.49849490816906983
0.532798957150435
0.5600048985552102
0.5801246782475096
0.5932370304645128
0.5994807957012237
0.5990082744763269
0.5917766249392828
0.5776697590534859
0.5565679927200714
0.5283142982358492
0.49301758271713797
0.4510079206784594
0.4029182107767553
0.3497675750992178
0.29266991806609965
0.23283869060037662
0.1711742224643336
0.10852540973567747
0.04529287008387093
-0.018138446845571227
-0.0814534094754622
-0.14443979839330295
-0.20659526276966567
-0.26732316151158225
-0.3256970124877078
-0.3807039632175301
-0.43110556378397746
-0.47584235860852386
-0.5140576267182517
-0.5453093224459872
-0.5694871722349399
-0.5865796438275737
-0.5967655209248638
-0.6001510181674602
-0.5967484790584138
-0.5865753638224013
-0.5694931580957431
-0.5453187130165724
-0.5140342279519987
-0.475789238509001
-0.43112704143966013
-0.38070386510737125
-0.32568554109194814
-0.26733110725521664
-0.2065791324803592
-0.14443821682905378
-0.08147165254912594
-0.01811307511674542
0.04529934960054751
0.1085185511374615
0.1712026439801168
0.23284397314211047
0.2926949585452715
0.34976015788692055
0.40294742250284393
0.45101282459092434
0.4930182243162279
0.528337857640923
0.5565504027104525
0.5776261267423243
0.5917563929578724
0.5990201790484235
0.5995044670993182
0.593242830537733
0.5801001479585353
0.5600441893047087
0.5327874095083731
0.4985058977256687
0.4574054129617802
0.41010981702894883
0.35759624341678276
0.3010232725873538
0.24148178535915324
0.18009575255917534
0.11755818142119222
0.0543323799720887
-0.009082324621832423
-0.07247766196938751
-0.13545971058963316
-0.19781908071830853
-0.25875455431464484
-0.3175275343819051
-0.3731021054139958
-0.424200512633367
-0.4698049241283558
-0.5089988864986086
-0.5412829655626697
-0.5664675373976177
-0.5845800947181673
-0.5957312164180465
-0.6000660130256132
-0.5976695242349294
-0.5884563318722347
-0.57233929132771
-0.5492251139056277
-0.5189435769626843
-0.481712922558848
-0.43783888534731125
-0.38817307772726667
-0.3337949001982098
-0.27578459521976956
-0.21536457705571238
-0.15336265108142166
-0.09053483436067483
-0.027194523197426042
0.0362469316238921
0.09953312228595441
0.1623105981856379
0.22408416671029907
0.2842819241177116
0.3417692742207588
0.39557930244084694
0.4444891854638939
0.48742817478219364
0.5236669723336256
0.5529423451098175
0.5750761701267888
0.5901496544905469
0.5983688772739251
0.5998169125849689
0.594566068665301
0.5824335289920607
0.5633118079181886
0.5371186659720956
0.5038171907961737
0.4636654035917517
0.4171861877465464
0.36544182211689913
0.3092837382398255
0.2501655470537827
0.18894257948116067
0.12652833100592453
0.06337473310675606
-0.000011758371589516578
-0.06334453396901504
-0.12651788371486627
-0.18893549593516207
-0.2502065871140777
-0.3093088795863245
-0.36537865073944137
-0.4171657840694585
-0.46364239526253187
-0.5038141808628841
-0.5371123080547954
-0.5633050108490422
-0.5824425876333758
-0.5945313610021701
-0.599818535292898
-0.5983749283396278
-0.5902016778464979
-0.5751107368262921
-0.5529701605437155
-0.5236915998021797
-0.4874327993031318
-0.4445094487368013
-0.3955952766582682
-0.3417766378876034
-0.28431214835295515
-0.22410112736504478
-0.16234126037061827
-0.09950519815020885
-0.036260608163747904
0.02714388681885582
0.09051515390445904
0.15334100062314515
0.21537000992369112
0.2758143267697774
0.3337612107640102
0.3881630207488699
0.43779494493445503
0.481664268052629
0.5189682765205578
0.5492119487543372
0.5723930451370111
0.5884449002752443
0.5976361312914666
0.6000724541911314
0.5957163536151729
0.5845507542805942
0.5664935502386105
0.5413133164396406
0.5090303132351488
0.4697978890089389
0.42422234760930444
0.3730838405413752
0.31753929771053263
0.2587614672783795
0.1977719376264734
0.13549115746556245
0.07246867197439437
0.009049400176036197
-0.054339324051119145
-0.11755423627113563
-0.18013878444327255
-0.2415240956416323
-0.301037836145278
-0.35764670162647255
-0.41011147520418406
-0.4574049108288919
-0.4985045208770532
-0.5328199079197549
-0.5600066156977261
-0.5801039836039905
-0.59329058255392
-0.59950949190429
-0.5990282627296369
-0.5918290068367688
-0.5776488874070074
-0.5565499158126944
-0.5283637975407247
-0.4930139378686687
-0.4510031738448217
-0.40293669985108793
-0.3497724057415491
-0.2926672699139048
-0.2328436469459965
-0.171194494982054
-0.10855697452504226
-0.04527010550711024
0.018101084071770645
0.08146084766475535
0.1444042163267442
0.20658042669323692
0.2673060985974954
0.3256783031366793
0.3806446506293069
0.4310948034138826
0.47581244586341315
0.5140486337050977
0.5453311664268076
0.5694750350203599
0.5865481616686037
0.5967410753090605
0.6001144028190818
0.5967381534882972
0.5865336061533172
0.5694370241758749
0.5452805523439148
0.5140068251111386
0.4757669493971027
0.4310801632178959
0.3807063447574346
0.3256343838945293
0.2673225421159791
0.20656278295358438
0.14437139216382375
0.08145928202160845
0.018131174706959664
-0.045329734357755544
-0.10852920395095397
-0.17126592445895633
-0.23285483172088436
-0.29274968386626504
-0.34974844244922665
-0.4029229400589698
-0.4510042756776763
-0.49305736377244935
-0.5283395756160427
-0.5565430821904008
-0.5777233635103728
-0.5917978843644418
-0.5990758161248251
-0.5995757586402506
-0.5933390746051168
-0.5801278945227278
-0.5600580917904642
-0.532859307892832
-0.4985298928299024
-0.45743540788492726
-0.4101790292040742
-0.3576788454751746
-0.30104578374628643
-0.24153024848948415
-0.18010944873757775
-0.11757218423290772
-0.05441217424876717
0.009003675251351354
0.07239076025774524
0.13536901975366353
0.19774777681353486
0.25869629293317603
0.3175165270502015
0.37298780904970835
0.4241430086759313
0.46974277863543434
0.5089190406183906
0.541220588244088
0.5663627213088492
0.5845146452757891
0.5956538762512606
0.5999700297002459
0.597586755725395
0.5883914575800236
0.5723227098744458
0.5491795463904107
0.5188642564466206
0.48161194525712947
0.43771791016284417
0.3881248713205079
0.33361685366971466
0.2757273803598571
0.21519611503755773
0.1532178574460797
0.09033648602555196
0.02704822461038743
-0.036419704154140004
-0.09966832600677655
-0.16242428290671979
-0.2242775514292233
-0.28443337404317515
-0.3419773525098624
-0.395743507022141
-0.4446267004479456
-0.4875568286742496
-0.5239372254463759
-0.553160456563182
-0.5751915431769081
-0.590379311564576
-0.5985547346622176
-0.6000871948861757
-0.594740781032574
-0.5826950308395632
-0.563549258709943
-0.5373571935730356
-0.504096399692235
-0.4639745904865672
-0.4174810386891538
-0.3656979813681797
-0.3096460356552721
-0.25047575561062035
-0.18926913954190952
-0.12692663428137912
-0.0637706471947266
-0.0003531782721342798
0.06301311688133923
0.1261080969995219
0.1884695227854803
0.2496778566085762
0.30884119702188195
0.36490637069904147
0.41670954874649363
0.4631048147482809
0.5032619299042645
0.5365895635640207
0.5626770554087198
0.5817422334756505
0.5938599520216515
0.5991291157958142
0.5976734420900026
0.5894280730845097
0.5742812584648892
0.5520848030797825
0.5228287950805898
0.4864771662680728
0.44350545554378823
0.3945506334691701
0.34073795473937996
0.2830974336592087
0.22292562399226395
0.16106736420413448
0.09818901173372761
0.03487135101464317
-0.028694962991470962
-0.09203639050358178
-0.1550188146501354
-0.2170947160287321
-0.2775526785054826
-0.3357044311462934
-0.3902280883457093
-0.4399163057732118
-0.4840082138665648
-0.5213651217651226
-0.5517711691097266
-0.5750105212507499
-0.5912303549700214
-0.600660588746082
-0.6031675382572468
-0.5990583077386495
-0.5881112224170434
-0.5702414409977222
-0.5452614561837138
-0.513293227365812
-0.4743375498738602
-0.42891145129522246
-0.37814877555013054
-0.3229190637047154
-0.26443251573418075
-0.2038653714321673
-0.1419077122656129
-0.07928151158747664
-0.016416633615645913
0.046511293051078095
0.10925259090519514
0.17131890302907457
0.23210607398185593
0.2910475904118839
0.3469838206993143
0.39887615173101953
0.4453842291774054
0.48583180142397964
0.5193368011472604
0.5457669687370008
0.5650775494701429
0.5773626547226267
0.5827175515444684
0.5812989700424303
0.5731489632562039
0.5581256325867097
0.5361003652312714
0.5070542505424437
0.4710600906839187
0.42857437920345304
0.3801433131404627
0.32719753094539844
0.27102096403393905
0.21277351077931578
0.15393445543679496
0.09529414929530897
0.03763522292756672
-0.018440335714406203
-0.07261482036794263
-0.12473042383880362
-0.1746148237936406
-0.2221238665093312
-0.26677146261893203
-0.308086217245161
-0.34509534207536585
-0.3768952690645559
-0.4025582022079175
-0.42143008103480223
-0.4330861343607283
-0.4373794967176829
-0.43452429875883386
-0.424802612831811
-0.4088246012956536
-0.3870487993684452
-0.36043192126711704
-0.32987708041511465
-0.29605466917702916
-0.2598674781649534
-0.2221399685774638
-0.183844628618203
-0.1459217939038226
-0.10905743095186196
-0.073799338864858
-0.04063853636535385
-0.009796809311712623
0.018433212849194233
0.04429621263394329
0.0675567554143447
0.08854683879169141
0.10753332969271016
0.1246464641856107
0.13998601882253456
0.1533372082444037
0.1646121722860719
0.17322777046120666
0.1787974854478511
0.18093038987882093
0.17936610771884026
0.17391007306641282
0.16498335650490822
0.15283117722787873
0.137994233761373
0.1212680984787472
0.10364655135699667
0.08577998873627588
0.06846212155400076
0.05249644861158926
0.03810393656289745
0.025869060635976878
0.015821174519624875
0.007919052409727786
0.0016611620859302426
-0.0028670635416680954
-0.006242773898748654
-0.008568268504246508
-0.010309064360984369
-0.011340270592042423
-0.01195137127875535
-0.012246538000580984
-0.012307557364196905
-0.012217415450081344
-0.0120364419308453
-0.011741446043840887
-0.011373208147832652
-0.010980806207226074
-0.010483657667542308
-0.010038684716671834
-0.009613253199341611
-0.009109656235651119
-0.00870586278266149
-0.008333573025879932
-0.007869779758118528
-0.007459075968535239
-0.0071515584948237355
-0.006706440874825076
-0.006373189157598955
-0.005984352394718623
-0.005634478085092379
-0.0053179670572067374
-0.005041092616508449
-0.004798584451587781
-0.004497032467355659
-0.004250984297883669
-0.004023307620850985
-0.0038381957218446656
-0.003642088625144171
-0.0033850255856897513
-0.0031657575754489393
-0.0030134925384876212
-0.0028215520344212776
-0.0027217989180795404
-0.0026026533588707473
-0.0024550909092287557
-0.00236180356099746
-0.0022382304011706513
-0.00208744097729541
-0.0019721597214747933
-0.0018842031755400464
-0.0017316176218005663
-0.0016160601987276154
-0.001643822307624305
-0.0014845454886620682
-0.0014729900330477748
-0.0013871545865619056
-0.0013688244782434124
-0.0011822706318184682
-0.0011569719476840921
-0.0011752283084858358
-0.001083429842081108
-0.0009821543981955545
-0.0009386221867344273
-0.0009360244876753271
-0.0009536606463934794
-0.0007694355290349753
-0.0007620190657902216
-0.000773502750247755
-0.0007623712915034431
-0.0006860044960948553
-0.0005971661509206938
-0.0006123325707887288
-0.0006176165287713894
-0.0005826711758568011
-0.0005115014404824495
-0.0004909703883197544
-0.0004274996312853492
-0.0005292413786419234
-0.00046118031419151753
-0.00041157028596511497
-0.0004073461884515792
-0.0003968350039539164
-0.0003811494133555268
-0.00029520966369891896
-0.00033742414560744105
-0.00031343034580182946
-0.0002945374922826664
-0.0003171819575326082
-0.00028217904210331305
-0.0002986536763744765
-0.0002365870388776866
-0.0002692311295755016
-0.00026249184925108466
-0.0002134201399892767
-0.00025136251729553175
-0.0001506509957346533
-0.0002740241175033816
-0.00021558203613290865
-0.00017721296558148434
-0.00013342618916939696
-0.00021004962656335013
-0.00019510443083794145
-0.0002083098630892732
-0.0002225596440334106
-0.00020086821320761128
-0.00015425106421168507
-0.00017232043785378803
-0.00016885385950822352
-0.00008750836189558937
-0.00018144935962055914
-0.0000780774736216195
-0.00002556200355155289
-0.0002188037237428392
-0.00010893316099821736
-0.00012772358433932164
-0.00003835832692583198
-0.00009611063708775911
-0.0000592439562688272
-0.00004940892734622199
-0.00015183563977428868
-0.000026485664140873842
-0.00005884865292477921
-0.000042430873711588896
-0.00009132979513325856
-0.00008491594580524636
-0.0000699217349591392
-0.00006152279990161394
-0.00009975758307614557
-0.00014564880275765065
-0.00006110003937230133
-0.00012041250983067963
-0.0001291958552867269
-0.00007187267603888768
-0.00004040213509269767
0.000049883131391579735
-0.00008489458547707507
-0.000032015728027362006
-0.000024517537461271776
0.000012265405978465908
-0.00005334575370656405
-0.00007747445002937193
-0.000011919474672449329
-0.000019390371954186593
-0.000046930323782523335
0.00004028372089652641
-0.00010575028032994851
-0.00004664921709631147
-0.00006812068186623621
-0.00010584679753272868
-0.00012409248032417975
-0.0000494415521663505
-0.00007214208145960169
-0.000023885343765784186
-0.00006929729730267873
-8.868751708028996e-6
-0.00007170927529133873
-0.000015186723827199831
-0.00005353328460949037
-0.00008565629256088788
-0.000033878828768247365
-0.00005685742461384878
-0.000027471025843579577
4.395563901568405e-6
