-6.775337248337945e-7
0.00013226334494586948
0.00009988125510566037
-2.9031048047154793e-6
0.00004541181372418877
0.000014877471445237031
0.000045204030237590226
0.00003304321194104922
0.000017315936363165535
0.000056044998417484926
0.00006282173805566273
0.00006965737022942393
0.00005163437759303616
0.00006260442586797633
0.00011257348593912047
0.00002145516390831605
0.000016178267776490817
2.5891011784470586e-6
0.00004008157101319484
0.00005613416281194969
0.00002205405971612821
0.000051177235303718264
0.00008569635000889261
0.00008355691665914168
0.000032291637014883604
0.000014819631362859319
0.00006858402885694307
0.00011097750781628293
5.674914408721413e-6
0.00007304619058663812
0.00013088014451934638
0.00013492367157212003
0.00006118399654512036
0.000089173329228335
0.00008425519858725969
0.00006634743849656596
0.0001310680343289134
0.0001463388856909822
0.000047605553379555154
0.000060166855183939
0.00008873318431645476
0.00006595672936053131
0.00010694757771684554
0.00012452531656986616
0.00013182511613961484
0.0001326581012278286
0.00005476303223756691
0.000172804177232337
0.00020124592968711458
0.000142391552834927
0.0001988293253779093
0.00016237224043510703
0.00015109792840820935
0.00015866816924955019
0.00010319280111449698
0.0001332253243933493
0.00024210833311284153
0.00017286150700581318
0.0001586520964574602
0.0002495854192570671
0.0002387583324617054
0.0001930413707593813
0.00029053286588870604
0.00019386955289694624
0.00024526470433957785
0.0002282106494500229
0.00024328454403104655
0.00024735443919098277
0.0002818761640767512
0.00027448701736929997
0.00024262926399841822
0.0003266028172413409
0.0003017653261126235
0.00027650793439754957
0.00032846429087740034
0.00034660720151667625
0.00030530215816489505
0.0003648936182480733
0.0004334939922127803
0.00040148978482126553
0.0004033665135022724
0.0004083235976867549
0.0004664622354529828
0.0005026137231814359
0.0005599643721177016
0.0005645025102334005
0.0005835538631372531
0.0006463559289655249
0.0005966198120966297
0.0006516748398084081
0.0006489394493740151
0.0006808840666994405
0.0007514286453114608
0.0008257031676577087
0.0008309468149528522
0.000914497728307967
0.0009002913145266481
0.0009410034141659959
0.0010230913648913214
0.0010640206933989658
0.0011566798917366412
0.0011251495068038922
0.0011978526691821588
0.0013448780344260637
0.0013787500868008564
0.001401295777327464
0.0014902737158160647
0.001583318882559276
0.0017056799693020448
0.0017564645020796197
0.0018903472725133898
0.0019172385603682136
0.0020312451757504802
0.0021712088353664713
0.0022777062875516574
0.0023302376451258045
0.0024088448977214604
0.002579817190896931
0.002739137877939598
0.0029464089727075046
0.003049499253106486
0.003166927672326591
0.0034236530902868765
0.0035712991808956804
0.0037818635195571624
0.003903870173924573
0.004216668439937561
0.0043578946086377645
0.004648216259321704
0.004816430850351174
0.005128239543082695
0.005303651463185689
0.005588134992598158
0.005847803710905671
0.00613958400318506
0.0063811910381501805
0.006572884157311526
0.006947147050752612
0.007165913309142593
0.007412673968063252
0.007615453202573845
0.007796746122976763
0.007929882244300182
0.008000571189906323
0.007997709885050153
0.00785743966376213
0.00763276997894648
0.007244303690746622
0.006528205035763945
0.005530604576554319
0.004113931691171455
0.002255140498286552
-0.0003445234224098511
-0.0037108335212935138
-0.008055986579863316
-0.013622392074006678
-0.02062527221782405
-0.029025030288808637
-0.03890760872328039
-0.05032318577718414
-0.06294967637719948
-0.07635941182739138
-0.09027782017390236
-0.10404641299731367
-0.11706907427713152
-0.12866393974714452
-0.13809007537616838
-0.14480255861882654
-0.14822016879977998
-0.14787120812489699
-0.14343461472362398
-0.1349272115935606
-0.12233316574752015
-0.10587036154211163
-0.08615047090131013
-0.06338462085132185
-0.03825432228290251
-0.011038967270377472
0.017533322688128662
0.0470293693848223
0.07694531414722428
0.10673351513048246
0.1356974135419869
0.16324560978418606
0.18902598442989196
0.21234103938935991
0.23292688583915908
0.25047007090294054
0.2647251660104064
0.2754111115671565
0.28223811249398256
0.28486836068603855
0.2832827740558438
0.27706091492487483
0.2660891085405964
0.25023162229868984
0.2294904054412328
0.20393336587044447
0.17379390134474823
0.13962534638647806
0.10156221396576112
0.060611689104722685
0.017622854175436613
-0.026560908676794108
-0.07084977109295475
-0.11410906549308841
-0.155652785043075
-0.19459013492960617
-0.23047388058910673
-0.2628053287102684
-0.2910426410425856
-0.31484843987523214
-0.33370281830710197
-0.3472178599991979
-0.35493955825657836
-0.3565711581292825
-0.3521020353335028
-0.34177820151853877
-0.32564095249410485
-0.3042616195838185
-0.2781541880430759
-0.24760547058209906
-0.21314772051133882
-0.17508650129455036
-0.13403832865918106
-0.09048847463708605
-0.04508066272571025
0.001213396064143752
0.04753281729216931
0.09289234176869805
0.1365256522628607
0.17759703640529162
0.21553365007844694
0.24994949213052922
0.2803388108077225
0.30645651959107
0.327657093932048
0.34356127352491006
0.3538991904084667
0.3581426804962441
0.35620170564615705
0.3482240371982174
0.33439480616182965
0.31511001553403184
0.29080262901814286
0.26201505126494823
0.22903864382287936
0.1923425673816641
0.15233924534174015
0.10960856436206343
0.06480016298936274
0.0186454235440133
-0.027750573274452173
-0.07363664399876925
-0.11808405081775727
-0.16026764644132346
-0.1995949231555654
-0.2354764275132674
-0.2675707813913795
-0.2954321031573066
-0.31866001064737803
-0.33677923404204907
-0.34937344733741804
-0.3560040876090965
-0.35648342261105587
-0.3508848757196848
-0.33940145787964104
-0.3221639921880533
-0.2998024276541687
-0.2728330798208913
-0.24139445453439012
-0.20609427612286657
-0.167419693506555
-0.12571765358468914
-0.08169865618113407
-0.036021172894660114
0.01038390677208056
0.056635239929164215
0.10162965615177448
0.14478025465116662
0.18527796191042942
0.22247941279917496
0.25609525735523897
0.2856293567208878
0.3107286416604218
0.3308429782660546
0.3456587663990455
0.35461742912520505
0.35753481624619693
0.35426804251183336
0.3450429233051163
0.3299415208209447
0.30956472525062667
0.2842383849970911
0.25452625617568075
0.2206646568811559
0.18327153068981858
0.14263451318236064
0.09940609790822402
0.054279976833790926
0.008059601344790106
-0.03832696609298537
-0.08403688768659814
-0.12799748712518566
-0.1695017840983438
-0.20813107825112667
-0.24318946240961017
-0.27438287278383744
-0.30129800691683656
-0.3233678442286753
-0.34031268816367544
-0.3515932379699346
-0.35691508206553896
-0.35609099826396506
-0.3491739950872985
-0.33631437288315585
-0.3179573634684408
-0.2945049954674578
-0.2665208112134325
-0.23417677811322646
-0.19813466765367127
-0.1586875970159179
-0.1164012568086372
-0.07191988601423929
-0.02598042275425958
0.02045422053742724
0.06648764530627241
0.11112778730242301
0.1537905586053336
0.19355630341732433
0.2300563862520357
0.26286056187669216
0.29145102173257736
0.31545406409622717
0.33440863422729655
0.34798783468713207
0.35564669374794816
0.3572668339803733
0.3526554014944721
0.34204460159324707
0.325844126351984
0.3042857570092784
0.2780118370919335
0.2473568982372619
0.21270453920179677
0.17453830932021613
0.1332978427652576
0.08959520828355809
0.044119813414651585
-0.0022359448201532232
-0.048595587788022525
-0.09389710069890154
-0.1373971554598939
-0.1783158406636374
-0.21626421457682
-0.25049024877582343
-0.28075345151518577
-0.3065865517354611
-0.32761938168133337
-0.3433717697079981
-0.35332574487031226
-0.35726721796039324
-0.35513532516637103
-0.34687483386430495
-0.33277584932086623
-0.31327235211653104
-0.28877572734061535
-0.2597967747789763
-0.2266229608311388
-0.18975927198382822
-0.14967185176336
-0.10686462577033146
-0.06198530806588246
-0.01585615613248101
0.030574879063922398
0.0764143612133927
0.12076122014728552
0.16271820436280388
0.20187697829443943
0.23757877433550129
0.26943448215449267
0.29708656782435716
0.3200361202918606
0.3378971957191602
0.35013294170288384
0.3565312598206859
0.35671284786368096
0.3508140380579141
0.3389183161276604
0.32150371982677356
0.29892310494701757
0.27161307301839477
0.24001619789429163
0.20463464452616273
0.16574700868581807
0.12384974647545034
0.0797019194780612
0.033959260609406086
-0.012449820878633788
-0.058675104585175206
-0.10366221557244971
-0.1466531992787003
-0.18695399465206572
-0.22405677216408204
-0.2574588047084325
-0.2868433097627483
-0.31167651691336096
-0.3315386416305552
-0.3460293774750554
-0.35474513063412744
-0.35734984534371506
-0.353833972306555
-0.34430693131717083
-0.32894232874048773
-0.3082898788316723
-0.28281297973466707
-0.2528563782179134
-0.2188450500911217
-0.18122240731903305
-0.14047711433150417
-0.09713991403244458
-0.051907934934484534
-0.005685986661426873
0.040753236376632744
0.08628397008371644
0.13020938801456577
0.17155682133855993
0.2100135858766826
0.2449107712522684
0.2759192317176227
0.3025555253946702
0.3244147551162167
0.34104986339979015
0.3520647188035276
0.35707140292628436
0.35596818686066173
0.3487206994584399
0.33559492263646235
0.31700445246420156
0.29331584991492876
0.26502886472576
0.23257939081705667
0.1963242117949481
0.15673207155940094
0.11433681411781195
0.0697815960102047
0.023758044213729686
-0.022669595277401287
-0.0686353461197124
-0.1132713582878523
-0.1557435814728165
-0.19538664118702512
-0.23174311097781217
-0.264289160174038
-0.2926928884420243
-0.3164752470138584
-0.33521974367951446
-0.3484140736629363
-0.35585495785705096
-0.35709320848247783
-0.35224390012873535
-0.34137118694163715
-0.32486075264433745
-0.30311667001496034
-0.27659419474078245
-0.24569428534407373
-0.21083698846340754
-0.1725911567326773
-0.13118162000388964
-0.08735543972438996
-0.04184973584816144
0.004541143675476447
0.050822098653879474
0.09609334289732537
0.1394852619813515
0.18033012235409887
0.21798949272441373
0.2520418397526671
0.28208723050703877
0.3077665979841092
0.32852660307885545
0.34397507848387476
0.3536637276986971
0.35736566952645765
0.3549019628483738
0.34633068675345835
0.3319834431371441
0.3121872660742723
0.28746009848845777
0.25826209871389266
0.2249229332770512
0.18792361477510075
0.14766426246810482
0.1047221513651244
0.059780363256994054
0.013597253931960221
-0.032826639154327784
-0.07859024686462993
-0.1228493014705904
-0.16469504451748415
-0.20367387010400131
-0.2392066574640917
-0.2709098586545944
-0.2983322713829061
-0.3210450990181965
-0.3386146717587189
-0.35059477176023773
-0.3566360541065137
-0.356555828272971
-0.3503699337211042
-0.3381970889512658
-0.3205237753850169
-0.2977140253337666
-0.27017908903599935
-0.23836597392307243
-0.20276460136778088
-0.1637125563741568
-0.1217720080305029
-0.0775357487678792
-0.03170046512554237
0.014760743699457126
0.06083652839971181
0.10577926786828254
0.14872483076445797
0.18886977182434966
0.22578821779822952
0.25898690557532894
0.28814168186417843
0.3127187464675679
0.33241645761479954
0.34661625054797635
0.3549741118770488
0.35735221357262514
0.35350433240358176
0.3436451430845292
0.32808211411120447
0.30718585675016574
0.2814390707407402
0.25128254344681106
0.21705774360037758
0.17932626996009018
0.13845011845247676
0.09499140393991368
0.04968826142803331
0.0034261515459595698
-0.04295638293761402
-0.08847856895551083
-0.13221666551688094
-0.1735551743470968
-0.21179990483053712
-0.24652664749243153
-0.2772695435953844
-0.30369641920994594
-0.3253550255522572
-0.3417212494681369
-0.35243869203593253
-0.3571489052583597
-0.35573051219185914
-0.3482051775734818
-0.33483070175592605
-0.315946647109172
-0.29204233886504066
-0.26354626785951707
-0.23085555182446868
-0.1944407162704341
-0.15477757565038539
-0.11223628085585333
-0.06755675958340875
-0.021536230964204574
0.02491041050658952
0.0708844032900756
0.11538642381265285
0.15777640984983143
0.19727258697895117
0.2334097091069905
0.26576535273257557
0.29393172983480087
0.31751947151051596
0.33599963206692424
0.3489459674595575
0.3560533183978724
0.357039949708304
0.35185993140737404
0.34068386330617995
0.3239548419833656
0.3019632267484685
0.27520155491544357
0.24414072574653917
0.2090742237319722
0.1705985942200798
0.12907948428735244
0.08520078268784766
0.039585747640812
-0.006824849491657288
-0.05306590910834735
-0.09828082477311766
-0.14153899634097353
-0.18225695925735014
-0.21974817016187112
-0.25364454602629416
-0.2834819235260841
-0.30889536139016327
-0.32938652609659475
-0.34456005588237115
-0.35400788853194287
-0.35740136547436485
-0.3545910612815627
-0.3457359602920552
-0.3311389320659441
-0.31110729171443674
-0.28614507368812125
-0.2567316275521764
-0.22321413613163668
-0.18603323437892888
-0.14563968049623974
-0.10259319519291225
-0.05756688442960117
-0.011342903058947655
0.03509205893150816
0.08081351232919586
0.12493325939960263
0.1667027954706595
0.20550479129172358
0.24087084886192575
0.27232831444079175
0.2994962675142607
0.3220223329866298
0.33932920778983466
0.3510552105618902
0.3567879869641586
0.35641695095353154
0.3499130633349108
0.3375012679035177
0.31957027165561064
0.29648995521687976
0.2687262175381927
0.23675517452807343
0.20093845578264774
0.161745571948995
0.11964654612631763
0.07530276314894144
0.02945550287616676
-0.01699734664989037
-0.06308777822841592
-0.10795465132321182
-0.15070745724993542
-0.1907452172781987
-0.22746571489517298
-0.2605280292716998
-0.2894441377735035
-0.3138542705595985
-0.3332011916163677
-0.34717221812563565
-0.3552764182641512
-0.35730134672469793
-0.3531543811375289
-0.3430168948840011
-0.32717324616155297
-0.30604137477325455
-0.28008335858057215
-0.24970012103210065
-0.21533476072424088
-0.17740057420855374
-0.13637628419591977
-0.09282992391435288
-0.04749183294641136
-0.0011403275815881461
0.04524969880531509
0.09063395902495237
0.13430538440653245
0.17546940250705886
0.21357790339068428
0.24811443515995757
0.2786839672968616
0.3049089972429804
0.326243948995256
0.342383464032797
0.3528195760120237
0.35725314886726084
0.3554944919134871
0.347667053336378
0.33401602581255235
0.314912199365287
0.2907238343391738
0.26203801423734946
0.22918646502932616
0.19261003376804114
0.1527262378216979
0.11009724688148313
0.06533802669648417
0.0192750986491894
-0.027186537919260064
-0.07307504073324833
-0.11753453752568165
-0.15976007861397554
-0.19910704149151015
-0.2350696101332916
-0.2672208386247958
-0.29517226033669086
-0.31853870621874075
-0.336753596364142
-0.34944800938998377
-0.35622740787942064
-0.3569202861150151
-0.3514618858497349
-0.34002281518767385
-0.32294740344695366
-0.3007259030959852
-0.2737895997936871
-0.24249342948256952
-0.207298988380621
-0.16865010837195699
-0.127024512243445
-0.08299419145985941
-0.037339384078227476
0.00906389155242573
0.05529559899389118
0.10040563935660204
0.14358094171354988
0.18412595694786116
0.22146745126506287
0.2551824924597055
0.2848254389496308
0.3099995316850617
0.3302733104562849
0.3451746153133087
0.35430619683320513
0.35738920955505427
0.3542932975881491
0.3451812660620399
0.3302747979961252
0.3100237673888825
0.28481312414336313
0.2551687940480949
0.22147867108224614
0.18413266086200464
0.14357658504416929
0.10041696750995308
0.0553173283657908
0.00908578374815628
-0.03734036242898054
-0.0830047565358998
-0.12702092480330757
-0.16864694254105647
-0.20729407181851733
-0.24249434374720794
-0.2737494313291591
-0.30073939574029246
-0.3229904586608999
-0.3400422015123989
-0.3514671037586583
-0.3569102245379816
-0.3562362728785695
-0.3494383582480359
-0.3367506773089794
-0.3185130331007962
-0.29519425971233515
-0.2672540357972443
-0.23508293554712462
-0.19909426786738768
-0.15974599274878876
-0.11752276973540077
-0.07308313643816006
-0.027194200406509383
0.019258127542932428
0.0653381043697003
0.1100829305385418
0.1527417323629691
0.1925996364449246
0.22919446565755083
0.2620317225562926
0.29075576368007966
0.31487709972188493
0.3340018619819526
0.34766784780147414
0.3555008637196621
0.3572404656032202
0.3528144498942606
0.3423593449759193
0.3262812773789544
0.3048692988430244
0.27868406668631
0.2480738160411087
0.21357533149579905
0.1754570344706614
0.13430622929415126
0.09064933366592658
0.045203931519086984
-0.0011481512614883386
-0.04747204438783589
-0.09283641335843995
-0.13634595001373329
-0.17739516164871194
-0.2153560742503186
-0.24969691955022363
-0.28007822230110324
-0.3060449339660058
-0.32718955902381214
-0.34302905262693584
-0.3531705242751723
-0.35730331502478413
-0.35527488538094887
-0.34717594763184306
-0.33320753854017043
-0.31382273166991953
-0.2894630053256384
-0.2605282754059418
-0.2275164445632191
-0.1907324326014671
-0.15069342120203943
-0.1079398666268824
-0.0630968503410252
-0.017012879107396524
0.02945995366384871
0.0752856457739517
0.11965061694111587
0.16173960936700515
0.20093322023798377
0.23674771645192888
0.2687107653664052
0.2964678597639115
0.31952777843718405
0.33750922172792214
0.3499131548447306
0.356422429644714
0.35681635059185224
0.3510373003272501
0.3393339389402498
0.3219942416659393
0.299546404644528
0.2723291256983521
0.24086444743311008
0.20549694610163227
0.16669850904072936
0.12492893020089609
0.08079536441311479
0.035101014106699226
-0.011347247615435116
-0.05754511287538378
-0.10255988810657943
-0.1456151093833501
-0.18602208159992129
-0.22320040824457218
-0.2566904120037398
-0.28614906682271307
-0.31111880191400865
-0.33113452932474885
-0.34574923081503917
-0.35460573346601154
-0.35737486937337415
-0.3539968453988479
-0.3445764792466099
-0.32939088341829786
-0.3088843236231848
-0.2834695049685933
-0.25362685667458856
-0.2197319256224186
-0.182219650192313
-0.14153444392171194
-0.09826349333196752
-0.053050702926161625
-0.006798075237750608
0.039593435859148284
0.08520805354827984
0.12911206197829203
0.17061303502457573
0.20910340775157632
0.2440873289904575
0.27518456587362616
0.3019418620036126
0.32393496969561514
0.3407043382615297
0.3518527835348753
0.35702760525975985
0.35603361803893924
0.34896644584786685
0.33599235733484895
0.3175048987113679
0.29396267485054706
0.2657812737410832
0.23340307625895507
0.19725579818446845
0.15775531123101194
0.11541175016126737
0.07088547652802127
0.02491536496710227
-0.021544660949428234
-0.06755984492500877
-0.11219119390334667
-0.15473614752883796
-0.19448584350029152
-0.23088493221227663
-0.2635413520895729
-0.29203918034873
-0.31594820940222845
-0.334809737214708
-0.3482061543314536
-0.355739580412463
-0.35717763255711554
-0.3524287675146504
-0.34171979158110355
-0.32532673937295237
-0.30370436791756544
-0.27729695622878947
-0.2465099889789539
-0.21179228692048607
-0.17354799046134628
-0.13223486178135258
-0.08847503909248222
-0.042958712537472445
0.0034084606147171334
0.04969632779030851
0.09502510716432293
0.13844615292292808
0.17932978649331952
0.2171065851858434
0.2512760665383584
0.2814361649691698
0.30718694331829516
0.3280832763485436
0.3436418240870597
0.35352078169987855
0.3573427098642199
0.3549976712539169
0.346600080626483
0.3323949170398239
0.31274475392542805
0.28814860572341805
0.25901725006088616
0.22578580721309296
0.18886222903220418
0.14869141278926268
0.10579726635691704
0.060870883916264655
0.014739841765849445
-0.03171380468703347
-0.07750622055880556
-0.12174992503432921
-0.16372520909402183
-0.2027646049222176
-0.23839429041990365
-0.270157358689643
-0.2976910411796603
-0.32053041788684883
-0.33824288962781046
-0.35035621413936635
-0.3565880355473297
-0.3566519194747067
-0.35061879704395715
-0.3386001239884477
-0.3210330250016864
-0.2982926998920698
-0.2708883047175079
-0.23922101869177245
-0.20368199205633378
-0.16472152499444825
-0.12282617035353639
-0.0785933454682309
-0.032830896082086954
0.013616650728550237
0.059778780294199925
0.10473859973230407
0.14767074576683364
0.18791376456390005
0.22491118145652353
0.2582547080428498
0.28750208394768134
0.31221568336327826
0.3319535404572524
0.3463222723863928
0.354881305979968
0.35736294764692894
0.3536788328028695
0.3439550397424085
0.3285275360940693
0.30777334094407643
0.28213084346147455
0.2520617059189154
0.2179989814875276
0.18029087502145677
0.13948288932194924
0.09609791482738103
0.05083008557020758
0.004541371053593335
-0.041852402717155755
-0.08737927719379864
-0.13119597147585407
-0.1725481845545647
-0.21089314046179858
-0.24572095667047267
-0.27659328440138875
-0.30312532861551306
-0.3248831755644993
-0.3414024813341887
-0.35225887110860543
-0.357115856171957
-0.35584978694204433
-0.34845480034181164
-0.3352072893417006
-0.31646289304716435
-0.292693357248809
-0.264275370827864
-0.23174239821880388
-0.1953990386758926
-0.15574217654386346
-0.11329533318472429
-0.06866693256109832
-0.02266850910313394
0.023791786146429798
0.06976085631293322
0.11434413144009659
0.15674132413454614
0.1963200009779824
0.23256951979293658
0.2650350507494968
0.2933255440082576
0.31697879205517915
0.3356007941765564
0.3486926536089052
0.35595721665787033
0.3570750501313029
0.35206311855047956
0.3410450874927956
0.32440170419511427
0.3025278724992788
0.2758926181763543
0.2449087382924047
0.21000139498702167
0.17160523829273994
0.13014140632464694
0.08627428265657235
0.04071507234492712
-0.005663245704411754
-0.051952712659304644
-0.09716873387480367
-0.14049539002623126
-0.181252567049987
-0.21885334763472955
-0.2528443603929563
-0.282804975514489
-0.3083265761137837
-0.3289614399238904
-0.3442848381754011
-0.353845822712452
-0.3573728681553685
-0.35473630289580627
-0.3460470396483083
-0.33156979590967656
-0.31163742926028654
-0.2868284858356152
-0.2574795578499202
-0.2240681868990443
-0.18697561792506706
-0.14665063450537555
-0.10364745962921966
-0.05864425736790622
-0.012472431373443857
0.033954358480493295
0.0796941681268936
0.12386307930348635
0.16571928696240104
0.20459669145593953
0.24004007525390353
0.27159155705165744
0.2989156510971753
0.32151575081109346
0.3389706385418435
0.35082232055746393
0.3567256382872322
0.356512049891525
0.350142405538668
0.33786829085762066
0.3200369639015504
0.29709201572505933
0.26944556365398237
0.23757114799223558
0.2018633896339434
0.16274073976734185
0.1207137335475167
0.07639000858970124
0.030560949996791074
-0.015876148677705038
-0.06201190332703233
-0.10687460281172143
-0.14969210210918882
-0.18980995068501894
-0.2266488043592557
-0.25978302734671266
-0.2888193662169339
-0.31328909463322185
-0.3327869536556069
-0.3468668380572225
-0.3551471010124624
-0.3573136016473003
-0.35334640120826866
-0.34334292771801395
-0.3276267292353969
-0.30663458517718534
-0.28075766487852266
-0.25047217968720287
-0.2162218422859839
-0.17837033110682998
-0.1374309141221996
-0.09392131178577662
-0.04857875738143485
-0.002285118794281066
0.04408986999886972
0.08955297701021539
0.1332909269069254
0.17453124823148553
0.21267461707684823
0.24731410628240377
0.277971541865327
0.3043156196761322
0.32581939994752657
0.3420488710857337
0.3526406415078975
0.35721248620311746
0.3556237319834502
0.3479580871233049
0.3344098690479399
0.3154182633324977
0.29141281697155097
0.2628015657988923
0.23005038716848009
0.1935344590643532
0.15373037430347752
0.11114960492041703
0.06644441634440218
0.02040784851126993
-0.026061430217982164
-0.0719831838719481
-0.11647366617861178
-0.1587675197789767
-0.19817330952811946
-0.23425353170826135
-0.26652057293500625
-0.2945752930885911
-0.3180116685875754
-0.3363719685250564
-0.3492178638306485
-0.356146022149918
-0.3569905306093068
-0.3516445126418735
-0.3403661358488511
-0.3234602885497747
-0.3013245409584896
-0.2744840366998722
-0.2432899430878043
-0.2082051942769247
-0.1696342976835827
-0.12805399744740606
-0.08409862151194833
-0.03846134332140104
0.00793913222843817
0.054182960248845106
0.09936033903769093
0.142563421678287
0.1831695555890568
0.22059923886146915
0.2544067499621687
0.2841414630429099
0.3094491548506133
0.3298271051752959
0.3448766768138915
0.35414691858386277
0.35737871381393244
0.35445222262332454
0.3454668672329083
0.3306851961502158
0.3105603937040893
0.28549327874429287
0.25594375786614254
0.22233007106989952
0.18506137695752078
0.14459896508486095
0.10148643551502153
0.05642603747929693
0.010211959901133286
-0.036221837959087504
-0.08191153781557306
-0.12596675598929172
-0.16765344963217652
-0.20638324049539572
-0.24166246657594512
-0.27304457555828976
-0.30010684289433764
-0.322493955370404
-0.33967533012117646
-0.3512358369514069
-0.35685774125789016
-0.35631501800587206
-0.3496923143930006
-0.33712279843878085
-0.3190306617160391
-0.29583819548392665
-0.2679796783243904
-0.23590119559181819
-0.20000959864927378
-0.16072816918540733
-0.11858251676588707
-0.07419462688829565
-0.028327702669596572
0.01813711991464578
0.06421152165237246
0.10899832669158853
0.1517200624789789
0.19166488156424352
0.22833958643675295
0.2612818260479733
0.2901211215725958
0.31437835517911245
0.33361467909081327
0.34741849151466875
0.35537503035292667
0.3572889306024609
0.3529914925738588
0.3427104992688539
0.3267314525781885
0.30547121653549003
0.2793887512160062
0.24888861129270154
0.21446732430471266
0.17645421756389734
0.13535642139412007
0.09173901799035351
0.04632971556016931
3.5555384876492415e-6
-0.04633807591879319
-0.0917286421800941
-0.1353293231610953
-0.17643618086069082
-0.2144601558993613
-0.24889308200259808
-0.27937313061309277
-0.30547493056056074
-0.32673848263184735
-0.34271584426037127
-0.35298434868957407
-0.357254181272969
-0.35537421167172195
-0.34742549257387667
-0.3336141045885765
-0.3143607734602329
-0.29010114918931834
-0.26131062749196493
-0.22834686895331172
-0.19166912545417522
-0.15171786539394397
-0.10900791703680014
-0.06420869707233536
-0.018136929036208418
0.028301533396675804
0.07416916555817894
0.11860145342989123
0.16074086621802372
0.20002325959323528
0.23591112310178533
0.2679851530986307
0.2958212498932196
0.319034063463487
0.3371350011990227
0.34968096036946644
0.3563210887193899
0.35683769309529284
0.3512616606497792
0.3396946196037995
0.3224858422049069
0.3001383238047185
0.27303926430969017
0.2416824059397235
0.2063955708409127
0.16764262654350703
0.12593312155620426
0.08191518728990026
0.0362246356289578
-0.010226462372016349
-0.05639374619772155
-0.10149507914128728
-0.14459741967122444
-0.18507794120702356
-0.2223348032646707
-0.25594274831350833
-0.28550500157833
-0.3105597747141053
-0.33071511892541977
-0.34547601095482705
-0.3544587609591193
-0.3573893488690178
-0.3541346198380908
-0.3448814436817794
-0.3298365332364665
-0.3094535445009067
-0.2841388929290151
-0.25439687924115395
-0.2206013404428612
-0.18314875025802985
-0.14256213327591785
-0.09934349642734908
-0.0541712323720621
-0.007944788721638094
0.03848006229999465
0.08411099082904848
0.1280634914531666
0.16964135097315264
0.2082013749726522
0.24328849644397296
0.27446165306212145
0.3013545278281971
0.3234312045116057
0.34039847981227445
0.351647952698069
0.35696913468752234
0.3561611714437119
0.34920039278495624
0.3363674075651652
0.3180350856460945
0.29460931788106387
0.2665346838484622
0.23424726020529396
0.19818736596837352
0.1587467774277201
0.11647689255013227
0.07199710209144089
0.02605692901307956
-0.020398430168090228
-0.06644113027374632
-0.11117416550583575
-0.15374277820661542
-0.19355002743029684
-0.23006622653555403
-0.2627880540592253
-0.29136489086134937
-0.31539412317386234
-0.33441624195790326
-0.34794825997902934
-0.35562767718967303
-0.35721171655510064
-0.35260413762077103
-0.34205198425471894
-0.3257999411909244
-0.30430606183911035
-0.27798533927899055
-0.24731954789338653
-0.21267109673328666
-0.1744889915595307
-0.13327765937389813
-0.08954546369160607
-0.044094283852231214
0.002286845107011905
0.04858374367822853
0.09393482831291049
0.13741543707494594
0.17836277377280838
0.21621129818233756
0.2504807480234318
0.28077705096418254
0.30661621458109817
0.32761581050037386
0.34331717422939434
0.35334653235774316
0.3573278692099922
0.35514815199288724
0.34686840103147837
0.33281517600044586
0.3133001105895014
0.288796052659233
0.25978467326582433
0.2266509284807898
0.18979681003117296
0.1496991154105314
0.1068661048725912
0.06197513040067444
0.01587381539404331
-0.03057825514944737
-0.07639333606914409
-0.12069998807046221
-0.16272378590834505
-0.20183539670022968
-0.23755155342698275
-0.2694440420828945
-0.2970716109867789
-0.3200218495478265
-0.3378554991534084
-0.35014509190607446
-0.3564992352199865
-0.3567439764009606
-0.35079459957052583
-0.33895912782414894
-0.32153595734784957
-0.2989136682975236
-0.27161316531224866
-0.24002779522475523
-0.20457776247178908
-0.165714925666612
-0.12387269445737753
-0.07969333702003431
-0.03394723538075634
0.012499829722701599
0.05862988393303395
0.10363608713137247
0.14662910395354317
0.18695532600994016
0.22404682939023285
0.25747528937900765
0.2868215335850151
0.31169161342731544
0.3315267437295377
0.34603693277040704
0.3547315752584787
0.35736923371012247
0.35385878720819947
0.34429115779455927
0.32895057318386933
0.30831715296215845
0.2828081254432567
0.2528389942102481
0.21885703588735683
0.18123693655020415
0.14051077078280796
0.09713923544864803
0.05194332864211335
0.0056671716781684905
-0.04067898951080871
-0.08627569835119467
-0.1301722672948178
-0.1715947688509422
-0.2100045135790344
-0.2449384750932262
-0.27589926834844747
-0.30251635185418163
-0.3244502364763015
-0.3410421474946511
-0.3520781130851891
-0.35706992360662493
-0.3559520961628232
-0.3487098980222498
-0.3356050209691332
-0.31699084949406053
-0.2933201233183833
-0.2650588638982904
-0.23255897072131015
-0.19636039332329067
-0.1567413546736901
-0.11434326929273121
-0.06977154175001647
-0.023785325276241713
0.02264790175589226
0.06866685305512588
0.11327522125379476
0.1557674708328084
0.1953765290869525
0.2317012200574369
0.26430345818256157
0.2926811570986079
0.31648237628738246
0.33518084874833837
0.34845272932771737
0.3558576521756813
0.35714678647358294
0.35222579963670453
0.3414119380644631
0.3248851862913263
0.3031389957357967
0.2765707545191056
0.24576004983086067
0.2108918209207097
0.17258216483845956
0.13120276641936018
0.08736274820296212
0.04184529889438628
-0.004564016948008597
-0.050828604052045506
-0.09608628727366017
-0.1395090550883551
-0.18030651584902832
-0.21798066054729298
-0.25204324938495515
-0.2820946051176147
-0.3077601050043896
-0.3285664698734519
-0.3439695144540289
-0.35366645218340187
-0.3573823891546328
-0.3548668630046666
-0.346302626249605
-0.3319834177664829
-0.31219805208526696
-0.28748087594928173
-0.2582639867967466
-0.22488811759896124
-0.18791214095024314
-0.14760597369639378
-0.10475631044278673
-0.05975140802021324
-0.013605922461058231
0.03283933557118635
0.07857754380142522
0.12280495090775594
0.16471989964997955
0.2036738343026848
0.23922370021260256
0.2709089600096167
0.2982925366139115
0.3210520274560265
0.33859112535964375
0.3505831939366333
0.35667317296826434
0.3565902982137353
0.3503649269601423
0.33822136464243296
0.3205330671714526
0.2976962507490858
0.27019306965159035
0.23841436242544967
0.20279349152778609
0.16376449817570973
0.12172770165154469
0.07747025952295397
0.031691432160557954
-0.014709310786070337
-0.060884007947984826
-0.10578672438862473
-0.14873316944805592
-0.18882898557078703
-0.22579488802205006
-0.25902705363819134
-0.2880954100381115
-0.3127516110641366
-0.33241102783926607
-0.3466243153968982
-0.3550126753486297
-0.35734787746244673
-0.3535416811939128
-0.34363592026080947
-0.3280660323308116
-0.3072009331884697
-0.28141710895721933
-0.251289704190347
-0.2170957799407217
-0.179341866186742
-0.1385154938073763
-0.09497719681250098
-0.04968928042800941
-0.003421154201072194
0.042967761661301125
0.0884404551534695
0.1322444454196218
0.17354989038505625
0.21180686651243572
0.24647586437877791
0.27727958513143636
0.3037450596846555
0.32532045488257466
0.34170196815185155
0.35243854987359347
0.35715855338873886
0.3557038451646388
0.34819998948454933
0.33479524878228095
0.3159271790599415
0.29201633083178374
0.2635711610670554
0.23088338704079392
0.19444738918717744
0.15476579301290022
0.1122114344263136
0.06755060249861619
0.021545362955295008
-0.02493050897566658
-0.07091362229227686
-0.11540283657983036
-0.15774179031975152
-0.19726308599654846
-0.23342204184032822
-0.26579416445156684
-0.293954984431875
-0.317509423727884
-0.3359824025034057
-0.3489711660357266
-0.3560156129971639
-0.356992130609978
-0.3518763057151608
-0.34075274020534685
-0.3239481732038072
-0.3019505175180482
-0.2751971316964818
-0.2440765160054222
-0.20911572738763498
-0.17063161642009853
-0.12911453536933767
-0.08517865865743304
-0.03956982073746768
0.006769149793236546
0.05308512892422498
0.09821768862006328
0.14154247829900193
0.18216832986451062
0.21972921090532369
0.25360998363496556
0.28347886481183504
0.30890797809115444
0.3293959605809042
0.34456436736543555
0.3539734367564198
0.35734556145179436
0.3546345685150618
0.345698703714282
0.3311318050531092
0.31114316797056485
0.28618121725977896
0.25672507082369667
0.22316885329591132
0.18599554612128566
0.14563944428892261
0.10255872444979772
0.05753254482236109
0.011336488293294662
-0.0350448981229038
-0.08084202779283207
-0.12488546178519862
-0.1666708451664786
-0.20550061647838014
-0.2408592851318872
-0.2722961373377487
-0.29955631753771034
-0.3220449989329962
-0.33934215018195735
-0.3509919209422551
-0.3567968024850938
-0.35644454445160606
-0.34991853865102956
-0.33754191550373763
-0.3195527007658177
-0.29649084747515625
-0.2687238421959892
-0.23672018217567697
-0.20096819320863296
-0.16172977770523336
-0.11969697464290549
-0.07532371222600812
-0.029420848193779332
0.016970908350399244
0.06308550756643917
0.10791693423324705
0.15070746450321
0.19072978313828662
0.22753373363394466
0.26049178611419804
0.28946438104287475
0.31383556162990944
0.33315365255848733
0.34708735260358015
0.3552482074515882
0.3573209832360998
0.35316410758341776
0.34303538874200995
0.3271603708904527
0.3060126061653507
0.28005583307137266
0.2496992980759571
0.2153351053465818
0.17737002157346493
0.1363617091476468
0.09275222415022144
0.047423233714269576
0.0011059736351807404
-0.04525583379899205
-0.09066908066162073
-0.13429622584342382
-0.17551784884984728
-0.21360720387928342
-0.24812353304126963
-0.27870719066138744
-0.3049000912206185
-0.32630805907124705
-0.34241374951583003
-0.35281565114042485
-0.35731940154238073
-0.3555604873161553
-0.3476876584439583
-0.3340608468127524
-0.3148927932395137
-0.29074321176618717
-0.2620515161704518
-0.22919603875261324
-0.19260089753154455
-0.15278058222917504
-0.11015308823017715
-0.06534073375321109
-0.019290943162058916
0.02713558971154751
0.07305219391853077
0.117477181194464
0.15973304162853932
0.19909127023677767
0.23501078095599523
0.2672164488788655
0.29514764480394734
0.3184420663759642
0.33671092120360213
0.34942491051879654
0.35619292160873456
0.35684047766691857
0.35139321208572577
0.3399301795616009
0.32289535963054006
0.3006828511676458
0.27368019356434975
0.24240668408192198
0.20722662614496398
0.16858959829657735
0.12692785817953584
0.08291858834737116
0.03730358881251423
-0.009209636241289575
-0.05536410827218642
-0.100476273376307
-0.1437003144743493
-0.18425065878678012
-0.22156722960836955
-0.2553065028468976
-0.28500511030434517
-0.3101099270102329
-0.33035919888696236
-0.34529506708585894
-0.354442784120184
-0.3574953600776119
-0.3544546265944429
-0.34528600921863867
-0.3304201842850499
-0.3101857980045729
-0.2849611479403092
-0.25532188048474674
-0.2216968505803936
-0.18425777012528632
-0.14378655259048614
-0.10059199247660847
-0.05554509856832988
-0.009271130808631753
0.037079559959334416
0.0827774936329245
0.12673366937905123
0.16841260019662613
0.20700750503608353
0.24218762921586345
0.2734766006239627
0.3004864565071133
0.3226851054935994
0.33974492753084623
0.3511511141053059
0.3566064861703094
0.35590147176634457
0.34910414221524194
0.3363758516193477
0.3181556468723185
0.29481752648060566
0.26685289728062656
0.23461380023343065
0.1985914245471066
0.15928127760423166
0.11706053940951457
0.07260100306124051
0.026634254002787783
-0.019834759395415413
-0.0658952659914616
-0.11066765830536372
-0.15335928765687887
-0.1933034525528344
-0.22990666767845974
-0.2627973203017754
-0.2915181993133782
-0.3156689128756106
-0.33480383056059376
-0.34850947024445617
-0.3563347715852953
-0.3581203136228867
-0.3537132722728709
-0.3433252401890134
-0.32721474022620584
-0.3058987533305798
-0.27972409215298666
-0.24918486104240334
-0.214675122653046
-0.17653501666138036
-0.13542889233788602
-0.09181890944412258
-0.046383149199303794
-0.00007515128275750007
0.046189909894073455
0.09157232031257677
0.1351000915949144
0.17606357844690704
0.21405177945107162
0.24840234430906696
0.2788295718397575
0.30487586880790934
0.3260887231379561
0.34208075693837764
0.35236080591382357
0.3566388252607556
0.3548766377226277
0.34694734409388134
0.33336195314570866
0.3143351483125537
0.29044931820565945
0.2620470356523867
0.2296803918945997
0.1936689731598294
0.15465465672115483
0.11306134632755764
0.06972994786522367
0.025489100533900022
-0.01864663104623309
-0.06159948305234237
-0.10256309060918574
-0.1404140729059801
-0.1746749988903785
-0.20458344891774574
-0.22996088646990856
-0.25062178965183324
-0.2663007568990232
-0.2772385456591861
-0.28336962978961205
-0.28484374002857726
-0.28206978612941896
-0.2751018613005549
-0.2644241612190505
-0.2500498709189897
-0.23241049393941912
-0.21181245963155743
-0.1884367196650011
-0.16260289672926445
-0.13502330864113882
-0.10600348640349151
-0.07628378663347134
-0.046382047513357616
-0.01684283140184023
0.011751189912819012
0.0387703933939054
0.06395075365465662
0.0866773004087557
0.10638701479214363
0.12264545545529824
0.13514052044799377
0.14356171699894674
0.1479069408459865
0.1482044831699538
0.14462413968212368
0.1378908982332545
0.12841986585320497
0.11674038912265762
0.10367530620126848
0.0899703436785066
0.07602813005802202
0.06251438186463447
0.05005656336132598
0.03868510192853102
0.028742369869978076
0.020411928656501994
0.013539887889135653
0.007945459734568235
0.003607880116916429
0.00030864432980873995
-0.002265843980749676
-0.004124613397455178
-0.0055635599904670634
-0.006539652976052488
-0.0072389692074762745
-0.007658383573847064
-0.007940728850918635
-0.008051112087757946
-0.007957376470228211
-0.007870994253281175
-0.007768972426649226
-0.0076004226401162125
-0.00746975146427873
-0.007176439690002244
-0.006983859150221005
-0.00669656953466922
-0.006362567005596834
-0.006065731739715907
-0.00583119835386928
-0.005579381326969886
-0.005316993812839064
-0.005026111248775731
-0.004825989042723093
-0.004624798570343567
-0.004364119900747178
-0.004110955161636805
-0.003964659504529766
-0.003778822973849895
-0.003634741311352846
-0.003344219520715112
-0.003231201262142598
-0.0030466731427961323
-0.002908802199969226
-0.0027118628798989785
-0.002622688253954188
-0.0025027240797208723
-0.0023828200542243875
-0.0022233971428891465
-0.0021239787645585474
-0.001935442653307739
-0.0018625863885762908
-0.001858069772393575
-0.0017183671159854755
-0.0015783218482511524
-0.0015383903645973078
-0.0014600129069252336
-0.001398881952533166
-0.0013000095522302533
-0.0012991179973403278
-0.0012571253680374551
-0.0011197216594216737
-0.001028534742154634
-0.0010607336575219313
-0.0010490114841503254
-0.001008464964455758
-0.0008864984309329365
-0.0008696056298156387
-0.0008475651263348475
-0.0008069342348653209
-0.0007700031444904324
-0.0007587445016620196
-0.0005934548686321478
-0.0007029611489027438
-0.0005754523085857314
-0.0005377465631612572
-0.000539884711332905
-0.0005173678845913415
-0.0004874777966246336
-0.0004826974584556381
-0.00047205846587157734
-0.0004120094721262533
-0.0004663651022510708
-0.0004105772291782599
-0.00038283062675593043
-0.0003775946241348446
-0.00037108958870335696
-0.00032691522053247704
-0.00035018736721387065
-0.0002992686512244495
-0.00028463424507929575
-0.00029540509100421246
-0.0003302532417654207
-0.0002327423561253041
-0.00016547818157011822
-0.0002998347153449835
-0.00022847966538683454
-0.0002837627352854183
-0.00025006706653690075
-0.0002327191938066629
-0.00020205814612728876
-0.00022841333339140176
-0.0001689923267826565
-0.00019687817048581597
-0.00014355944744138383
-0.00017168099850877264
-0.00010559189919475762
-0.00008958442034426592
-0.00021957077152078645
-0.00015971371447800212
-0.00011803685531191505
-0.00011519043236247189
-0.00016572019766727445
-0.00004431423037685225
-0.0000501508934323398
-0.00013510548620144063
-0.00017814521163940725
-0.00003097467258139328
-0.00009365848386482764
-0.0001572300198082577
-0.00007719098323921216
-0.00007386623157268532
-0.00014902903847039585
-0.00011378352087592851
-0.000035440133533542086
-0.00011828737989495425
-0.00009155865090536183
-0.00003297875071571582
-0.00006345188188177506
-0.00003359025633828015
-0.0001832875837658632
-0.00015587069524771775
-0.000054746717211517803
-0.00002960616933395913
-0.0001300256052193208
-0.00012006736080777004
-0.00013851511598144908
-0.000034087193385871716
-5.925867956063746e-6
0.000026925681366613685
-0.0001019865498864262
-0.00008111751697756837
-0.00008443964934114992
-0.00009085391844879014
-0.00006152944568626676
-0.00008358769323221486
-0.000024275819127817957
