0.0000259020696160556
0.000029357334798993427
-0.000015270050154219768
0.00007271822554951281
2.222455641475249e-6
-0.00001224681096403686
0.0000348379852907704
6.681064123684586e-7
-0.000012783252141661365
-0.000025732711583025065
0.000045171873870445954
1.444289027596674e-7
-0.00008619487535709553
0.00009179420213868167
0.00007075480536392084
6.450140718226971e-6
0.00003669456409238372
0.00001293981457680429
6.097352752270434e-6
0.00002819839621760835
0.000011686631989710052
0.000013000634220271875
7.161317193723366e-6
0.00001158143879475356
-0.000036795024499348286
-0.000027476365253272746
0.00001959206874106179
-0.00003387109172520565
-0.000063166970629514
-9.308442917748596e-6
0.00006432439764405115
0.000013127483119802273
0.00004751116712233631
-0.0000356577277813185
-0.000024105664711122913
0.00007476350814230093
0.000010596118870730049
5.425480680493217e-6
-0.000042648892968429034
0.00005882214763782452
0.000020038424377920412
2.3729646370750475e-6
0.00007469833454037688
-0.00002808571464259453
0.000016894889583596624
0.00009317622511086706
-0.00002507054242306687
0.00004072288947833409
-8.95797953045421e-6
-5.585372133187631e-6
-6.2047141128680745e-6
0.000019382945601829777
0.000016337572392935834
0.000015071682484605695
2.1512333219342777e-6
0.00006934820431329947
0.00002271541747810222
0.000011360795630789504
-0.0000130028449952704
0.000030131793726791293
0.000054323575726913376
1.1709037970642483e-6
0.00002511097230871401
0.00007731293040365932
-0.000012761019223888979
-0.000029435245794028907
0.000031200323507392376
0.00007110129491303005
0.00005341969834117076
5.644223702984748e-6
0.0000874336900946395
0.000018590530781763187
0.00005559488122837805
0.000029955386493205092
0.0000130279784712482
0.00001566186296481603
0.00006611911984942145
0.000018593413087628512
0.000051357922119070205
-8.963774377023095e-6
0.00006165589240394285
0.000028519319493357147
0.00006029973369693721
3.3123373800118713e-6
0.00007628674134250276
-0.000013177782890982583
0.00004544354868635533
0.00004798886616831956
0.00007580589623494411
-0.000018425059947317388
0.00008299414013085992
0.00005227404617212696
0.00013899570984726123
0.00003158907660371552
0.00006537400919265133
0.00006112613587851693
0.00004974549603086001
4.068642654704737e-6
0.00006029487869640101
8.720687945438676e-6
0.00001049390239708464
0.00008189179722720311
0.0000765412989296699
0.00006399052181210984
0.00003289181345419326
0.00007649892525470202
0.000026602707493417892
0.0000325874891592104
0.00007837441811145466
0.00009194377193379466
0.00008914089057315482
0.00008028632871832773
-4.008175478971926e-6
0.00007137287543318908
0.000019155234723437534
0.000027635595855621038
0.00007386754276347847
0.00005074363020504971
0.00003018834733258668
0.00003513854084273025
0.00001680651262057928
0.00008281812519469942
0.00006547401659400145
0.000027220305187691098
0.000013146028418210614
0.00012883553746423476
0.000020558809894394888
0.00010182206126738255
0.00006470126967636954
0.00008441906069409177
0.00006349685431007809
0.00005847660588805238
0.00003082602833744661
0.00010890426850910629
0.00009110795096176979
0.00012657176753474032
0.00005227592308932556
0.00013033186588815932
0.00009139326386742481
0.00017866931037204228
0.0001819936803129801
0.00008593961172128661
0.0001454912737764264
0.0001487207157225622
0.00013264714606710322
0.00006543975120121614
0.0001339634638902374
0.0001502459133191936
0.00015704792751820458
0.00014076859268529745
0.00015147168898959593
0.00021535216507219754
0.00022311941813759316
0.00018873127200179967
0.00026189525509445034
0.00021173518110472833
0.00022642813042554933
0.00020480609397863282
0.00017735956762500143
0.0002410878992408287
0.0002690559933471915
0.00023069849053756778
0.0002575976305026076
0.00028334837729599945
0.00029947918930375573
0.00029060810641502705
0.00022503526353143984
0.0002609382393553107
0.00034003947404789435
0.0003701962233200833
0.0003040728990343534
0.0003454411904470495
0.000340637968590429
0.0004221534246208919
0.0004978261792974503
0.00042904605280174695
0.0004717864190028415
0.0004860120854425352
0.0004762444787818057
0.0005218776925760287
0.0004831750874890909
0.0005471290977673513
0.0005946321122780732
0.0006318660805536779
0.0006211600650945481
0.0006827061859699463
0.0006797534467879787
0.0006826870561136339
0.0006893441737648202
0.0008049224712030847
0.0008517055604057544
0.0008756621866933727
0.000941512121881073
0.000927969910358647
0.0009770523076873395
0.001043745998621848
0.001097979833395249
0.0011645060260785402
0.0011913270690300343
0.0012020911668494444
0.0013471806024104207
0.0013676480738270785
0.0014900379112702629
0.0015185571610442684
0.0016339566494938012
0.0016474490612855574
0.001754347993659809
0.0018565958292686693
0.0019773602363759783
0.0020235613239226813
0.002160857384200431
0.0022746229237768515
0.002372630420595912
0.002545017757510209
0.0026821794568931785
0.002840471969805652
0.0029649352936858015
0.0031136553727453883
0.003194359379949299
0.003475039822573308
0.0036558915727828083
0.0038190269075125205
0.0040313646074373365
0.004186569395987993
0.004503099808913551
0.004702679767004557
0.004924869720564794
0.005222524928838472
0.005492768959141327
0.005739546852866253
0.00601290084195154
0.006350678362900199
0.006645955357532005
0.006922355438202022
0.007208264508123784
0.007559326467801491
0.007821699214755744
0.008115591696665717
0.008333513040033682
0.008513020167053641
0.008689728391578562
0.008775024249664217
0.008799208398870084
0.008694873678237862
0.00850685661895353
0.008036719648763395
0.007378416494672304
0.006400064535636809
0.005053395188213237
0.00313701061748234
0.0006894951429569964
-0.002576322541632906
-0.006720948879864109
-0.012082065039721765
-0.018706047766258165
-0.02677206406968586
-0.03640329354454211
-0.04751133345762307
-0.059948376707861864
-0.07343203566140408
-0.08760702556204888
-0.10188703625040375
-0.1158468959598974
-0.12881873690129142
-0.1401903176471275
-0.1496778931778182
-0.15671650826316133
-0.16121572449811855
-0.16298043117302485
-0.1618877672033002
-0.1581795189326115
-0.1518897690561778
-0.14331921620650104
-0.13262958308489883
-0.12012399617981177
-0.1060113111231373
-0.09035551663530252
-0.07333873348154621
-0.05486652021783065
-0.034988575951825994
-0.013626876099506536
0.009060751431733132
0.032892122587501176
0.057706824747823265
0.08309865278167829
0.10878941147797457
0.13432284563461966
0.15933017913236572
0.1834987121192955
0.2066122421337409
0.22865932418155333
0.24976059387532412
0.26987251821978947
0.2892737102370321
0.3078462046194865
0.3256285656488975
0.34239931465347084
0.35780882593659374
0.37133012891861156
0.3822865186762611
0.39010282001069047
0.3942649837602128
0.3940797483041456
0.3892106109852012
0.3793492645310736
0.3646021249583987
0.3450048698775063
0.320999980842275
0.2931274297688772
0.2618113158379613
0.22777611943325884
0.19140130949752143
0.153216080596998
0.11335431325415736
0.07204171950046316
0.029284454076993035
-0.014797902317776626
-0.060329659242958696
-0.10694404109604329
-0.1545109371606906
-0.20256282115362712
-0.25054687266921477
-0.2976616303357553
-0.3431267253043685
-0.3860826882146113
-0.42574386474643594
-0.46147691668691404
-0.4928082747983359
-0.5196122049009547
-0.5418755190651227
-0.5595650250424667
-0.5729615200663519
-0.5821693023351451
-0.5872946131534293
-0.5884201886313364
-0.5854887513332431
-0.5784574207500081
-0.5671783343086229
-0.5515200762516799
-0.5312605789352431
-0.5064464088901871
-0.47696577843680127
-0.4431119752993595
-0.40530023046999597
-0.3640899208769982
-0.32022772068654776
-0.27429126890582023
-0.22710313063212573
-0.17898566349918987
-0.13042304419467474
-0.0814623125162725
-0.03251493217734957
0.01651552285941015
0.06557164888710708
0.1146475761815805
0.16361607249475402
0.21236768811926407
0.26063225819567204
0.30798061438919017
0.35382397875192334
0.397576771833969
0.4385209223554709
0.4759187115543875
0.5093762747870612
0.5383869249610582
0.5629359771003769
0.5828522123058719
0.5984019944186736
0.609732440621782
0.6169477555609936
0.6201532596015618
0.6194761574121853
0.6148731929810531
0.6062938896673796
0.593584342084285
0.5765132833997147
0.5550342365175934
0.5290119778507124
0.49843737230620894
0.46353542913920404
0.4248031440107401
0.382669004573402
0.33781953733191894
0.29105844539740916
0.24297167868152886
0.1940223865499812
0.14467553365781655
0.09508961181210146
0.045487028251226566
-0.004220561296115001
-0.05392216442803346
-0.1035358610205505
-0.1530484507032376
-0.2023197798803106
-0.2510524723756514
-0.2988423518973049
-0.34523456761211
-0.3894570039987563
-0.4308330499779798
-0.4687586740770527
-0.5026174218465028
-0.5321250893733313
-0.5569975400145782
-0.5774312296694897
-0.5934008149819195
-0.6051199637320743
-0.6126074536701027
-0.6162445330949623
-0.6158907003027315
-0.6116532792097744
-0.6033611113009228
-0.5909674550776501
-0.5742397797405374
-0.5530240228554649
-0.5272545955718354
-0.49700696265738226
-0.46242328437490077
-0.42388485266329984
-0.3819486113806891
-0.3373504895658826
-0.29074233632733193
-0.24276962360994564
-0.1940214948952694
-0.14470658843282086
-0.0952463936551927
-0.04565314345354833
0.003976986724446672
0.05358425980569803
0.1031377168867279
0.15264968230603426
0.2018343592152575
0.2505429435214583
0.29833742218466364
0.34467314893920215
0.3889321012372478
0.43044146452047966
0.46842143949240306
0.5024149466764396
0.5320144438732379
0.5570813322728398
0.5776164573067707
0.5937193397392366
0.6055079416498471
0.6132286216086325
0.6169284526383296
0.6167092789051698
0.6125583682754223
0.6043903516599284
0.5920922349901684
0.5755221732506692
0.5544732680706577
0.5288659678637297
0.49873546155010784
0.4643017010146719
0.4258796857808953
0.38406250165257105
0.33952397380561083
0.29293451994996267
0.24502502803935708
0.19622401606072773
0.1469712660860496
0.09743946596358084
0.04788304223910718
-0.0017467095658741238
-0.051364924876267294
-0.10098769146899275
-0.1503956971627143
-0.19971359264067653
-0.24844106824970966
-0.29627181334875063
-0.34269823271616207
-0.38705528368377884
-0.4286721966675066
-0.4668256749402713
-0.5009841800667414
-0.5307751636917835
-0.5559947728504858
-0.5767438503773493
-0.5929875359123588
-0.6049195136870169
-0.6128084774593285
-0.616640061555048
-0.6165842322637846
-0.6125911471682902
-0.6045703559487737
-0.5924455932746109
-0.5760342037122238
-0.5552290600459172
-0.5297645209914582
-0.4998313934336047
-0.46550881747405565
-0.42723749281724754
-0.3854878606790872
-0.34102965713233907
-0.2945031707946686
-0.24668339509133017
-0.19794179067148487
-0.14869475002821808
-0.09916264185599608
-0.0495620792254104
0.000016452920468030763
0.049644731142912506
0.09924723758529133
0.14870084216753948
0.19797122583403107
0.2467248393384914
0.2946124417604552
0.34108015225084465
0.3855941417088689
0.4272836140120341
0.4655798447212081
0.499870441417737
0.5298218367215708
0.5552624330034903
0.576132690202121
0.5925168961645286
0.6046405108996247
0.6126702949419929
0.6166380076851298
0.6167316088502597
0.6128769795981641
0.6050055380464604
0.5930505562223213
0.5768169847581446
0.5560980905594467
0.5308385186742529
0.5010365188399386
0.466876121347565
0.42878477859084674
0.38714803987447727
0.34278743167420367
0.29636517975874505
0.24851052578062896
0.19975590505072566
0.15056605584436852
0.10105399274854239
0.05149281264735484
0.0018886309598340379
-0.04777743309244339
-0.09735703193881554
-0.14683949613385083
-0.1961048398028708
-0.24489928024553237
-0.2928200068343926
-0.33937539288432084
-0.3839160669282579
-0.4257393101746929
-0.46417961486118275
-0.4986410195107366
-0.5287913902756174
-0.5543369817347538
-0.5754031092639408
-0.591984205790971
-0.6042312842531339
-0.6123916330806934
-0.6165294730808599
-0.6167362381938964
-0.6130557951046325
-0.6053489468294461
-0.5935350512199794
-0.5774312778379237
-0.5569173910954205
-0.5318266098654972
-0.5022049261208162
-0.4682496198840733
-0.43021558444499164
-0.3887296945155993
-0.34443948512152495
-0.2980626017061632
-0.2502666892563632
-0.20157921704361498
-0.15237533917516347
-0.10288621401590563
-0.05329997966667841
-0.0036674764484095844
0.04595583291621752
0.09556224560234017
0.14505251017452528
0.19433836468240429
0.24313239680810497
0.29109217806870924
0.33770451670467755
0.38232253855675735
0.424294994986838
0.46283058864035653
0.4974622242249551
0.5277517895961497
0.5534979453810543
0.5746994266944072
0.5914300267254194
0.6038618449737855
0.6121921750482152
0.6164643803462073
0.6168329257370586
0.6132878540949412
0.6057413574028812
0.5940782445359929
0.5781373667479921
0.5577818459595972
0.5328811485600746
0.5034293754555277
0.4695544548681484
0.43166298360805316
0.39032948708513804
0.3461395716547922
0.2998625602654555
0.2520743806330639
0.2034017768382924
0.1541915509122243
0.10470157385254204
0.05514117591604823
0.0055007985335194295
-0.04409516366083535
-0.09372780216801846
-0.14320125406054052
-0.1924945988861242
-0.24132436432511714
-0.2893076456738111
-0.3359993516640401
-0.3807050992876758
-0.42277462249316333
-0.4614684851718812
-0.49626807280455565
-0.5267151124641217
-0.5526245733473671
-0.573991257278364
-0.5908998512820298
-0.6034809790575277
-0.6119260274095922
-0.6163905452809996
-0.6168706737969483
-0.6134454385828952
-0.6060637707746968
-0.5945715691768252
-0.5787550399989151
-0.5585713975802622
-0.533880437182758
-0.5045880014570099
-0.4708677826256803
-0.43313254105212307
-0.3919050266371435
-0.3478242301904815
-0.30156837087926314
-0.2538517161800871
-0.20519931462480678
-0.15602133084625164
-0.10653837252072278
-0.05697898411358167
-0.007368674587848481
0.04223932481823019
0.09186952840635795
0.1413699311572977
0.19069108184311273
0.23954084050987762
0.2875822542453755
0.33431179281071655
0.37911147383743143
0.42126409598392484
0.4601165285060052
0.49503482679036065
0.5256684312594352
0.5517435676864495
0.5732591687220808
0.5903359539606271
0.603091482767157
0.6117128103590868
0.6162820272843305
0.616934822668883
0.6136602320169029
0.6064205050932565
0.5950742821153976
0.5794701763368882
0.5594342838668267
0.5348651071305907
0.5057347183635829
0.47221456866823025
0.43461793992387177
0.3934828565364396
0.3495214583975723
0.3033218031734675
0.2556385703203421
0.2070323966423557
0.1578532491964202
0.10838290356786705
0.05879429706276805
0.009207070939982754
-0.040441446795825065
-0.09003944189424046
-0.13953390334154747
-0.18885229085996236
-0.23772165673146264
-0.2858122048779149
-0.3326080921695326
-0.3774871114794903
-0.4197529116975366
-0.45871731805481747
-0.49382152673268304
-0.5246196825486888
-0.5508531856253825
-0.5725743694882243
-0.5897882940423785
-0.6026765787368231
-0.6114485830488665
-0.6161787722703881
-0.6169669171910194
-0.6138359689364352
-0.6067690723172027
-0.5955869754072199
-0.5801198302726344
-0.5602587113287024
-0.5358405949584573
-0.506893618290426
-0.4735356545704904
-0.4360539717058762
-0.3950682172236477
-0.3511577396267079
-0.30506911075130877
-0.2574372961082974
-0.2088425495076397
-0.1596672646138436
-0.11021475722788307
-0.060631086886183
-0.01102805423349628
0.038581060041773106
0.08818814724722984
0.1377389462281274
0.18703848766856482
0.235928306922159
0.28405794268956486
0.3309069925028401
0.37586008692537703
0.41824109120932096
0.4573650207628933
0.4926038063202448
0.5235299334399472
0.549966171818433
0.5718479364364993
0.5892367040112194
0.6023006477249508
0.6111916127406433
0.616074360734305
0.6170410394463496
0.6140458258705157
0.6070944414128809
0.5960529346544883
0.5807651408218341
0.56105789182889
0.5368370232877089
0.5080444479573987
0.47484541961269777
0.437551226204803
0.39664243641996194
0.3528267301667319
0.3068069927486793
0.2592250490878505
0.21065518843806028
0.16150981089525238
0.11205264196878116
0.06248031340333239
0.012873523559033685
-0.03675328602312121
-0.08635499303478213
-0.1358905778816026
-0.18521718775188814
-0.23410909385967235
-0.2822797306188887
-0.32920724873121276
-0.3742606347665882
-0.4167386261338635
-0.45597918625668316
-0.49137142140133105
-0.522494366956739
-0.5490875378048283
-0.5711065235456576
-0.5886542065189496
-0.6018745094386246
-0.6109396821803567
-0.6159713450565972
-0.6170648190569382
-0.6142046506390623
-0.6074074730522465
-0.5965206550739038
-0.5814114998827726
-0.5618942753998296
-0.5378161942247098
-0.5091976353131131
-0.47612772726250346
-0.43897349792429197
-0.398218135158483
-0.35451117893992273
-0.30855646718416274
-0.26100776448151414
-0.21247584392720878
-0.16331185000068055
-0.1138890910977916
-0.06432507059362577
-0.014707516571123446
0.0349062160217479
0.0845131922853208
0.13403678072237749
0.18337105256408887
0.23233432457666106
0.28053688015189543
0.3274809108416582
0.37262179154079766
0.4152224313567862
0.45456862649833263
0.49013749331902323
0.5214004461653261
0.5481631345342115
0.5703842409766069
0.5881025653792479
0.6014649257889253
0.6106628322851378
0.6158493128069407
0.6170998362879664
0.6144044754131766
0.6077401693866543
0.5970073120178843
0.5820516225416932
0.5626787575774773
0.5387839740779125
0.510347949855111
0.47745491593086964
0.44039817506153445
0.3997761858712932
0.35615779563802535
0.310287132732508
0.2627846804652687
0.21426847248236203
0.16514446337516278
0.1157396275093613
0.06614389575471372
0.01652251635082702
-0.03307635645494677
-0.08269174110430506
-0.132232973159302
-0.1815708037007335
-0.2305413895357902
-0.27875962082107647
-0.325796773741254
-0.37099300331061846
-0.41370168435312943
-0.45318264932873853
-0.4888830068154349
-0.5203219848189711
-0.5472633251434741
-0.5696342576988468
-0.5875255327010922
-0.601046468068088
-0.610400892664575
-0.6157325895248026
-0.6170988877861574
-0.6145534602763026
-0.6080516834712174
-0.5974855280185153
-0.582676568987361
-0.5634881613679583
-0.5397450292267781
-0.5114761711506419
-0.47874307102081126
-0.4418697047253097
-0.40134311514701565
-0.35782594053550837
-0.3120141020660119
-0.2645725714877678
-0.21606879309364826
-0.16696949489218157
-0.11754768141883488
-0.0679817662156144
-0.018370184147684016
0.03123695556748675
0.08084982153849304
0.13039402329325647
0.17975865674068403
0.22874307729313248
0.2770035878589683
0.3240704205757928
0.36934819558800625
0.4121703688867607
0.4517984425716329
0.48761611913880176
0.5192302971485468
0.5463286659569343
0.5688881986514284
0.586931831890344
0.6006215808723167
0.6101296635384267
0.6156049911992342
0.6171140761255967
0.6147309271774036
0.608367505361315
0.5979500367376077
0.5832971254905845
0.5642688427928598
0.5407139486258081
0.5125992238600263
0.4800290364893795
0.44329502206615123
0.4029053816961051
0.3594802340056134
0.3137446746661474
0.26635313992817417
0.21789162727556027
0.16882257011924953
0.11938005245077823
0.0698275029266372
0.02021232972182032
-0.029397138142217845
-0.07901705601725105
-0.12854432018385567
-0.17792902865303192
-0.22692755098910605
-0.2752328572882041
-0.3223543922075808
-0.36772228144066954
-0.41062724970717757
-0.45038893470217767
-0.4863947871511501
-0.5181594468472205
-0.5454228511315969
-0.5681311443275473
-0.5863592299170196
-0.6001985273753678
-0.6098576384322822
-0.6154664279536048
-0.6171350041019972
-0.6148775632461734
-0.6086793204979682
-0.5984118591353609
-0.583916467901721
-0.5650577241795308
-0.541681913404102
-0.513720916609873
-0.481311066925111
-0.444729042313916
-0.40446879632784066
-0.36112688428872425
-0.31547415483762165
-0.26812696348254267
-0.2196973742665838
-0.170611581296257
-0.1212152495897604
-0.0716826378488676
-0.022052515757986876
0.02756371029906546
0.07717917957944329
0.1267203704642236
0.17609398281160618
0.22512472072340994
0.2734540669217873
0.3206352220900032
0.36608297979366644
0.409088651956828
0.44897664739619636
0.48511088534424796
0.5170541663217091
0.5444956820832562
0.5673590486603995
0.585749175489905
0.5997682796245669
0.6095632951098617
0.6153423093998681
0.6171507044410894
0.6150330218077079
0.6089836617855607
0.5988710397626226
0.5845338734555768
0.5658333635086297
0.5426078774824031
0.5148238783909161
0.48258797755238136
0.4461471739680485
0.40601202279728593
0.3627813107846111
0.317194503661158
0.26991068112522576
0.22150219280156613
0.17246066926900536
0.12305780385529791
0.0734992645571129
0.02389557649819292
-0.02572006999993388
-0.07533721691852795
-0.12488295080072065
-0.1742872961316794
-0.2233099460235742
-0.2716831096251605
-0.318911149700151
-0.3644304354307272
-0.4075497433200434
-0.4475514334286906
-0.48384394845347556
-0.515949481792762
-0.543554721496738
-0.5666004594084267
-0.5851372528827904
-0.5993184784127881
-0.6092675768635217
-0.6151887823013993
-0.6171518785913199
-0.6152009067042271
-0.6092775076648452
-0.5993056185281967
-0.5851441586664721
-0.5666018655914633
-0.5435627095619713
-0.5159523733402844
-0.48386352696904333
-0.44756706655611744
-0.4075477347593391
-0.3644539288772103
-0.3189240117163465
-0.27167798589232867
-0.22330365423274767
-0.17427932318419004
-0.12487806439843673
-0.07532950446896791
-0.025741587222351363
0.02389363040927008
0.07350403740708068
0.12306504658408195
0.17244876781561483
0.221520095134611
0.2699079425372205
0.317188482276649
0.36278770571341457
0.4059943351558355
0.4461475788755599
0.4825972907467996
0.5148381175539899
0.5426246606091631
0.5658370631575759
0.5845283062201987
0.5988600722073466
0.6089762153510421
0.6150341808414563
0.6171467062624834
0.6153182109186206
0.609561024292026
0.5997596481906061
0.5857397426868619
0.5673725679232866
0.5444909794373571
0.5170527347364312
0.4851272582856678
0.44898720572758033
0.4090978084040234
0.3660797033332341
0.3206348878257818
0.2734496382114603
0.22510384049002263
0.17610814530181632
0.12672004900534078
0.07717635709906172
0.02756653960104294
-0.022059427539774367
-0.07167542575487719
-0.12122572449950056
-0.17063116925736546
-0.21969918081905532
-0.2681232579756912
-0.3154553314543171
-0.3611348962427849
-0.4044522198907757
-0.44473537201308483
-0.4813019357399895
-0.5137362165684171
-0.5416782934039533
-0.5650559541715432
-0.5839160585162202
-0.5984042022566216
-0.6086777477240108
-0.6148888303284092
-0.6171341212445505
-0.6154699425702075
-0.609846473191373
-0.6002019167934182
-0.586318072214394
-0.5681286645579766
-0.5454305991688848
-0.5181420614462167
-0.4863907825332762
-0.4503830723153917
-0.4106357474479928
-0.36773161546018274
-0.3223483339813907
-0.2752207372071545
-0.2269283655067011
-0.17792318351321618
-0.128558293459685
-0.07900320860856648
-0.02941664735078594
0.02022717783341077
0.06982639764432295
0.11938240480057742
0.16881765267453083
0.2178978651132594
0.2663512731447721
0.31373563730194726
0.3594874231382156
0.4029133012236255
0.44330531823787533
0.48001500149674153
0.5125947425531362
0.5407227767102208
0.5642632583818809
0.5833026010464004
0.5979481128809235
0.6083745126025905
0.6147264422290485
0.6171355738090977
0.6155970362160235
0.610128287270591
0.6006245350955942
0.5869337196619776
0.5688798507439231
0.5463382470159563
0.5192434880270269
0.48762020299767445
0.4517804399419996
0.4121653625676422
0.3693524895437519
0.3240706680586935
0.2769914985492541
0.2287301721305664
0.17974878166914407
0.13040456678081966
0.08084440826006274
0.031254985114794576
-0.018385954802919293
-0.06799480897655022
-0.11755492527773305
-0.16697818659575225
-0.21607884982056288
-0.2645774883199391
-0.31200726953795094
-0.35782457746381635
-0.4013286225336212
-0.4418480120050262
-0.478729236886061
-0.5114665150993457
-0.5397712756389726
-0.5634817166673466
-0.5826808478495441
-0.5974763950891131
-0.6080581325323635
-0.6145612416223528
-0.617107902116077
-0.6157239633178728
-0.6104134988107182
-0.601064456368356
-0.5875095060923262
-0.5696266655774769
-0.5472642583182815
-0.5203196632916679
-0.48889873115875154
-0.4531904769720313
-0.4136972493270997
-0.37097654225775567
-0.3257707164709305
-0.2787621917329592
-0.23052511136459763
-0.18156801003270925
-0.1322192294269989
-0.08268128244327815
-0.0330830173025927
0.016544838800487627
0.0661538933359305
0.11571326517593775
0.16515564168235813
0.21427997677200308
0.2627779092847667
0.31028839760310434
0.3561732664844873
0.39979200717822483
0.4404323426162136
0.47744084161013406
0.5103387924790449
0.5387968541844017
0.5626680103706035
0.5820474167342929
0.5970186030139862
0.6077442896622404
0.6143937227307549
0.6170857779631878
0.6158313733039317
0.6106790658259234
0.6014688562166258
0.5880879226390474
0.5703721099023746
0.5481837631696469
0.5213956151130235
0.490134967470981
0.4545785140805901
0.4152185027371672
0.37262233963556296
0.3275007200290286
0.2805369206369143
0.23232836632911089
0.18339844160514987
0.13404062434260272
0.084519677722767
0.03492179090924702
-0.014694458300169879
-0.06432971080223618
-0.1138869332226213
-0.16333011753644464
-0.21246006612321988
-0.2610136412044191
-0.30852531796039057
-0.3545011951848427
-0.39821142768354584
-0.4389769683658482
-0.4761418823823447
-0.509206914299761
-0.5378031606197013
-0.5618707215497869
-0.5814112649736433
-0.5965467661130298
-0.6074178191060317
-0.6142135061234231
-0.6170593499680546
-0.6159783875376577
-0.6109412422753975
-0.601880518042287
-0.5886545646228875
-0.5711204198456837
-0.549087846966891
-0.5224635344199683
-0.49134487358628454
-0.45596396570019704
-0.4167503494944548
-0.37423826199741406
-0.3292078300539527
-0.28228718186762314
-0.23413239195357088
-0.18520655757968987
-0.13587746451806998
-0.08636093117275348
-0.03676274771730735
0.012867576033302413
0.06250990430945536
0.11206008441879492
0.16148564219016198
0.21063709946359707
0.25924325339052723
0.30679699722346726
0.35283524553589757
0.3966359578843162
0.4375188685713963
0.47484403505304673
0.508066840240265
0.536849897193318
0.5610648402579694
0.5807728798197572
0.5960559643534858
0.6070853487351416
0.6140521527357803
0.6170124339097716
0.6160507829294521
0.6112014878227823
0.6022915427569667
0.5892290209319255
0.5718341890440707
0.5499861927536668
0.5235284954858737
0.49259487632278515
0.45735754388854205
0.41825693634142247
0.37586636348601254
0.3308972990869736
0.2840576088196904
0.23593218465715976
0.18702820934925252
0.137724567824352
0.0881971543828036
0.03858891654220527
-0.01099976999511125
-0.0606317894581213
-0.11020300018567272
-0.15967476629474842
-0.20883168934454002
-0.25745037026460255
-0.30505147989497233
-0.35116439865283144
-0.395064234353227
-0.4360609835128268
-0.473542966767555
-0.5068909077757393
-0.5358352527619629
-0.560243419017809
-0.5801178751103824
-0.595555235498091
-0.6067597166804275
-0.6138654776771442
-0.6169895446836042
-0.6161846654070063
-0.6114679179650073
-0.6027093311133568
-0.5897894279778715
-0.5725543329732792
-0.5508587539914086
-0.5246051666484401
-0.4937911641016127
-0.458734654131222
-0.41978347926474685
-0.37749199928915106
-0.33261518517830974
-0.2858081919434672
-0.23771332599743553
-0.18884606191907916
-0.13956267620456614
-0.09002234243815233
-0.04044844502210614
0.009192833419543855
0.05878221501950046
0.10838949839696241
0.15784950381747564
0.20701423425792503
0.2556748703031674
0.3033381140672356
0.34949684636599976
0.39348620882453594
0.4346094178948707
0.4722030477166374
0.5057472868167584
0.5348678171759331
0.5594376826481159
0.5794789902613382
0.5950566540283494
0.6064123004050428
0.6136450996631494
0.616940952028639
0.6162729362171642
0.6117004156757526
0.603089367194464
0.5903571217276029
0.5732630984243627
0.5517549206147204
0.5256465233315039
0.49504913915436305
0.4600984627490882
0.421256247718417
0.37910558910876513
0.3343008113636747
0.2875551967817731
0.239548893117488
0.19066073556722737
0.141373873705681
0.09186074552336078
0.04225611888040746
-0.007368241581314091
-0.056952761596820035
-0.10654397334900377
-0.1560144847773731
-0.20520775099238636
-0.253856911511473
-0.3016003894314321
-0.3478302126082338
-0.3919137716278047
-0.4331595261381492
-0.47088378194735964
-0.5045936951369473
-0.5338593313355177
-0.5585897597822119
-0.5787851733554665
-0.5945822652398652
-0.606070424214348
-0.6134758494697814
-0.6168799254357469
-0.6163908703079165
-0.6119494509555088
-0.6034641293457889
-0.590889720837667
-0.5739774497188516
-0.552612701650837
-0.5266988548681657
-0.4962711451177253
-0.46148263590559296
-0.4227775718807874
-0.3807111785700142
-0.33602828841302873
-0.2893241376797194
-0.24132094570108362
-0.192502217027604
-0.1432009034924855
-0.0937072801494783
-0.044112493762100184
0.0055163427502922776
0.05515985563476788
0.10470907571022892
0.15417940051309048
0.20336556624843333
0.2520858914485015
0.2998626896292084
0.34611482161222357
0.3903004289718822
0.43167769706945924
0.46955592905557764
0.503411330649892
0.5328570188003315
0.5577793600064945
0.5781219361590989
0.5940575067372134
0.6056945166640779
0.6132548324507543
0.6168142399704141
0.6164586657559129
0.6121521453839809
0.6038774471669335
0.5914500138354666
0.5746712690997748
0.5534841653193886
0.5276960971453026
0.4974635943758766
0.462814415477937
0.42427177345993844
0.3823213831975187
0.33770020312643856
0.2910927881060946
0.24310489163902954
0.1943121092776168
0.14501146841998444
0.09556999632913318
0.04594613334828725
-0.003704877424872196
-0.0533148693090867
-0.10289169501432269
-0.15237302689688076
-0.20158650587048313
-0.25028613070916833
-0.2980645925766863
-0.3444713291562765
-0.3887443596222146
-0.43022014268266023
-0.4682180008040362
-0.5022188830539468
-0.5318649230198524
-0.5569537211860324
-0.5774692215668042
-0.5935636041340506
-0.6053757034822083
-0.6130619235064452
-0.6167514793797796
-0.6165586634657125
-0.6124054528205365
-0.6042626385848193
-0.5919857546149142
-0.5753641587309124
-0.5543582973268496
-0.5287906203229229
-0.49866309320016045
-0.46420357796797934
-0.4257730260230815
-0.38396279686918133
-0.33939835668729784
-0.29285298118048536
-0.24492851103455723
-0.19614051447132025
-0.146872820927406
-0.09736968566479136
-0.047759006602703
0.001827234649090329
0.051451117278642725
0.1010521925044652
0.1505046542466266
0.19976777831095782
0.24849245373200937
0.29631780972661925
0.34275870239961287
0.3871379601025025
0.42870283764070355
0.46689697418926523
0.5010360359543187
0.5308250191805169
0.5560863071814107
0.5767666268625017
0.5930174419691694
0.6049734475785414
0.6128138812358901
0.6166975454959418
0.6166310174347976
0.6126236515962332
0.604594114421264
0.5924952264538692
0.5760645652323905
0.5552272637263665
0.5298074372034122
0.4998559606065773
0.4655092341376742
0.4272362223639189
0.3855082806846963
0.3411153702962589
0.29458280158533595
0.2466976092524148
0.19792020040211758
0.1486776817070215
0.09922582940690075
0.0495816487220222
-0.000028221141140013732
-0.04960252937121193
-0.09925072607352799
-0.14872016803251667
-0.19798399360143867
-0.2467303727093005
-0.29462901284397425
-0.3410844538978138
-0.3855445033544245
-0.42728480492813425
-0.4655559100440242
-0.49985270072274474
-0.5297992028180121
-0.5552454381475828
-0.5760809982216721
-0.5925131042486851
-0.6046603515698485
-0.6126049785729359
-0.6166657244372618
-0.6167186824508502
-0.6128718401331507
-0.6050199330105505
-0.5930660813597256
-0.5768252825998755
-0.5560640012589643
-0.5308412656974864
-0.5010214585389108
-0.4669231960656248
-0.42876093509994706
-0.38713801564137973
-0.34280573505271694
-0.29635174285598215
-0.24851944909901408
-0.19981242561535567
-0.15058330481703797
-0.10107987747139306
-0.05147895810443018
-0.0018701783641494987
0.047778281019872214
0.09734558807463756
0.14683416235100927
0.19609310202478195
0.24489030730346917
0.2927959538918673
0.3393385310628264
0.383908928685604
0.4256889095759501
0.46417249166875274
0.4985898440875139
0.5287302650052567
0.5543428660876046
0.5753465414825745
0.591945325914338
0.6041964400817251
0.6123440967821742
0.6165167220374669
0.6167209330973978
0.6129899636121953
0.6053135606945974
0.5934887856155272
0.5773897796463322
0.5568807897937222
0.5318019752583045
0.5021381725624123
0.46814898624202983
0.4301488110236317
0.3886764288737513
0.34437264806031914
0.2980487037239988
0.2501937887063894
0.20153065258053493
0.15225548165331446
0.1028125169748746
0.05322498093334497
0.0035875694001201415
-0.04604225352544915
-0.09564943346858724
-0.14510287120700327
-0.19441112214540526
-0.24320818066813493
-0.29120407521105507
-0.3377926208768985
-0.38248152938791735
-0.42438215053045997
-0.4629563460978374
-0.4975804532034923
-0.5278782154911976
-0.5536315714497835
-0.5748164046590145
-0.5915601057994218
-0.6040251755068354
-0.6123182218303972
-0.616593314924467
-0.6169785969928733
-0.6134430330875513
-0.6058805684920834
-0.5942460155004917
-0.5782455464272935
-0.5579166627078869
-0.5330578918602945
-0.5035989031760663
-0.4697975629703778
-0.43189796071007647
-0.39050031313585654
-0.3463434053753585
-0.3000295658414414
-0.2523366862389695
-0.20363586732242914
-0.15441078838414116
-0.10499581568546257
-0.055418153156612554
-0.0057955200093754355
0.04382635620708984
0.09339870200051936
0.14287373695463812
0.1921578380573265
0.2409449586336844
0.2889962021725093
0.33564436773279155
0.3803087610705574
0.42237554170420677
0.4610729556851094
0.4958292576043589
0.5262725494406628
0.5521525401952888
0.5735206593375166
0.590418758983153
0.602977410020355
0.6113753365235697
0.6158036709215042
0.6162613861055513
0.6128769047903743
0.6054358844862078
0.5939252145676577
0.5781360950775082
0.5578654125540646
0.5331754798108471
0.5038325552695428
0.4701061446974717
0.43232382366429273
0.3910054363172087
0.34688020950799325
0.3006242496476137
0.25285905324985775
0.20416864753221783
0.15490234252046506
0.1054049144359013
0.055761376363633285
0.006042373573005131
-0.04361434481367192
-0.09327015352653407
-0.14286701666571916
-0.1922721955342899
-0.24115103865384585
-0.28923213504962825
-0.3360405671623848
-0.3809993825191959
-0.4232874209989003
-0.46221049543539694
-0.49721949881009986
-0.5279438665391094
-0.554146098818298
-0.5758429757405509
-0.5929890921969393
-0.6059133531681902
-0.6146755757265608
-0.6193617997433964
-0.6202234945840156
-0.6170829524293381
-0.6100451650061428
-0.5989347106279017
-0.5834941220843224
-0.5637085780198363
-0.5393741738150567
-0.510526933586626
-0.4772903840936315
-0.4399958927089671
-0.39913357028678886
-0.35548597594576187
-0.30966685484001877
-0.26239251864299973
-0.21419630788440736
-0.1655037349827254
-0.11648058655735473
-0.06739231401905453
-0.018314352043082047
0.030744199463331023
0.07970989283004005
0.12853689514133187
0.17716072574036107
0.2253178697078001
0.27258410487171403
0.31853873178701597
0.3625325511233701
0.4038827978717793
0.441790446742696
0.47579279161644655
0.5054292898892865
0.5304349423599846
0.5508345611026857
0.5667055403322666
0.5781286316170886
0.5853063588916969
0.5883891119137353
0.587356657264409
0.582412278493056
0.5734188025545178
0.5601910952262805
0.5425441112308306
0.5205074859520822
0.4938786371688207
0.46268322010812196
0.42716852365581737
0.3876299967630931
0.34479670943514296
0.29943885814719023
0.25229518934050055
0.20437326407975823
0.1563093133342158
0.10869616407388187
0.06193500462045122
0.01642748439601169
-0.027663279534690024
-0.07048030277104785
-0.11184636708409303
-0.15173847126135398
-0.1900615851162448
-0.22649530134852297
-0.2606028654586883
-0.292049635367829
-0.32005487562485363
-0.3441602892979984
-0.3639703930725104
-0.3788808231489477
-0.3889325361178829
-0.3940116190424308
-0.39434071507011853
-0.39035632615960186
-0.38263834832688715
-0.37172282324400074
-0.3583456868463864
-0.3429965384826763
-0.32627695201896767
-0.3084668809859718
-0.28986762068066957
-0.27056160189180334
-0.25049135571016745
-0.22945528421156583
-0.2074652385014814
-0.18436543780864054
-0.16026986166333487
-0.13524706907812611
-0.10976764527385087
-0.08405565456313038
-0.058641710693085325
-0.033804441971714436
-0.009913804286013527
0.012849023213270212
0.03415725116339564
0.05418498836179328
0.07265839546822454
0.08979703300950183
0.10547577455486759
0.11962223081988592
0.13220367879024678
0.14296932085440545
0.15165452039772137
0.15798248102428047
0.16184188037344102
0.16294933925604257
0.16127835006913288
0.15698721347323072
0.149948669761595
0.1406068449240567
0.12925550944208525
0.11629082824143921
0.10240735126372262
0.08811166379945594
0.07396907876640262
0.060417652286569104
0.04797796114018171
0.03682979647668234
0.027116632636772043
0.019028692241869243
0.01227164630123479
0.006925180049566995
0.0026878494982827484
-0.000575547376219907
-0.0031120488001897774
-0.004963004177022294
-0.0063934039235651
-0.0073667073499399304
-0.008002756345348428
-0.008475620388789639
-0.008716532201049332
-0.00888940635684542
-0.008819121755541363
-0.008664991276610665
-0.008527912883897084
-0.008315081320285835
-0.008122228376103652
-0.00781218372054719
-0.007558511635186337
-0.007275849450991588
-0.006896608463952891
-0.006658102355706807
-0.00633039241764837
-0.00605066351676237
-0.00579862941715516
-0.005511539564233528
-0.0052736804648328625
-0.0049806268716652705
-0.004738764469778172
-0.004536066724725884
-0.004290318035349287
-0.004063002196910668
-0.003855428584696334
-0.0037062676805858603
-0.0034689573485984755
-0.003244983515004087
-0.0031375794953003243
-0.0029732668497188443
-0.0027878515099351723
-0.002678514897823725
-0.0024886734671227158
-0.002379749988804505
-0.0023699902694939213
-0.0021967687026839917
-0.0020318065558828213
-0.0019458525487993433
-0.001916063579843467
-0.001749469945217561
-0.0016445862370027332
-0.0016196610544638743
-0.0015600832103092035
-0.0014416739795160506
-0.0014592051855632196
-0.0013227916278317137
-0.0012547193121430773
-0.001202967756236012
-0.0011412801811463327
-0.0011153123845104047
-0.001028558635585517
-0.0010090586784322123
-0.0009541140637851573
-0.0008631163756201616
-0.0008183602633896228
-0.0008363467017580156
-0.000838772162574492
-0.000763405072085232
-0.0007575452084065118
-0.0007266824292161486
-0.0006240805267099003
-0.0006663000803513578
-0.0005979944868258608
-0.0005647372594459782
-0.0005925104110051354
-0.0004697766501007843
-0.0005327494328247602
-0.0005072862546759677
-0.0004985949104188483
-0.00043062310063685577
-0.0004942188019691334
-0.0004162774994055965
-0.00039059327108173427
-0.0003575848306994174
-0.0003882556521067805
-0.0003891423900992661
-0.0003321320534435814
-0.00033486604630941406
-0.0002519745055947969
-0.0002732652375533938
-0.0003296781314427033
-0.0002933679212899548
-0.0003099786751116982
-0.00020468813193851872
-0.0002566488219533862
-0.0002211522370682588
-0.00018936261843333245
-0.00020921319775645008
-0.0002057654139531769
-0.00024535669016895206
-0.0002300964686802854
-0.00015312180635499158
-0.00021344614385901062
-0.00016277962869877825
-0.00015967375270308144
-0.0001615867315234812
-0.0002144085392768462
-0.00016908204612733264
-0.000135920363767541
-0.00009836101273232548
-0.0001247958074651204
-0.00019637457692806126
-0.00007886184239694052
-0.00012618917962572615
-0.00013505555185948338
-0.00011977551260318292
-0.00014333267495645496
-0.0000924341095635824
-0.00003215780454629399
-0.00015570530927745593
-0.00009099658979579595
-0.00010851445252725238
-0.00008689906202450094
-0.00001484839001431064
-0.00007890809634071817
-0.00003008848187246753
-0.000055803944538533834
-0.00012123901777728329
-0.00009135719900569098
-0.00011881821365603628
-0.00004553647376130019
-0.00009416837080106724
3.843638818060889e-7
-0.00012613150358764774
-0.000014482406112509513
-0.00009503133770480243
-0.00009546708698680862
-0.000058243563383467114
-0.00010925319006048754
-0.000010319338396763641
-0.00006390866206070502
-0.00005519406431579543
-0.0000503347690765844
-0.0000737100033692703
-0.00008012243398630912
-0.000047367034896004146
-0.00006670299244359349
-0.000023739885977981766
-0.00005373911522578668
-0.00004503159941234376
-0.00004366168046977227
-0.000048243344306259636
3.4124821076391774e-6
-0.00006827300310884165
-0.00006623681541541591
-0.00008521612459042576
-0.000020629243122521086
-0.00012198036248713213
-0.00005688661934506038
-0.00004371565700293534
0.000021269599905723417
0.000015380982114479604
-0.000021500890233583093
-0.00003826411306212018
-0.0000659204481258095
-0.000012469990076984453
-0.00002167192719424153
-0.000029488166139950518
-0.00004728468066066008
-0.000055939012631915676
-0.000046819766765030545
0.00001676278267966252
-0.00002873358384719271
-0.00002884877188236937
-0.00004961637569266066
-0.000017835475009863106
-0.0001357627984725658
1.5951054998064565e-7
9.981050070060702e-6
0.000010558602575968514
-0.000035895695384266894
-0.000053832610712562405
-0.000015203020575985809
-0.00001632937860744948
-0.00006979188291813203
-4.799022349356064e-6
-0.00006814931132252211
9.54658402394871e-7
0.000019489704798018507
0.00002486495054092417
-4.0284565505901866e-7
-0.0000190803762342259
0.000016139859221132905
-0.000028264721719705767
-0.000031651518243611666
-0.00008671250701376552
-0.00006174621641489844
4.715709669975262e-6
-0.000033579148987812096
-0.00008353757412531728
-0.000036298449926667324
5.789797117087076e-6
-0.000018902298286915214
-0.000020620743962395675
-0.000029496016175153207
-0.000015143359136689831
-0.000042056250021591516
8.578178812963978e-6
0.00004241459133423663
-0.0001575909214243909
0.00001379288654419711
-0.00006393141159600291
5.155045736149649e-6
6.465156043026531e-7
0.00007226918464632878
2.9848501746668312e-6
0.000019025892982267238
0.0000187818493391881
