-2.7216714156349112e-6
-2.77376498155767e-6
-2.827060463579801e-6
-2.8815903769230007e-6
-2.937388240373765e-6
-2.9944886310103116e-6
-3.0529271970450273e-6
-3.1127407111373094e-6
-3.173967105252137e-6
-3.2366455137998476e-6
-3.3008163190478428e-6
-3.366521185948919e-6
-3.433803122829685e-6
-3.502706518319834e-6
-3.5732771937824445e-6
-3.6455624614998265e-6
-3.719611178205884e-6
-3.795473790525558e-6
-3.873202410131677e-6
-3.952850862221622e-6
-4.034474762038651e-6
-4.118131567975759e-6
-4.20388065822411e-6
-4.291783409080519e-6
-4.38190325971604e-6
-4.4743057923882515e-6
-4.569058825039239e-6
-4.666232482266559e-6
-4.765899292867695e-6
-4.868134283213256e-6
-4.97301507011399e-6
-5.080621967625602e-6
-5.191038089026094e-6
-5.304349448801921e-6
-5.420645098767833e-6
-5.5400172288461645e-6
-5.662561299444596e-6
-5.788376171346614e-6
-5.917564249256104e-6
-6.050231617445689e-6
-6.186488181874636e-6
-6.326447852072881e-6
-6.470228674313961e-6
-6.617953024766465e-6
-6.769747774458165e-6
-6.925744480474041e-6
-7.086079589069613e-6
-7.250894629255471e-6
-7.420336432416538e-6
-7.594557351899035e-6
-7.77371550742856e-6
-7.957975017897466e-6
-8.1475062790266e-6
-8.342486205231331e-6
-8.54309853412514e-6
-8.74953412414937e-6
-8.961991243137994e-6
-9.180675925363923e-6
-9.405802283898975e-6
-9.637592891914901e-6
-9.876279150223158e-6
-0.00001012210167590259
-0.000010375310739905981
-0.000010636166667340613
-0.000010904940329660369
-0.000011181913604233954
-0.000011467379889864987
-0.000011761644634891163
-0.000012065025896668589
-0.000012377854923880162
-0.000012700476783390165
-0.000013033250998297935
-0.000013376552248137067
-0.00001373077107088964
-0.00001409631463514117
-0.000014473607531799103
-0.000014863092620963269
-0.000015265231900894884
-0.00001568050747446881
-0.000016109422501694923
-0.000016552502255958232
-0.00001701029521895288
-0.000017483374223353418
-0.000017972337696943502
-0.00001847781093108252
-0.000019000447439864474
-0.000019540930415189452
-0.00002009997422437125
-0.000020678326039243053
-0.000021276767495838555
-0.000021896116531756794
-0.00002253722924609076
-0.000023201001935371494
-0.000023888373203973414
-0.000024600326215135764
-0.000025337891081849538
-0.000026102147391126825
-0.000026894226870616322
-0.000027715316236687835
-0.000028566660194805546
-0.000029449564642156404
-0.00003036540003650934
-0.00003131560500574045
-0.00003230169015767376
-0.00003332524213984092
-0.00003438792793084171
-0.000035491499441982274
-0.00003663779836155927
-0.00003782876135295977
-0.000039066425541505315
-0.00004035293439300525
-0.00004169054394752331
-0.00004308162947683965
-0.00004452869255355768
-0.00004603436860460615
-0.000047601434974651845
-0.00004923281949749411
-0.000050931609654988017
-0.0000527010623770358
-0.00005454461446178575
-0.0000564658937431977
-0.00005846873100970766
-0.000060557172743815884
-0.00006273549476544888
-0.00006500821680230625
-0.00006738011809773841
-0.0000698562541333343
-0.00007244197452156019
-0.00007514294219787303
-0.00007796515398139341
-0.00008091496263926996
-0.00008399910054596319
-0.0000872247050943572
-0.00009059934597618362
-0.00009413105448264307
-0.00009782835501335969
-0.00010170029893435972
-0.00010575650102105762
-0.00011000717865573927
-0.00011446319404632696
-0.00011913609968640633
-0.00012403818736492174
-0.00012918254095706214
-0.000134583093425067
-0.00014025468827557648
-0.00014621314591802708
-0.00015247533533794928
-0.00015905925154517054
-0.00016598409927522567
-0.00017327038354499448
-0.00018094000759562163
-0.00018901637895198028
-0.0001975245242531242
-0.0002064912136963602
-0.00021594509591692574
-0.00022591684426593605
-0.00023643931553432484
-0.0002475477222199399
-0.00025927981963061637
-0.00027167610915336543
-0.00028478005920094503
-0.00029863834547904733
-0.00031330111237643275
-0.0003288222574693438
-0.0003452597413001383
-0.00036267592484281856
-0.00038113793722843937
-0.00040071807670761134
-0.00042149424790550267
-0.000443550438949726
-0.0004669772422002082
-0.0004918724228714118
-0.0005183415400635879
-0.0005464986253439751
-0.0005764669243617677
-0.0006083797076268338
-0.000642381157117889
-0.0006786273360281796
-0.0007172872496417648
-0.0007585440061174592
-0.0008025960867494797
-0.000849658736058573
-0.0008999654832001087
-0.0009537698069057227
-0.0010113469574421798
-0.0010729959500014243
-0.0011390417451911739
-0.0012098376333587392
-0.0012857678406890376
-0.0013672503761303439
-0.0014547401392940456
-0.0015487323103747345
-0.0016497660439466122
-0.0017584284888986018
-0.0018753591568688437
-0.002001254661023409
-0.0021368738456646677
-0.0022830433249366997
-0.0024406634449328107
-0.0026107146781441624
-0.002794264450911734
-0.0029924743934202874
-0.0032066079862468244
-0.0034380385566279274
-0.0036882575494959166
-0.0039588829610634835
-0.004251667773311901
-0.0045685081624295635
-0.004911451168276058
-0.005282701398811085
-0.005684626194293803
-0.0061197584797987
-0.006590796275205422
-0.007100597488821532
-0.007652168165116153
-0.008248641750195275
-0.008893246126299399
-0.009589254074571157
-0.010339911349959794
-0.011148334547610137
-0.012017368203356306
-0.012949386813363394
-0.013946022275897479
-0.015007790083375164
-0.01613357763753821
-0.01731994425498239
-0.018560163378281574
-0.019842911531868335
-0.021150474001699213
-0.02245629337032101
-0.023721636579926
-0.02489111077552821
-0.025886750267426345
-0.02660050235921372
-0.02688531334806119
-0.026545926163674943
-0.025332290468967948
-0.022941255975292493
-0.01903494366631734
-0.013283493772914028
-0.005430810064851551
0.00463555231911487
0.016841813189046765
0.030933813281070612
0.04652299992319437
0.06314434406036416
0.08030446348456753
0.09751856037052159
0.11434836158715879
0.13045010819921599
0.14562348843014983
0.15983325300033785
0.17317640704644965
0.18579417144882704
0.19775594901604607
0.20895069341507083
0.21901480500194012
0.22731780003493923
0.23301457671400122
0.23515043900995644
0.2327861420291397
0.2251135701912629
0.21154892447054982
0.19179732891452136
0.16588332638419856
0.13415002947255286
0.09723648417669493
0.05603322610911835
0.011604364893814972
-0.03492612601736377
-0.08250207125970745
-0.1302392165946022
-0.17746980976430032
-0.2237086207629929
-0.2685539513502086
-0.31157133950629146
-0.3522156506142004
-0.3898208015790043
-0.423648541931388
-0.45296621581678725
-0.4771226666456163
-0.4955983477157588
-0.508016694199191
-0.5141226174408424
-0.5137513041636962
-0.5068128711022102
-0.49330515550355586
-0.47334606215380237
-0.44719867194491986
-0.41526028116341396
-0.378009740186362
-0.3359432123631365
-0.28954603169524745
-0.23933034178979645
-0.18592657332672086
-0.13017627923128913
-0.07315825721146095
-0.016106950494256533
0.03975702892116657
0.09341258488978223
0.14416375217391933
0.19166874009330695
0.2358860869586793
0.27697941516027325
0.31521951968542855
0.35090386060196693
0.38429628828316614
0.41558092386619644
0.44482237105934314
0.47192733774583573
0.49660948985397096
0.5183697489775243
0.5365153802596974
0.5502439187073132
0.5587988302937138
0.5616611799997836
0.5587025616292123
0.5502271411237494
0.5368816429813847
0.5194777644519292
0.49880655029762044
0.47550803724753565
0.4500142296310514
0.4225479400022014
0.3931502660592315
0.3617169627383974
0.3280359305132064
0.29182778501027723
0.25279730104815334
0.21070498772045052
0.16546294430496206
0.11724380873899184
0.06656768897324113
0.014315643820772165
-0.03836619821679061
-0.09025757725511924
-0.1402833647893119
-0.18767808880794146
-0.23204401135644895
-0.27330759000795946
-0.31161990694479114
-0.34724949708661207
-0.3804944033820876
-0.4116182496860414
-0.4408034780084276
-0.468112407333244
-0.4934498547341921
-0.5165282586103549
-0.5368470785469982
-0.5537097693192766
-0.5663048959856869
-0.573859658187131
-0.5758318805957243
-0.5720664919559001
-0.5628430748653626
-0.5487906698975961
-0.5307120807181964
-0.5093968876611337
-0.4854880102623434
-0.45942174905936717
-0.4314247920414518
-0.40154094767367526
-0.36966741963822486
-0.3355923566197623
-0.29903527379657296
-0.2596979524134855
-0.2173351213874649
-0.17184945015505979
-0.12340044539327673
-0.07249304002351262
-0.019994606515872454
0.03295680092293987
0.08514083712753953
0.1354746440193932
0.18318068005860827
0.22784903853780247
0.26939701270708294
0.3079706372005692
0.34383713269265126
0.37729601470512075
0.4086143090187792
0.43797927468921033
0.46545928662962466
0.49096644355312
0.5142215040955292
0.5347324636581382
0.5518096904296209
0.564644353789736
0.5724595667102572
0.5747020716164969
0.5712014590821338
0.5622225374475841
0.5483846397189086
0.5304879415759113
0.5093255318693507
0.48554738120280205
0.45959784509663587
0.4317110770679723
0.40193710237322633
0.37017795694128564
0.33622520396435157
0.2998001328282248
0.26060409853288724
0.21838833442428188
0.1730481023432435
0.12473152677514673
0.07392981216714418
0.021497786284118334
-0.031433667854813566
-0.08364331938396843
-0.1340397191470402
-0.18183220666074268
-0.22659743378373465
-0.26824208608011824
-0.30690562264945365
-0.34285241247304205
-0.37638195530474816
-0.40776329209137446
-0.4371872594828338
-0.46472722089287877
-0.4903016538701529
-0.5136388660075186
-0.5342547107959186
-0.5514658591751995
-0.5644655196514033
-0.5724721590930163
-0.5749208240585064
-0.5716250589306515
-0.5628341212878658
-0.5491568875899255
-0.5313903000279576
-0.510330558900501
-0.48663448053762
-0.4607543938104095
-0.43293189047866565
-0.4032231983010173
-0.3715351742413651
-0.3376627981850581
-0.30132916619157896
-0.26223528470122887
-0.22012902203934223
-0.17489840560226605
-0.12668035036269856
-0.07595243127056213
-0.023556894484393406
0.029382717462668264
0.08164451060214244
0.13212861500319287
0.18003130496570863
0.22491574121859828
0.2666779152391327
0.3054506516354664
0.3414954636033291
0.3751118786877552
0.4065710198416344
0.4360673658624361
0.4636793153063517
0.4893317553258591
0.5127605815440419
0.5334895978779367
0.5508419753404816
0.5640132884555863
0.5722177710166971
0.5748791579234123
0.5717951764192826
0.5631995495787702
0.5496905456244708
0.532061664876448
0.5111120552299042
0.48750529924682195
0.46170168992709043
0.4339502858428766
0.4043135577310361
0.372703224071408
0.3389177226316108
0.30268200761281283
0.2636968118402565
0.22170674475577207
0.1765927241056735
0.12848055189732022
0.07783416735536682
0.02548306786017071
-0.027456859539633033
-0.07976342613094782
-0.13032863610441184
-0.17833583203726527
-0.22333465136826042
-0.26521025685126126
-0.30408867556667585
-0.34022841837349127
-0.3739289233295625
-0.4054633025978181
-0.4350295989579677
-0.4627111744612086
-0.4884392593750244
-0.5119572870826705
-0.5327970047977579
-0.5502881551286264
-0.5636288458572113
-0.5720293026479971
-0.5749021331568716
-0.5720292861391579
-0.5636288035649234
-0.5502880695485689
-0.5327968520109582
-0.5119570388597718
-0.48843888506149896
-0.4627106423062905
-0.43502887677913227
-0.40546235787071805
-0.3739277229115505
-0.3402269281158911
-0.30408686006847324
-0.26520807956216247
-0.22333207520864526
-0.17833282063648992
-0.13032515563513533
-0.07975944751977358
-0.027452360623885685
0.025488100713228653
0.07783973848832558
0.12848665653911015
0.176599349373759
0.22171387119863353
0.26370441512401205
0.30269005998561305
0.3389261939901736
0.3727120826593276
0.4043227705816268
0.4339598190726025
0.46171150893816465
0.4875153689336538
0.5111223403702668
0.5320721309663587
0.5497011603763713
0.5632102851283477
0.5718060119905383
0.5748900824522718
0.5722287851640725
0.5640244055462557
0.5508532209788845
0.5335010083211699
0.5127722013147404
0.48934363476892007
0.4636915087003704
0.43607993039863147
0.4065840154544084
0.37512536846937444
0.34150951437482885
0.3054653342109811
0.26669330401750324
0.2249319128812423
0.180048336207642
0.13214657939908445
0.08166347497547156
0.029402738431915116
-0.023535773060624193
-0.07593017950127663
-0.12665695211092665
-0.17487385705517833
-0.2201033294849648
-0.2622084621240429
-0.301301233252487
-0.3376337788531699
-0.37150509599010906
-0.40319209162606484
-0.4328997885954453
-0.46072133251096237
-0.48660049814120054
-0.5102956959674569
-0.5313545982601361
-0.5491203873114805
-0.5627968571873511
-0.5715870543191139
-0.5748820845717658
-0.5724326672024574
-0.564425231332445
-0.5514247036178962
-0.5342125931490508
-0.5135956721072099
-0.4902572552684356
-0.4646814786232679
-0.4371400256439703
-0.40771440912667917
-0.3763312536301961
-0.34279970766530965
-0.3068507135698444
-0.2681847550009504
-0.22653744905148823
-0.18176932795884507
-0.13397370501456143
-0.0835739360729432
-0.031360697943387805
0.02157453722974558
0.07401051188893212
0.12481631563717607
0.17313709519050627
0.21848162419989284
0.2607017605463439
0.29990222857383864
0.3363317840024735
0.3702890631035266
0.40205276978933163
0.43183133603170787
0.45972272230029226
0.48567690012786
0.5094597131598917
0.5306268052453419
0.5485282113797536
0.5623708600982612
0.5713546103310448
0.5748601839782977
0.5726228468128777
0.5648130958620058
0.5519842806908221
0.5349133750820741
0.5144092845550596
0.49116170269725845
0.46566268683881756
0.4381915295211659
0.40883618974559643
0.3775283625664405
0.34408087226584155
0.30822678584419455
0.26966668252597087
0.22813342963860853
0.1834810655476262
0.13579234828052741
0.08547721035021161
0.033313194620926335
-0.01961685807763513
-0.0720926299974583
-0.12297609643327953
-0.17139990968025606
-0.21685915137331893
-0.25919431593638587
-0.2985027210510825
-0.33502961175320767
-0.3690731676951238
-0.40091382092118727
-0.4307633574588983
-0.4587245006763869
-0.48475336773464184
-0.5086231965542909
-0.5298976043814342
-0.5479335606741316
-0.5619413147662727
-0.5711178005773443
-0.5748336001862181
-0.572808637412418
-0.5651973980888518
-0.5525414235957061
-0.5356128780031867
-0.5152225877048965
-0.49206651834131193
-0.46664463106150705
-0.43924385976152025
-0.4099586593539699
-0.37872584711203566
-0.3453619764353951
-0.309602303235426
-0.27114759092560387
-0.2297280802714986
-0.18519146761015812
-0.13761009840966648
-0.08738054534769125
-0.03526713525244721
0.017656155961658707
0.07017025886190796
0.1211302978532495
0.16965655546234765
0.21523039129483446
0.2576808074278844
0.29709756122321446
0.33372225588383536
0.367852518605333
0.3997704414241227
0.4296911103981384
0.4577219609394927
0.48382520552809255
0.5077814377335182
0.5291622495501525
0.5473316258332593
0.5615033234169586
0.5708716178091684
0.5747972048764851
0.572984791511039
0.5655727868266955
0.5530907024015976
0.5363056217454458
0.5160300786927814
0.4929662015191056
0.4676218353498682
0.44029158629483595
0.41107645408478427
0.3799184292701773
0.34663784675346276
0.31097221408562215
0.2726225652987113
0.23131663511044137
0.1868959271531575
0.13942251578578113
0.08927967797487757
0.037218443790875126
-0.015696310002031345
-0.06824707562229945
-0.11928239887368763
-0.1679103274099239
-0.21359847687486172
-0.25616423211571504
-0.29568963694902217
-0.332412520139025
-0.36662985865815717
-0.3986253347666234
-0.42861727945137035
-0.45671778866579615
-0.4828951192275277
-0.5069371802320262
-0.5284235365513855
-0.5467252639981385
-0.561059807024347
-0.570619043988525
-0.5747540363493366
-0.5731544007676064
-0.5659424066611272
-0.5536353145089997
-0.5369948532575407
-0.5168350455447611
-0.49386406809141975
-0.4685976272444136
-0.44133803112134273
-0.41219287322839193
-0.3811093688834847
-0.3479116871966708
-0.3123396500225959
-0.2740946479718668
-0.23290202977281943
-0.18859725623814869
-0.1412322752090873
-0.0911771387806361
-0.03916950870481339
0.013735063152497562
0.066320939308271
0.11743035924459684
0.16615927361975297
0.2119615351773073
0.25464278779835525
0.2942772079831395
0.3310987163085604
0.36540354089881655
0.3974768841711385
0.42754026710607895
0.45571039507651184
0.4819615184850267
0.5060888214695977
0.5276798384952827
0.5461128095269845
0.560609044689102
0.5703582872027969
0.5747022214694695
0.573315510228913
0.5663042304950839
0.5541731773616035
0.537678453089627
0.5176353484611869
0.4947579712292813
0.4695698637096451
0.44238106449402237
0.4133058093131388
0.3822965894881722
0.3491814605716397
0.3137026204470587
0.27556190076370424
0.2344823824300993
0.19029363182934156
0.143037614937139
0.09307123223352348
0.0411187093742979
-0.01177395012031124
-0.06439328942234498
-0.11557552004450083
-0.16440464164826274
-0.21032073198017937
-0.25311757368997845
-0.2928613225835342
-0.3297818561081336
-0.3641745534153168
-0.39632606587034674
-0.42646104887976805
-0.4547007658560808
-0.48102540974105906
-0.5052373982026379
-0.5269322295301725
-0.545495376704332
-0.5601521883815131
-0.5700905309680937
-0.5746429692707475
-0.5734693522318961
-0.5666595165427367
-0.5547055800000629
-0.5383577444677037
-0.5184323438871714
-0.4956492951417931
-0.47053994828382284
-0.4434220995600205
-0.41441667517533876
-0.3834814938586177
-0.35044854990226526
-0.3150624785834956
-0.277025636222812
-0.2360589531361847
-0.19198624946601225
-0.14483965601792445
-0.09496300019563436
-0.043067011380748456
0.009812071753450233
0.06246328013646289
0.11371707700559741
0.16264566127263727
0.20867532766300287
0.2515878792089072
0.2914412973943966
0.3284612803909633
0.36294225712986067
0.39517225607284795
0.42537901134636086
0.45368829315418197
0.48008618597622943
0.5043822989689483
0.5261800867921006
0.5448723214378451
0.559688559931532
0.5698150494824721
0.5745754965183503
0.573615084197685
0.5670073698869286
0.5552315882938232
0.5390317685231114
0.5192250603041558
0.4965370642546785
0.4715069072705454
0.4444601691090014
0.4155245142602533
0.38466314017446174
0.3517120319141399
0.3164183228025879
0.27848497623525165
0.2376308875592288
0.19367427767478237
0.14663758936079202
0.09685165849784043
0.0450136627614521
-0.007850136829152586
-0.06053156620402217
-0.11185562465944918
-0.16088286775344585
-0.20702580552495017
-0.2500541463750913
-0.2900175442687898
-0.32713738088265504
-0.36170703231402895
-0.3940158312759998
-0.4242945344026845
-0.45267336730525143
-0.47914425484659073
-0.5035239548130526
-0.5254238686447639
-0.5442441294793594
-0.5592186679317055
-0.5695323665254951
-0.5745003352982403
-0.5737532443010487
-0.5673483384138674
-0.5557517669872823
-0.5397011133051974
-0.5200141116847072
-0.49742191671527014
-0.47247139816449246
-0.4454959436924643
-0.41663000355945184
-0.3858422053047429
-0.3529725767587741
-0.31777080951811126
-0.2799405555092904
-0.23919878960631474
-0.1953582799218329
-0.1484319298113205
-0.09873766969544741
-0.046959076946857664
0.005887771577883197
0.05859780131867484
0.10999083380086233
0.15911594341008317
0.20537185848393757
0.248516080086128
0.28858978142031716
0.325809889221333
0.3604686228824635
0.39285654571821355
0.42320738037211475
0.4516557565147873
0.4781993882429281
0.5026621385687062
0.5246633444127463
0.5436105591856683
0.5587422488394531
0.5692421842351861
0.5744171437442757
0.5738834439187233
0.5676819922762136
0.556265656333302
0.5403653017574404
0.5207990137772969
0.4983033675553592
0.4734329390002354
0.446528946696379
0.41773267374263784
0.38701822911320005
0.354229735246414
0.3191195016549578
0.2813919491485885
0.24076224514040556
0.19703785032574472
0.15022227773204866
0.10062064154466589
0.04890287533981863
-0.003925330303409498
-0.05666230409022933
-0.10812297973409157
-0.15734511923754416
-0.20371367838931473
-0.24697384160494862
-0.28715814864266875
-0.32447893184591486
-0.3592271487426908
-0.3916945186468543
-0.4221176732662258
-0.4506355949069127
-0.47725173564511825
-0.5017970196390741
-0.5238987060322927
-0.5429718240168666
-0.5582595322335515
-0.5689447398722035
-0.5743261592120082
-0.5740059178051645
-0.5680085672734249
-0.5567735010308631
-0.5410245952858348
-0.5215800490392248
-0.4991817203341117
-0.47439185130866657
-0.4475595129106882
-0.41883286769931605
-0.3881915574495862
-0.35548385096575164
-0.320464734854062
-0.2828394782153713
-0.2423215528023154
-0.19871325653574284
-0.15200886236803698
-0.10250076155770227
-0.05084520691353663
0.001962693237688217
0.054724971895913896
0.10625196682263079
0.1555703014298503
0.20205117312609436
0.24542734305578623
0.28572256499023674
0.32314443626637285
0.3579825460483597
0.39052969415328537
0.42102536403450114
0.4496128391616474
0.4763012583443556
0.5009285622761841
0.5231299174145625
0.5423278812289496
0.5577704587428195
0.5686399455781886
0.574227255627064
0.574120498366515
0.5683278590124328
0.5572750704841688
0.5416787490631507
0.5223569679711941
0.5000567267244319
0.47534789087909424
0.44858740371300754
0.41993035344998797
0.38936196597537137
0.3567347081435019
0.3218063023196101
0.2842829442594821
0.24387652045471356
0.2003843095755963
0.15379149516911336
0.10437784196670202
0.05278589021644421
-2.522461819079869e-8
-0.05278594138985061
-0.10437789522013888
-0.15379155162156538
-0.20038436995569608
-0.24387658499858622
-0.2842830126614187
-0.3218063737227338
-0.35673478120767166
-0.38936203898875144
-0.41993042448971324
-0.4485874708145039
-0.4753479522058516
-0.5000567806998192
-0.522357013361097
-0.5416787850020445
-0.5572750964476428
-0.5683278747493574
-0.5741205037932315
-0.5742272507251819
-0.5686399303694001
-0.5577704333042632
-0.54232784580164
-0.5231298725174093
-0.5009285087580803
-0.4763011974280844
-0.44961277241324515
-0.42102529327854804
-0.39052962134629476
-0.3579824731175933
-0.32314436492589627
-0.2857224965907295
-0.24542727846796972
-0.2020511126651379
-0.1555702448726517
-0.10625191345249207
-0.05472492060171823
-0.001962642667953221
0.05084525819440172
0.10250081490983848
0.15200891890939738
0.19871331700557238
0.2423216174495238
0.28283954674608747
0.3204648064288988
0.3554839242594089
0.3881916307548822
0.41883293909319047
0.44755958041879756
0.4743919130835467
0.4991817747762915
0.5215800948791776
0.5410246316299949
0.5567735273265859
0.5680085832472563
0.5740059233627938
0.5743261543313234
0.5689447245747051
0.5582595066122531
0.5429717883282624
0.5238986607949698
0.5017969657172137
0.47725167426530624
0.4506355276429916
0.42211760194899217
0.3916944452493253
0.35922707520868497
0.3244788599203663
0.28715807970946455
0.2469737765707116
0.20371361762082368
0.15734506254628552
0.1081229264337451
0.05666225308977614
0.003925280242006848
-0.04890292592493849
-0.10062069404721827
-0.15022233332844595
-0.1970379098018149
-0.24076230879999408
-0.2813920167370973
-0.3191195723720005
-0.35422980779079094
-0.38701830179820307
-0.41773274465637644
-0.4465290138719896
-0.4734330005925427
-0.49830342196477795
-0.5207990597443097
-0.5403653383960065
-0.5562656830947752
-0.5676820088880482
-0.5738834502829604
-0.574417139827176
-0.5692421700293254
-0.5587422244012722
-0.5436105247166714
-0.5246633003953399
-0.5026620858139275
-0.4781993279468445
-0.4516556902184309
-0.4232073098919352
-0.39285647301656446
-0.36046854990184585
-0.3258098177036717
-0.288589712756795
-0.24851601518504463
-0.2053717977157796
-0.15911588658968584
-0.10999078025186455
-0.058597749960231586
-0.005887721070069285
0.046959128038049004
0.0987377227491669
0.14843198597209858
0.19535833996676544
0.23919885383376596
0.2799406236693784
0.31777088081108706
0.3529726498936283
0.38584227860445136
0.4166300751123774
0.4454960115276458
0.47247146041999727
0.4974219717718775
0.5200141582612677
0.5397011504793233
0.5557517941941686
0.5673483553733416
0.5737532509082856
0.5745003315342603
0.5695323523998297
0.5592186435196058
0.5442440949972857
0.5254238245649422
0.5035239019485235
0.4791441943768753
0.45267330076264184
0.42429446359133144
0.3940157581541162
0.3617069588246647
0.3271373087811993
0.29001747496163083
0.25005408079677827
0.20702574406402036
0.16088281025680015
0.11185557047351471
0.06053151426718042
0.007850085825640904
-0.04501371425982384
-0.09685171185546634
-0.14663764572529187
-0.19367433782859528
-0.23763095180329505
-0.27848504433717913
-0.3164183939773899
-0.35171210488758303
-0.38466321327562797
-0.4155245855792367
-0.44446023667630663
-0.47150696921501617
-0.4965371189491994
-0.5192251064619933
-0.5390318052270058
-0.5552316149879987
-0.5670073863076525
-0.5736150902740258
-0.5745754922668769
-0.5698150349394016
-0.5596885351886732
-0.5448722867230771
-0.5261800425778236
-0.5043822460577054
-0.48008612553794267
-0.4536882267006538
-0.42537894067618487
-0.39517218313215374
-0.3629421838596917
-0.3284612085450756
-0.29144122838980524
-0.251587813989229
-0.20867526662371208
-0.1626456042648657
-0.11371702335697968
-0.06246322876594576
-0.009812021303775054
0.043067062368698124
0.09496305312478778
0.14483971206211185
0.1919863094403562
0.23605901736970072
0.27702570451228575
0.31506255017638757
0.35044862354467826
0.3834815678974083
0.4144167477102114
0.4434221686219623
0.4705400119916562
0.49564935185639347
0.518432392284644
0.5383577835906528
0.554705609230073
0.5666595355442035
0.573469360849261
0.5746429674259299
0.5700905186405963
0.5601521656054446
0.5454953436876327
0.5269321867345481
0.5052373464299765
0.4810253501587852
0.4547006999859678
0.4264609785206659
0.39632599297277793
0.3641744799396328
0.32978178382735984
0.29286125294494175
0.253117507659424
0.21032067001034638
0.16440458362838165
0.11557546537459303
0.06439323708371075
0.011773898823409413
-0.04111876104957062
-0.09307128566635987
-0.1430376713192608
-0.19029369198468618
-0.2344824467291176
-0.27556196902351465
-0.3137026919363013
-0.3491815340483125
-0.3822966633099113
-0.41330588157289744
-0.44238113321451605
-0.46956992700746514
-0.4947580274416523
-0.5176353962566832
-0.5376784914897692
-0.5541732057489999
-0.5663042485332594
-0.5733155177653122
-0.5747022184405205
-0.5703582735943877
-0.560609020562023
-0.5461127750861886
-0.5276797942095194
-0.5060887681488223
-0.48196145731612106
-0.4557103275902679
-0.4275401951117064
-0.39747680964031945
-0.3654034658047755
-0.33109864243873904
-0.29427713679909095
-0.2546427203074056
-0.21196147184166414
-0.16615921436715686
-0.11743030350053013
-0.06632088608604866
-0.013735011182810028
0.03916956083048884
0.09117719243977702
0.14123233158387075
0.18859731617614625
0.23290209365446932
0.2740947156526984
0.3123397207953436
0.34791175984992323
0.38110944180795875
0.41219294453102057
0.4413380988492662
0.4685976895022453
0.4938641232294705
0.5168350922465049
0.5369948905809233
0.5536353418628384
0.5659424237660536
0.5731544075520528
0.5747540328185682
0.570619030175702
0.561059783018417
0.5467252300147956
0.5284234930306592
0.5069371279544768
0.48289505931390114
0.45671772260044796
0.4286172090027498
0.3986252618543142
0.3666297852283791
0.33241244796537645
0.2956895674703701
0.25616416631576416
0.21359841520271713
0.1679102697629118
0.1192823446134262
0.0682470237066745
0.015696259099858702
-0.037218495138532176
-0.08927973118409734
-0.13942257205708397
-0.18689598734145546
-0.23131669960947365
-0.27262263394779124
-0.31097228619772516
-0.3466379211146307
-0.37991850425570006
-0.4110765278066096
-0.44029165675519544
-0.4676219006368434
-0.4929662599290641
-0.5160301288317787
-0.5363056625842251
-0.5530907332558407
-0.5655728073089684
-0.5729848014293831
-0.5747972041447142
-0.5708716063951641
-0.5615033013623382
-0.5473315933250594
-0.5291622070366607
-0.5077813859932906
-0.4838251457225022
-0.4577218945688359
-0.42969103926469937
-0.3997703674961374
-0.36785244386370136
-0.3337221821623627
-0.2970974900261856
-0.25768073980071105
-0.21523032775000844
-0.16965649597178756
-0.12113024187632776
-0.07017020542894656
-0.017656103828394255
0.035267187471073706
0.08738059903174324
0.137610154743672
0.18519152745912287
0.22972814404833933
0.2711476585130655
0.30960237395883194
0.3453620491177655
0.3787259201413467
0.40995873086063167
0.43924392777082716
0.46664469366857053
0.49206657386765973
0.5152226348005869
0.535612915683568
0.5525414512745545
0.5651974154934087
0.5728086445045342
0.5748335970263843
0.5711177872513771
0.5619412913916545
0.5479335274573938
0.5298975617491334
0.5086231452487222
0.4847533088510092
0.45872443568408544
0.4307632881096682
0.40091374914777245
0.3690730954665358
0.33502954088134623
0.2985026530269857
0.2591942518026614
0.21685909161368883
0.17139985421399814
0.1229760446308612
0.07209258077734504
0.01961681004994171
-0.03331324300345067
-0.08547726057928444
-0.1357924016367729
-0.18348112294708183
-0.22813349150508186
-0.26966674874424423
-0.3082268557240607
-0.34408094461636124
-0.37752843576769224
-0.40883626190156236
-0.43819159865394813
-0.46566275102994287
-0.49116176024647923
-0.5144093340926107
-0.5349134155979234
-0.5519843115402276
-0.5648131167057582
-0.5726228574980109
-0.5748601844656726
-0.5713546005898238
-0.562370840123759
-0.5485281812860507
-0.5306267653718328
-0.5094596641729208
-0.48567684308163667
-0.45972265860423916
-0.43183126742261485
-0.402052698188776
-0.3702889904713566
-0.3363317121705444
-0.29990215905599965
-0.26070169443072055
-0.21848156202986083
-0.17313703698428046
-0.12481626086866073
-0.07401045958971227
-0.021574486138097072
0.031360749257209636
0.08357398901247193
0.1339737607832232
0.1817693874149405
0.22653751258354535
0.2681848224834717
0.3068507843088714
0.3427997804585503
0.37633132687742954
0.4077144809424587
0.4371400940417985
0.4646815416765876
0.4902573112927839
0.5135957197269663
0.5342126313785337
0.5514247318414884
0.5644252492329636
0.5724326746825256
0.5748820816341186
0.571587040994412
0.5627968335597289
0.5491203535844283
0.531354554892388
0.5102956437229259
0.4866004381438789
0.46072126623627196
0.4328997178074939
0.40319201827356116
0.3715050220648208
0.3376337061990198
0.30130116341108515
0.26220839620515685
0.2201032680716338
0.17487380017059903
0.12665689923571855
0.07593012966475095
0.0235357249600462
-0.029402786302716092
-0.08166352413621705
-0.1321466311950358
-0.18004839167204265
-0.22493197256054556
-0.26669336790971093
-0.30546540171754805
-0.34150958439437235
-0.37512543941399407
-0.4065840854839488
-0.43607999753875065
-0.463691571054594
-0.4893436906300709
-0.5127722493276378
-0.5335010474902491
-0.550853250687097
-0.5640244254760683
-0.5722287951849842
-0.5748900825159273
-0.571806002040715
-0.5632102651371368
-0.5497011304266662
-0.5320720913720242
-0.5111222917716729
-0.48751531235692847
-0.4617114457898761
-0.43395975106640755
-0.4043226996432387
-0.3727120107517863
-0.33892612296120084
-0.30268999138194197
-0.2637043500594828
-0.22171381025499834
-0.17659929256683474
-0.1284866033686693
-0.07783968800715572
-0.025488051638916313
0.027452409736734188
0.07975949809639517
0.1303252089626891
0.17833287764516548
0.2233321363778605
0.26520814480624005
0.3040869287618951
0.3402269990803687
0.3739277945477119
0.40546242828421625
0.43502894395219616
0.46271070428055766
0.48843894007856875
0.5119570854963236
0.5327968892297804
0.5502880966867172
0.5636288202907526
0.5720292923730582
0.5749021289166625
0.5720292879805319
0.5636288208306729
0.5502881199262324
0.5327969598522757
0.511957233115042
0.4884391975009882
0.46271110613755234
0.4350295259363162
0.4054632268498563
0.3739288468611318
0.3402283430673852
0.3040886030006939
0.26521018818406716
0.22333458719732252
0.17833577239272727
0.13032858046235674
0.07976337354263228
0.027456808703729733
-0.02548311839731011
-0.07783421901975474
-0.1284806059720328
-0.17659278156235736
-0.2217068061209438
-0.2636968771380695
-0.3026820763209559
-0.3389177936808422
-0.3727032959696059
-0.40431362865781595
-0.43395035385874925
-0.4617017531312989
-0.48750535592324146
-0.5111121039572737
-0.5320617045774911
-0.5496905755897817
-0.5631995694176364
-0.5717951859542396
-0.5748791571013238
-0.5722177598293658
-0.5640132669589546
-0.5508419437140365
-0.5334895564989449
-0.5127605311036583
-0.4893316968803184
-0.46367925024386347
-0.43606729587503845
-0.406570946806631
-0.3751118045462558
-0.34149539016938946
-0.3054505804245996
-0.2666778473556459
-0.22491567724976994
-0.18003124494011602
-0.13212855846852656
-0.08164445667051679
-0.02938266492596015
0.023556946976941325
0.07595248507040045
0.1266804066726719
0.17489846533369371
0.22012908568716308
0.262235352240394
0.30132923708509
0.3376628713433004
0.37153524812449673
0.4032232710903081
0.43293196019268065
0.4607544584975106
0.4866345384510591
0.5103306085414661
0.5313903402948982
0.5491569177390769
0.5628341408754982
0.5716250677706115
0.5749208221241545
0.5724721463914814
0.5644654962681674
0.5514658253286101
0.5342546668803476
0.5136388127461877
0.49030159232592735
0.46472715252055574
0.43718718601430184
0.407763215481981
0.3763818775570489
0.3428523354899741
0.3069055480531833
0.2682420150691763
0.2265973670462186
0.18183214432444592
0.13403966083847516
0.08364326421677264
0.0314336146404002
-0.021497839003680064
-0.07392986586105353
-0.12473158281033594
-0.1730481617723521
-0.2183883978383506
-0.2606041659950346
-0.2998002038123774
-0.33622527740644864
-0.3701780313175027
-0.40193717584852084
-0.43171114766027824
-0.4595979108235057
-0.48554744031380725
-0.5093255829118453
-0.5304879834562514
-0.5483846717370703
-0.5622225592289093
-0.5712014704706698
-0.5747020725787706
-0.5724595572354717
-0.5646443339044686
-0.5518096602770847
-0.534732423632567
-0.5142214549204304
-0.49096638633404893
-0.465459222849443
-0.43797920613448843
-0.408614237719025
-0.3772959427119342
-0.34383706195595765
-0.30797056938737816
-0.2693969490734162
-0.22784897980376928
-0.18318062639033314
-0.13547459500265477
-0.08514079187387463
-0.03295675816295412
0.019994648299124184
0.07249308242056078
0.12340048986310098
0.1718494978781721
0.21733517307769593
0.25969800825812417
0.2990353333623034
0.3355924188951785
0.36966748316675724
0.4015410106417211
0.4314248525119107
0.45942180508866
0.48548806009789874
0.5093969298594961
0.5307121141920933
0.5487906939668137
0.5628430891698908
0.5720664963432677
0.5758318749963252
0.5738596425276252
0.5663048701684757
0.5537097332840464
0.536847032437924
0.5165282028698129
0.49344979022232704
0.46811233530720153
0.4408034000585766
0.4116181676592057
0.3804943192411124
0.3472494126813114
0.31161982388792925
0.27330750950516475
0.23204393412228036
0.1876780149752123
0.14028329396443914
0.09025750858440353
0.03836613053709941
-0.014315711856185223
-0.06656775866988998
-0.11724388122422504
-0.16546302040037586
-0.21070506782903356
-0.25279738513737293
-0.291827872528763
-0.32803602051806147
-0.36171705387112807
-0.39315035671104065
-0.4225480284380177
-0.4500143141165096
-0.47550811616244876
-0.49880662224467226
-0.5194778282738173
-0.5368816977540474
-0.5502271861756224
-0.5587025964696594
-0.5616612042395417
-0.558798843658082
-0.550243921032966
-0.5365153715767091
-0.5183697295597476
-0.49660946038344156
-0.47192729929861715
-0.4448223251162213
-0.4155808722570586
-0.38429623311185795
-0.35090380405643384
-0.3152194638988606
-0.27697936207632423
-0.23588603809567343
-0.1916686964846812
-0.14416371431640285
-0.09341255270116706
-0.039757001840809346
0.016106973385540038
0.07315827708658608
0.13017629731286912
0.18592659067981862
0.23933035928156388
0.28954604990148475
0.3359432315905673
0.37800976053203883
0.41526030266202874
0.44719869461483447
0.4733460860542775
0.4933051808014431
0.5068128980476764
0.513751333064473
0.5141226486109823
0.5080167278901963
0.4955983840591072
0.47712270557478687
0.4529662570077351
0.4236485848096939
0.38982084533052613
0.35221569434258054
0.3115713823713029
0.26855399270989627
0.22370866024504216
0.17746984725894976
0.13023925213711499
0.08250210492355407
0.03492615784478373
-0.011604335012607268
-0.056033198415789694
-0.09723645905516387
-0.13415000733148372
-0.1658833076590268
-0.1917973139298984
-0.21154891342658738
-0.22511356316322834
-0.2327861389230373
-0.23515043961741772
-0.2330145807616093
-0.2273178071763589
-0.21901481482626808
-0.2089507054506775
-0.19775596276788368
-0.18579418638761275
-0.1731764226401538
-0.1598332687506374
-0.14562350384211004
-0.13045012286227192
-0.11434837510347871
-0.0975185724252585
-0.08030447386870496
-0.06314435264299426
-0.04652300667631694
-0.03093381829331556
-0.016841816598859336
-0.004635554326870165
0.005430809219818479
0.013283493815557802
0.019034944330870416
0.0229412570329488
0.025332291707577184
0.02654592745245328
0.02688531457114145
0.026600503477277437
0.02588675121920059
0.02489111156249015
0.023721637192789892
0.02245629383204313
0.0211504743174228
0.01984291171576537
0.01856016345038501
0.017319944212346464
0.016133577524060805
0.015007789906257615
0.013946022028153942
0.012949386528385022
0.01201736786433772
0.011148334180103902
0.010339910973536823
0.00958925368650046
0.008893245708636427
0.008248641334659952
0.007652167748738171
0.007100597072060678
0.006590795857108046
0.006119758056606657
0.0056846257926892714
0.005282701000592464
0.004911450780613197
0.0045685077781809575
0.004251667391075192
0.003958882597906588
0.003688257187120038
0.003438038216156946
0.0032066076435363247
0.0029924740796376183
0.0027942641217153317
0.0026107143674347086
0.0024406631508458857
0.0022830430408887505
0.002136873573149461
0.0020012543971860744
0.0018753588976596941
0.001758428244945341
0.0016497658088133653
0.001548732073789016
0.0014547399028123351
0.0013672501693242555
0.0012857676265583223
0.0012098374306956233
0.0011390415606689355
0.0010729957655716583
0.001011346777617123
0.0009537696407510179
0.0008999653080462149
0.0008496585747512004
0.0008025959266413326
0.0007585438594347243
0.0007172871228666129
0.0006786271955862187
0.0006423810246300546
0.00060837957895847
0.0005764668041973638
0.0005464985134063565
0.0005183414223256607
0.0004918723131671033
0.00046697713031590904
0.00044355033295476794
0.00042149414769694475
0.0004007179798375344
0.00038113784157097456
0.0003626758332300394
0.0003452596376792273
0.0003288221751572393
0.0003133010289665194
0.0002986382640855725
0.00028477997500815064
0.0002716760425520163
0.00025927975295018957
0.0002475476570817822
0.0002364392426380409
0.00022591676580151584
0.0002159450280046173
0.00020649114627201254
0.00019752446713440283
0.00018901632234406712
0.0001809399540159533
0.00017327033571577685
0.00016598404417890355
0.00015905919816938183
0.00015247529492113496
0.00014621309784927292
0.0001402546430552555
0.00013458305199186526
0.00012918248913147307
0.00012403813972656984
0.00011913605578265195
0.00011446315196866666
0.0001100071415013048
0.00010575645882807034
0.00010170026235568094
0.00009782831842911955
0.00009413101540275563
0.00009059930610577624
0.0000872246782373764
0.00008399907156950153
0.00008091492694790283
0.0000779651387556782
0.00007514291780881194
0.00007244194785253799
0.00006985622986450879
0.00006738009283716861
0.00006500819214651159
0.00006273547266648671
0.0000605571346455579
0.00005846869961195712
0.0000564658641527208
0.00005454458325692047
0.0000527010410580945
0.000050931590704553404
0.000049232796910762896
0.00004760142315275702
0.00004603434677156304
0.00004452867045861958
0.00004308162255396015
0.00004169052264815532
0.000040352916455651
0.000039066405700520055
0.000037828742251025425
0.00003663777760205644
0.000035491473354313635
0.00003438790102016239
0.00003332522555392632
0.000032301678468637244
0.000031315597658840035
0.000030365379178041208
0.0000294495502295082
0.000028566637715594928
0.000027715300087033356
0.000026894214220766997
0.000026102134468454646
0.000025337873981608667
0.00002460032171272899
0.00002388835957802775
0.000023200982587570578
0.000022537223099772883
0.000021896102997743752
0.000021276750619956332
0.000020678305953977232
0.00002009997028819034
0.000019540910209079026
0.0000190004345514283
0.000018477802133185604
0.000017972321461595705
0.000017483362547889363
0.000017010288763933617
0.00001655250109589307
0.00001610941508851156
0.000015680488094436863
0.000015265225420936824
0.000014863079104045532
0.000014473596319641063
0.000014096312062311075
0.000013730758150010203
0.000013376549531542538
0.000013033240149944425
0.00001270047048384457
0.000012377854022266392
0.000012065014046652654
0.000011761647539906488
0.00001146736842450696
0.000011181902068252786
0.000010904934210124003
0.00001063616545327149
0.000010375306836586422
0.000010122087521702187
9.876261872069297e-6
9.637600458021305e-6
9.405788540063326e-6
9.180665191952171e-6
8.96198466378102e-6
8.749535339457902e-6
8.543096248904257e-6
8.342488590696082e-6
8.14748876104922e-6
7.957967491364865e-6
7.773699713374545e-6
7.594554411183194e-6
7.420326182666431e-6
7.2508824397106715e-6
7.086074039282186e-6
6.925736196565946e-6
6.7697426639900265e-6
6.61794425717186e-6
6.47022915094384e-6
6.3264526762448164e-6
6.186496450878706e-6
6.050203985883411e-6
5.917568446796093e-6
5.788366986482327e-6
5.66255276153591e-6
5.540008731074189e-6
5.420640764809999e-6
5.3043482116472025e-6
5.191034720087818e-6
5.08061680681119e-6
4.973011108335679e-6
4.868126949725281e-6
4.7658875213520814e-6
4.666225987513863e-6
4.569054810289698e-6
4.474305568163121e-6
4.381885202875711e-6
4.2917778049271365e-6
4.203870670468414e-6
4.118132125540824e-6
4.034464645921171e-6
3.952848203984186e-6
3.873204412771624e-6
3.7954672954730666e-6
3.719616352861569e-6
3.645567988655283e-6
3.573274121224445e-6
3.5027076010266602e-6
3.4338070694035563e-6
3.366505657224879e-6
3.300820852521966e-6
3.236632640328264e-6
3.1739780236937166e-6
3.1127413347995306e-6
3.0529205551299193e-6
2.9944838469302628e-6
2.937388334259142e-6
2.881593983996255e-6
2.827074235983512e-6
2.7737671227799966e-6
