8.552507288992655e-6
-0.00008855626441669988
-0.00003523443472303263
8.273301834654023e-7
6.516145382954241e-6
7.053645506759034e-6
3.1027648251872412e-6
0.00009171695719392575
-0.000029348943228556578
6.003192450981327e-7
5.775301180040395e-6
-1.484869308375104e-6
0.00001808272031705183
-5.4912258752082405e-6
0.00006722113301933525
0.00010177664761553457
0.0000452415731324898
0.000023752095961220743
-3.118093475436946e-7
-4.1186748340411685e-7
-0.000047420951027968504
0.0000994294888986426
0.00004586009803449385
-0.00004808106843921635
-3.0172791532338577e-6
0.00002188023372728501
0.000026634157335120528
0.000052063756259051916
-0.00003512416298556785
0.000018424913709316014
0.00004939897359815606
-0.000031150901947374404
0.00001225991386604037
-0.00007738393613697138
0.00007545025520331813
-0.00002942089073156568
-0.00003647854261706258
-0.00004465962296378332
0.0000498523396537433
0.00005285021290690424
-0.0000290709336353881
0.00003899580215116883
0.00010415769758681886
-2.4876706897659e-6
0.00007150682744817816
-0.00003918228809090369
-0.00004876913096987411
-3.854442795256467e-7
0.00009673163485008043
0.00008905095107974061
0.00004361264000968311
-0.000011683172946437082
-0.000013868997052546059
0.00005342501582272971
0.00004010251932687075
6.060677057447824e-6
-0.00004575998721981454
-0.000020383295738919093
-0.000017587328325844796
-0.000023343821454594264
0.000038390004673306355
0.00007751148713282385
0.000014604728223597703
0.00006352895089541192
0.00011927575682994962
-5.356490524962141e-6
0.00015540186434265918
0.00001068833642059845
0.000027384928662277466
0.00011616232699524928
0.00006748904328232203
2.7676788800505935e-6
0.00009516314071975656
0.00007832219396441476
0.00011222091805603387
0.000028616879100249842
0.00009780287183520145
0.00003430701243200684
0.00008324978074611593
0.0000640349919695118
0.00014475252557520578
0.00004380561853818866
0.00011477197474435255
0.00005830156209949428
0.000013339463073913723
0.0000598968448538231
0.00008546796987607131
0.00007767737449674452
0.00005617469597452781
0.00013341096458530633
0.0001000390506604055
0.00017067619587291002
0.00007712373480031913
0.00008890335928074613
0.000015891488947554368
0.00012628691546303305
0.00013418099302591198
0.00021775112030287936
0.00015708176467917366
0.00008569520058292749
0.00018288178534143067
0.0001646775909814864
0.00015643248022874506
0.00017405293952879166
0.00019659085275485017
0.00026412416582851115
0.00022426357630570993
0.00017067347662516914
0.00023141375823553924
0.0002326218381643248
0.0003004530139825357
0.0002679303493011551
0.0003211591759766363
0.0003291666747820777
0.000365721150549322
0.00035482783851899593
0.00040948744469933334
0.00047258499923182387
0.0004200894198053853
0.0004267325385533518
0.000497059844204267
0.0005045844793561429
0.00037461771445542467
0.0006107778397054837
0.00045918380757347744
0.0005098861861862382
0.0006324753659108486
0.0006431458919990241
0.0006496648517919574
0.0006690706132591791
0.0006636590515246622
0.0007533858849724307
0.0007800318741259959
0.0008416938462902552
0.0008019597994490052
0.0009678072791606
0.0009495561724819925
0.0009627113721589251
0.0010720777785362316
0.0012246030080294988
0.0011399529368254031
0.0012938482129044027
0.0013436428893260916
0.0014538481533153927
0.0014918988161690015
0.0016117953835528144
0.0016504448671638963
0.001767766059143706
0.0019387559867500418
0.0019646944808644697
0.0020837506328269958
0.0022724656946967728
0.0024001465367414175
0.002532603416495496
0.0027160828985868268
0.0027741225144224113
0.0029495348141061815
0.0030778226785093264
0.0033825062383222985
0.00351564761802897
0.003690851291900111
0.00394741921845962
0.0041549359614931804
0.004361967604626265
0.0046470938223491295
0.00492154203251709
0.005239453337961519
0.005490464508121321
0.005796072890867907
0.006088045441149076
0.006411936370399816
0.006738200806801038
0.007038067345631125
0.007367429078873398
0.007731698356285921
0.007972271811877775
0.008183285954171147
0.008383708548400691
0.008511114636565948
0.00869265515942399
0.008685580385345025
0.008503954189163549
0.008085450373930795
0.0074393204140053995
0.0064671575297020984
0.004877711893520128
0.0027675948062198005
-0.0002911629089940791
-0.004412815414025446
-0.009886697852676169
-0.017019026965456416
-0.026040105165870527
-0.03723291240243948
-0.05057901488482287
-0.06577338163301416
-0.08230671466756052
-0.09992272146340855
-0.11768927269782145
-0.1345508061561099
-0.1499756095007001
-0.16279738040123304
-0.17235622494429506
-0.17790643602981213
-0.17899050756558116
-0.17546127399983844
-0.16706255862412894
-0.15398632725666406
-0.13616446740902885
-0.11406986698744966
-0.08782695265823548
-0.05793787995614152
-0.024762297536455376
0.011564869391618222
0.05006203524469198
0.09040175990088684
0.1313953250656249
0.17243533000752634
0.21206599692011374
0.24924623113198452
0.28305258627952634
0.3125657978378389
0.33683385063905136
0.35558266120725474
0.3686066984325358
0.3758518452497002
0.37732718686968625
0.3737094096289278
0.36480112131125575
0.3510402489757112
0.33211714875915294
0.307964577855857
0.27834000090858707
0.24361170488426803
0.20376757411542068
0.15932866950203964
0.11101754897015882
0.059751668262593635
0.006891089514111709
-0.04640593308490712
-0.09870311183343466
-0.14906210666485878
-0.1966039757110727
-0.24106319445525143
-0.28212283161188384
-0.31975365123913235
-0.3538642634077663
-0.38433484225689285
-0.4105493362765933
-0.43236329020087694
-0.4489037701169447
-0.45974548706976504
-0.46419434658418013
-0.4622001376506307
-0.4538685241798266
-0.439587145157295
-0.42006922806572955
-0.3958758288678265
-0.3673945910864319
-0.3351986438867285
-0.2994341772297116
-0.2600700593386446
-0.21732692119346003
-0.17116046514908162
-0.1221289663224705
-0.07054660387003212
-0.017510937664894848
0.03612145133929299
0.08895475910322984
0.14016880371792967
0.18877309894354796
0.23436114209688105
0.2766782039414521
0.3154122269697301
0.3508190312074625
0.38254767577731524
0.4104818134618645
0.4342038026882358
0.45309221810654454
0.46654526907902794
0.4740805927428134
0.4751981187736892
0.46989661374599945
0.4583765650343125
0.44121884091831626
0.4190524824457306
0.3924976730210026
0.3618584895042623
0.32758711957151987
0.28987404727424987
0.2486189079416137
0.20404072743892368
0.1562441787772535
0.10561272110121622
0.05299196656701374
-0.0007928898996204198
-0.05446331548223877
-0.10708913745898091
-0.15738866004165428
-0.20496046685341443
-0.24946930993044503
-0.29045331023018006
-0.3279374295354128
-0.3619859521925352
-0.39224756866996
-0.41862148511080355
-0.44049886578154024
-0.45717914282182476
-0.4682998664424831
-0.4732121993402238
-0.47172071687581546
-0.4637253270393849
-0.44977101181131895
-0.43052004604882915
-0.40656950570393097
-0.37824131701120345
-0.3462219042121504
-0.3104436267331401
-0.2712203968733552
-0.22860053485695925
-0.18267732120299277
-0.13370241088388032
-0.08221426925944736
-0.029031030997718817
0.024791712034024468
0.07814291191851945
0.1297436338916893
0.17902910367576821
0.2252854644988494
0.2681782859328146
0.30771222824436056
0.3437051391373896
0.3761105827345659
0.40471648635159085
0.42911647581575657
0.44882867578136226
0.4632448375438944
0.47175448263956465
0.4739296358879931
0.4695610241937361
0.45889781124404283
0.44262714564560385
0.42118747860798306
0.3952781687750927
0.36533792036426416
0.33167831223866795
0.2944968193712236
0.25378244783047543
0.20965857923465786
0.16237156997584945
0.11216373885058677
0.05984740147053369
0.006160954858993039
-0.04751286724768745
-0.10029230563561256
-0.15095639138582823
-0.19895254264527826
-0.24383178784746418
-0.28533236851402155
-0.32336578477187106
-0.35785765200274977
-0.38865047047447293
-0.4154660470897399
-0.43802521543470463
-0.4555631099951107
-0.4675342963470413
-0.47330499064098863
-0.47264037974738143
-0.46557755974733844
-0.45248625485883087
-0.4339482996316708
-0.4104639902002036
-0.3828113905623553
-0.3512344585697644
-0.31598869185116146
-0.27724663806314
-0.23518125074643323
-0.1896317956685467
-0.14107736708949606
-0.08990093775156148
-0.0368220544089394
0.017030319777242002
0.07040227761951663
0.1223551399965114
0.1720253768708565
0.21869480182499176
0.26208422835751655
0.3020856441812922
0.33863776808898677
0.3715504108832559
0.4007595211809268
0.42583547007507416
0.4462583875968648
0.4614092064797782
0.47080743030308253
0.4738427971708695
0.4704460798388534
0.46073401577552014
0.44517555723294616
0.4244643592339671
0.39919361475310294
0.3697914467823994
0.3365720211716662
0.2998963912393601
0.2596600894045242
0.2160762945861923
0.16923002547499613
0.11947211160619965
0.06742813570003732
0.013867029518944331
-0.039922805076315626
-0.09286444609677674
-0.14392772938253273
-0.19234171746193532
-0.23764796786480816
-0.2796074040340082
-0.3180991248464952
-0.3531951333334869
-0.38450186702155836
-0.41197177213461744
-0.435153988250868
-0.45341914232128927
-0.4662177245204977
-0.47284880495515996
-0.47315483681150566
-0.4670135591704021
-0.4547513921881338
-0.4368876245394046
-0.4141433143507353
-0.38700542168230756
-0.35598149182339295
-0.3213416357887781
-0.2830823214700386
-0.24142253286823634
-0.19637297936356515
-0.14824097146335855
-0.09733919693908695
-0.04451048073906335
0.009235018506252864
0.06281505776229371
0.11505000656572145
0.16507499253160474
0.21222544274864721
0.2561085129217356
0.29656632642454483
0.3336578424810992
0.3670952857404963
0.39678749471110464
0.42250172232958644
0.443650027790248
0.45960919114120513
0.46988179538709507
0.4738166685963427
0.47130369818804746
0.4624705681147672
0.44775894661702204
0.42774899564413654
0.40307590030277984
0.374147855577468
0.3415331782420661
0.30535714739858316
0.2656372693718803
0.22252395031645159
0.1761445011875478
0.1267047674998832
0.07491593233015
0.021542157995937863
-0.03228786685332585
-0.08541708644337324
-0.13681503383700194
-0.18563401269645322
-0.23140284837592148
-0.2738317033167136
-0.31283512090127613
-0.3483541493177668
-0.38028144956602344
-0.4083205013491731
-0.4321170828016331
-0.45116632454428746
-0.46472245488734315
-0.47233899319697603
-0.47353406555814415
-0.46826161212714407
-0.45684099123496985
-0.43977416063968
-0.41767821177572734
-0.39115751659218667
-0.36063077460935555
-0.32646079084150126
-0.2887467555010081
-0.24756021409403292
-0.20298315983500398
-0.15525333820707016
-0.10476532078583509
-0.05217969633517987
0.0015124909372261715
0.055236624174286736
0.10771408534717603
0.15810589994558694
0.20566044509289352
0.2500433171114675
0.2909672752568909
0.32854409902955173
0.3625176987444664
0.39278086188965605
0.41907760608245487
0.44089827129702713
0.45767596261237703
0.4687873197044023
0.4736259613226865
0.47207347715307235
0.4641360651946055
0.4501549729212495
0.4309003894232879
0.4068106619609212
0.3785767902930647
0.34644819610399147
0.3107762283094555
0.2715004199768468
0.22886481270769807
0.18290833603828727
0.13396121514420853
0.08241189627536509
0.02921427886443276
-0.02456500688464504
-0.07791888933157919
-0.1296416329912615
-0.17884244081767284
-0.22507492032355048
-0.2679988153824363
-0.30750037042204104
-0.3435722156269184
-0.3759502594608939
-0.4045479291305059
-0.4289489431928651
-0.4487461129195499
-0.4631398772558022
-0.47160923908699337
-0.4737702039961775
-0.46941370136200805
-0.45882597894921445
-0.44252891259395727
-0.4211378315953715
-0.3952642403759676
-0.3652643772064439
-0.33155703775760953
-0.294329521404868
-0.25365732294911186
-0.2096116763723119
-0.16227613111837494
-0.11210867133767285
-0.05978461598395041
-0.006154032708887323
0.04757436266173232
0.10033726649915392
0.15101899058218382
0.1990293929553789
0.24388872405891207
0.28540072562336094
0.323380865663946
0.35789177861461907
0.3886723206680145
0.4156013849694005
0.438076475068245
0.4555745723502306
0.46756492762916085
0.4733344216784942
0.4727037819077686
0.46562963106102545
0.45254106018442886
0.4339312986709162
0.4105413966806471
0.3828353190043258
0.3512793455307951
0.3160729966720181
0.2773305247426442
0.2351484084648795
0.1896736060922164
0.1411298905736356
0.08987156897255283
0.036900139175127605
-0.01691220407646813
-0.07037024355979528
-0.12237072268544662
-0.17196489705358714
-0.21867050374482072
-0.2620691051276747
-0.3021077379845596
-0.33862078676450963
-0.3715586409289434
-0.40070384740081205
-0.42580167230136534
-0.446256344821739
-0.4614444193019618
-0.47079037515748134
-0.473815186145213
-0.470460166439985
-0.4607101994866815
-0.44521029060283324
-0.42448817895783186
-0.3991697104096227
-0.36975665122814577
-0.33658612970254964
-0.2999030613878525
-0.25967030515475376
-0.21608548139457479
-0.16920393343048593
-0.11942518273531541
-0.06737105457927553
-0.013881507040287148
0.039934250133619106
0.09292312095804041
0.14397942724266316
0.19237821376939193
0.23768956247655243
0.2796588819525421
0.31816300157011407
0.3531584590934367
0.38452026236806597
0.4119789664206477
0.43512519819521356
0.45344010782695954
0.4662012551659722
0.4729187235317707
0.47318470736251445
0.4670127618249288
0.4547452000485324
0.4369342272512505
0.4141758372170293
0.3870401358561975
0.3560154003865236
0.3213034574622152
0.2830664082911517
0.2413974960167229
0.1963863891222211
0.14820497755410839
0.09734806406601812
0.04450997820865306
-0.009238537241471369
-0.0627955360753874
-0.11506371421576563
-0.1650720329291573
-0.21220846691026007
-0.25609367524012977
-0.29658165329636493
-0.3335958771106092
-0.36705683839356235
-0.39680726924144716
-0.42247369233377036
-0.4436211344334035
-0.4596051005619048
-0.4698057335645113
-0.4738240464833871
-0.4713348813817198
-0.4624827416719707
-0.44774258078694906
-0.427753675178806
-0.40307603044640244
-0.3742213863415241
-0.3415617173898463
-0.30534946999557744
-0.26564699943556036
-0.2225167260107559
-0.1761090690778664
-0.12673601170830112
-0.07491228193594764
-0.02157930546587214
0.03228187064578852
0.08544275194702504
0.13680191545983153
0.18563565999373982
0.231395257360407
0.27385518465208614
0.31289591644855996
0.3483895527129537
0.380278951940586
0.4083304513131149
0.4321615964541256
0.4511366780812144
0.4647299074609743
0.4723432894683222
0.47351563198668833
0.4682786759694535
0.4568729823557866
0.43978666256487997
0.41769216755642874
0.39115095850033416
0.36066651396572647
0.3264465830253767
0.2887528938698021
0.24756868671682553
0.20303827847899578
0.15528951565574423
0.10478064142753411
0.052187827734465495
-0.0015347651095993036
-0.0552061301046246
-0.10770146343810244
-0.15804909971115846
-0.20565841566348658
-0.2500295494859709
-0.29099909604306434
-0.3285278578310317
-0.36252457976226043
-0.3927847536470612
-0.41908077359284507
-0.44089512631375544
-0.4576775055339715
-0.46872029014172417
-0.47362976815673535
-0.47203267050666775
-0.46412075727204666
-0.45020114961359964
-0.43089987392210166
-0.40683197919314695
-0.37857817020703716
-0.3464524687267021
-0.31073274695021574
-0.27150747571028916
-0.22889987917620913
-0.1829352334838674
-0.13393842660905358
-0.08242396146102601
-0.029215832638259904
0.024617936853541095
0.07792977010631674
0.12959575292965472
0.1788529127121041
0.2250617756796902
0.26800807061291493
0.3075064037437122
0.3435410974351752
0.37597362046667154
0.40456493728644166
0.42900404861286096
0.4487625282320397
0.4631518023406177
0.47162869282679964
0.47374703445462607
0.46941162683281573
0.45886566108227833
0.44256489831863516
0.42113773356050627
0.39520538778843783
0.3652535301171779
0.3315581387831268
0.294360104656244
0.2536899001392308
0.2096028084992119
0.1622720517440402
0.11213586204044593
0.05976658374322443
0.006149320667983807
-0.047582746336094786
-0.10032330633932834
-0.1510426959507626
-0.19902113599383145
-0.2438755416026333
-0.2853424210783346
-0.3233789581915676
-0.35787522003997835
-0.38870528634638696
-0.41557541698345635
-0.43808501121180243
-0.455606838978609
-0.4675417616688399
-0.47334227067020146
-0.4726805265413375
-0.465646887765222
-0.45252277813457226
-0.4339537641763608
-0.4105335078404993
-0.38282642538588735
-0.351270878236247
-0.31605014489543465
-0.27733325878055026
-0.23518552150315655
-0.18968449597870068
-0.14110570641341366
-0.08993157102161692
-0.03689816940438171
0.016932908129300518
0.0703763614132544
0.12236140260290423
0.17200282952556592
0.218670890002609
0.2620736002042389
0.30207002871330685
0.3385875374622818
0.37154369211595484
0.40073014629081255
0.4257744857679015
0.4462232201179646
0.4614519437067861
0.47079260391637656
0.4738617802980374
0.4704122840276084
0.46069967289221186
0.4451704469263413
0.4244539167876487
0.3991688675013345
0.3697775032498383
0.33661062418001053
0.29990006815685
0.2596997722731992
0.2160642863700796
0.16922006638512657
0.11943455351406584
0.06734333395972793
0.013841446436498088
-0.03993804889680471
-0.09291670791310469
-0.14396664334339615
-0.1923766980437075
-0.23766859075304447
-0.27963037886812725
-0.3181688196101593
-0.35317851478936496
-0.3845143174524373
-0.41198309405648964
-0.4351344556941349
-0.4534237599005373
-0.466192142869486
-0.4728843638241084
-0.47319230254677463
-0.4670081041174314
-0.4547608572248487
-0.436884902205178
-0.4141426780025587
-0.3870344449382373
-0.35600491838863324
-0.32131883146688206
-0.28308109848521246
-0.2414194658405475
-0.1963938329415909
-0.14821683600484906
-0.09734738576338269
-0.04453483307910382
0.009226642154648565
0.0628013800734838
0.11506568923961286
0.16507022651492712
0.21215275243440887
0.25607150757396624
0.2965606757338929
0.33359206638656935
0.3670586504992188
0.39679399203397286
0.422468184509032
0.44362191131410694
0.45961148693766685
0.4698302638030119
0.4738151874915866
0.47130809879091556
0.4624657341710725
0.44774939450857454
0.4277235285397065
0.40305526738259895
0.3741977693823748
0.3415793036803034
0.3053388372287565
0.265652769791459
0.22251996717602088
0.1761132615356745
0.12671249987545213
0.0748935671660645
0.021545555291943352
-0.03227969583967786
-0.08542243210350145
-0.13680066951706635
-0.18563281798153788
-0.23142358027002435
-0.2738690824955469
-0.31287319509901484
-0.34838587063928794
-0.38028140962250295
-0.40832300986475945
-0.43211099991574853
-0.45113426068073004
-0.46473372968389537
-0.47232089236882596
-0.47353925912040773
-0.468275527093413
-0.4568663832055431
-0.4398037457854244
-0.41769931665231724
-0.39117902332324556
-0.360698789272974
-0.3264797812061077
-0.28877098966021825
-0.2475766076835541
-0.2030038021263232
-0.1552851691392697
-0.10476247187204712
-0.052176270613729626
0.0015477263578218493
0.0552048399171614
0.10772578650377776
0.1580755208720207
0.2056459595737452
0.2500143743154929
0.2909984734934646
0.3285161480617883
0.36251043619663625
0.3927929277952427
0.41908722962934486
0.4408989493190288
0.45767288552053226
0.4687465254120252
0.4736453452909438
0.472078437986393
0.464114311518111
0.4502067769374405
0.43090597680307413
0.40683259948248746
0.378559727644641
0.3464381946862305
0.31072912802114394
0.27153688062857373
0.2289018446291578
0.18293033151387622
0.13392193811758718
0.0824284069281665
0.02922452234318949
-0.02460141702116053
-0.07792516967187724
-0.12960192999587938
-0.178840369322394
-0.22506063512218738
-0.2680147567289166
-0.3075316959939045
-0.3435414286312551
-0.37594288758253136
-0.40457286176324114
-0.4290235477896096
-0.448748999634216
-0.4631414310566746
-0.4716348141481437
-0.47375304817324887
-0.4694190119148367
-0.4588317682511083
-0.4425460653786604
-0.4211248762710626
-0.3951889275221635
-0.3652685896476431
-0.3315777643891583
-0.29436416393379017
-0.2536609571198602
-0.2095949445459405
-0.16227265764878018
-0.11211868203686047
-0.059775207482039405
-0.006142882315720808
0.04758659308627185
0.10032787500007205
0.15103634932805668
0.1990340223715602
0.24387621679636579
0.2853616702311653
0.3233811820231497
0.35787966648882386
0.38869572452021317
0.4155774373032639
0.4380830962686112
0.4556089416209113
0.46752664763879925
0.47332570126445267
0.4726821243261848
0.46562754617179714
0.45253165334035195
0.4339472561866856
0.4105339606948845
0.38285762056232764
0.35128168924054953
0.31603836559081144
0.2773449642685479
0.23515710150701605
0.18970015209411517
0.1411087369880658
0.08990927316053272
0.03688942611508937
-0.016939118531723113
-0.0703595090935319
-0.12235428834534669
-0.17197236939953767
-0.21866934974662772
-0.26207693026829026
-0.30208372121283056
-0.3386103320537324
-0.37155165644521326
-0.40071981672034584
-0.42580085427006087
-0.4462381058023454
-0.4614404957278914
-0.47079335699319885
-0.4738504629975161
-0.4704416585592389
-0.4607060280480296
-0.4452087940815518
-0.4244680971472911
-0.3991620672287811
-0.3697659813609601
-0.3366232250594556
-0.2998829250569577
-0.2596864710396478
-0.2160636794347114
-0.16922069577716156
-0.11944594490139533
-0.06737326532646419
-0.013863633028410595
0.03994622613745885
0.09291852211736312
0.14395335517681143
0.19238001000603192
0.2376740245463161
0.2796468078596847
0.3181540524824044
0.3531864627140249
0.38451346201633835
0.41200058384287686
0.435162210031492
0.45341482045362674
0.4662043529711794
0.472894917603123
0.4731707578539693
0.4670167661738446
0.4547613773730623
0.43692210704984014
0.4141789022394457
0.38703405924397305
0.35601169816396905
0.3213118342576575
0.28308654536491773
0.24141236442729755
0.19638693419292974
0.14821484189222703
0.09736966242340747
0.044528212080306884
-0.009241234661298928
-0.06282722506876903
-0.11506551889574201
-0.1650462960318405
-0.21218743032734796
-0.2560886909827658
-0.2965707077573543
-0.3335997634168177
-0.3670682124484206
-0.3967990670439863
-0.4224713623917917
-0.44362334895866123
-0.4596080691449278
-0.4698268267207342
-0.4738230208843898
-0.4712983674444228
-0.462491707496949
-0.4477543946727654
-0.42772799500124375
-0.4030483950399159
-0.37419906692069205
-0.34157682571662884
-0.3053386704743893
-0.2656413904914591
-0.22251617624418374
-0.17610688973654837
-0.12671076907809672
-0.07490458611580228
-0.02154683737012242
0.032278407835844396
0.08541685596520895
0.1368104947865758
0.18563922026439011
0.23140728073810682
0.27386171217686867
0.31289515552529507
0.34838494493726885
0.3803010478835819
0.40834042777061996
0.43214632058541913
0.45113384720323696
0.4647196139714091
0.47232066150829416
0.4735357649715002
0.4682882562529651
0.4568619673766931
0.4397633290822077
0.4176827824495975
0.3911647349938082
0.3606542174568015
0.3264828556515869
0.288750896334698
0.24757503471805098
0.20300665838215784
0.15527037099618501
0.10476169881269168
0.05214547415967375
-0.0015335778337481612
-0.05520111136750533
-0.10770526768786765
-0.15808437999594205
-0.20565753223797062
-0.25002072482085774
-0.29101524661311606
-0.3285288524261579
-0.3625149532518667
-0.3927983893043903
-0.4190685797874042
-0.44088522584944817
-0.4576627881008271
-0.4687531050440927
-0.4736503559607242
-0.4720661727366299
-0.4641019628524886
-0.45019106986329027
-0.43089871676670793
-0.4068355899380276
-0.37856435799658705
-0.34646347512402004
-0.31073660194597447
-0.27151920221282616
-0.22889690632225454
-0.18293796126841438
-0.13393978857392416
-0.08241324704970948
-0.02922647983095587
0.024634517206583925
0.07790887588614852
0.12959835920153268
0.17884771340724742
0.22507789357777816
0.2679829574125036
0.3075111707138612
0.3435331054365125
0.37596920209803847
0.40457448660850626
0.42901970289299535
0.44874570640492223
0.46314267200737563
0.47164275683532814
0.4737499154977204
0.4694241919325074
0.4588416624585585
0.4425293109153509
0.4211302581886403
0.39521121848251684
0.3652369831723503
0.33156843695350147
0.29436063962799064
0.2536508343715969
0.20957486124046473
0.1622764945027154
0.11212739088417052
0.0597647366278801
0.006143164988597587
-0.047601841273846625
-0.10032477135376175
-0.15103280102399202
-0.19904497383187747
-0.24387886901876243
-0.28535864242730774
-0.32337077603505593
-0.3578894584266078
-0.38870595208870795
-0.41558800019428827
-0.4380752387900784
-0.4556138252244167
-0.46754759235230975
-0.47332585572769154
-0.47266549145860814
-0.46562392074006276
-0.452527544421388
-0.43395457512129415
-0.41052984466788955
-0.3828382184358516
-0.35126418735630394
-0.31605481089108906
-0.2773514658455597
-0.2351889189492175
-0.18968079862273363
-0.14112029865517195
-0.08988691447698105
-0.0368754578216869
0.01692261434229389
0.07040074980429231
0.1223536549159756
0.17197336709111244
0.21866269433639257
0.26207876798361146
0.3020785435844611
0.33859546926509976
0.3715570986449847
0.40072732709160824
0.425766474210921
0.4462499569944186
0.4614268517966509
0.47081863024269405
0.47384914794718885
0.4704257356507438
0.460751829804512
0.4451908675352064
0.42448312186729636
0.3991769110520576
0.36973302782684436
0.3365918001311451
0.2998897238428104
0.25971039978727833
0.21608872910580768
0.16923358014750386
0.11944713574700601
0.06735875112466755
0.013867560135570502
-0.039963354249709516
-0.09289205989668713
-0.14395974339601805
-0.19238110483767362
-0.2376879662555335
-0.2796447389188694
-0.3181613402218
-0.353161196361222
-0.38451552914310017
-0.4119960511451059
-0.43517955050326446
-0.45342490544926134
-0.4661920744354591
-0.4728854371955547
-0.47316485477843223
-0.4670098538183896
-0.45475659370532806
-0.43691234053296235
-0.4141573050331792
-0.387033843848612
-0.35600478145070374
-0.32129411155606835
-0.2830802337740363
-0.24140904701272614
-0.1963604435292889
-0.14820991188833985
-0.09735802724749988
-0.044513073030307965
0.009241127259710241
0.06279751492764345
0.11506574618021152
0.16505585708356554
0.21219370059163795
0.25608770493356325
0.2966015805317143
0.3335997504119155
0.367065771640095
0.39679851092836005
0.4224907817767205
0.44362764505160274
0.4596227998661117
0.46986050275634317
0.4738259753903104
0.47129161366222405
0.4624567041752662
0.4477317016334764
0.42775016586824055
0.40304640065137143
0.37420451652301046
0.34158179512007
0.3053668952321384
0.2656432506322182
0.22251313253987445
0.1761105637887364
0.12670734741131268
0.07492674101005146
0.02153150865004241
-0.032288709995419905
-0.08544059356174324
-0.13681231586016046
-0.18563489816912496
-0.23140405470758596
-0.27385928712521834
-0.3128550355034853
-0.3483786607530721
-0.38025279415287633
-0.4083260501669973
-0.43210368629447515
-0.45113790623042976
-0.4647402353361189
-0.47232228000595355
-0.47353094719135236
-0.46826832834759197
-0.4568611178878856
-0.439788141846032
-0.41766507603586317
-0.39115088378703067
-0.3606734213418064
-0.3264896094130505
-0.28877093698546735
-0.24755500186557336
-0.20300884832921312
-0.15530083654750826
-0.10475120810467299
-0.05218402292487156
0.0015489856644978087
0.05519511145745946
0.10772443472430396
0.15810601873583482
0.20564145404666212
0.25001337830281056
0.2909926434217825
0.32853364484873204
0.36251777154438963
0.3927948170336172
0.4190452456364975
0.4409191752661716
0.4576807545628012
0.4687175870858984
0.47364107903884783
0.47207641838829534
0.4640998497368597
0.450195594522984
0.43088814188393326
0.4068321669510316
0.3785568564498409
0.3464340926834096
0.31074758714381645
0.2715217317395962
0.22887713622583208
0.18291458997548043
0.13395143387379682
0.08244298733352234
0.029237296631457726
-0.02458858965917688
-0.07791763902557379
-0.12959044847992376
-0.1788360653168559
-0.22506201408188442
-0.26800463016562764
-0.30751919797410565
-0.3435115326186022
-0.3759486157498885
-0.40455919530249984
-0.4290221504898971
-0.44876452697957425
-0.46312060535891436
-0.47163830436592385
-0.47372791567933803
-0.46943415328141913
-0.4588235794339913
-0.4425064575396926
-0.4211125576782259
-0.39521473989392464
-0.36525551463322303
-0.3315822255613331
-0.29437011614461717
-0.25367878094979657
-0.209589310172892
-0.1622851071100731
-0.1121278406447007
-0.05978895230742961
-0.00615019198237078
0.04759134295313548
0.10033567814109409
0.15104284735563966
0.1990776253792094
0.24391639104153823
0.28536435537789967
0.3233785301042091
0.35785323971182315
0.3887119393285423
0.41556376624273034
0.43809752648648365
0.4556024172419198
0.4675599650067826
0.47331221053354744
0.4726923371450453
0.4656096966336331
0.4525312338929553
0.4339073211087998
0.4105617296562072
0.38284574934334287
0.3512965579332698
0.31605533992944923
0.27736030630582015
0.23518773116204233
0.1896908583519511
0.1410854434798909
0.08989226293782553
0.03689227115180596
-0.01690742310390243
-0.07039303455200323
-0.12233567692615883
-0.17198513119857103
-0.21867212912186962
-0.2620753640922729
-0.3020821773613175
-0.3386118407962161
-0.37156909040464225
-0.40075646557579725
-0.4257735460359992
-0.4462334151036939
-0.46143306409779017
-0.47079514699141506
-0.4738849388139268
-0.47040894071049677
-0.4607156784705534
-0.445199411157523
-0.42446624737270144
-0.39917130381818994
-0.36977233812489435
-0.33660572722206367
-0.29989923444380784
-0.2596866206621442
-0.21606920095355603
-0.16923052121136142
-0.1194431873349745
-0.06732988377401798
-0.013853893130662502
0.03995108962047376
0.09289076513538064
0.14394048944977736
0.1923979991527695
0.23763970845891977
0.27963908514612623
0.3181641035333341
0.3531903278643792
0.38455281193996427
0.4119908223315085
0.4351559337411294
0.4534013802498877
0.46618775523371886
0.47289924285979706
0.47318681419936076
0.4669950763886576
0.45475990040226844
0.43689268277431714
0.414163754672971
0.38704503905036886
0.35602669496095324
0.3212857991436651
0.2830956530046588
0.24143981115459284
0.1964041845414362
0.14819161724194124
0.09735291174951269
0.04454265363726699
-0.0092398528257417
-0.06278117981330261
-0.11508025095831198
-0.16503447112927033
-0.21218029473311262
-0.25608785408864154
-0.296622804968184
-0.3336028567024966
-0.3670504035004643
-0.39682557610828806
-0.42247373649862985
-0.44360162540799286
-0.4595833353134418
-0.4697843296236529
-0.47381544731107095
-0.47130661812148017
-0.46244297953457686
-0.4477787482914478
-0.42776182737990187
-0.4030410052981439
-0.3741741631598279
-0.3415791930028094
-0.3053197400931128
-0.26564443627361717
-0.22254122626678863
-0.17609293880541102
-0.1266832139368718
-0.07492061569374982
-0.021514449768840725
0.03228689472815856
0.08540462214678148
0.13679774912382014
0.18566161672220005
0.23138544575859446
0.27387406637325845
0.3129189633369747
0.34838582019107234
0.38025156062042914
0.40831493723977985
0.4320984706395654
0.4511405362458761
0.4647449327045454
0.47230717309945
0.47350006332244016
0.46828894608961974
0.4568932988189044
0.4397526857810072
0.41768010506541925
0.39114830555634805
0.36070312976168944
0.32647019253043097
0.2887478421585441
0.24753756495938392
0.20298988328185472
0.15525068927651778
0.10475060976084102
0.052169530419987196
-0.0015306247657582294
-0.055213502551247025
-0.10773430893582628
-0.1581311948449369
-0.205672393952057
-0.25001223062404326
-0.2910136718918467
-0.3285015246711569
-0.3624895592189329
-0.3927728138852211
-0.4190603384937743
-0.44088547207557494
-0.45767153452679343
-0.4687215731538174
-0.4736327729279873
-0.4721082309001952
-0.4640988215274441
-0.4501608312670097
-0.4309169163261126
-0.40685851097082515
-0.37854974437489336
-0.3464680178739747
-0.31076211909715995
-0.27152183333421276
-0.22886081994917737
-0.1829069890787217
-0.13391019090959064
-0.08243526737554091
-0.029202248226002283
0.024621639374983587
0.07792688630332792
0.12964533984094992
0.17881732162539107
0.2250762777017962
0.2679823215494007
0.3074873180062439
0.34356346070082583
0.3759427587690306
0.40452023282215943
0.42896226186774905
0.4486739467673694
0.46315323742812975
0.4716238570640997
0.4737368106012046
0.4694115618099125
0.4588563397686205
0.44250518275693634
0.42112928322441534
0.3951899353801711
0.36529721796409514
0.3315421241637126
0.2943412308660777
0.25368811924385254
0.20958900210569856
0.16230665171569322
0.11215801353510155
0.059781469423075995
0.006126873971834436
-0.04761469206914255
-0.10034555793374954
-0.15108228688847514
-0.19908391052862295
-0.24388804242655598
-0.28534657605314084
-0.3233594889312684
-0.35784280983896916
-0.38872075315038634
-0.4156123963251916
-0.43809083019728035
-0.4556425165787776
-0.46754819208798293
-0.47332552792514876
-0.4726869135131794
-0.4656285732648058
-0.4525123262291211
-0.4339689739671039
-0.4105345578117429
-0.3828330236071361
-0.35126568247183804
-0.31604454751000927
-0.27735745779923554
-0.23517684704185443
-0.1896863751936216
-0.14106255302740484
-0.08996286253163674
-0.03687970990767059
0.01691911970353217
0.07036380843626133
0.12237581690085658
0.17198382918987187
0.21863540195434433
0.26205033162847974
0.3021141005204318
0.33859051924306754
0.3715407807958888
0.4007052161383663
0.4257570011657808
0.4462475509971482
0.4614228572164942
0.4708142751410991
0.47382252766100763
0.4703982352634731
0.4607189162581014
0.44520207110442034
0.42447895509047723
0.39914398178854393
0.36975269795190385
0.33660984713843806
0.29989313201689144
0.25968796412156625
0.21611727974166192
0.1692218009886088
0.11945874503037528
0.06732770183770427
0.013837573534582395
-0.039952643453306
-0.09289977595971148
-0.14395212289915876
-0.19240238348544503
-0.23769986012309283
-0.27972855189713325
-0.3181929890689019
-0.3532160969189342
-0.38455665733602923
-0.4120188222238935
-0.43518013475283973
-0.4534323517953226
-0.46620786516056506
-0.47289066575344574
-0.4731983752498869
-0.467055963016394
-0.4547869349844014
-0.436894232308376
-0.41423410341498573
-0.38706585146004296
-0.35606222217427735
-0.32133115657856803
-0.2831257683691598
-0.24143273619444597
-0.19637523416218194
-0.148250917716903
-0.0974893463420391
-0.04456613661342283
0.009177200638323299
0.06277733431100094
0.11499728691565435
0.1649838018156945
0.21220422980920464
0.2560187870354464
0.29652253365839976
0.3335457708441107
0.3670440341296365
0.3967637125259977
0.42241603315395976
0.4436139797817577
0.4595847173427616
0.4697844001495551
0.47375850784275375
0.4713112136740001
0.4624231064902123
0.44768294155608584
0.42764411312440825
0.40301272821938083
0.3741272435652153
0.34152204849372864
0.30535524128627645
0.26561070226256484
0.22250006965634553
0.17608213890686936
0.12664543644941445
0.07485397795000615
0.02145626662691193
-0.032388614297854695
-0.08544606272282039
-0.13689890275437355
-0.18574051618069423
-0.23152638759493885
-0.2739667462911271
-0.31299356095381414
-0.34849174697611945
-0.38036736432432344
-0.40841599572026305
-0.4322075172752527
-0.4512090638083728
-0.46485494246847764
-0.4724567721624868
-0.47356055597983376
-0.46846292589302085
-0.45698242854546783
-0.4398627352950481
-0.41785644377293824
-0.391330000919741
-0.3607969303400848
-0.32659137712865133
-0.2889561670621968
-0.2477176581061831
-0.203187126972913
-0.15549364641154967
-0.10491113286331856
-0.052304910346802985
0.0013193495914524123
0.05503240337953063
0.10746049628674385
0.1578083923554208
0.20539464668617635
0.2497384068944398
0.29075509370295927
0.328228655499624
0.36219720794609755
0.39246280788063675
0.4186876832858393
0.44054394275002
0.4573043397353333
0.4684256116770436
0.4732829050206192
0.4716229971386229
0.463692034489797
0.44978269010556127
0.4303952048066711
0.4063379079992835
0.37803688091683757
0.34592328630462343
0.3102321673288608
0.27097284016104795
0.22824876098821884
0.1823185404363604
0.13322862461364585
0.08167049566319494
0.028535294797908468
-0.025370749470263545
-0.07879335525677345
-0.13051614334929096
-0.17978434270203372
-0.22607489134988443
-0.26907105017739497
-0.3086213581485949
-0.344708578055065
-0.3772287429516306
-0.4059374221466952
-0.4303665014713722
-0.450211666561201
-0.4646846815692545
-0.473232281946658
-0.4754624532394145
-0.4711835784347461
-0.46074292709580134
-0.4445501616431316
-0.4232984522674358
-0.39748191725626986
-0.3675935688493312
-0.33406148736362085
-0.2970191104607886
-0.25646809037607843
-0.2126095762440814
-0.16544705550713099
-0.1155576716975619
-0.06348027701164656
-0.010041289413479
0.04341121594036554
0.09585682877877477
0.14628258745344558
0.19400228655235902
0.23838798247389992
0.27952351185861285
0.3171665327686096
0.3513290390704033
0.3816376516131906
0.40815975586244946
0.430182137703234
0.44719958322486314
0.45871736251048273
0.46399505171623484
0.46276202857868554
0.45520324832641845
0.44143099232684724
0.4224440413716157
0.39832629980266737
0.3700213144364423
0.33775734757425774
0.30200317883167965
0.2626005841175594
0.21985632854603476
0.1738684984863634
0.12489137396219906
0.0734743137004477
0.02056390824431772
-0.03264681771144898
-0.08494017907734605
-0.13491670796392025
-0.18145869497444336
-0.22369273927725228
-0.2611970989198256
-0.29337513971527773
-0.32022471139280095
-0.34189043024930615
-0.3583892056541299
-0.3697618747367972
-0.3761679209154884
-0.37728478801405335
-0.37304807743295515
-0.36298194460542343
-0.3472290684929583
-0.3256812624548607
-0.2987551220406086
-0.2671436607437213
-0.23159571653319241
-0.19308246689235697
-0.15263324693027608
-0.11149848957459876
-0.07063497465020081
-0.031061506348214387
0.0064246076807189445
0.041281194524854375
0.07292732539459422
0.10112046178814711
0.1254014991144972
0.14540002406686045
0.16095298782440678
0.171785906546598
0.17776018664038976
0.17908868688714652
0.17569896681635377
0.1681596440369979
0.15695396170243564
0.1428215611807601
0.12648836596834925
0.10908173711323652
0.09131891636655629
0.07406103144075485
0.05817800399794014
0.04376537028219439
0.03159841646003981
0.02138563575787483
0.013338560129096413
0.00702063115888227
0.0022289303673052223
-0.0013260024306989025
-0.003777297790919567
-0.005675931312643416
-0.006908946769264661
-0.007778405104655748
-0.008341642795010446
-0.008550136034877651
-0.00868987779020437
-0.008673402965806902
-0.008485070121186907
-0.00835417623679128
-0.008128667674979101
-0.00785318810623349
-0.007552668149072711
-0.007177265993254784
-0.006888992602568089
-0.006586141523546108
-0.006261710218319004
-0.005977451913726009
-0.005623760070280435
-0.0053638563571105765
-0.005116095635921808
-0.0047350555526063315
-0.004568418519916058
-0.004285248239191594
-0.004111504387931907
-0.0038711235806400154
-0.003662614890521617
-0.0034617561883011467
-0.0031560954099742423
-0.0029688514346458772
-0.002903654053396007
-0.002701740740435082
-0.0025581876971064125
-0.002444934750216959
-0.0023236396054384543
-0.0021494147455724676
-0.0020070888431657414
-0.0019110959425084407
-0.001790542039688469
-0.00170277506901628
-0.0016556163319242023
-0.001638263188744544
-0.0015019260209097858
-0.0014078545743993827
-0.0012805064745115837
-0.001255689426029639
-0.0011140224348201774
-0.0011508649732122971
-0.0010946577454436332
-0.0010637950652034004
-0.0009948881503718933
-0.0009237224391110289
-0.0009136843493487378
-0.0008264238279501902
-0.0008650971089949069
-0.0007052394649143664
-0.0007278747499524028
-0.0007212539599590881
-0.0006608649844158741
-0.0005987123639435692
-0.0005684647203259177
-0.0005748515364617753
-0.0005481432820705549
-0.0005015150892836979
-0.0005425263275457204
-0.0004651829364029781
-0.0004590806061328244
-0.00044640531921971645
-0.00043761821332817074
-0.00032996404835223766
-0.00039661507065217726
-0.00043661507912721173
-0.0003242269462828017
-0.0003582567635702058
-0.00026945660253574895
-0.00021933786792855602
-0.00020550669658107716
-0.00030924502181650903
-0.00019085508116894307
-0.0002790218969722673
-0.0002548636679621791
-0.00025207363309533593
-0.0002026420546938082
-0.00027020042235551423
-0.00017447262158917402
-0.00021799597389932259
-0.00017101949738042405
-0.00011510724118677434
-0.00015243288778002179
-0.00010089386311735441
-0.00008739322230201827
-0.00014206215910403153
-0.00016998169225173243
-0.00009872655061965873
-0.00023226806737720065
-4.731447578778599e-6
-0.00012748059221370022
-0.00012566805577906307
-0.00005841212485944994
-0.00006765325937997809
-0.00011005985955205667
-0.00007900522571505759
-0.000054349183815322275
-0.000018749251179339304
-0.00007990839658234561
-0.0000926041566879958
-0.000020565223449065315
-0.00007874118994920098
-0.0000424706053390962
-0.00012053400015081054
-0.00004332439176194707
-0.00009239444375500262
-0.00003881525682675232
-5.694906721124403e-6
-0.00008005613189970629
-0.00012538096273540889
-0.00006209088027027072
-0.000022412839085779667
-0.00005367791191261777
-0.0001147946309131471
-0.0000460229726250472
-0.0000458423331240761
-0.000010613702600985867
-0.00006992468450589519
-0.0000738281745020636
-0.00006448395177207624
-3.819037660918989e-6
-0.00010143495262186253
-0.000027818925937784742
-0.0001054546046607661
0.00006396815656302488
-0.00012742514288966627
-0.00003839384541054181
-0.00010019199025288448
-1.6979571710484222e-6
0.00003761645825810906
-0.000027099650827413022
-0.000015026490393794603
3.850700492312529e-6
-0.000057219261675029954
-0.00002692777052232595
-0.00008007269865698473
-0.00009895251895261238
-0.00005002938985761623
-0.00007719055902656898
0.00004177171142881138
-0.00009131688389513703
-0.00004930508283369092
-0.0001485178151943418
-0.000032212186842725214
-0.000038396020274692545
0.000044717459104688876
-0.00007121210065107096
-0.00007659921018488564
-0.00002850985171901901
0.000029442235694884427
-0.000027354701505346643
-0.00010035453647331513
0.000017241624661371165
-0.00006328036817668576
-0.00002842705850165146
-0.00004793030617178001
-0.00009149244983573886
-0.000018136514780146543
-0.00006237402306296688
0.000010609861614660076
0.00003064682162572165
-0.00008167115178034327
-3.6786131689540326e-7
