-8.191319407088118e-6
0.00020358292951242003
0.00003259398398764825
6.028888080897997e-6
-9.56200585342663e-6
0.00008898727367464739
-2.5379351248530696e-6
0.000054711980330537646
0.00005011092269709596
-0.0000146514833649039
0.00004576400450751666
0.00005108578261655464
0.00007912321346653921
0.00007607107771098142
0.00010703929828556315
0.000029856080728893836
0.00011535488320420992
0.00001502003100172767
0.00013867047208151074
0.00003185422970843569
0.000024765929825357576
0.00013373278934924286
0.00005907599857532642
0.00011931016726389578
0.00005879724272861151
0.00010017269907538408
0.0001364310658910194
0.00012365570518005047
0.00011372338681564726
0.00012578136707694785
0.00017851702780279308
0.00016408554905124732
0.00017364413426591854
0.00009423199488903967
0.00012071896260897063
0.0001898807945966726
0.00016663809133011555
0.00011645584347970821
0.00018595424790599708
0.0001158865049461312
0.0002215840388844367
0.00012423094338318466
0.00015977850816018853
0.00018994514690996513
0.00019801498941128667
0.00025195606653134354
0.0002105326333241956
0.00024251838107099225
0.00031870430264768535
0.00021542597707617154
0.000282343696365022
0.0002660956511826117
0.0003455480950850338
0.00026925282997182037
0.0003399202512125055
0.00034881609835296244
0.00026692068037912443
0.0004086569580605731
0.0004145622237290236
0.0005025574285116533
0.0003937882992624929
0.00045967459411777427
0.0004279877488787016
0.0004643272798030108
0.0005647212005521422
0.0005739765915761193
0.0005332987307423732
0.0005591680707468541
0.0006536015675797556
0.0007257884711857273
0.0007120588027634897
0.0007281432473113024
0.0007356560594872695
0.000745259181702068
0.0008878026384072506
0.0007612394832970875
0.0009061992159304848
0.0009956922702613201
0.001032925817336852
0.0011178347954296799
0.0011733714501691648
0.0012181795488551798
0.0011917844113545058
0.0013754113937414453
0.0013792097991089185
0.0014281679166529425
0.001555179800685017
0.0015188154062918265
0.0016477863667512262
0.0017388472453106166
0.0019523387809043558
0.001956956473472578
0.0020600034303979325
0.002152428954399972
0.00230321999719022
0.00250718265448207
0.0025411407819155426
0.0028060216257941805
0.0029381213260420347
0.0030783131622762207
0.0032650355407428692
0.003463916518808609
0.0035870171587105357
0.003728131239703205
0.004040515269617812
0.004247727973620896
0.004443232994058647
0.004629547370200459
0.004903897936939653
0.005049380703367589
0.005490401164741069
0.005614380257131668
0.005862068549420199
0.006277662638870641
0.006445705975349309
0.0067130390218039585
0.006884021857253419
0.007122460384812056
0.007345109926527757
0.00755398945269987
0.007580771118549294
0.0076869926325435715
0.007622193852236936
0.0074570599814656165
0.007074445968751466
0.006450517427873586
0.005608879320390755
0.004358837832680403
0.0026439233754205708
0.00016013295202935003
-0.002921461701980569
-0.0070960092158066
-0.012451145263725377
-0.019146610598787205
-0.027348854611908245
-0.03697232794871032
-0.048021553205226004
-0.06046785093515042
-0.07359070584834443
-0.08719646861588189
-0.10029612938330613
-0.1125776390410945
-0.12307512394413704
-0.1311973892650182
-0.1361068902905199
-0.13726588305269963
-0.13441200563428246
-0.1270717144616325
-0.1155383450777986
-0.09987790861001453
-0.08077296538725046
-0.05862397156159009
-0.034190129751438016
-0.00792126197710466
0.019430796495363056
0.0474100246338136
0.07545710009066331
0.10285602627837204
0.12909708679782467
0.15383979456108643
0.17655163047853653
0.19672922532285358
0.21436049765325862
0.2289954634830307
0.24039425050508306
0.24818881914539886
0.25185931505307546
0.2511428645458325
0.24543696000576917
0.23469679979816865
0.2186281800545738
0.19723185364701218
0.1707687030733635
0.13956588980919699
0.10408548118065793
0.06515021451982013
0.023599593276577093
-0.019465196077413382
-0.06276763570510849
-0.10529571117682218
-0.14592204126922395
-0.18369244432178028
-0.2177560919745883
-0.24762260514698478
-0.2723329735559022
-0.2915994885530977
-0.3047788781336618
-0.3114160917235626
-0.3112720080696133
-0.30438395853391426
-0.2907587941836719
-0.2711706742439521
-0.24578003130773415
-0.21532209078320452
-0.18032246436025554
-0.14137204735881778
-0.09932365118323348
-0.05496170485932033
-0.009256651694596964
0.03663160977980893
0.08155932492852834
0.12456379398522173
0.16461912361731182
0.2011476780816992
0.23317438982516495
0.2603414201480226
0.2819899559258077
0.2975891585732264
0.30670245393467344
0.30893831378891623
0.30442712024654234
0.29307722358398575
0.2754270391583447
0.251897012071718
0.22304652170194134
0.18945774010390806
0.15176420763018825
0.11061502589780031
0.06691322381683724
0.021647776180215097
-0.024190575045335436
-0.06938524219220427
-0.11299762553385866
-0.15387258835511577
-0.19143496083120232
-0.2247252491680479
-0.25326517691491707
-0.2764373657027488
-0.2937656993571788
-0.30464370366017357
-0.3088522780634145
-0.3060706797787387
-0.29655408549262213
-0.2806607328994738
-0.25868712297131274
-0.23121495029134093
-0.19886320677557787
-0.16224119901515177
-0.12191936273158394
-0.07892418527618167
-0.03395965514830474
0.01184504290120066
0.057311172867800346
0.10151144279932044
0.1431209570745668
0.1816914339345237
0.21618330146557585
0.2461516119666508
0.27089364957211814
0.2898810084514055
0.3025745321581654
0.3085582122598735
0.3077292666008357
0.30022163136675545
0.2859390902651627
0.26554312611091646
0.23953211506767738
0.20852023275722623
0.1729924982080554
0.13366556527116855
0.09129753816428182
0.046643990358075725
0.0010627132991102655
-0.04466557557190624
-0.08926433504838496
-0.13174288700726602
-0.17126021478340278
-0.20695019784648597
-0.23820836950946978
-0.2644750589728797
-0.2850275904501113
-0.2995205854726618
-0.30750578051769056
-0.3085030045611752
-0.3028226953060579
-0.2903767427400509
-0.27163877879062914
-0.2471376787183331
-0.21742982015972764
-0.18305124714074608
-0.14472480457437675
-0.10316023621095544
-0.059072737169064936
-0.013618840418138435
0.03222743577993906
0.07720052985744133
0.12037554733558958
0.1607683009401923
0.1976155517620201
0.23012401543464073
0.2578127045919402
0.2799581762714758
0.29626438114552983
0.30595956217926895
0.3089972598247877
0.3051171782773272
0.2945683838237589
0.27748257390196124
0.2545045075968337
0.22628417995043695
0.19309596054764577
0.1557540013617517
0.11492707983829623
0.07152081479229942
0.026295900444580057
-0.01946707548675869
-0.06482128630373621
-0.10859677255372883
-0.14990216346558244
-0.18773470377236168
-0.22152609590560846
-0.2506752839349094
-0.27438543320075515
-0.2923390250054083
-0.30397981800713114
-0.30882888770380085
-0.30686934226480445
-0.2980509922084316
-0.28281302126458174
-0.26143080323462026
-0.23447562917279935
-0.20267813761931672
-0.1664026570417494
-0.12648999295844515
-0.08368208311877215
-0.03890863810031449
0.006894978480869134
0.05245287309381747
0.09671857127246654
0.1388157706223778
0.17771360880066717
0.21259386565252014
0.2431302448581738
0.26841254290547994
0.2880100640511296
0.30136533160002105
0.30824813088186936
0.30809259678665235
0.30125285606743035
0.2876866468394952
0.2678544216675323
0.24248377000182259
0.21192120716864393
0.17683621074278236
0.13792884045189052
0.09581982926665707
0.05146142613279303
0.005871958341381478
-0.03992432896305559
-0.08463218946600799
-0.12744827273998624
-0.16727146048355337
-0.2033631749879554
-0.23516758609850116
-0.26193772184617886
-0.2832431469594275
-0.29836265203476686
-0.3069671119506765
-0.3088206597858879
-0.30378668760765
-0.2920321757517964
-0.2739584639097444
-0.25008158532238073
-0.2208796743546659
-0.18696917398002363
-0.1490224398182859
-0.10775603808319105
-0.06389322008221604
-0.018561943957895764
0.027293907482585412
0.07246520373873257
0.1158417126328189
0.1565678175609145
0.19379473578131143
0.2268248659289087
0.255006388555708
0.27790486209972176
0.2948089127241558
0.30526248215982343
0.30900200922435556
0.3058172384000007
0.2959545551218917
0.2795662268694122
0.2572376203465045
0.2293917523517166
0.19677480544660397
0.15993278377841894
0.11950430545379193
0.07620983198520878
0.03111887504028342
-0.014641376990287728
-0.06009261886369239
-0.10412649191967156
-0.1455915768955793
-0.183963123138571
-0.21815454085522304
-0.2478265952723636
-0.27208473068335953
-0.29068947420781055
-0.3030288549089978
-0.3086553116743742
-0.307373666880114
-0.29935903753052684
-0.2847196025970234
-0.2640146218938007
-0.23761728817843195
-0.20626646303104204
-0.1704765988431162
-0.1309526394665429
-0.08835429368998121
-0.04372062870999437
0.0019358446544366758
0.047598572764843014
0.0921595910248052
0.13448517370910928
0.17372239786669946
0.2091127119455802
0.24008657857119134
0.2659983057482382
0.2862355406620608
0.3002751234512508
0.3077427152978301
0.30836992548374265
0.3022157841873076
0.28936588237843897
0.2702780650053056
0.24548891304008988
0.21546443969053294
0.18078220630944986
0.142214491005235
0.10045891518761715
0.05620953271641017
0.01076005401595591
-0.0350379900807982
-0.08000646369130608
-0.12300067787116645
-0.1632418775306648
-0.19973806642506653
-0.23200355123505417
-0.2593248368010353
-0.28122350768056087
-0.29700966912013155
-0.3063385463759025
-0.3089015185095073
-0.3046201989137225
-0.2935856748151992
-0.2761844546531033
-0.2528980720113829
-0.22421464533673324
-0.19079448080589506
-0.15321997992326383
-0.11227477011873756
-0.0686707832341478
-0.023366022822891946
0.022412009671340063
0.06766484385554088
0.1113493875173004
0.15240063224484388
0.19000991092469335
0.22354339591690112
0.25232409454619825
0.27575072855691873
0.29328646466571245
0.30447427229007074
0.3088600645005628
0.3065263846931126
0.2972740882853176
0.28158168161279684
0.25989293394216195
0.23258942807616312
0.20043207383720724
0.1640684554808651
0.12392354090296932
0.08091197368921937
0.036017997915079966
-0.009768633332350977
-0.055322384769003176
-0.0994830494691794
-0.14135231452156008
-0.1800224664763082
-0.2147135626774118
-0.24484365029183902
-0.2698512813937204
-0.2890380268080086
-0.30202914947712856
-0.3083823920082828
-0.3079014914568281
-0.3005073387579166
-0.28657513387013467
-0.2664585255309617
-0.2406643764885716
-0.20981862518494865
-0.17447238541290724
-0.13530523809779574
-0.09307739052218257
-0.04852268427732211
-0.002911339987371977
0.04279597089482354
0.08746619378357336
0.13003841103798178
0.1696977384152453
0.20555937035780367
0.237032024379359
0.26346551536352025
0.2843043226029754
0.29906253049400144
0.30733601621743545
0.30868366642826756
0.30321333501374553
0.29106460054044514
0.2726138039595153
0.24838617254358014
0.21886151269577336
0.18469553591085122
0.14648619579792144
0.1049505709560404
0.0610486913742422
0.015583763898343417
-0.030184605497252225
-0.07527061118393774
-0.11855982383993836
-0.15910190947995975
-0.19604693771256165
-0.22882047805614392
-0.256698590441848
-0.2791838064717784
-0.295638542150438
-0.30570536295452816
-0.30898940794763036
-0.30539512641902994
-0.2950416103882599
-0.278324431651515
-0.2556051134744378
-0.22749301232552968
-0.19455062608643453
-0.15740963257955237
-0.11682360643270569
-0.07339076956346823
-0.02828097029032925
0.017575061195176687
0.0629379663146047
0.10682489344370515
0.14819490741013006
0.186233307973317
0.22022398217418374
0.24947675679200262
0.27350932218377666
0.2916923883699178
0.3035912530326815
0.3087917828421393
0.30707650894850025
0.29860525833710494
0.2835788102224641
0.2624735582727345
0.23576669557501923
0.20410629520980456
0.1680743392142625
0.12832928941843694
0.0856011758898916
0.04085587880506271
-0.0048687234473626965
-0.05046633728762098
-0.09489787434209014
-0.137055926568276
-0.17608378713436793
-0.21122960804662336
-0.24186973881633952
-0.2674440495680902
-0.2872726368718162
-0.30097365643426677
-0.30802857750683477
-0.3082469224861038
-0.3016040779565038
-0.28831255097263225
-0.26889165880267957
-0.24371473341231073
-0.21332612725249495
-0.1784456351847986
-0.1396236599716539
-0.09764548765446054
-0.05337480312760176
-0.007810675564328103
0.037927527774013585
0.08275488850620161
0.12563563759151453
0.1656548808782329
0.20198857754026278
0.23389756365739153
0.2608856148683803
0.2824246486696108
0.2978257793404738
0.3067155311086531
0.30885708210405927
0.3041161420573333
0.2926765053408821
0.27483313895458866
0.2511976016561508
0.22222530177367056
0.18851760493983818
0.15072710319686672
0.10950336330749967
0.06580893398114086
0.020488030110602535
-0.025337847011637875
-0.0705454454365742
-0.11402682894777985
-0.1549007694244542
-0.19232299521914614
-0.2255268490702182
-0.2539258814539328
-0.27703012031794
-0.29419256958312795
-0.3049240734396364
-0.3089959399410756
-0.30612349571687647
-0.2964797528827475
-0.2803723133494373
-0.25831314595082844
-0.2307145061787595
-0.19826057631289154
-0.1615615300295704
-0.12120925369007102
-0.07811323183164455
-0.03311971987079597
0.012681514422215365
0.05815306115160871
0.10225524211069867
0.14392291431737478
0.1823370887060213
0.21677832228251875
0.24662020513328414
0.2712422493446277
0.2900556164651385
0.30264340142918134
0.3085189288774049
0.3076025227421886
0.29978522569776056
0.2854685550245367
0.26497213450897583
0.23887247920872304
0.20772908693602055
0.17206052585446596
0.13271062802763017
0.09025245307350463
0.04565450132769452
0.000029162229291853465
-0.04569507863134687
-0.09026621992049555
-0.13268248508700867
-0.17206878476862555
-0.20770059138387562
-0.2388705671034405
-0.2649572850673236
-0.2854839197965903
-0.29980082658196405
-0.30753842411639454
-0.30855853170589603
-0.3026597338119856
-0.29008436046279706
-0.27123929512172473
-0.24661734829381765
-0.21682617341633312
-0.18234071664595963
-0.14392924548010236
-0.10226373851557428
-0.05816280969188516
-0.012684722142997321
0.033090382805002594
0.07811094972069807
0.12122320532275578
0.16155227573523295
0.1982878027319063
0.23072904478273906
0.25832432113799153
0.2803977709468373
0.2964965173644319
0.3061278291024913
0.3089868315637201
0.30497059055120496
0.29418131779842976
0.277021213246689
0.2539948399851455
0.22556286611817997
0.19232685687381013
0.15494917694003907
0.11405630408947022
0.07054548164346522
0.025341790441000628
-0.02043711575956807
-0.06583096107091557
-0.10955079168961246
-0.15072388475930154
-0.18851232404637233
-0.22222040555469794
-0.2511981091971192
-0.2748596987041571
-0.2926736148955864
-0.3041136679356725
-0.3088408761985792
-0.3067299152798766
-0.29784434870842225
-0.28240207096461795
-0.2609067183339458
-0.23390119945292256
-0.20194759845017302
-0.16563644428708385
-0.12566401386190362
-0.08279003500875329
-0.037960552591506894
0.007800575065285822
0.053379546524831754
0.09764437753767713
0.139629608442919
0.17847320485850426
0.2133356274134663
0.24365284132654683
0.2688496513200933
0.2883503626645382
0.301618257564248
0.30822683532700446
0.30801679829344314
0.3009283125600003
0.28728542298646526
0.26746083581034286
0.24190872654401807
0.2112461730880929
0.17608642412839534
0.13706008220160643
0.0948763034119314
0.05047305453163601
0.004866380310078262
-0.04087400364456032
-0.08560604023868092
-0.12828039144382167
-0.16808085323372618
-0.20411421135735236
-0.23579051228220954
-0.2624515844988937
-0.283566310371352
-0.2985900413604195
-0.30708629599824194
-0.30877124454628535
-0.3035803684248572
-0.29172257527601086
-0.27352316316220393
-0.24950527772197656
-0.22020717988378172
-0.18622471827968368
-0.14817673039455348
-0.1068414546609241
-0.06293657334739793
-0.01756103492642896
0.028237756557916945
0.07339252832438423
0.11674015627974298
0.15741174714425
0.19454755456805253
0.2274827376948069
0.2556244499617801
0.2783342526301069
0.2950704218522149
0.30538682103939685
0.3090171196355832
0.30570864166918943
0.29564987648349256
0.2791564928111309
0.256668078315627
0.22877378966082798
0.1960314121257281
0.159086881073751
0.11854600495840213
0.07525417919572942
0.03020046941357815
-0.015600391777455315
-0.061028961109592744
-0.10500347425368808
-0.14648050872840762
-0.18468591914419027
-0.21886060504221108
-0.248353281187456
-0.27262485319954144
-0.2910644348652494
-0.3032079838579708
-0.30868451106342015
-0.30729655034943765
-0.2990785570532506
-0.2843377892122392
-0.2634582374415049
-0.2370366654653136
-0.2055499565332485
-0.1696841787080533
-0.130052026691032
-0.08744554274812993
-0.04280292755330285
0.0029072276852212075
0.048570049997631266
0.09304014342557673
0.1353199143137595
0.17448720076906124
0.2098351807696901
0.24070202512873623
0.2664367431232231
0.28655968538050586
0.3005236769511841
0.3078616854884664
0.3083616941416337
0.30201018289463316
0.28902662146220987
0.2698227674057063
0.24486967854467365
0.21475782240502814
0.18001489575046595
0.1413637844402012
0.09950936607276255
0.05528552674205051
0.00977903880913181
-0.0360161713738113
-0.08090622786430647
-0.12390753667214274
-0.16400965046577756
-0.20048819755662253
-0.23263119859791362
-0.25985608258809884
-0.2815884993017014
-0.29728528855609376
-0.3065137681836077
-0.30893382659854374
-0.304460887744503
-0.29328118456501046
-0.2757437209483103
-0.25229126357763526
-0.22355834404847538
-0.1900353867060814
-0.15239756486128953
-0.11134359332214527
-0.06767972925449325
-0.022430871904887552
0.023402496630238117
0.0686466510227947
0.11224512273774612
0.1532461351015191
0.1908107415586454
0.2242170322231879
0.2528588988806918
0.2761883964834638
0.2935903714011247
0.3046016280823529
0.3089459782215236
0.3063878032446867
0.2970532770757921
0.2812258342514299
0.25935029330060433
0.2319989944589714
0.19972512598651843
0.16317562774460356
0.12299939476288062
0.07999364384170275
0.035034446472376336
-0.010726362908082739
-0.056279578379323424
-0.10040940197814625
-0.14223125844740206
-0.18078718270375174
-0.21542766541447944
-0.24544583723425897
-0.2703128847407961
-0.28937612265115126
-0.30225093353142407
-0.30842188200723425
-0.30777232714694835
-0.3002949535154861
-0.2862081422080524
-0.2659663152556896
-0.24008495538243874
-0.2091412184867934
-0.17368625839176946
-0.13444378478051525
-0.09210256494693857
-0.04761969905731204
-0.0019667307008299348
0.043753222804664364
0.08838717737869431
0.13096202544201763
0.17048545290265313
0.20628579181578122
0.23763040897425483
0.2639755113717935
0.2847158424048641
0.29935069068432424
0.30738496549441763
0.30864082414039373
0.3030057352726081
0.29074134698143117
0.27212174027818925
0.24777521856375256
0.21816133213712843
0.18389917025676292
0.14564055144215776
0.10408218091935566
0.060074604938635416
0.014628856759729882
-0.031168303198558015
-0.07621511878090671
-0.1194539013734131
-0.15988870327341356
-0.19678619645411566
-0.22943831868303477
-0.25722248190366553
-0.2795890446794488
-0.29593504305056234
-0.3058511092200802
-0.30898544936160405
-0.305252086923834
-0.2947760981628154
-0.27789153594017235
-0.25506348549426955
-0.2268415065518001
-0.19382546134095896
-0.15658642346941123
-0.11585309859397659
-0.07244161939053283
-0.0272946330509398
0.01853289756397028
0.06390397540980972
0.1077357615823184
0.14904336843314148
0.18698643241796323
0.22089471759165935
0.2500478802548875
0.27396796624216435
0.29202785650770885
0.30375526232417666
0.3088046421033035
0.3069675312830468
0.29835329807423444
0.28319276911261
0.2619508996111535
0.23516889454184964
0.2033819792049634
0.16726455279695532
0.12742354554899632
0.08464573315820081
0.03987603618186872
-0.005871740424667883
-0.05145546573974944
-0.09582164709376859
-0.13789323590183167
-0.17685426135932128
-0.21194227829497522
-0.2425016424561902
-0.26793272785357314
-0.287646818396736
-0.30120445324930406
-0.3080925225047765
-0.3081789124425491
-0.3013906633746005
-0.28800057629790543
-0.26839878470378126
-0.2430786376520231
-0.212617929795223
-0.17764073037081765
-0.13876861256775086
-0.09673443228960964
-0.05240639261604417
-0.006836364390100963
0.03891505393020715
0.08374190215877253
0.12654973504211592
0.1664537316638045
0.20266033453377102
0.234530931706981
0.2614303605852205
0.2827928127660537
0.2980930069443684
0.3068580541450274
0.3088271386575323
0.3039447076300316
0.29234780885939915
0.2744098218783471
0.25063295662613744
0.22153234130599764
0.1877272730256163
0.14987854152915203
0.10865140676269487
0.06485025976887233
0.01950582493059747
-0.02631329010900465
-0.07149578122093263
-0.11493935892757881
-0.15574315547188342
-0.19307816251539836
-0.22620841560405458
-0.2545435301424035
-0.27745439740787897
-0.2944857869642604
-0.30509658298121417
-0.30898281635489827
-0.3059800506041554
-0.2962146523575386
-0.2799754609756425
-0.25775935769344555
-0.2300735466239008
-0.19752245089546447
-0.1607109548498933
-0.12032161089992505
-0.07717231692132671
-0.03213956754862702
0.013658434914885942
0.0591375254123721
0.10315540630660859
0.14478025588364157
0.18311605372358644
0.21747933029995306
0.24718374768339135
0.27167874280568316
0.2904148656977927
0.3028287495718861
0.30859068179790156
0.3075016190137171
0.2995765080125635
0.2850874466449419
0.2644929147425825
0.23825006432007773
0.20697798131046438
0.17127388916212852
0.13183312380131434
0.08931900254979451
0.04472374404027565
-0.000984833198011733
-0.04664580085643059
-0.09118660796488853
-0.13356057803304708
-0.1728777142602655
-0.20842209921171143
-0.23948461897698392
-0.26547370591594055
-0.28583649389234994
-0.30005938572769925
-0.30769228160846024
-0.30849424518105883
-0.3024132966635969
-0.28973164715669736
-0.2707539237307892
-0.2460371226873103
-0.21611059294843205
-0.1815655194401208
-0.14307208619294026
-0.10134472602517598
-0.05720530371849441
-0.011724524929449752
0.03406671861979242
0.07905020249445825
0.12211322559833332
0.16235988112268196
0.19900326635221197
0.23136517606434331
0.2588442927436174
0.28080020705238723
0.29676317698505406
0.3062425220997945
0.3089674595598134
0.30479418138830644
0.29388593374273914
0.27663047749619873
0.25341596950236056
0.22487067047114231
0.19156125170686555
0.15407382108185383
0.11317173244777647
0.06960839275380105
0.024360191585498576
-0.021456111882687152
-0.0667431381702161
-0.11044013240010914
-0.15156120673144227
-0.1892734014840984
-0.22286538470224043
-0.2517439382725331
-0.2753060651923925
-0.29296849096438277
-0.30427325478565914
-0.308900859009507
-0.30662992810572565
-0.2975745721672076
-0.28199784939938827
-0.2603976668515998
-0.23324960927391192
-0.20119034051619894
-0.16481606149950218
-0.1247734591146473
-0.08185808350581471
-0.03698410913021075
0.00879546861834828
0.05431507125469983
0.09856540739161808
0.14049245040511987
0.1792081148663976
0.2140254804018695
0.24428297422238515
0.2693336052264376
0.28869909899313734
0.3018338168615545
0.30832948427448037
0.30792954778103554
0.3007567176632591
0.2869640689001568
0.2669521250526208
0.24130134856433572
0.21054383670883772
0.17528086735420736
0.1361780697377141
0.09397648053060989
0.04951514202010373
0.003911722014107646
-0.04181379609012845
-0.08656078408694515
-0.12919335048384673
-0.1688710134194222
-0.20484505673434555
-0.2364072045179703
-0.2629695497963288
-0.28394555728985044
-0.2988452984800593
-0.30716915938964445
-0.30870851288536616
-0.30340677200831134
-0.2913778091176889
-0.27306124625707745
-0.2489283801336038
-0.219526101782365
-0.1854457220431873
-0.1473343373157542
-0.10591327773333103
-0.06199358728402165
-0.01657287331746842
0.029230794431290983
0.07431185130182813
0.1176457302904772
0.15823733620275554
0.19531582830778085
0.2281577404235552
0.25615313309410426
0.27873137749070837
0.2953353186408843
0.3055624489356777
0.3089852953803972
0.30553347574777207
0.29537395802526156
0.2787406587654986
0.2561268712481717
0.22815830996356945
0.19528890457951237
0.15823591767982131
0.11764401483246457
0.07431660758482667
0.029237490619937898
-0.0165555747906765
-0.061981886967729834
-0.10589780088310603
-0.14733864045686323
-0.18544820468557566
-0.21948914377775422
-0.24890850545718005
-0.27308471337623913
-0.29138251763438494
-0.30340661022565957
-0.30873205322189146
-0.30720568881371857
-0.29886949720792966
-0.28397893177262434
-0.2629575482200592
-0.2364027504315878
-0.20485063604495743
-0.1688722698632201
-0.1291914851158202
-0.08651687343795916
-0.041813255158923854
0.003895628546313178
0.04950899314069643
0.09396282877216759
0.136184454440565
0.1752791409853915
0.21056017256773416
0.24130244504419007
0.2669680162057092
0.2869359300628079
0.30074778913341027
0.3079581757567335
0.30834322529795993
0.3018262673376516
0.2887103122891635
0.2693601861687871
0.2442812089109343
0.21401803861545862
0.17922672796616432
0.14048205036182032
0.09858550177447518
0.05433284474864849
0.008788751528375797
-0.036987629041257714
-0.08185865888342536
-0.12479074289229149
-0.16483160046377326
-0.20119849897435696
-0.23327259902791997
-0.2604106324108072
-0.2819815454126929
-0.29755439014778373
-0.30662376922802154
-0.3089036498109123
-0.30429906647043176
-0.2929878075429333
-0.27531741618181693
-0.251740142044816
-0.22287731443808273
-0.18927473467069597
-0.1515515690731975
-0.11045646276614983
-0.06677066938021886
-0.02145058099324021
0.024387336964383992
0.06958899251125912
0.11318049930954967
0.15408906631271116
0.19157090520703593
0.22485687402275498
0.2534085630110959
0.27660922157525614
0.2938793805701843
0.30476421683106014
0.3089540257028798
0.3062402774771052
0.2967568588328093
0.28081204730203263
0.25883784456926495
0.2313692058444904
0.1990128294663749
0.16235937772540676
0.12211540726548163
0.07905170245785541
0.03409262080676676
-0.011704820229025449
-0.057241301835424245
-0.10132774852302902
-0.14308179940399718
-0.18154523052131172
-0.21610731524953491
-0.24605235059735223
-0.2707880415851154
-0.2897501244147493
-0.3024378749956533
-0.3084971807540889
-0.30768461324706564
-0.3000241155832049
-0.2858256532697647
-0.26547469979799276
-0.23948362030776466
-0.20837316149501
-0.17290712025995472
-0.13355560078364295
-0.09116041190406159
-0.04667679856984601
-0.000985792541401533
0.04471474593674887
0.08933040139919622
0.13182331508722822
0.1712948938899287
0.20701070642161548
0.23827894660588508
0.2644494700823309
0.2851069339249497
0.2995803039494499
0.3075102519242956
0.30859641409927735
0.3028379390707299
0.29040524745416885
0.27168439376401077
0.247187403352208
0.2174898381162364
0.18312253654281965
0.14476707134489197
0.10316480474402813
0.059153168703656105
0.013656276046906893
-0.032119882389922604
-0.0771702994184115
-0.12031904432626883
-0.1607153515784374
-0.19752958220443873
-0.23009492531007697
-0.25777289786866653
-0.27998038750435567
-0.2962011504510054
-0.30598722704967873
-0.30898051612755645
-0.30511507129970084
-0.29448540354294966
-0.27747797205726854
-0.2545254135641968
-0.22621950945843958
-0.19304388649581905
-0.15574701351364129
-0.1149490208778977
-0.0714966974605047
-0.026296607372384616
0.019518754646626987
0.064860182307972
0.10862529915813572
0.14989707517065667
0.1877541768835115
0.2215507289831541
0.2506103161910184
0.2744311247005253
0.29236781381998045
0.3039490104915595
0.3088422434302227
0.30687257336640805
0.29808938450372774
0.28276691157704087
0.26142501249829936
0.23451568124874922
0.2026926200987898
0.16645187909402895
0.12651499194071586
0.08373288826233351
0.038856434184213244
-0.006796059512267458
-0.052439790051551784
-0.09675328602585645
-0.13877618360950245
-0.1776377148323107
-0.21263169950477642
-0.2430959036445191
-0.26840646144006064
-0.28802383184652297
-0.3013916938974188
-0.3081892907026756
-0.3080884937917482
-0.30119210210777414
-0.2876562935579173
-0.26791425232239036
-0.24250871984134112
-0.21195646474535482
-0.17685293975667846
-0.13789683502519828
-0.09581231759024975
-0.05145642380883235
-0.005872011349680125
0.03991863460679886
0.08468114539140503
0.12742489868164372
0.16725077444091854
0.2033741465741623
0.23515206379607145
0.2619387094919001
0.2831868739729663
0.2983222044914122
0.30697232847508954
0.30879252094829585
0.30376652773071894
0.2920073114824258
0.27396235198856583
0.25003901656225264
0.22086402352103293
0.18700369623659177
0.1490271936933241
0.10775327164360822
0.06392826545684092
0.018502756161197245
-0.02726173939202699
-0.07246095458315244
-0.11584399609021793
-0.1565957761526095
-0.1938028042407604
-0.2268302724397724
-0.2551178219530657
-0.277909844780557
-0.29479969644559906
-0.30526470495264474
-0.30900900487058974
-0.3058513514585698
-0.29595300304380845
-0.27957445688204646
-0.2572324231652001
-0.22948544261025455
-0.19678775252730651
-0.1598930135703896
-0.11942467660859174
-0.0762334237317856
-0.031169468871137744
0.014632004702709913
0.06010522566991301
0.10405904567503363
0.14563052604840485
0.1838716917828944
0.21816341467234318
0.24777693939981685
0.2721333780680519
0.2907159935615904
0.30302580546355046
0.30861747313083526
0.3074209998627938
0.29933876116017394
0.284709181891916
0.26397336532271337
0.237659024136328
0.20623034994868292
0.170475689924331
0.13092177669305224
0.08839605876239583
0.04377676532976191
-0.0019511569895645819
-0.04761151168534969
-0.09211684129221605
-0.13442564652302963
-0.17371671919429665
-0.20913299478211217
-0.24008852870591202
-0.2659870235830429
-0.28619892039235895
-0.3002936284986961
-0.30776926626666234
-0.3084138649656679
-0.3022266086620544
-0.2894287298243393
-0.2703208094341116
-0.24543642551422876
-0.2154055566151827
-0.18078768803761544
-0.1422050359093788
-0.10039641286676372
-0.05625439833812194
-0.010760189502137883
0.03505594347558482
0.07999193289148583
0.12299243067223319
0.16318932497084318
0.19975140137827144
0.23201904103092344
0.2593603336505614
0.2812031714461037
0.29701424649260433
0.3063905969410883
0.308924101621645
0.304605290599676
0.2935907937944435
0.27621068515899005
0.25290416132834453
0.22420624990893773
0.1908250602954736
0.15324550478863885
0.1122562852507822
0.06865286687907154
0.023373418700470584
-0.02245744570164393
-0.06772293615663841
-0.1113503039865047
-0.15241564589310538
-0.19005815819175373
-0.22351967079939383
-0.25234099325159787
-0.27574141118667245
-0.2932888878448672
-0.3044216721709696
-0.30893946896792807
-0.3064927634792649
-0.29727466733590835
-0.28162265088745525
-0.2598867734081208
-0.2326232004592652
-0.2004585910778672
-0.16401100357556767
-0.12385071113388949
-0.08092331556827864
-0.03601112009347508
0.009753590402442096
0.05528567331250627
0.0994892404632457
0.14136451123356536
0.18001443029541023
0.21469495167327096
0.24485998760922856
0.2698689266641124
0.28903310539771687
0.3020646777834223
0.3083642287003879
0.3078156042375913
0.30049544304364884
0.28654651373648965
0.2664285567415954
0.2407023715682502
0.20979213158273124
0.1744812848683241
0.13527728763067665
0.09303546719144656
0.04856102016838087
0.0028842116261407853
-0.04276135816450365
-0.08750037157818198
-0.1300551111811185
-0.16969485793978922
-0.2055667659203445
-0.2370153898494607
-0.2635296348358078
-0.28435915214746615
-0.29907698416681083
-0.30727532726322865
-0.3086465895562268
-0.30320228578929725
-0.2910720214333663
-0.27260467794710513
-0.24836512537008543
-0.21888193954537438
-0.18471049048039367
-0.14647406202547913
-0.10497085681461896
-0.06105706445071121
-0.01558936439493643
0.030185558389869305
0.07526796705936405
0.1185213459174092
0.15910284988705112
0.19604190090311965
0.22877072130459963
0.25670145934324184
0.27917586895678054
0.2956554405874136
0.3056864139292207
0.30896366386853635
0.30546764018592365
0.29502297765510577
0.27828627597405403
0.2556129915487556
0.22752532122664426
0.19454269973804492
0.15742731677531563
0.11673591638816747
0.07339603406678419
0.02822862142796108
-0.017581565472175587
-0.06294299792061694
-0.10683296770602392
-0.14818203376860006
-0.18621737550500764
-0.2201861871793667
-0.24950098062917675
-0.2734834620104071
-0.29170116707906885
-0.30364250983561364
-0.3087786169227364
-0.3070389391478155
-0.2986548805422909
-0.28364485769787445
-0.26246836453690475
-0.23575568826476231
-0.20412272507477577
-0.168095434784323
-0.1283005155426601
-0.08564411175896934
-0.04082344721743119
0.004850842418086848
0.050521251939524336
0.09485939581343955
0.13706232907963894
0.17605209769214605
0.21125398859553732
0.2418995786201688
0.2674366121722237
0.28728005142177054
0.30092832199413133
0.30804907799248094
0.3082407698871434
0.3015949367692737
0.2883842852909369
0.26887126469494904
0.2437047804508728
0.21330796358642165
0.17840700135766233
0.13967170544110127
0.09767346971702934
0.05336749925337644
0.007821424315071188
-0.037928856905305244
-0.08278639158230502
-0.12566415935187011
-0.16568016024559395
-0.2019331874760615
-0.2339351571827634
-0.26086308783418455
-0.28244108960308184
-0.29781122838017937
-0.30677064796799836
-0.3088355595654465
-0.3041383979349937
-0.2926562979259177
-0.27486947374475806
-0.25121483839988057
-0.22216094720422425
-0.1884884052977904
-0.1507646506654794
-0.10952179565277383
-0.06579882832121096
-0.020512270310989122
0.025343014728633262
0.07056882516130722
0.11410485189059465
0.15490325563319007
0.19226820948286028
0.22551255038158444
0.25392664221972433
0.2770527685698744
0.29418662820264846
0.30492634194312096
0.30900084506885395
0.3060971626705099
0.29653515383406504
0.2803841887609753
0.258260669130997
0.23074298889400457
0.19826304503031375
0.16152126581760975
0.12114291173867402
0.07808696105392224
0.033083570041696486
-0.012636537939170063
-0.05817787872929878
-0.102209155026606
-0.14391948385424028
-0.18231578779823915
-0.21677227335938212
-0.24657841869824665
-0.2712319578974661
-0.29004849234611757
-0.3026383342447407
-0.30859148013025595
-0.30766264018011363
-0.29982982391810514
-0.2854288612871244
-0.26496527175131007
-0.238873354376823
-0.20771751781955236
-0.17207951594090456
-0.13272327665649628
-0.0902482314654345
-0.045685919489093875
0.000040210707247156
0.04573021135220597
0.09029249490792304
0.13263292115391692
0.1720739336421645
0.20770573594632086
0.2388402596960258
0.2650141474323323
0.2854600016413267
0.2998302959049687
0.3076545820407768
0.3085502278047383
0.30260992991604807
0.2900809673968243
0.2712449898804382
0.2466306422476314
0.2167839460155466
0.18237484712711263
0.1440381835455538
0.10223778136351735
0.058205359081639894
0.012684775694401598
-0.03313864656516158
-0.07815213402544428
-0.12125827932405471
-0.16153284014870598
-0.19823914206741433
-0.230754989325746
-0.2582518350401178
-0.2803993555889376
-0.29642939216988134
-0.3061093672281897
-0.3090028929648904
-0.30499054112881147
-0.2941933075991422
-0.2770454956087768
-0.2539503901452943
-0.22549988961422401
-0.19227962829554845
-0.1549346758513684
-0.11402574558609364
-0.07052352561671396
-0.02537048064080086
0.020487559023099778
0.0657557468927084
0.10954492047261878
0.15072385604908323
0.18850928894872385
0.22220777270027808
0.25116642237906944
0.27487917609542734
0.2926836553994652
0.30413782919366755
0.3088306778805146
0.30671490231495974
0.29778137731648885
0.28238368963131816
0.2609014407516814
0.23390902341437433
0.20191260670230687
0.16560263695316849
0.1256125868040473
0.08274765034692454
0.037926088276278
-0.007800151184250939
-0.0534524965552794
-0.09772804831263807
-0.13963375242060702
-0.178465479762632
-0.2133440129272247
-0.24371731770011923
-0.268903319635628
-0.28836957307794314
-0.3016588404114739
-0.308235216870956
-0.30801698722176146
-0.3009656555785377
-0.28734397662051014
-0.26746871627877766
-0.24189830637264514
-0.21127396727961326
-0.17609539751388978
-0.13707247061995023
-0.09496581901857666
-0.05050463110375226
-0.004848788534335609
0.04081197846600123
0.08553314122254337
0.1282613439555292
0.16807024891309982
0.20407906518011965
0.2357506130230737
0.26238530805717203
0.28353719358298485
0.2985204720833191
0.3069950546853484
0.3087149554399241
0.3035875644145255
0.2916658609708895
0.2734815753969984
0.24944927770119307
0.22009100389260808
0.18621920538827172
0.14810443822502578
0.10670238828525276
0.06286405928489605
0.017445175123690905
-0.02829137019802336
-0.07342670985790956
-0.11687063668707662
-0.15748029824479742
-0.1947138781122481
-0.22754336900918168
-0.2557145090331068
-0.2784220336661595
-0.29517800396520805
-0.30553708780388644
-0.3091091130118967
-0.30575847979713083
-0.2957420588047231
-0.2793401602074034
-0.2568128581840429
-0.22886026132234008
-0.19618424641243418
-0.15919537745105725
-0.1186705957362725
-0.07536549453396336
-0.030328322586267695
0.015539254035779382
0.06090163624122654
0.10484869130230483
0.14632059334620237
0.18455408613756003
0.2186977882858974
0.2481224429427937
0.27241396160209913
0.2908766321995343
0.30309186405679417
0.3085425133158879
0.3071510893899047
0.29890872108027106
0.28416286444511313
0.2632946943339599
0.23682534534759875
0.20536620464680863
0.16953124172005807
0.12989724657231022
0.08721052004474428
0.04255548329589658
-0.0031249913452282238
-0.048794150803606474
-0.09329029924785964
-0.1355075200311075
-0.1747153469843055
-0.2100063961553482
-0.24091245664977615
-0.2665819326938781
-0.2867060965779269
-0.30066135075073075
-0.3079479246841268
-0.3084961106554156
-0.30212064683125506
-0.28912048550295594
-0.269887503244201
-0.24482201249390603
-0.21467687255047865
-0.17988214696697427
-0.14117506148899156
-0.09922389294120058
-0.05494087103597389
-0.009343093412002533
0.036585048400691836
0.0816225921095261
0.12469732546358603
0.16502995507600782
0.20164265526366804
0.23409509778897727
0.2615793726232311
0.2837017660853437
0.2996397881680114
0.30929522170596285
0.31220194861429684
0.30818101588391006
0.2978002584139002
0.28084911263610174
0.2582614234857384
0.2303912819065215
0.1979408421458888
0.16166329558286555
0.12209356672421721
0.08013510239118926
0.03698291594317408
-0.006302531472418315
-0.048613104932592216
-0.0887315483629064
-0.12568899783996032
-0.15879136192753351
-0.18720459946241041
-0.21058752277019965
-0.2288447350075695
-0.24177528478257118
-0.2494769398752187
-0.2522233895816586
-0.2502076553616883
-0.24402303785605137
-0.23405465716134227
-0.2206457536953052
-0.20423915118551508
-0.18501892880673126
-0.16321064145605071
-0.13927067018466008
-0.11360194904043272
-0.08654844079742821
-0.05872510860778339
-0.0307033744563829
-0.002999887447730058
0.023736187521949934
0.04897173629789519
0.07219369306963865
0.09259074184541685
0.1096780717428533
0.12293953002511589
0.13187758861367996
0.13655629780128864
0.13707479582026663
0.13359511049693365
0.12669326160653765
0.11708656148969025
0.1053422821415001
0.09249300703046918
0.07903230025110328
0.06571225650642291
0.05289079235158627
0.041242947521491644
0.0309329342906465
0.022232135758051698
0.01500186672672454
0.009145137284343623
0.004576866843984316
0.0009720051643393126
-0.001694093064831824
-0.0037253521899721052
-0.005067461409670165
-0.006113731237815484
-0.006881555893292052
-0.0072190718452549525
-0.0075547637596088575
-0.0076705339916022935
-0.007652995377905002
-0.007535804232155955
-0.007518968631247089
-0.0072570382842603864
-0.0070218389545562854
-0.0068385856956775515
-0.006571756788750383
-0.0063551899592390795
-0.006042268189182714
-0.005805850462130125
-0.005580907023654246
-0.005191946782353844
-0.004960781451023277
-0.00478203882458332
-0.004457550242984492
-0.004252214631865008
-0.004055767712532539
-0.003786002227658894
-0.0036564643823230342
-0.0034205821899820914
-0.0033272144225492527
-0.003194782871301151
-0.0029261473247772264
-0.0027758575124208645
-0.002696096516552691
-0.002524131201799249
-0.0023796043176811414
-0.002285841460720452
-0.002198263673661685
-0.0020176107191871217
-0.0018538481893145332
-0.0018510085143505868
-0.001775170936247935
-0.0016235251116684033
-0.0015320926206297194
-0.0015049544099391336
-0.0014285135523774964
-0.0013766924643232746
-0.001289451466363052
-0.0012070763551702765
-0.00110093103483694
-0.0010165924270035666
-0.0010913051755646005
-0.0009451509107441983
-0.000923032754660241
-0.0009291065567226874
-0.000851676158919898
-0.0007254442644774117
-0.0007428184103820377
-0.0006976002346739627
-0.0007012452121878939
-0.0007293491399099274
-0.0006402509352323773
-0.0005764899886735634
-0.0004953912446872861
-0.000596383237253401
-0.0004435358047062115
-0.0005026510517896254
-0.0005250977882713367
-0.0004533171865240174
-0.0003286894768526275
-0.0003013419418627876
-0.0004051046393796078
-0.00037486814149046945
-0.00036784946249156887
-0.0002981711775604374
-0.0004119472715899471
-0.0002122649782838832
-0.00026816751830285103
-0.00036777875624053404
-0.00032220783350597537
-0.00027050619027838517
-0.0002899397146296482
-0.00024556148565940537
-0.00018560881403346493
-0.00017657581839653183
-0.00019713642481894165
-0.0002632407124273512
-0.00016624748941928072
-0.00019818575934805349
-0.00024991208114338913
-0.0001788796390691257
-0.0001509462412194888
-0.00019100728482447036
-0.00015296008779413858
-0.00012705119960165935
-0.00012426402114213268
-0.00016907779259452097
-0.00015353983788545447
-0.00006058555471287149
-0.000024136726214516725
-0.00012069884677820126
-0.0001759594804222364
-0.000050728353767092104
-0.00010684553708185921
-0.00004971789720618051
-0.000010198774659277012
-0.00008444593508489333
-0.0001486088699032356
-0.00008815321121345647
-0.00007379154385909129
-0.00006284241646574947
-0.00004914427560409949
-0.00006700716904721647
-0.000150729299985966
-0.0000614664407375154
-0.00014330546914223134
