-0.00019088274642432897
-0.00019420162607630662
-0.0001993950365475161
-0.00020565807084770206
-0.00020850277992388172
-0.00021419572039063398
-0.00021805892494873976
-0.00022417803862779596
-0.0002298952564085962
-0.00023342869701161784
-0.0002399600345612459
-0.00024508305497536004
-0.00024920897495948104
-0.0002576541173513699
-0.0002631846938148719
-0.0002705949696427587
-0.0002749928089671789
-0.0002819042901931909
-0.0002907822161084352
-0.00029772873974403787
-0.00030565835302893014
-0.00031136294667177036
-0.00032067382539846686
-0.0003281226961739368
-0.0003355345980554333
-0.0003458193591488895
-0.00035335244103498173
-0.0003636073366059375
-0.0003717450041572789
-0.00038111073875593646
-0.000392423396438023
-0.00040171669720053747
-0.00041204744308653607
-0.00042347523127407284
-0.00043592209686789694
-0.00044730843469834253
-0.000460325647581728
-0.00047150981546630516
-0.00048533932773769044
-0.0004988090270415395
-0.0005140629877631751
-0.0005295375017911396
-0.0005437058463750896
-0.0005583933065222589
-0.0005730220255628388
-0.000592423576897132
-0.0006076820300358916
-0.0006260614553690625
-0.0006468406952279786
-0.0006649646699952783
-0.0006869096073537016
-0.0007047029478539148
-0.0007267041703624634
-0.0007494236878506234
-0.0007716390875033151
-0.0007971486611711193
-0.000821292865887473
-0.0008466352046319955
-0.0008752792381788981
-0.0009033855112265327
-0.000930919803048563
-0.0009621878216515903
-0.0009940518608725318
-0.0010244623762801423
-0.0010611394857384028
-0.0010974448057230722
-0.0011338309687900126
-0.0011737475911318207
-0.001212223715995727
-0.0012578744773693263
-0.0012995836691343295
-0.001344725842440288
-0.0013931293404053128
-0.0014434914343875768
-0.0014949237367114963
-0.0015493671319551166
-0.0016087226484558135
-0.0016672727900184888
-0.0017284972168870299
-0.0017948046083591834
-0.0018637798665950098
-0.001935273373780391
-0.002009001712260291
-0.0020886637149764506
-0.0021699162356725596
-0.0022553562823774717
-0.002345929585035484
-0.0024399988373506377
-0.0025406205396694206
-0.0026456308674298453
-0.0027541704578969766
-0.002870269231653814
-0.002992098594361809
-0.003120771108214882
-0.003254189503209125
-0.003394652461511999
-0.003544872704850236
-0.003700343380446178
-0.003865793625126246
-0.004040448713513093
-0.00422326481081013
-0.004416867915973874
-0.004621829637681211
-0.00484085552918315
-0.005069069744652652
-0.005310506671882582
-0.0055654760729192745
-0.005838430466616305
-0.0061240242905738936
-0.006426203220689416
-0.006749801342552817
-0.007090607748799413
-0.007452440617910002
-0.00783758818930398
-0.008244149549523745
-0.008678493533528857
-0.009139839631785013
-0.009627336764857865
-0.010149623561891533
-0.010702745941775782
-0.0112931379204101
-0.011920310113210765
-0.012590555655529984
-0.013303299280468387
-0.014063876592154984
-0.014875904244069552
-0.015740522058220737
-0.016664390507993156
-0.017648420851201888
-0.01870006057804243
-0.019822343149500918
-0.021021671651348127
-0.022298177775255158
-0.023660469730534078
-0.025114507118625316
-0.02666267804062322
-0.028312297494674125
-0.030066069304236543
-0.03192712861983125
-0.033899223189647235
-0.03598427731217914
-0.038181587325755766
-0.0404859638932755
-0.042890101892196136
-0.0453798094087525
-0.04792847616256042
-0.050505198604122316
-0.053055367922964336
-0.05550522653470785
-0.05774466002088968
-0.05962945051841238
-0.06095757965399295
-0.061463390773002474
-0.06080656854864375
-0.058571016807120194
-0.05430163826579601
-0.04752553563462318
-0.037855431518707974
-0.0250763403774691
-0.009208202681453522
0.009441170389973682
0.03030830883472496
0.05261740470876082
0.07543423809373963
0.0977188337427145
0.11838647534055752
0.13638226656854172
0.15079502659037855
0.16093925579359294
0.16644928803296322
0.16730780065228937
0.16383792966792257
0.15663668420687468
0.14647232163642593
0.1341548653445315
0.12039378217696879
0.10571617448937051
0.0904469307489136
0.07475831779031407
0.058777821426132415
0.042667208400323633
0.026687969460536302
0.011191505273348291
-0.0034807447796222153
-0.01704653608066416
-0.0293311872009923
-0.0402516545034739
-0.04977304526766965
-0.057891037461969205
-0.06466989272547032
-0.07026464024456616
-0.07494523835984411
-0.07904741813325133
-0.08286454308632166
-0.08652094905921519
-0.08987458026688581
-0.09248357278881307
-0.09367927021808041
-0.09271078899056658
-0.08894173899686021
-0.0820735717606774
-0.0722681255267715
-0.06016323881054447
-0.04675292209818215
-0.03315174491093759
-0.020358332138007387
-0.009080097615913418
0.0003175208581038311
0.007774653760332679
0.01342537814266478
0.017510504290796588
0.020303633241215736
0.022065586309630115
0.023036958401429438
0.02341961503517462
0.0233872298675907
0.023070086700103146
0.022572055574937456
0.021959870044093253
0.021278548907846227
0.020561300356792944
0.019828067944785106
0.019085142346375164
0.01834728704662672
0.017617661667230174
0.016899805197035336
0.016194906971591604
0.015503939557448243
0.014831485451747747
0.014175305960616896
0.013538381523493964
0.012918304702510361
0.012322317739609758
0.011746072436036661
0.011189752552706916
0.010657260217444113
0.010150085249095296
0.00966310339401081
0.009201494270271744
0.008763883192443528
0.00835068482839008
0.007962265199280234
0.007593151508533455
0.007246193420633537
0.006920987117955122
0.006613049281177964
0.006323415773336505
0.006049244814729952
0.0057890793312707104
0.005544090272567241
0.005309612950371192
0.005088450687684602
0.0048733893295639305
0.004668954918903983
0.004475700968724289
0.004288100933901034
0.004107611314976918
0.003933496055321537
0.0037674382815552107
0.0036090898019365126
0.0034556555479819282
0.0033106056203051487
0.003172159260003613
0.003039436001134044
0.0029145610165119107
0.002797902120100299
0.0026854996828834603
0.002580094375142928
0.0024809871552604343
0.0023863666679465817
0.0022979008796555895
0.0022137977292786613
0.002133191304295128
0.0020576570128639855
0.001984272425271618
0.0019145286710067213
0.0018478654314778877
0.0017835079092075705
0.0017225891094666266
0.0016600705244849728
0.0016025499696569567
0.0015446392457837891
0.001491422949998044
0.0014385958530607173
0.0013867033488399192
0.0013376989594827335
0.0012902297229473436
0.0012452630391220417
0.0012018793022990028
0.0011606750118662533
0.00112088212317392
0.0010833242629350673
0.0010487030425380382
0.0010152545780336751
0.0009831318153123508
0.0009520420929598289
0.0009246464810118625
0.0008962614443726055
0.0008695566332621157
0.0008443964224406472
0.0008191013686482028
0.0007970404182336608
0.0007720670654117188
0.0007499589808171124
0.0007283541623332315
0.0007068451975447247
0.00068480814663224
0.0006648172674319609
0.0006444374846230422
0.0006245387497818122
0.0006052930643110345
0.0005882492012307175
0.00056975700884211
0.0005525911754509531
0.0005368520051381127
0.0005200246493530372
0.0005074213941599869
0.0004932033348263149
0.00048006524757268106
0.000467553148855192
0.00045496720823006966
0.0004432949454861029
0.0004323643428095201
0.0004217135377579482
0.0004121717526058751
0.00040147580140734434
0.00039195896264336826
0.0003814745239068426
0.00037274250489798515
0.00036323927506529775
0.0003534781004286872
0.0003439482726363854
0.0003351517106125658
0.0003269782004818499
0.0003182262138263394
0.000308787968379847
0.0003014338659104622
0.00029307856535275886
0.00028622185442243447
0.0002786644756777684
0.0002724729301353671
0.0002656548758339159
0.0002594106557785754
0.0002526010983152348
0.00024823389790847435
0.00024115969777569713
0.00023573396907148082
0.00022994538632401207
0.0002260307737384608
0.00022172214889822317
0.0002171114893558704
0.00021353543587085695
0.0002093059524713557
0.00020364934548733395
0.00019796409976583247
0.0001951951759602364
0.00019088149250337405
0.00018537620030268206
0.00018137217069181123
0.00017674102059716127
0.00017275655354038162
0.00016960010794999508
0.0001652339280699226
0.0001610212871677256
0.00015749445317485788
0.0001546399888413216
0.00015212692321850147
0.00014881408067693092
0.00014571525725298368
0.00014196128767009192
0.00014043875243491334
0.00013659024356909967
0.00013490853328441637
0.00013201868178244676
0.00012888438367066916
0.00012720373928220487
0.00012488756611394802
0.00012300797559521443
0.00012076964067366464
0.00011676341667172508
0.00011534478634357258
0.0001127729332133949
0.00011125624767664675
0.00010878518596528464
0.00010660159238203523
0.00010383050576735901
0.00010237649908359906
0.00009973015380997881
0.00009690865050039921
0.00009535612111122715
0.00009437762562382196
0.00009274836922337847
0.0000916062385717184
0.00008871822307756061
0.00008808319718530289
0.00008568335517801941
0.00008501282862999809
0.00008334142816896303
0.00008339220994447115
0.00008065131428698971
0.00007931556563105906
0.00007801214305546047
0.00007599261797051532
0.00007581232515076165
0.00007387685313610296
0.00007299109891307301
0.00007184073560870001
0.00007020898058991666
0.00006895828359749389
0.0000668538815674102
0.00006611701515549603
0.00006632867544556032
0.00006462884969696737
0.00006242706234918748
0.00006192417937729756
0.00006013994652859784
0.00005942784854830236
0.00005866962537016425
0.000056992257616421325
0.000056641210699364025
0.000056307563726802904
0.00005568248866189441
0.00005461649117785413
0.00005273841350326967
0.000052235037456815966
0.000052291970850689214
0.00005090067254079413
0.0000511348211858571
0.000048881663613356644
0.000049115537002891915
0.000049416933904030304
0.000046464326780624845
0.00004674278980389506
0.00004587511393786693
0.000044317448757665206
0.00004397421552809678
0.0000428219949261951
0.00004255546834484887
0.000042202890121731
0.000042389051122374424
0.00004018440952093911
0.000039499664628316605
0.00003839656233270066
0.000038724131404328564
0.000039812878268390866
0.000038114248182661645
0.000038059329610925104
0.00003697865395386377
0.00003696161406221051
0.00003511413998611562
0.000035708689934032544
0.00003661220260526916
0.000034533446277096024
0.00003406573877977761
0.000033550564592818375
0.00003310182483586603
0.000032831086588841957
0.000032077148585134944
0.00003093172891133354
0.00003055241068499977
0.000029962604901109897
0.00002979526579872133
0.00002951730656128683
0.000029055886836507058
0.000027595546084363705
0.000028515391868904473
0.000027468513899121552
0.000027585741586326355
0.000027885392462942006
0.000026478136189086246
0.000026364688443758253
0.00002665737760053545
0.000026637055775486117
0.000025122928590131533
0.000026404879925249224
0.00002566638007093611
0.000024691581820625408
0.00002504563508426546
0.00002331300026244334
0.00002332085520371269
0.000024098371517969453
0.00002354178388822551
0.00002373999469600421
0.000022560271050185688
0.000021972646340086892
0.00002207652924561358
0.00002148013594949293
0.000022277764272267337
0.00002101919810067405
0.000020847234276960457
0.000020938340227827646
0.00002081218481779097
0.000019820237468340473
0.000019781823079814086
0.000019475304077757185
0.0000195068574199598
0.000018743276354015474
0.00001915189205816767
0.00001833551301801933
0.000017983402645577284
0.000018029878018374443
0.000018750114031379366
0.00001690820115636423
0.000017777656154555494
0.000017827314990568216
0.000016780694178175922
0.000016328221278505393
0.000016217906575147296
0.000016881256415071972
0.00001662272831221269
0.00001673726855852322
0.000016490722065404186
0.000015412141548896188
0.00001477736863596419
0.000015375559980981077
0.000015457187718197467
0.000014694011089976316
0.000013908780426579983
0.000015226359540260675
0.000014757176693341425
0.000013488131753134582
0.000013933282439067358
0.00001467516904415094
0.00001308389157558256
0.000013429557633338801
0.000013365851090811281
0.000013579133695428705
0.000013255760483647337
0.000013070532803416504
0.00001259028198148422
0.000012592608190102199
0.00001252720598697504
0.000012264727107122883
0.000011820706301513697
0.000012683010479381913
0.000012110818212164665
0.000012269374632661216
0.000011646520975536677
0.000011064415942779994
0.000011518573696246947
0.00001125401669087862
0.000011082928107537863
0.000010767860376760043
0.00001075526569812011
0.000010186637965368547
0.000011149535124671283
0.000010494591341444285
0.000011209993293991379
0.00001066112320573008
0.000010749997675828937
0.000010068533230090871
0.00001045131520524405
0.00001059152865926529
9.751311374862165e-6
9.750536974084518e-6
9.816589028639948e-6
9.121652610003841e-6
8.918052317668945e-6
9.453147548727743e-6
9.090367793345202e-6
9.503219716594879e-6
8.901797353158143e-6
9.142468860175841e-6
9.170631920179812e-6
9.263382796964187e-6
8.324794131670505e-6
8.514381089822005e-6
9.103763474875525e-6
8.980571887472425e-6
9.01221228132605e-6
8.065596243239587e-6
8.632236963112845e-6
8.528856348536e-6
8.395113881136085e-6
8.173873837382231e-6
8.499580851627467e-6
7.931057322012162e-6
6.954460347524523e-6
7.419689811086267e-6
6.5846798571449315e-6
7.872621395046677e-6
8.465688354875785e-6
7.236059437198659e-6
7.81316095437157e-6
7.459489135731547e-6
7.478876632590795e-6
7.5595894524528415e-6
7.125891506633614e-6
6.863453949741226e-6
6.97076857786376e-6
6.272457374748393e-6
7.578021486745546e-6
6.621571824112105e-6
6.46122544504987e-6
6.527479454879431e-6
6.214053812621691e-6
6.226200676239523e-6
6.972572372672182e-6
6.43297991722783e-6
6.536110303744271e-6
6.095151289861161e-6
5.8842022721800725e-6
5.925176039031382e-6
5.931066476621906e-6
6.118678066268222e-6
6.072654873012158e-6
5.1348219889661335e-6
5.963479516042304e-6
5.700367044762116e-6
5.1611141676877804e-6
5.619350542206679e-6
5.976832263347085e-6
5.6545190535910175e-6
5.557559527653076e-6
4.7286380071589375e-6
5.823240895465604e-6
5.4250444702153584e-6
4.819641582898769e-6
5.519886875188305e-6
5.2975599612193085e-6
5.49926689188098e-6
6.049240894691973e-6
4.972336162070026e-6
4.957364076894494e-6
4.731500010914344e-6
4.954144606277589e-6
4.242130211541629e-6
5.120394350457671e-6
4.794319633116511e-6
4.695094155021867e-6
4.7324908595428075e-6
4.337789598356414e-6
4.7523552071248334e-6
4.0382017085053e-6
5.22255591272161e-6
4.490711549361051e-6
3.551641639309824e-6
4.205040630357894e-6
4.362336498150715e-6
4.724692046085973e-6
4.760866208950274e-6
4.142650004833849e-6
4.220459377285361e-6
4.33165049719728e-6
3.780194722493951e-6
3.6168932957372803e-6
4.291182407318021e-6
4.0464012957027655e-6
4.385332283616176e-6
4.535776093622627e-6
4.57335037517585e-6
4.071452789380397e-6
3.7908964852263855e-6
3.992659936968231e-6
3.975325144377728e-6
3.960198210625909e-6
4.202511687594662e-6
4.326176488346495e-6
3.7405889781318282e-6
3.3684921774907776e-6
3.97547371085101e-6
3.974471476803301e-6
3.6323437147110883e-6
3.4471563714198573e-6
3.4827736205513544e-6
3.8055943439583614e-6
4.235578995397574e-6
3.1370509916745467e-6
3.266270094267746e-6
3.598099491876513e-6
3.3075526302516355e-6
3.5055069553534402e-6
3.909858212056168e-6
3.038806897715741e-6
3.383802844809031e-6
2.761221765593225e-6
3.5568034937580223e-6
3.4598153467388743e-6
3.2271310519723583e-6
2.7549003461181466e-6
2.9021324978672103e-6
2.960990079601803e-6
3.319758670544695e-6
3.1646597142411902e-6
3.0355275795391993e-6
3.088109264835721e-6
3.134979986247757e-6
2.9484385159086136e-6
3.22514462517812e-6
3.6266034975568712e-6
3.2697949717596214e-6
3.192618370063895e-6
3.347485244711735e-6
2.798374444434287e-6
3.49115084466003e-6
2.5367199153840135e-6
3.2026726220413346e-6
2.5231449546363117e-6
2.8207729204600594e-6
2.824122304558409e-6
2.8812671718310023e-6
3.3237300626755274e-6
2.6378761576095605e-6
2.658328190546701e-6
2.6250949292176343e-6
3.0363949839156667e-6
2.4843965174787793e-6
2.8334400464791344e-6
2.553435571960723e-6
2.271060948172084e-6
3.0140831331624776e-6
2.6658034287308557e-6
2.7677340427973433e-6
2.4909703200151846e-6
2.3280376778174916e-6
2.9087605878444934e-6
2.7134933355292334e-6
2.4827749956308894e-6
2.9631214982796758e-6
2.4221445215234944e-6
2.0756574831549227e-6
2.1779873753566193e-6
2.5346459513040533e-6
2.4928777280083373e-6
2.7986071599127386e-6
2.409087035196118e-6
2.4920654963889055e-6
2.179219246322204e-6
1.989754173511597e-6
1.969000720214537e-6
2.018728675723997e-6
2.7620209964417865e-6
2.2982163867612093e-6
2.2275621003311495e-6
2.2482465630218682e-6
1.7745026364369465e-6
1.600161898298766e-6
2.310757681210447e-6
2.2368372112702458e-6
2.142928300215153e-6
2.4745873876421417e-6
2.513429697734977e-6
2.725349408745661e-6
1.885474005918965e-6
2.3873343125509042e-6
2.0139691487919347e-6
2.2678265697101523e-6
2.5558723241440464e-6
2.087052871277014e-6
2.224930990568968e-6
2.326176144544101e-6
2.135017239817993e-6
2.248677421278232e-6
2.048681863034736e-6
2.0942121844797518e-6
1.7746958074154365e-6
2.4498478521665857e-6
1.5243611165262708e-6
1.8899569827805274e-6
1.5505286261492744e-6
1.714765743556178e-6
1.7972093755527256e-6
1.4225373902501858e-6
1.639540282726213e-6
1.9949141976929203e-6
1.5957970861734372e-6
1.999913805123485e-6
1.4491489376045958e-6
1.8857677637949322e-6
2.3704444966166813e-6
1.5631330372771642e-6
1.4378363011948393e-6
1.4633146452183432e-6
1.3068950271455514e-6
2.0647879815300025e-6
1.6174310112973424e-6
1.5135478623617351e-6
1.8807127716432177e-6
1.9389143062164904e-6
1.714787103548232e-6
1.5364929332622595e-6
1.9939583336883187e-6
1.4067538694856367e-6
1.8937781369821953e-6
1.877379781071629e-6
1.1623951280327058e-6
2.1647901953728225e-6
1.6926161913112214e-6
1.5953635808030552e-6
1.663527154672086e-6
1.2826031307284421e-6
1.3157421040216317e-6
2.1179575556218863e-6
1.3031225328432173e-6
1.3103675239739996e-6
1.4459875003572376e-6
1.3593926767843089e-6
1.45077525276225e-6
1.955276669889837e-6
1.2834773478796416e-6
1.4590162504216655e-6
1.802038419126076e-6
1.6842565983259485e-6
1.5475711273368633e-6
1.2270721953185038e-6
1.370253801711486e-6
1.6662396641858864e-6
1.8429860768495627e-6
1.5762742037621384e-6
1.4146518793741186e-6
1.7653576706942704e-6
1.009824562518454e-6
1.2843384286587257e-6
1.1183872945051243e-6
1.4659251040525322e-6
1.3328744520736811e-6
1.0451803488320282e-6
7.248085752765141e-7
1.7577939704251579e-6
1.1708012659536775e-6
1.5329319891726457e-6
1.2930709434406171e-6
1.1714331095012816e-6
1.1659255171868377e-6
1.4871240922029411e-6
1.1303444198067007e-6
1.4356921442167908e-6
1.700044311004194e-6
1.413156460301395e-6
1.1969096576523796e-6
1.2979628884003497e-6
1.3626748118832566e-6
1.2174134020007408e-6
1.005400071185048e-6
1.2683010894253419e-6
8.696212307782541e-7
1.1870470075503562e-6
1.5746208600350396e-6
1.3853181767666165e-6
1.3366276877743698e-6
1.4817147635865032e-6
1.4512855284513155e-6
1.371876710620239e-6
1.3173764356616833e-6
8.561358588833545e-7
1.0157922532870432e-6
1.207946339039171e-6
1.752238390278817e-6
1.6336320765374035e-6
1.0125928055141396e-6
1.044780248264247e-6
1.2327582535472684e-6
7.594879856001556e-7
1.1677623909045209e-6
8.727006236127785e-7
1.5110861065736309e-6
1.0509350845587334e-6
1.2622018374702009e-6
1.0997691668452199e-6
1.4565316328837397e-6
1.119477007223e-6
1.4188675314077438e-6
1.1604633036098158e-6
1.1430915936909991e-6
1.2472785084305838e-6
1.351228671460338e-6
1.0422015580973267e-6
1.0485270667697079e-6
5.894258518032988e-7
1.0998870316669888e-6
8.718191286481059e-7
1.4393313133012821e-6
7.923223096258108e-7
1.2478523202041038e-6
1.2663476859167039e-6
8.455583342086971e-7
8.763054732631967e-7
1.2922281956474756e-6
7.087549607827765e-7
1.3669962447206145e-6
1.1419691308597993e-6
1.0471758340221704e-6
1.1472021973285385e-6
9.075713568324017e-7
1.3650030747652926e-6
7.731116017369906e-7
1.162771136115814e-6
4.946155131338718e-7
8.630668444764216e-7
8.253482904552417e-7
8.575164780312278e-7
7.045061941672195e-7
7.811855234875229e-7
1.1139011102588281e-6
1.1718464442143701e-6
1.1411265094018133e-6
1.0175433269325094e-6
1.1129072461418393e-6
1.140344013483984e-6
9.008507187711052e-7
1.0381460299115318e-6
8.03866168454286e-7
7.298166465148074e-7
1.1131101363705472e-6
6.791407419251791e-7
1.2778964564265913e-6
1.2609955861745351e-6
9.573386508100226e-7
1.3236225658161452e-6
1.141493202672074e-6
1.151734206183565e-6
9.374884906604434e-7
9.337720046583483e-7
8.83559208457137e-7
9.432740545132819e-7
1.0682933394144876e-6
1.1996599341515129e-6
1.0463236597047234e-6
9.443692817481777e-7
4.5653614072072023e-7
5.686449396958784e-7
9.9917971640413e-7
9.975858972141902e-7
8.383282775970436e-7
6.045197340574126e-7
9.816331623501717e-7
9.183377179120348e-7
7.077839264174091e-7
1.0693626896062568e-6
6.884536558581189e-7
9.833029971819513e-7
8.007955989850816e-7
1.2358389593492373e-6
6.873971180906447e-7
4.653928182576711e-7
8.872098953886531e-7
6.869505718976284e-7
7.887434918980134e-7
6.881098546181242e-7
6.660451519034556e-7
5.300330141898555e-7
7.637973241263804e-7
7.758873751242499e-7
8.961877788461692e-7
5.372716018394044e-7
6.185446390486562e-7
1.1089162709706748e-6
7.418479885905417e-7
1.1513171995085265e-6
8.284605980670982e-7
5.313952612038632e-7
1.0521158549462683e-6
7.008705413436618e-7
7.35016972387814e-7
1.045337488044053e-6
9.20464658738555e-7
8.004223380311824e-7
9.90664028220469e-7
8.023751197909117e-7
7.176998194072414e-7
1.1518682778915601e-6
9.799813393850969e-7
6.595618126208448e-7
7.151977649124175e-7
8.47681935492946e-7
5.605784564018198e-7
8.074697317820015e-7
1.0072130888599334e-6
5.855630885362997e-7
4.820976163987522e-7
9.357126867782057e-7
7.294014409219566e-7
1.0776519812900506e-6
5.508309288708251e-7
8.475254815427419e-7
7.939588312007404e-7
8.387791287613341e-7
9.278679873626702e-7
1.0747313260588434e-6
4.283764621895657e-7
9.102869705761924e-7
6.398045998942046e-7
1.0370534852157767e-6
7.678656596911498e-7
9.845438700880128e-7
9.523354615303332e-7
7.582930447904955e-7
1.1309735890752492e-6
6.023886305922365e-7
7.371030662309425e-7
5.058097726203135e-7
7.873680054460928e-7
6.93519658537759e-7
1.358773838163981e-6
8.153779209219257e-7
7.539165699184893e-7
6.427946435675326e-7
4.314812286774876e-7
1.0611481132274625e-6
7.553006575591439e-7
7.876055612001601e-7
8.682607622382626e-7
1.0967779097566417e-6
4.511403931869568e-7
7.621221391999446e-7
6.676799637730312e-7
9.595826863364105e-7
1.125040355285887e-6
8.484523507151604e-7
6.942761859525911e-7
9.047138868495122e-7
6.091303240485568e-7
8.221911641455508e-7
7.526740401299861e-7
9.69970231361034e-7
7.237323940527972e-7
8.168256815499257e-7
4.2716681044220234e-7
8.196924542687065e-7
7.019577654145003e-7
8.066378540440685e-7
6.491869481125824e-7
5.416683246995975e-7
7.359924453606263e-7
9.534165718023498e-7
5.994828693064152e-7
2.2411381643471614e-7
7.630242997871506e-7
4.960167480884056e-7
8.396054046048533e-7
9.595961008536778e-7
4.5753003258952324e-7
8.323031584121704e-7
2.931590253860261e-7
6.428905344871898e-7
6.16293590070402e-7
1.0187604380116638e-6
1.0890990950395178e-6
9.001656328560068e-7
3.8823421237348013e-7
6.572963036040652e-7
6.063555946336622e-7
6.609445393677038e-7
5.042224711121936e-7
1.035601057004005e-6
8.365977062463864e-7
8.778108455608594e-7
7.485354266546421e-7
7.55633738416885e-7
1.1434861873370909e-6
9.439293225741121e-7
1.0607574213564004e-6
8.54054381901864e-7
8.473414695492761e-7
5.835516619068134e-7
7.384591473292519e-7
5.413903712030184e-7
1.0453061102623144e-6
1.1885509122641931e-6
8.832629149948626e-7
6.680994233215587e-7
3.865858743685393e-7
1.1752588293912755e-6
1.192532402522477e-6
6.641739439961294e-7
7.50234269600439e-7
7.134480784918334e-7
4.921233545255422e-7
6.48593619585731e-7
1.0393028696195714e-6
8.549414593328997e-7
7.78162085243323e-7
5.585207116049817e-7
8.588010008472956e-7
7.173830228329377e-7
8.336116141050682e-7
5.667706039367505e-7
9.709290135255642e-7
6.127647528601908e-7
6.070867709152035e-7
6.211170367843988e-7
3.9734016035341855e-7
8.11274420002254e-7
8.398788216790013e-7
7.840020284082102e-7
7.121407744252866e-7
9.839807945499444e-7
6.612743303815538e-7
7.129811213109013e-7
1.0859913581274127e-6
5.330715629108118e-7
6.563415096139067e-7
7.436444982238737e-7
7.910111768892622e-7
9.86178132291595e-7
8.431989932751032e-7
8.163699254940592e-7
9.208504358443883e-7
1.0901728781590851e-6
8.967650636779544e-7
9.106197145508019e-7
1.1992839069444235e-6
1.122910381003668e-6
9.997163207152506e-7
8.814812203161577e-7
8.002744639560079e-7
3.855186538059118e-7
6.277830007172992e-7
9.017094468114278e-7
9.122286177263896e-7
1.2790653368150077e-6
1.073732785380691e-6
5.317342346603728e-7
5.488273362027136e-7
6.832248113652135e-7
1.196739719600598e-6
1.0458179404632718e-6
7.447022220669112e-7
6.25960890357175e-7
6.85424177076491e-7
8.107445329528953e-7
6.421764217424388e-7
8.375366214511612e-7
7.445098516119556e-7
7.39659796197753e-7
5.912106866350453e-7
1.2389205586397845e-6
1.1432331508109655e-6
5.572729988861477e-7
1.3523747896907902e-6
1.0816155674671643e-6
7.591751615987753e-7
1.0036962694552352e-6
8.834183235004348e-7
6.589856228107238e-7
1.1345227830976022e-6
1.0455685418476722e-6
6.564119858167061e-7
1.4087648520694617e-6
9.118086431524419e-7
8.990151064856296e-7
8.894171704539821e-7
6.321097601405795e-7
1.072610433300676e-6
1.2334233602594205e-6
1.0269801084798456e-6
1.1537646458407446e-6
8.40752307831946e-7
1.1555064502258532e-6
1.124920620474902e-6
1.173340423157212e-6
1.4461979146065646e-6
1.1389647797933777e-6
1.1667744117900584e-6
9.850082140284538e-7
8.876300451488255e-7
1.3193954803650032e-6
1.01079618324506e-6
1.277683866568252e-6
1.887758436138656e-6
1.2332100969700305e-6
1.5147310049506457e-6
1.1916286620981022e-6
1.4603958251476402e-6
1.243732500875226e-6
1.4295682615324153e-6
1.3230856386927782e-6
1.6603858291824608e-6
1.1549173924036941e-6
1.2050254878725383e-6
1.1249614809917052e-6
1.2072410880259116e-6
1.2151770180177272e-6
1.0068974531050118e-6
1.2784321532960693e-6
1.0878297585206222e-6
1.2026024498017692e-6
1.1599577032735975e-6
1.421712410185852e-6
1.592811022866759e-6
1.1560038663485431e-6
8.5834932901628e-7
1.2591826901656594e-6
1.2073573190231216e-6
1.2045906448233916e-6
1.2680697536677138e-6
1.2698436587545129e-6
1.662150986333646e-6
1.2827079424344875e-6
1.1845586770832517e-6
9.77706083891173e-7
1.0210793971924387e-6
1.2079128826887465e-6
1.1178569280904237e-6
1.2644754701384828e-6
1.1587960392087324e-6
1.229302040274711e-6
1.0431033734962724e-6
1.6095070323931524e-6
1.0786490659452919e-6
1.3512990335833815e-6
1.1973265089042485e-6
1.0687189682240182e-6
6.666413616055429e-7
1.0109531974690728e-6
1.4719288793489787e-6
1.0109331562079342e-6
1.0921513569089066e-6
1.4537271661036339e-6
1.2659700100214002e-6
6.526999909183639e-7
1.3515531466676451e-6
1.3479217872968116e-6
1.5563562012373038e-6
1.0197072769147938e-6
1.233786857683289e-6
1.4915250285787554e-6
1.2282770771027922e-6
9.19121200840393e-7
1.1666871186128286e-6
1.1149699678754343e-6
1.731983530041758e-6
1.2866934418733773e-6
1.4269385790355846e-6
8.584096717857223e-7
1.5081942267054415e-6
1.4095283098322644e-6
1.951696990505705e-6
2.0292153181930548e-6
1.803409322485712e-6
1.4825574230719997e-6
1.7923635715709153e-6
1.6582870204807562e-6
1.7245026236573582e-6
1.3171398293785335e-6
1.6322050617405603e-6
1.9263533820384824e-6
1.9631540938330445e-6
1.481984649013147e-6
2.1645442380709656e-6
1.6392238350932656e-6
1.8024652826121526e-6
1.565656634787891e-6
1.6746475856644418e-6
1.28703028325236e-6
1.1924409811022226e-6
8.743247936586893e-7
1.8202707448422918e-6
1.9378536269157123e-6
1.5859258534881466e-6
1.6777754523625766e-6
1.5071684873316904e-6
2.0636007119257017e-6
2.0088731140503362e-6
1.2453878993780605e-6
1.4524146754820041e-6
1.6848286570069535e-6
1.5306674848517664e-6
1.3490274025299254e-6
1.4385051972449388e-6
1.4419357805291604e-6
1.7001790488150857e-6
1.4825303609828687e-6
1.6377815586265414e-6
1.2954891101955105e-6
1.933357835132934e-6
1.857038815750832e-6
1.8318530072895664e-6
1.7481263017346883e-6
1.3815955740598184e-6
2.4690727549888363e-6
1.608502665584356e-6
1.9360053160065353e-6
1.8832231036591467e-6
2.0782510168851717e-6
1.7654179757642375e-6
1.68280489550522e-6
1.7288661608396038e-6
2.490782446080551e-6
1.728444569307294e-6
2.299593049847054e-6
1.4876474318265735e-6
1.7576340370453027e-6
1.7120739712450157e-6
2.2263970487455943e-6
1.815903825232207e-6
1.7040696003534177e-6
1.982195702551374e-6
1.8550273648219053e-6
1.8512616887458185e-6
2.3155779080014914e-6
1.7954172678128612e-6
2.3861214014946888e-6
2.1414836409891656e-6
1.889192658868244e-6
1.7991739424422308e-6
2.2413762324433676e-6
2.2515945223783535e-6
2.076407495335184e-6
2.4874729511216777e-6
2.146875330676565e-6
2.40065241998602e-6
2.069887117129641e-6
2.5514826609571466e-6
2.4207931346088905e-6
2.3013544833381985e-6
1.9516763989387954e-6
2.381948613384152e-6
2.0639212822507677e-6
2.129573303164595e-6
2.2243138043654013e-6
2.264357183869316e-6
2.8351596261501987e-6
2.2725098210946807e-6
2.667146456736621e-6
2.5647798454300607e-6
1.8404291405708625e-6
1.9088226901456467e-6
2.1598312789636874e-6
2.5260020212957475e-6
2.837910832003114e-6
2.740723267631642e-6
2.45595157938439e-6
2.205371533168725e-6
3.1890240347167834e-6
2.9306056038929722e-6
2.6626941496446444e-6
2.439608727677986e-6
3.0885019157284136e-6
3.226998249359028e-6
2.153039398581112e-6
2.7222152493237132e-6
3.0833771725811054e-6
4.046900411026202e-6
2.8352691485305006e-6
3.4551593578738176e-6
2.6992434758925226e-6
2.5150405748586763e-6
2.5918744831690517e-6
2.9190706730936454e-6
2.7493415310587105e-6
3.2582794078995424e-6
3.3069183446235087e-6
2.623657767098511e-6
3.279793098728483e-6
3.3016727738879085e-6
3.2886340000927626e-6
3.0258233196779596e-6
3.0265949086008523e-6
3.441676090498628e-6
3.689086291187838e-6
3.3183130668170724e-6
3.6817720098849547e-6
3.1165910512405974e-6
3.3658131015684934e-6
3.408657065018971e-6
3.6898557884504468e-6
3.502704989113894e-6
3.7584415243141863e-6
3.266866566367277e-6
3.3867034467892074e-6
2.958973668284161e-6
3.623714776702385e-6
3.4084542222096273e-6
3.8055647217459945e-6
3.73048434119412e-6
3.52992310705651e-6
3.4340390384270444e-6
3.8220652598391484e-6
4.250352812222713e-6
3.987471222895537e-6
4.174159349712687e-6
3.596041688919306e-6
3.938124713675584e-6
4.2752696153021815e-6
3.74385145730632e-6
4.016433866490827e-6
4.293831712060363e-6
3.8285893338848346e-6
3.536292375768132e-6
4.035932902629013e-6
4.201521259016697e-6
4.689648311949787e-6
4.25611072375681e-6
4.18736783025723e-6
4.304062508637104e-6
4.0241722058784174e-6
4.302389251163726e-6
5.170748092373861e-6
4.531388877146532e-6
4.1466804387679125e-6
3.899255963036068e-6
4.19336634977386e-6
3.874089729680228e-6
4.162570662291788e-6
5.010461064318172e-6
5.1936010882284866e-6
5.258303411726052e-6
4.6527588277818415e-6
4.709323317539781e-6
4.219709266564085e-6
5.198789592961807e-6
5.213865121319016e-6
5.255010029006579e-6
5.378823826648208e-6
5.161464975266977e-6
5.198604468100337e-6
5.2102406445407655e-6
5.4508223938878885e-6
5.407791113036501e-6
5.829957346245084e-6
4.908205240695194e-6
6.046036917253365e-6
5.448599204047009e-6
5.722535809747631e-6
5.592102045564561e-6
5.51985382977063e-6
5.4611006667943684e-6
5.470286697149792e-6
5.405487333476092e-6
5.876670033059042e-6
5.584802814184286e-6
5.969311658916584e-6
5.891022363289995e-6
6.323734498643293e-6
6.398839801651592e-6
5.951172383252091e-6
6.829158862411349e-6
6.542646064470061e-6
6.327603595863015e-6
6.032788140965184e-6
6.242621678453767e-6
6.530699840381938e-6
6.732075220000747e-6
6.87281209096344e-6
6.372064723026826e-6
7.074824964524285e-6
6.1554522567702894e-6
7.1725693783381985e-6
6.5595301125606405e-6
6.673811736618022e-6
6.970156026597783e-6
7.527223349138801e-6
8.051252333127857e-6
7.68654180843411e-6
7.356055627904903e-6
7.419315831253502e-6
7.924089603219286e-6
7.840505259353636e-6
7.904335375387063e-6
8.688886818863287e-6
7.788751049356913e-6
8.56928804963528e-6
7.996925215608237e-6
8.246686441736647e-6
8.999255296105736e-6
8.645384531235347e-6
8.855641483277974e-6
7.96815434539685e-6
8.662912409713436e-6
8.219207653405178e-6
8.615462626820332e-6
8.818286617967415e-6
8.588844596881804e-6
9.165614826760693e-6
8.827767429359238e-6
9.871536277408497e-6
9.588539519601883e-6
9.094828334850877e-6
9.586227939449699e-6
9.733873816236364e-6
0.000010065749515690448
0.000010055732402043435
9.853570687447418e-6
0.000010192620993553046
0.000010291675893101351
0.000011087569401942096
0.000010267941527581313
0.000010593979130363437
0.000011311028047425758
0.000011183711921276247
0.000010864416241389764
0.000011249608033767829
0.000010563207151279945
0.000010296020391367918
0.000011725061305468218
0.0000121408804105496
0.00001138134100592076
0.000011770225564693145
0.000012154695132330994
0.000012102439318688746
0.000011615685330937521
0.000013073702283274215
0.000013441694453582498
0.000012867984085643051
0.000012437271566072233
0.000012664710063020029
0.000012938163667363142
0.000013490650236882458
0.000012749146149396792
0.00001313235660177915
0.000013743990405415717
0.000014693894788173788
0.000013373004282311397
0.00001319215431481073
0.000013627027261932322
0.0000143363315718109
0.000014048255932783728
0.00001449802794794821
0.000015831344036839752
0.000015111099173730576
0.000015070654559976557
0.000014896239361396642
0.000015767774836270246
0.000015248136643069693
0.000016225281360398052
0.000015953886070277214
0.00001619216483038408
0.00001687385376114193
0.000016917237920728506
0.000016908308410477557
0.000017766947745907272
0.000017573849415661322
0.000016959145556762767
0.00001781942396585282
0.00001812341444881042
0.00001868982198428703
0.00001816077816292818
0.00001875542398557177
0.000020433119923432884
0.000020203294223702974
0.000019090946823086692
0.000019614277845077277
0.000020050969730952835
0.000020172890712856898
0.00002086240142603079
0.00002083744981098447
0.000021795022896550264
0.00002216384329250466
0.000022234372500865027
0.00002134834517490728
0.000022724521543042614
0.00002312315890766993
0.00002294177172575744
0.000023519633968322727
0.000023250042434566202
0.00002372112653996188
0.000023923490445727922
0.000024222003915483043
0.000024272948252089918
0.000026539954641219236
0.000025025727255032568
0.000025849415727905662
0.000026819001097371273
0.00002639871691426982
0.000026378046468591203
0.00002700260938642549
0.00002706366103891428
0.000027914754619619393
0.000029026707348835754
0.000028542232607253807
0.000029146093621729166
0.000029213380521735113
0.00003108804798718829
0.000029361397060102796
0.000030103218595347098
0.0000308426106029249
0.0000312384671921279
0.000032102625989467367
0.00003198707702274218
0.00003230057573779291
0.00003341474271393213
0.000033580545933098574
0.00003473514272993803
0.0000353161975603555
0.00003666541829723974
0.000036654407584917326
0.00003735975653589896
0.00003718193102258989
0.00003762503640846595
0.00003790042719059074
0.00003838204980736193
0.000039863426716730304
0.000038760330203601666
0.000039871595760564245
0.000041572375211276736
0.00004155444935815656
0.00004283286215841511
0.00004342455381949452
0.00004306086175879006
0.00004521505769865311
0.00004553327057232718
0.0000462492486421218
0.00004679175435018012
0.00004752140353523842
0.00004879216124792535
0.00004946013922784602
0.000049773637527128385
0.00005126654679723427
0.00005038379418514334
0.000052132656987167165
0.000053659555901079105
0.0000547730245600068
0.000054627305903601465
0.00005601515745060392
0.00005759239372226053
0.00005750081555075806
0.00005905289838363484
0.00005912507438853709
0.000060886450888967906
0.00006167658986873151
0.00006207348677215984
0.00006315201401941217
0.0000643042391629008
0.00006665351393936474
0.00006792708210155424
0.00006824611774902255
0.00007008841020407405
0.00007101623951704175
0.00007299587322104041
0.00007311928767536645
0.00007482081509834913
0.00007586959470834126
0.00007774499067304935
0.00007833841223657316
0.0000804506692217479
0.00008084899006440695
0.000083425668340754
0.00008420782999095615
0.00008694864200148498
0.00008696969851591338
0.00008976709806677712
0.00009037506859650573
0.00009264011642573795
0.00009410903853950293
0.00009542455099134371
0.00009772303899774283
0.00009880264301506762
0.00010111136917527487
0.00010311930798338469
0.00010582936670940849
0.00010762261970808484
0.00011005763461245354
0.00011227775410203518
0.00011400335948220042
0.00011657311354960139
0.00011894361355339665
0.0001215126305759045
0.00012401810708726458
0.00012614204545880739
0.0001290684914503087
0.00013125020520660664
0.00013314375887383477
0.0001365580630673399
0.00013785614786313176
0.00014124070899068598
0.0001444857021299026
0.00014748126851211752
0.0001501634239740254
0.00015346051652711626
0.00015696994571657994
0.00015989674886413954
0.00016296778851783558
0.0001678622638136658
0.0001717146949874349
0.00017529384405431966
0.00018066155209314478
0.00018441505549397454
0.00018887031785751694
0.0001919801421458095
0.0001981972566227715
0.00020194232317015534
0.00020610134309983032
0.00021020624994410017
0.00021521193973656608
0.00022107194778217104
0.00022406561970620854
0.0002285307103662913
0.00023520912064955502
0.0002409078559405657
0.00024592280559435325
0.00025146873289084396
0.0002561903274124532
0.0002619600634193728
0.0002683550363578933
0.0002754431283811906
0.0002835696167505975
0.0002899731486503136
0.0002984602122065553
0.0003061362293178927
0.00031474885272726847
0.00032330058339440825
0.00033141654123080975
0.00034113407268222346
0.0003485262545933125
0.0003590259741372512
0.0003684315656474423
0.0003769866467511228
0.00038730644607342345
0.0003979790003921597
0.00040742847395788936
0.00041767255384294656
0.0004280261072440227
0.00043881190586591494
0.00044983999627103355
0.00046303718914478823
0.00047446437383583616
0.000488396959207479
0.0005012240816369477
0.0005156960017279939
0.0005298322701893817
0.0005472674855242116
0.0005639791827311642
0.0005806963682971156
0.0005984445684383212
0.0006173170636689341
0.0006362198269302761
0.0006573729639008884
0.0006778654392936246
0.0006980502095502913
0.0007195489815914572
0.0007421816465046918
0.0007643526897293807
0.0007866091936500028
0.0008101636972420001
0.0008349824365473951
0.0008592199442402878
0.0008857592305974614
0.0009134560346665333
0.0009402693205786004
0.0009716904274026173
0.0010013903601836572
0.0010341730422013125
0.0010691975121116944
0.0011064863972795947
0.0011453443490352707
0.0011851729325680687
0.001227982521627723
0.001272546579877512
0.0013204944277225227
0.0013673007725682486
0.0014171247976194183
0.0014714379445006241
0.0015240904445217363
0.0015800586757017934
0.001637997309911565
0.0016974529790097107
0.001759743350450191
0.0018234698255027496
0.0018880295655950598
0.0019577250878331075
0.0020289081711693745
0.0021036587581916596
0.002181609359395652
0.002264278068568641
0.002350823414547657
0.0024430461052878717
0.0025414874304602367
0.002644859383204468
0.002753182056823594
0.002868621629863789
0.0029909988850088426
0.0031195328260853953
0.0032547240354322713
0.0033980698958613535
0.003546771052710664
0.00370516079130388
0.003868104076370523
0.004038502339373853
0.0042150157618708155
0.004400498757449642
0.004591602487092213
0.004794986899063473
0.005002319224698355
0.00522380407118414
0.0054494293673384075
0.005691729820916814
0.00594636401780079
0.006214008356240419
0.006497184183918461
0.006798191081088978
0.007117522459497784
0.0074555050197872555
0.007813634499300486
0.008195948835559928
0.00860021777557775
0.009028192635342555
0.009479772702189906
0.0099554603292564
0.010455832294407835
0.010979517082110233
0.011524634727370654
0.012093999168972159
0.012682829865816493
0.01329461661088832
0.013924642100361062
0.014573286573822336
0.015237950045269233
0.015924076403442598
0.01662186135573548
0.017334454600257274
0.018061962057367514
0.018797171628330007
0.019537421754739104
0.020275215485920414
0.02100204206146753
0.021699594091518903
0.022342293983442667
0.02289263396325271
0.0232910767669497
0.023446582007954186
0.023246559014582304
0.022528537433249163
0.02110054085944525
0.018740271765832615
0.015191794967128172
0.010183452206963668
0.003455708403725922
-0.005181406132560066
-0.01575051805469912
-0.02801746759905005
-0.04140950693082117
-0.055024036693009815
-0.06776891157025376
-0.07856816220568344
-0.08663165009641942
-0.09159822875188138
-0.09359955503376746
-0.09316008277858939
-0.09101279335657964
-0.0878815869398217
-0.0843122833685136
-0.08055802555106827
-0.0765970953859445
-0.07218219062482506
-0.06698043568001247
-0.06069084660751468
-0.05310619170599783
-0.044135184357835526
-0.03375865528926231
-0.02199781607973097
-0.008916695681371134
0.005350178833548575
0.020565137834429724
0.03639749470581392
0.0524929166921702
0.06854973460481072
0.08436666909067728
0.09981438233758107
0.11475377047841177
0.12892392331667304
0.14188054408664474
0.15297789079072674
0.16143038837077023
0.16644159416773582
0.167327645292865
0.16364841216554743
0.15528965002887696
0.142477207892287
0.12578173730185394
0.1060365104080446
0.08425278074594776
0.06151618352772467
0.038889760274757365
0.017358936200302124
-0.002237422008492509
-0.019238601345266126
-0.03324277665581185
-0.04411022542920031
-0.051978449154043704
-0.05717445373591337
-0.06014615754452402
-0.061367136576712326
-0.06127041491273743
-0.06022798911221322
-0.05853128160052547
-0.05641042266834611
-0.05402737993114801
-0.05150790190561875
-0.048933930341940934
-0.046368711717290956
-0.043853263964854464
-0.04141327686854366
-0.03906972613890637
-0.036829861907488166
-0.034698071134702434
-0.03268230010746044
-0.03077797284044761
-0.028983989704834335
-0.027294847981963685
-0.025707652362978936
-0.024217244275586917
-0.02282010074704125
-0.02151003384510262
-0.020281306345483613
-0.019131129240528708
-0.018051291005828436
-0.017042850489885686
-0.016093952384106863
-0.01520577881828486
-0.014374583955000297
-0.01359373342087656
-0.012864432480897352
-0.012176215257458538
-0.011534237298664159
-0.010928584148566416
-0.01036239704374824
-0.009826982951826648
-0.009325231994874998
-0.008855114451732645
-0.008409927772493593
-0.007991504269447886
-0.007598951061197416
-0.00722993622387005
-0.006879536224980547
-0.00655076461050621
-0.0062412654812637886
-0.0059466249575473385
-0.005670755360516358
-0.005408920407732902
-0.00515999118554701
-0.004925846521028045
-0.004705386639063211
-0.004496267272386142
-0.00429958803906649
-0.00411123826246561
-0.0039320437457845475
-0.0037631450300895973
-0.0036027771759518934
-0.0034507607664880906
-0.0033083971137019383
-0.0031699587291796273
-0.0030409740135788213
-0.0029173061731568063
-0.0027983397227611053
-0.0026889709796242625
-0.0025812072709634104
-0.002480207096697307
-0.002382091645780107
-0.0022908172127583293
-0.0022020127973549895
-0.0021185705980549577
-0.002040456776808877
-0.0019618478213941485
-0.0018894211065569367
-0.0018207395568464182
-0.0017550560580231495
-0.0016906312080873444
-0.001629630276282268
-0.0015731496887663595
-0.0015181987474690174
-0.0014645144049495996
-0.0014135303829873234
-0.0013641904975606807
-0.0013176823042616666
-0.0012713355871990049
-0.0012278765581278462
-0.0011884015047525082
-0.0011494883708168225
-0.0011118330122038183
-0.0010753141581480604
-0.0010398182691581607
-0.001009041826923978
-0.0009746854244505667
-0.0009441962540462394
-0.0009136712932960196
-0.0008851538739354087
-0.0008572301282913045
-0.0008307539440743212
-0.0008050036907573126
-0.000782452150822492
-0.0007575028980623355
-0.0007351946427321086
-0.00071169479511389
-0.0006921962362497232
-0.0006711986458158378
-0.0006519379624428598
-0.0006336763188029967
-0.0006156455295482911
-0.0005978972538795023
-0.0005802701923207611
-0.0005639833188624406
-0.0005485064297645603
-0.0005326785682268287
-0.0005196914517582366
-0.000504233691066968
-0.0004904297812715595
-0.0004774971387169643
-0.00046478936489335507
-0.00045242144326198847
-0.0004408192185130401
-0.0004275170142488606
-0.0004176203859900695
-0.0004065620105786383
-0.00039601949381432483
-0.0003855803565284104
-0.00037597635679512603
-0.00036634666234157214
-0.00035693597312794114
-0.0003480099446420171
