-0.000041749552387419974
-0.000040953389916126485
-0.00004355508563327223
-0.000043584656097743403
-0.000043682701210252284
-0.00004284372430599014
-0.00004430250436011619
-0.00004530905810424119
-0.00004551628356280798
-0.00004677979250077313
-0.000047971176810378186
-0.00004885775332976484
-0.00004995126703438663
-0.000050275151393202976
-0.000049481894054093504
-0.000050781115791503156
-0.00005130437884994669
-0.000052366749991196256
-0.00005390448715571909
-0.00005463026201618072
-0.00005557279382179531
-0.000054240979233939896
-0.00005635606501224271
-0.00005722624498310745
-0.00005919289592511968
-0.00005835529153695425
-0.00005938323338510361
-0.00006066648558215323
-0.00006175725313035943
-0.00006269782729927931
-0.00006257147706780042
-0.00006459095599855101
-0.00006579774430108147
-0.0000669730165361148
-0.00006766757831266741
-0.00007005365375302688
-0.00006940112741417422
-0.00007037579589246472
-0.00007253042892361993
-0.00007347142403059739
-0.00007565401707260587
-0.00007568770750145289
-0.0000777215125540672
-0.00007886750726495158
-0.00008009369342818712
-0.0000811718588774253
-0.00008302373209385091
-0.00008299386105398405
-0.00008568908568688852
-0.00008754286515227458
-0.00008706047816704414
-0.00008970005993297072
-0.00009117852258693189
-0.00009377766996614191
-0.00009496361382005872
-0.00009652125848834864
-0.00009767949723048668
-0.00009978760084956034
-0.00010187416295423971
-0.00010307479435722394
-0.000104867467706446
-0.00010583666746546695
-0.00010871418605495008
-0.00010934621644902363
-0.00011284548377710846
-0.00011407791219696423
-0.00011568845653583711
-0.00011901566304374446
-0.00012045585801698394
-0.00012312851824394612
-0.00012395986644981837
-0.00012713807238195162
-0.00012876339287351413
-0.000132155711437039
-0.0001352156212727969
-0.00013805610341519663
-0.0001402086683944052
-0.00014204474723089418
-0.00014526301805726705
-0.0001483224416334076
-0.0001506211432785014
-0.00015476881842304107
-0.00015625930051111839
-0.00015921202296686416
-0.00016352638085618664
-0.00016630089960403222
-0.0001693577902368703
-0.00017331360476425148
-0.0001767580570086124
-0.00017905121809129427
-0.00018355733649973543
-0.0001859238870404965
-0.0001913991265269573
-0.0001948839594472656
-0.0001990446957880545
-0.0002031517898159631
-0.000206811338998608
-0.00020998478954243203
-0.00021559496531529455
-0.00022059757935712524
-0.00022469407639291272
-0.00022988121371168366
-0.00023545841905816794
-0.00023978108758942768
-0.0002441769050786028
-0.0002495527694476574
-0.0002559096436864008
-0.00026159319175701187
-0.0002674648591899334
-0.0002727284517044676
-0.00027756690880215146
-0.000285646915730899
-0.00029166004065906467
-0.00029801397846316983
-0.00030536242282735656
-0.0003117109563563323
-0.00031947239192693834
-0.00032550553388205626
-0.0003355964069927247
-0.00034135377494564663
-0.0003499092976896857
-0.00035853926133780595
-0.00036669998220913727
-0.00037602882025270683
-0.0003838793463105142
-0.00039485871812353367
-0.0004032574603066906
-0.0004128791126829109
-0.00042254865046351673
-0.0004343912619814661
-0.0004451411053050961
-0.0004567396337521695
-0.00046762799375250046
-0.00047828747957689207
-0.0004922409079475437
-0.0005042120702388176
-0.0005175469761745801
-0.0005308317383622078
-0.0005445024341722916
-0.0005583138443591692
-0.0005734171246066699
-0.0005894470158934643
-0.0006044389376189236
-0.000621775846645572
-0.0006372009118630246
-0.0006545686833923359
-0.000673374903181947
-0.0006916597983292377
-0.0007118520451741096
-0.000732219980811245
-0.0007523810769564835
-0.0007727928171261412
-0.0007953229724800612
-0.0008183067861028317
-0.0008413812089971024
-0.000866238103032486
-0.0008911566923863916
-0.0009171690636147927
-0.0009446295209056207
-0.0009726288429237209
-0.0010022558704200599
-0.0010340683410069748
-0.0010640478330955295
-0.0010958805334858965
-0.0011304555401677168
-0.0011653684796962462
-0.0012012518304257047
-0.0012406341783338464
-0.001278200514332475
-0.0013194738405291285
-0.0013614562058271021
-0.0014058044838268094
-0.0014521925159239784
-0.0014987767348984605
-0.0015501190307005866
-0.001600595625337896
-0.001653582581294556
-0.0017092615870824936
-0.0017672275075667461
-0.0018266456331191986
-0.0018886188101868658
-0.001956312557598512
-0.0020223148678589283
-0.0020934271298468895
-0.0021679156626986094
-0.0022434497632210885
-0.0023235250875780875
-0.0024065980400854747
-0.0024941136952590427
-0.0025840345918611983
-0.0026790147324564787
-0.00277722604757768
-0.0028791075935691943
-0.0029869951516507884
-0.003097733867187886
-0.0032150472975053237
-0.003336080664486671
-0.003462683179724575
-0.003594599337590869
-0.0037330105115305524
-0.0038763244699010053
-0.004025867218329018
-0.004182599021115045
-0.004344610538799898
-0.00451574609674832
-0.004692090652199836
-0.004877149558922385
-0.00506919367672635
-0.005268236941318012
-0.005477326465990313
-0.005692972066991385
-0.005920446185920438
-0.006153620016348779
-0.006396059385281381
-0.006648396720775904
-0.006908973625144806
-0.007179381631188321
-0.007458496026685035
-0.007747248856131459
-0.008043092470989095
-0.008348632982708609
-0.008660348672522866
-0.008982211960916663
-0.00930741328713197
-0.009637616057436401
-0.009971544775961466
-0.010307890631764963
-0.010644277346353957
-0.010978308962506894
-0.011305757803802264
-0.011624136171697956
-0.011929004892070818
-0.012216805895819726
-0.012478631992706308
-0.012712154135314842
-0.012905848863394336
-0.013054086258315074
-0.013143973841431294
-0.013165026924739965
-0.013105157506198919
-0.01295120304673765
-0.012686243169558076
-0.012294328939507451
-0.011755424140574877
-0.011051748112538295
-0.01016279628436391
-0.00906885925259952
-0.007749423487981285
-0.0061871700642483485
-0.004364021250498723
-0.0022694629819591857
0.00010410987641611952
0.002757626326762623
0.005684276989333619
0.00886656199233867
0.01227784015399423
0.015879579087904317
0.019619638770640494
0.02343976645630784
0.027267725181856488
0.031024658759763735
0.034627793441396416
0.03799095983416793
0.04102922941923465
0.04366128901087131
0.04581561653434674
0.04742845291110099
0.04845173083087731
0.04885002005500152
0.048605692906912586
0.04770997839911857
0.04617846421524454
0.04403212828623705
0.04130813273116711
0.03805140098229621
0.034316189664066854
0.030159884302471997
0.025643090111847455
0.020829570332912786
0.01577862444951372
0.0105491238972809
0.005195966704268729
-0.00023423830910468524
-0.005696580065615172
-0.01115830961581556
-0.016592224278805474
-0.02197190768951891
-0.027286130769293454
-0.032523963146978786
-0.037676437834534414
-0.04274388910771429
-0.04771789197616919
-0.052597932515449385
-0.05737376687894748
-0.06203475460161792
-0.06656667258260571
-0.07094795711313119
-0.07515169791423329
-0.07915284291630532
-0.08291265959704625
-0.08640022056644121
-0.08957665747005066
-0.09240435764151987
-0.09484548864433992
-0.09686283724879349
-0.09842007098069329
-0.09948040521682841
-0.10000772106733329
-0.09996618063249252
-0.09932078919497273
-0.0980401053931958
-0.09609415355978729
-0.09345234498129755
-0.09009686395155737
-0.08600993298559048
-0.081186590098626
-0.07562971620743528
-0.06935205866757249
-0.062373518829071654
-0.05473096162769444
-0.046469234007437445
-0.037635837819987375
-0.028294775077535778
-0.018510453058904638
-0.008356323180238124
0.002096061611977293
0.012765932729058448
0.023576428467127132
0.03444251592691414
0.04528396729202694
0.05601654949976888
0.0665579468232358
0.07682295896656524
0.08673060982694511
0.0961973033123248
0.10514636343761313
0.11350419725995288
0.12120147809881819
0.12817490147825533
0.13436937531937257
0.13973753363710772
0.14423797483392306
0.14784136571416526
0.15051883984811304
0.15225575574744432
0.15303598049427225
0.15285327751523203
0.15170441534832396
0.14959122492666194
0.14652232986235753
0.14250678600588731
0.13756397077053203
0.13171799100439183
0.12500301569609062
0.1174577107304422
0.10912955224870952
0.10007480911181206
0.09035523700395774
0.08004124344755795
0.06920564887855794
0.05792871379712057
0.04629093338535814
0.034375425991692146
0.022266475288760426
0.010049336108078406
-0.0021918176790764934
-0.01436829018025471
-0.02639779206394659
-0.038194241770233735
-0.049671360775884646
-0.06075043697948397
-0.07134530668209133
-0.08138216999495057
-0.09078469528833201
-0.0994857997962122
-0.10742279516191831
-0.11454373491968868
-0.12079809886211239
-0.12615036261245638
-0.13056718617471735
-0.13402542702025935
-0.1365068576702078
-0.13800064045047034
-0.13850160337754883
-0.13800465109939808
-0.1365150009432235
-0.1340403777959635
-0.13059327331583775
-0.1261918729975697
-0.12086374804940977
-0.11464117000044985
-0.10756477961355775
-0.09968294596182702
-0.09105157776035516
-0.08173774413734201
-0.07180512664100255
-0.06133373654671102
-0.05039949585859072
-0.03908723177673784
-0.027477800248009575
-0.015659564013970693
-0.0037159670022705303
0.008265652587691288
0.020199306292269615
0.031999736548311286
0.04358043260748768
0.05485685301180328
0.06574475733752577
0.07616201434244839
0.08603336948577171
0.09527942059348923
0.1038339200334006
0.11163632011860694
0.11862818829251197
0.12476488114291827
0.1300052377483973
0.13431713042472102
0.13767757720548748
0.14006662887009635
0.14147423136696569
0.1418935288304483
0.14132012205298403
0.1397579237734555
0.13721393832967022
0.13370127500965368
0.1292384659575059
0.12385095054694993
0.11757187700529372
0.11044003122870094
0.10250411550578399
0.09382150119616604
0.08445244505932509
0.07446998261706356
0.06394541465550424
0.05295897725067008
0.041593332909415776
0.029931841212338575
0.01805850022111786
0.00606005140858133
-0.005978372376188867
-0.0179689984581871
-0.029827252980904665
-0.04146852561296864
-0.052805662335207205
-0.06375582382314747
-0.07423817388811475
-0.08417225921023712
-0.09348589269597267
-0.10210923515550814
-0.10997882913167353
-0.11704016360681678
-0.12324516248535007
-0.1285540923191326
-0.13293608150825484
-0.13636497589812102
-0.13882342589189803
-0.1402990787484143
-0.14078352021644394
-0.14027580934949146
-0.13877836369813668
-0.13629879191523778
-0.13284844732494547
-0.12844605345921176
-0.1231179288474259
-0.11689476755672168
-0.10981627087485729
-0.1019327402131251
-0.09329812004165022
-0.08397550814157845
-0.0740340652060112
-0.06354921426741093
-0.052598003241084004
-0.041262554709970874
-0.02962911068160304
-0.017779887749833197
-0.0058020362483963564
0.006218914748481407
0.018197763642328196
0.030047370393475503
0.04168194840620628
0.05301737879507409
0.06396920279441344
0.07445739108292723
0.08439911074065981
0.09372440091616777
0.10236081298783122
0.11024667012673878
0.1173282728371857
0.12355371556795536
0.12888482823341954
0.13329043236973442
0.13674353878686935
0.13922857434273167
0.1407292718854452
0.1412414601392455
0.14076081465570767
0.139290546812673
0.1368375620297108
0.1334128543853447
0.12903807990634925
0.12373369328285959
0.11753490587575571
0.11048004293084734
0.10261712420336261
0.09400108994239174
0.08469577150552902
0.07476851049092736
0.06429401299076098
0.05335221422738793
0.0420239355675325
0.03039308956349174
0.01854293199503793
0.006561518732071196
-0.005465783765852927
-0.01745288437916088
-0.029314654649379764
-0.040964058314189054
-0.05231784159861971
-0.06329158654234779
-0.0738022411944058
-0.08377170598264279
-0.09312546841502302
-0.10179440192845075
-0.10971359419826777
-0.11682872271255342
-0.12309212941250168
-0.12846279173522482
-0.1329073071686381
-0.13640007152649777
-0.13892459237817276
-0.1404666984003256
-0.1410187547484987
-0.14057989106827876
-0.1391492203057922
-0.13673625571241063
-0.13335229288951952
-0.12901462829297122
-0.12374913757644594
-0.11758546807556365
-0.1105647217409804
-0.10273365437906869
-0.09414839607776578
-0.08487018681587252
-0.07496758594979817
-0.06451547292515868
-0.05359204108611812
-0.042279717258414826
-0.030660396643633573
-0.018821044809160338
-0.00684564987430965
0.00517822659086819
0.017166642764565865
0.029031419175199278
0.04068887816979089
0.052052690032443685
0.06303873713253232
0.07356580399200971
0.08355494497723004
0.09292977473817136
0.10162305853382998
0.10956954142518131
0.11671367901050377
0.12300705311995291
0.12840804666421682
0.13288583378919114
0.136413097762874
0.1389715710916787
0.14054874481228047
0.14113615612272892
0.14073056466253353
0.1393353245225459
0.13695683061451852
0.13360682218013764
0.1293025633925067
0.12406862684876623
0.11793585901189894
0.11094524436199706
0.10314137507560027
0.09458102399655832
0.08532574098826809
0.07544440670838605
0.06500996076628053
0.054101194848529925
0.04279975343290545
0.031189617171520117
0.019354651111654735
0.00738193170270848
-0.004644029133660804
-0.016635772515409052
-0.028508053974110933
-0.04017583780485217
-0.05155329898883824
-0.06255674850554631
-0.07310254655609236
-0.08311427719028512
-0.09251493150290084
-0.10123475622985244
-0.10921097418631065
-0.11638705662131835
-0.12271340474755621
-0.12815029377009293
-0.13266282171342303
-0.13622697884996893
-0.13882251574333956
-0.1404364867604597
-0.14106159660613002
-0.1406947366653346
-0.1393369701764305
-0.13699566116550832
-0.13368155055726988
-0.12941350296164025
-0.12421359938477686
-0.11811528749636968
-0.11115607317976448
-0.10338254228141978
-0.0948504280228263
-0.0856200589918957
-0.07576042637927925
-0.06534574212500949
-0.05445442781376335
-0.04316659448228583
-0.031567600007674515
-0.019740059701844132
-0.0077718590097150585
0.004253298501669716
0.016246568267454405
0.0281246861699543
0.03980046483355819
0.051189974666250575
0.062207401832835504
0.07277191706551865
0.08280326980137846
0.09222734476380659
0.10097342681852894
0.10897794289249652
0.11618370995321553
0.12254182500939376
0.1280113260800103
0.13255832717264296
0.13615808635839935
0.13878838781460845
0.1404384701561317
0.14109963909684478
0.14076893482900582
0.13944720768484414
0.13714204039185543
0.13386322884015245
0.12962978579286225
0.12446321147425965
0.11839665899424204
0.11146847741088647
0.10372391577789246
0.09521775192611244
0.0860114789824429
0.07617388041083473
0.06577835148095043
0.05490224360200301
0.04362734172158149
0.032037605910356586
0.02021693388554732
0.008251663379907993
-0.003772685440458008
-0.01576958536391987
-0.027654078489220354
-0.03933906259371759
-0.05074040266677579
-0.061773687739342206
-0.07235726013892925
-0.08241003926832555
-0.0918582719251563
-0.1006306793253834
-0.10866377704861455
-0.1159006316010162
-0.12229158925193505
-0.12779452034215966
-0.13237690423035575
-0.13601146699779615
-0.1386791587277903
-0.14036626917783038
-0.14106423719682987
-0.14077038809276604
-0.13948557103022177
-0.1372166631307328
-0.13397393381248407
-0.12977564065040675
-0.12464373607834968
-0.11861052533620435
-0.11171247426822288
-0.10399836036170415
-0.09551930349710741
-0.08633827061325437
-0.0765234073518346
-0.06614747710098993
-0.055287644011052836
-0.04402650827300018
-0.032446876183062745
-0.02063374511841308
-0.008672274106646706
0.0033510056364908494
0.015350813606730726
0.02724020553391137
0.03893387539068737
0.050347040645861346
0.06139487761315976
0.07199601876742223
0.08207014723722995
0.09154145334343755
0.1003405440171545
0.10840189521766402
0.11566867807422651
0.1220917428703304
0.12762837732446086
0.13224461288908676
0.1359146409756473
0.13861788154028587
0.14034133626006973
0.1410761949568975
0.1408183661947405
0.13957056771424367
0.13733778888103612
0.1341307016767359
0.12996694580993703
0.12486900063223075
0.11886817286854526
0.11200212845925146
0.10431643442725631
0.0958645781203705
0.08670852135241303
0.07691512246227526
0.06655792135896842
0.05571499953615432
0.044467218522443175
0.03289780559200178
0.02109170506631099
0.0091338760807296
-0.00288899904929388
-0.014891040176646874
-0.02678578601584887
-0.03848926282500186
-0.04991443255378871
-0.06097752926089373
-0.07159598706863551
-0.08169148139803509
-0.09118648057764657
-0.1000117904081938
-0.10810164672710276
-0.11539921854755121
-0.12185389203409615
-0.12742411801428197
-0.132075553472399
-0.13578125061307939
-0.13852112663753616
-0.14028080808918938
-0.14105204358080536
-0.14083166304876457
-0.13962025756739938
-0.13742371924610078
-0.13425249275779014
-0.13012418483796878
-0.12506076461483562
-0.11909285223877882
-0.11225788499785527
-0.1046017956998927
-0.09617715232524769
-0.08704635551892874
-0.07727540214970924
-0.06693840480058202
-0.056111578536066534
-0.04487743343137868
-0.03331839541859271
-0.021519158368773408
-0.009566253851097915
0.0024553081296825917
0.014459594300888374
0.02636035670560107
0.0380720623616012
0.049508468254812074
0.06058696937760995
0.07122347215828628
0.08133970362695513
0.09085797445749881
0.09970900032431354
0.10782740404580048
0.11515443841305527
0.12164108407126338
0.1272447775814946
0.13193043625467873
0.1356720008087833
0.13844720055958193
0.14024370008923617
0.14105159235789377
0.14086772573345788
0.13969320093096635
0.13753294339857855
0.13439762381877995
0.1303036867435004
0.12527478114292223
0.11933980447660206
0.11253570690025544
0.10490875641214062
0.09651228016627411
0.08740624405300847
0.07765807100096166
0.06733964349076851
0.05653012037902806
0.04530960111838562
0.03376062718354505
0.021968812250486358
0.010020095874599629
-0.0020008865323317944
-0.014007261104728209
-0.025913676188095185
-0.037633334299927594
-0.04908216792532909
-0.060175055554954116
-0.0708297646844191
-0.08096582026896765
-0.09050844758190643
-0.09938510805765938
-0.1075317800099112
-0.11488955492350096
-0.12140828644688133
-0.12704533908539112
-0.13176551283679047
-0.13554185273096878
-0.13835379270437803
-0.14018641852724878
-0.14103164182288908
-0.14088466806105554
-0.13974658300592696
-0.1376224404240619
-0.13452326876240156
-0.13046468878631695
-0.12546949926877782
-0.1195672196984308
-0.11279511015457497
-0.10519828933151804
-0.09682904353245408
-0.08774758864383785
-0.07802181423373357
-0.06772402018313486
-0.0569309301614855
-0.04572390684969892
-0.03418614104494752
-0.022401901085298687
-0.010457270137903313
0.0015623326805560334
0.013571255621332141
0.0254825293301315
0.0372106291368954
0.04867096255508741
0.059778782091523396
0.07045100730771257
0.08060786650004284
0.09017296267277501
0.09907612993983349
0.10725048352922285
0.11463852185011456
0.12118908922157767
0.12685945965484235
0.13161403102140137
0.13542585371529667
0.1382737461436288
0.14014277275093168
0.14102476865449254
0.1409141734462752
0.13981255108616483
0.13772474791974756
0.13466168377392942
0.13063805618603874
0.12567716963510706
0.11980758415156452
0.11306698097632303
0.10549956868097204
0.0971582475762876
0.08810239721893036
0.07839896868598221
0.06812068033741277
0.05734435579454165
0.04615126223073995
0.03462409943472799
0.022847775877908896
0.010907349093754288
-0.0011111527078759783
-0.013121629998079807
-0.025038054520054462
-0.0367749288977671
-0.048246595784963
-0.05936849396138834
-0.07005859119379426
-0.08023626544177291
-0.08982484339897828
-0.09875313691829926
-0.10695546496229309
-0.11437367917864398
-0.12095633090965377
-0.12666008005827945
-0.13144916688034314
-0.13529639915508565
-0.13818010951500678
-0.14008589788778172
-0.1410039025283232
-0.14093039243826375
-0.13986562383674866
-0.13781461686641408
-0.1347867087858934
-0.13079858840494885
-0.12587195723588424
-0.12003583867655251
-0.11332664889454937
-0.10578870571523534
-0.09747505324945259
-0.08844434660716109
-0.07876386423034627
-0.06850569066834866
-0.05774639265038543
-0.046567399768594496
-0.0350510609732924
-0.023282362576233753
-0.011346725250061336
0.0006704674787294669
0.012682954562747392
0.024604434756829583
0.03634964252633658
0.047832364893571316
0.0589686301117372
0.0696760820938205
0.07987403108844018
0.08948595461787456
0.0984399523989631
0.10667023477967232
0.11411847938788523
0.12073279188887914
0.12646965894786064
0.1312933068581963
0.13517558164140916
0.1380953996472772
0.14003729931363462
0.1409925110835481
0.14095551770829193
0.1399273505291613
0.13791252637448495
0.13492086512544507
0.13096769551072074
0.12607547673146752
0.12027240550449708
0.11359470415341351
0.10608681790329783
0.09780033781445602
0.08879519438458446
0.07913735689993057
0.06889939708683604
0.058157440970005025
0.04699243690653765
0.03548703672954634
0.023726130606560588
0.011795053345545578
-0.0002206612504387795
-0.012234750483302892
-0.024161166950926814
-0.03591445488451493
-0.04740858714591184
-0.05855914840017772
-0.06928389406553141
-0.07950222139993963
-0.08913692427466942
-0.09811653890038556
-0.1063749841057885
-0.11385305902309764
-0.12049904067505421
-0.12626930605050246
-0.13112713871932838
-0.13504485307087943
-0.13800055186915108
-0.13997909455174684
-0.14097079096754025
-0.14097053524803668
-0.1399788774448184
-0.13800042458598533
-0.13504465102819238
-0.1311271004964935
-0.12626915003139752
-0.12049910977581173
-0.11385298349219951
-0.10637485511103924
-0.09811660173807786
-0.08913692096295234
-0.07950219009737834
-0.06928402762653982
-0.05855917906189816
-0.04740856647009366
-0.03591426823240954
-0.024161330051221033
-0.012234928779192002
-0.00022099614236848763
0.011794867333143099
0.023726108415988188
0.035487234487063535
0.04699206156613498
0.05815701633609428
0.06889917607538253
0.07913750132533783
0.08879508979441797
0.09780039315311542
0.1060867289345831
0.11359481626711058
0.1202720419812115
0.12607531894720125
0.13096771788416267
0.13492081825338195
0.13791216347062343
0.13992741381418913
0.14095558604284963
0.14099217045801918
0.1400371164053468
0.13809503243465787
0.13517553137956756
0.13129309514939588
0.12646943225458943
0.12073253531850897
0.11411830011203315
0.10667012781998668
0.09843971968707821
0.08948564788292253
0.0798736725780079
0.06967592273855391
0.05896865110581055
0.04783173966799629
0.03634878483768173
0.024603976496006416
0.012682387783286215
0.0006704500066982863
-0.01134693543236008
-0.023282420505724336
-0.03505155417747863
-0.04656781171809236
-0.05774681636301707
-0.0685060928301719
-0.07876442223863339
-0.08844498836352856
-0.09747539565533624
-0.10578961677686204
-0.1133270198892289
-0.12003613365286793
-0.12587257381909153
-0.13079893311544977
-0.13478750991376556
-0.13781493825558272
-0.13986629333397024
-0.14093112002578848
-0.14100475692923492
-0.14008624200270803
-0.13818090039992095
-0.13529685549948756
-0.13144971039211603
-0.126660696886198
-0.12095707922046077
-0.114374299918302
-0.10695621863640878
-0.09875380102306355
-0.0898252399121119
-0.08023655436597808
-0.0700590859148622
-0.059369492898871085
-0.04824700305425379
-0.036775561227146036
-0.02503890894343203
-0.013122243085268577
-0.0011118309412973368
0.010906919837983139
0.022847134511016033
0.03462334508034825
0.04615084262919336
0.0573439379338855
0.06811985233933734
0.07839837226041746
0.08810155943874419
0.09715717004147197
0.10549905388888434
0.11306666092428606
0.11980724949533146
0.1256765599853744
0.13063757326655936
0.13466083652027092
0.1377241843588007
0.13981172794698865
0.14091354054398575
0.14102362286181047
0.14014216202268068
0.1382728280542851
0.13542516607805372
0.13161366532119043
0.12685885051680942
0.12118826227439738
0.11463778573383318
0.1072495220553695
0.09907498242305361
0.09017244996761878
0.08060681411858273
0.07045027390362191
0.059777960886141714
0.04867034292448916
0.03721023137734003
0.02548165356657582
0.013570218801837524
0.001561439583706895
-0.010458078379874806
-0.022402821407900474
-0.034186836341797734
-0.04572481771104238
-0.056931768228673886
-0.06772504996826419
-0.0780227705393131
-0.08774862307395702
-0.09682987524520029
-0.10519908189271723
-0.11279622923638521
-0.11956864918469304
-0.1254708270947038
-0.13046575458786042
-0.13452392179789063
-0.13762358568502328
-0.1397471924332164
-0.14088574486714806
-0.14103281154325364
-0.1401881404915115
-0.1383549012321492
-0.1355433032404589
-0.13176719738152465
-0.12704682256854505
-0.12140970900174282
-0.11489102145415878
-0.10753278604273109
-0.09938631495105589
-0.09050970373144389
-0.08096730536084279
-0.07083118662506252
-0.06017598127049604
-0.04908360276758485
-0.0376348377499389
-0.025915038410989
-0.014008652106397769
-0.0020020651905965875
0.01001860822529836
0.02196798221843634
0.03375938404528565
0.04530805510041498
0.05652859686202972
0.0673384838025096
0.07765633663273544
0.0874046871425054
0.09651062174509058
0.1049076912145811
0.11253420645057499
0.11933781658486807
0.12527297202402102
0.13030259747594006
0.1343961378094775
0.1375313112516726
0.1396911987911217
0.14086638356133413
0.1410503121055858
0.1402421239870277
0.13844610060486892
0.1356701623145146
0.1319294135044067
0.12724328398333254
0.12164001416398557
0.11515289748047158
0.10782533015387538
0.0997069425046694
0.09085618432315296
0.08133780684132735
0.07122171708459292
0.060584965260170216
0.049507118968173086
0.03806991080384844
0.026358512638238008
0.014458096527115438
0.002453782174065783
-0.00956840528518835
-0.02152170928860934
-0.033320408197106154
-0.0448795375378452
-0.05611387469126605
-0.06694051885179841
-0.07727780784823678
-0.08704835641988802
-0.09617954227399575
-0.1046038149672624
-0.1122599859472098
-0.1190949899735432
-0.12506316737371528
-0.13012630308569068
-0.13425510675970717
-0.13742594129843702
-0.13962250061434311
-0.14083426965951373
-0.14105492727442598
-0.14028293271179926
-0.13852354149211013
-0.13578383868356958
-0.13207810331580147
-0.1274270727636679
-0.12185639847577291
-0.11540188956092261
-0.10810466217788692
-0.10001462575547798
-0.0911895392734598
-0.08169428926087033
-0.0715994035964444
-0.06098042433199691
-0.0499172013006876
-0.038492196870339924
-0.0267893847890644
-0.014893989754793063
-0.0028915611834659364
0.00913094577819474
0.021088376379728085
0.032894668507942
0.04446425300048577
0.055712153746611565
0.06655497456914633
0.07691190380722168
0.08670501690445072
0.09586153674174157
0.10431245345163098
0.11199859279089297
0.11886482973205546
0.12486582108347488
0.12996348364780017
0.13412734510036695
0.1373341808505564
0.139567021769912
0.14081516006805483
0.1410726786106364
0.1403375196748632
0.13861452163634463
0.13591094292824613
0.1322406889763064
0.12762413509175963
0.1220873360964039
0.1156644182732445
0.10839791779765746
0.100336178457882
0.09153737432672086
0.08206601875028015
0.07199185502732948
0.061390963421455697
0.05034278423705777
0.03892929801148345
0.027235760798112855
0.015345858393969316
0.0033463051668244
-0.008677035076558154
-0.020638537849730677
-0.03245145397607593
-0.04403109406634021
-0.055292698817682805
-0.0661519546283274
-0.07652834447941886
-0.08634393854063563
-0.09552465028552298
-0.10400343619092314
-0.11171822347834509
-0.11861560651532035
-0.12464954643780703
-0.12978104098622742
-0.1339794763041891
-0.13722197384651927
-0.139491441488289
-0.1407758867438108
-0.14106954653694803
-0.1403717540889689
-0.13868493476846105
-0.13601706940659447
-0.13238302687101897
-0.12780081803885088
-0.12229754307563627
-0.11590699101989342
-0.10867034692035979
-0.1006370267929185
-0.09186412874111584
-0.08241608811243899
-0.0723630739168605
-0.061780437305060235
-0.05074760058310965
-0.03934607297530346
-0.027660493576104048
-0.015776882369556645
-0.003779734049762485
0.008244470104163935
0.020209802914115695
0.032030296720439416
0.0436201708339292
0.054895007540820544
0.06577065091585295
0.07616642324745886
0.08600366239859975
0.09520982157047891
0.10371559179605658
0.11146026897036235
0.11838877628604223
0.12445534972735356
0.12962083806783062
0.1338550864078067
0.13713316553325838
0.13943888028742168
0.14076038278616
0.14109103054133748
0.14042972871219947
0.13877940629162902
0.13614890972369711
0.1325491904714334
0.128001851259782
0.12253256806660519
0.11617444495386589
0.10896799212936795
0.10096362739151776
0.09221770452069515
0.08279307197186385
0.07276125930894907
0.062197034427353054
0.05117919468625331
0.03979008535095204
0.028114363401292322
0.016235994483244108
0.004241611271344866
-0.007782542417278353
-0.01975167600703105
-0.03157894479766957
-0.043178460507191804
-0.054466457370701125
-0.06535851979910359
-0.07577294826310593
-0.0856325246470318
-0.0948629788887171
-0.10339619579854169
-0.11116869976679951
-0.1181280271202772
-0.12422749917000388
-0.12942704335574695
-0.13369560979301734
-0.13701001664311457
-0.13935137719750829
-0.14070893520305916
-0.14107630823998413
-0.1404519930796792
-0.13883806578239988
-0.13624290952637122
-0.13267890476796107
-0.12816637961379185
-0.12272992290680977
-0.11640360480484374
-0.10922782037900418
-0.10125198751164606
-0.09253178372216919
-0.08313133388018433
-0.07312080458913012
-0.06257396640274124
-0.05157186884143306
-0.04019430120704746
-0.02852698459517038
-0.016654617569074732
-0.004663728040158333
0.007361791033026954
0.019334943870806018
0.03116892091771519
0.04277834482024078
0.05408002997240568
0.06498843798749697
0.07542235560024373
0.08530405549387972
0.09455905816544248
0.1031192558501081
0.11092196133086454
0.1179128844264977
0.12404438397193203
0.1292777046253854
0.13358207591465193
0.13693255762969092
0.1393105814782571
0.1407048460561409
0.14110932898430076
0.14052148232616096
0.1389450056399593
0.1363856092788627
0.13285826008664797
0.1283805088369569
0.12297817649721468
0.11668427630071022
0.10954013540351347
0.10159248480638641
0.09289926890566018
0.08352321681111755
0.07353413212446043
0.06300636054004871
0.05201930577468993
0.040655243685755724
0.02899830739549939
0.017132001576257466
0.005143569326416324
-0.006881914092948366
-0.01885757007394797
-0.030697787692914088
-0.042316776447979015
-0.05363039846582413
-0.06455473290826409
-0.07500703418143276
-0.08491007485588585
-0.09418939456955819
-0.10277553052479568
-0.11060737653220683
-0.11762882436466572
-0.12379241219492211
-0.12905955807689937
-0.13339848594710182
-0.1367828769615288
-0.13919714454587914
-0.14062813976474609
-0.14106813513212912
-0.14051680731082677
-0.1389763041066526
-0.1364528671299511
-0.13295997168394943
-0.12851589284198933
-0.12314764176805026
-0.1168853896975773
-0.10977114883849597
-0.10185208208991917
-0.09318438005206552
-0.08383187564583926
-0.07386327682095202
-0.06335453328225424
-0.05238229497525927
-0.04103006303231627
-0.029381538828372758
-0.017520352995063746
-0.0055344362084900345
0.006491251947433497
0.018471466891804362
0.030319245984235278
0.04194872724068369
0.053276080917118586
0.0642167253036131
0.07468897977493799
0.08461479644613022
0.0939186957843261
0.10253264623315586
0.11039385630426725
0.11744739242586594
0.12364458498123318
0.1289463870688495
0.13332009059867006
0.13674212379830525
0.13919277336742858
0.14066129084896062
0.14113972877564557
0.14062606592632482
0.1391220629419165
0.13663574771950715
0.13318015371900338
0.1287722257432688
0.12343776106339763
0.11720993670787799
0.11012706502857554
0.10223762131353684
0.09359850582033057
0.08427066051884433
0.07432554202556965
0.06383534086941739
0.05288090462398879
0.041542016417780665
0.02990356526952373
0.0180504588887083
0.006069636273840646
-0.0059554709797199614
-0.017936723101920068
-0.029790080848477122
-0.04142807995755491
-0.052766758296938436
-0.06372172822072308
-0.07421124727534714
-0.08415713590428422
-0.09348405348546114
-0.10212359005962549
-0.11001185413774178
-0.11709352363631532
-0.12332194993466841
-0.12865644274434818
-0.13306299742596964
-0.13651848848798853
-0.13900381270820578
-0.1405077522439
-0.14102105126173103
-0.14054199881167578
-0.13907318209812272
-0.1366213373419264
-0.13319816993864644
-0.1288244262040474
-0.12352104908276555
-0.11732343621626046
-0.11026958459061346
-0.10240751739221284
-0.09379233042806649
-0.08448660224685914
-0.07456002153156982
-0.06408696284307598
-0.05314521301493657
-0.04181699667466528
-0.03018619638669165
-0.0183366811216697
-0.006355834793811482
0.005671162217131681
0.017658933614339095
0.02952088050062452
0.04117174939108006
0.05252555299765907
0.06349871608011512
0.07401022102952658
0.08398064112479939
0.09333491425462283
0.10200392153640277
0.10992504857980376
0.11704156401220576
0.12330542336733159
0.12867641797805715
0.1331217795832595
0.13661708771344394
0.13914307633606587
0.14068607751331597
0.141240000030442
0.14080159428082248
0.1393731590783872
0.1369617124440011
0.1335792182624972
0.12924396812364575
0.12397911291924779
0.11781886542426906
0.11079992272167635
0.10297137573785545
0.09438836801884246
0.08511216090027411
0.07521304520804839
0.064763705132413
0.05384290011891076
0.04253376267902472
0.030917858124673975
0.019079986114617187
0.007109614771969265
-0.004911963989935431
-0.016896795199573333
-0.028756995244934497
-0.04041069798092848
-0.05177067043992529
-0.06275269363268457
-0.07327534940328853
-0.08325925452002578
-0.09263062544625189
-0.10131864879848931
-0.10926040319533374
-0.11639943644342413
-0.12268696195521302
-0.12808378424381497
-0.13255520468118992
-0.13607727305256703
-0.1386283092380589
-0.14019971963032307
-0.1407799276424545
-0.14036845688217173
-0.1389672517956243
-0.13658115388343794
-0.13322285784526408
-0.1289120541744383
-0.1236702225308642
-0.11752954180597831
-0.11053000574971414
-0.10271900731291939
-0.09414943717176019
-0.08488560524378605
-0.07499376011281034
-0.06454925431206719
-0.05363174012585305
-0.04231922047721367
-0.030697852755468248
-0.01885291545906024
-0.00686919044566992
0.005169416637788643
0.017172463244340005
0.029058367207645555
0.04073772207652885
0.05212872756262413
0.06314689054549573
0.07370737803231653
0.08373304387766012
0.0931503142956176
0.10188608986298239
0.10987851363224733
0.11707250266668084
0.12341646317872797
0.12887052459585324
0.1334029213633622
0.13698659723883055
0.13960304931625458
0.14123728298421326
0.14188423726847593
0.1415398543069846
0.1402052070828881
0.13788818153568083
0.13459830460575029
0.1303575751007203
0.1251847974794414
0.11911304885570405
0.11218245810097845
0.10443864400226614
0.09593766605458041
0.08673904825967893
0.07691393945708093
0.06653312540302395
0.05567690544082011
0.04442723254076244
0.0328651914871531
0.021079227083377262
0.009152393252475204
-0.0028282240976001956
-0.014778049755697653
-0.02660892655547576
-0.03823572241770008
-0.04957422454866012
-0.06053795371040619
-0.07104743874086976
-0.08102015214740067
-0.09038459831201458
-0.09906823850602937
-0.10700807162801355
-0.1141464398153406
-0.12043328380979548
-0.12582924232325696
-0.13029976349339514
-0.13381769993006856
-0.13636448941788826
-0.13792841987246385
-0.13849872160497742
-0.1380724099596351
-0.13665238086386067
-0.1342421087778074
-0.13085674240798645
-0.12650866629243457
-0.12122656651454955
-0.11503770734935392
-0.10797915449312319
-0.10010069308876185
-0.09145501799717647
-0.08210108826572014
-0.07210992544614109
-0.06155214406136453
-0.0505077721007651
-0.039055827911029774
-0.02728028794234394
-0.015265842052440408
-0.003095731491230093
0.009141984898732077
0.021364023452728156
0.0334836088947877
0.04541704647122469
0.05707836445559028
0.06838500804232504
0.07925594564860577
0.08961027502911864
0.09937612781477465
0.10848212693928781
0.11686690914068999
0.12447175348864331
0.13124932672752512
0.13716084170159867
0.14217209658895621
0.14625668942120237
0.14939770580719716
0.15158140963317585
0.152800993682893
0.15305475773469812
0.15234606805722434
0.1506808301393165
0.14807116128379205
0.1445365619100043
0.14010034497818838
0.13479575845977082
0.12866137015007487
0.12174355012443658
0.11409879322315294
0.10578863853019646
0.09687928467775019
0.08744774446325408
0.0775706462860267
0.06732872388933188
0.056804480308902706
0.04608286941530583
0.035246808289121176
0.024379796935660364
0.013563640597331289
0.0028802169951661267
-0.007590442646791391
-0.017772061090211004
-0.027584564582930394
-0.03696044646049366
-0.045832883288835106
-0.054140492964774835
-0.061829506958784516
-0.06885773485425035
-0.07518902110554626
-0.08080160251826614
-0.08567843060364216
-0.08981855134594807
-0.09322855389285002
-0.09592247258973714
-0.09791930194868419
-0.09924875888499407
-0.09993848504369048
-0.10002445452075351
-0.09953791613117172
-0.09851697660154607
-0.09699491781032761
-0.0950097689250646
-0.09259821633049138
-0.08979754429834039
-0.08664605516356029
-0.0831801642065242
-0.07943862073248202
-0.07545589668531945
-0.07126522401301115
-0.06689647698504236
-0.062375500530048596
-0.05772265998519552
-0.05295579535593364
-0.048082553017411905
-0.04311443887491002
-0.03805511429412292
-0.03290749036639833
-0.027676821656698086
-0.022367995997625508
-0.01699150356147903
-0.011562688185725697
-0.0061020250454232655
-0.0006371421158730257
0.0047963354247689055
0.010156915474757014
0.015397153291748417
0.02046246702168172
0.025295771210751102
0.029836374231551863
0.03402165223235316
0.03779023521344277
0.04108495919314175
0.043849223628165415
0.04604028975897977
0.04761811861431603
0.04856098747537757
0.048854715754843764
0.04850305442160219
0.04752508121411185
0.045954337234171014
0.0438393434719922
0.041239510637493884
0.03822809783090038
0.03488730110684429
0.0312978451750931
0.027548655022858776
0.023723842276143683
0.019900328363405776
0.0161518182207939
0.012538619885789849
0.009112421658193166
0.005912419305059348
0.00296561190789609
0.00029154179815681064
-0.0021031986750994483
-0.0042183407735535425
-0.00605956470881875
-0.007642851533832094
-0.00897926063258579
-0.01008919471798011
-0.010993067464438231
-0.011707822618513419
-0.012259789093603032
-0.012660890431732113
-0.012934734003489417
-0.01309843622648793
-0.013162371945205718
-0.013146970268467404
-0.01306299487886336
-0.012919281216624967
-0.01272737114196239
-0.012499027096631855
-0.012238978178083502
-0.011952422268056791
-0.011648514705908393
-0.011329728888336617
-0.011002737386140096
-0.010667971032062401
-0.010333121488501937
-0.009997009777414204
-0.009661387609955913
-0.009330044319346188
-0.009004786297254522
-0.008685349745941921
-0.008371776161322028
-0.008066528033727345
-0.007768904135413749
-0.007479807951782244
-0.007199534145093612
-0.006929524216194717
-0.006667605310787973
-0.006414548919030042
-0.006170864743843555
-0.0059361016520306205
-0.005709712045461133
-0.005492463455857574
-0.005283275423287424
-0.005083608557237512
-0.004890901593255463
-0.004705226099753229
-0.004528682852956645
-0.004357070539967421
-0.004192877855222962
-0.004038324321332366
-0.0038871218160572638
-0.0037429433869925594
-0.0036049114041230993
-0.0034721466670534044
-0.003345400764743806
-0.003224528880318104
-0.0031072669410202513
-0.002993705150654136
-0.0028879142299441684
-0.0027852044664792067
-0.0026868099920999526
-0.0025904285201350263
-0.002500219887058337
-0.0024133779469826025
-0.0023293467930762626
-0.002248710744971435
-0.0021729894406357663
-0.0020992742057090803
-0.0020284285867937695
-0.001960605930039463
-0.0018944010455787762
-0.0018325335601923683
-0.001771190595158507
-0.0017130621372815154
-0.0016567228265261533
-0.0016039270568635785
-0.0015530108810160458
-0.0015034237848298006
-0.0014554461571697388
-0.0014094616312209532
-0.0013640650335765207
-0.0013231004794852029
-0.001282828504814505
-0.0012425085423337478
-0.001204275160715363
-0.001167967922570682
-0.0011324938315356854
-0.00109978371523794
-0.0010659716219706377
-0.001034852760913097
-0.0010043588291192226
-0.0009757638461726323
-0.0009464124224849142
-0.0009182236445997852
-0.0008936514108243068
-0.0008672771272287962
-0.0008417993022568058
-0.000820276230883897
-0.0007975604983783129
-0.0007750438011291947
-0.0007534449590941023
-0.0007326856366066789
-0.0007134565867411872
-0.000694715079660784
-0.0006750320012777174
-0.0006563407334756985
-0.0006392739799182388
-0.0006225136740814472
-0.0006058426295908352
-0.0005904323600857065
-0.0005753828805125188
-0.0005618463026894616
-0.0005457061906666178
-0.0005321557308856344
-0.0005188630453513397
-0.0005052404835166978
-0.0004924716995805617
-0.0004787413916061161
-0.0004696246997479227
-0.0004569103049885844
-0.00044439558421813176
-0.0004357114318942254
-0.0004239810268989819
-0.0004148157907532952
-0.00040433396642549355
-0.00039428648385344536
-0.00038570171272013596
-0.00037707872761199635
-0.0003675473634571744
-0.0003596956173987253
-0.00035022042871144546
-0.0003424441086209782
-0.0003358021856725669
-0.0003260752510674954
-0.000319529947890487
-0.000312949842996729
-0.00030469739788746786
-0.0002993997590991889
-0.0002914884676179393
-0.00028630398400543997
-0.00027939332726380044
-0.0002734389134184266
-0.0002674687087858808
-0.0002619243720784689
-0.000255807539376149
-0.00024928021564883944
-0.0002453697991144921
-0.00023978574236430066
-0.0002353936870392031
-0.00022947000184832798
-0.00022544619621136096
-0.0002217502132060075
-0.00021537633929773843
-0.00021020667769122372
-0.00020719593355419174
-0.00020361291175367624
-0.00019996783417065286
-0.00019514409808218228
-0.0001905485312286506
-0.00018811082342802573
-0.00018320512624087182
-0.00017957654652839118
-0.00017612968302715086
-0.00017283177034490378
-0.0001700289246089702
-0.00016692034769354418
-0.0001630930636363362
-0.000159780067146238
-0.00015618021432910707
-0.00015227752208935624
-0.0001504286503608679
-0.00014752734650881765
-0.00014675049866688807
-0.00014105868508779593
-0.0001411704502104108
-0.0001374004381110101
-0.00013485683472965965
-0.00013228291341926363
-0.000129640520275183
-0.00012851978509885548
-0.00012510056594256094
-0.00012385289096355384
-0.00012206315070944678
-0.00012043791696301783
-0.0001164901513438294
-0.00011381898081777497
-0.00011177872415525173
-0.00011181414708846619
-0.00010823858712793814
-0.00010703371922652375
-0.00010459598079354253
-0.00010247486055920354
-0.00010217010568495876
-0.00009870145806458976
-0.00009821502777689542
-0.00009562692454318842
-0.00009582498535431427
-0.00009331703407608104
-0.00009028234098125358
-0.00009017060258816772
-0.00008849103864681252
-0.00008655630131461482
-0.00008524201080885401
-0.00008433185080233034
-0.00008139669593362314
-0.00008246897238917158
-0.00008038987922529122
-0.00007931354253669492
-0.00007702653862562765
-0.00007733434223553622
-0.00007495923288179496
-0.00007412269945169148
-0.0000720348387813991
-0.00007137483749839118
-0.00006883872026984907
-0.00006959370272707024
-0.0000678485412314879
-0.00006709709158168679
-0.0000666693341997265
-0.00006450707071607174
-0.00006409476708760826
-0.00006373802771666184
-0.00006230210578496332
-0.00006216666651990988
-0.00006054702300951982
