0.00003567044507938693
0.00003622249010437752
0.000036785318801105924
0.000037359186059687527
0.000037944353847362884
0.00003854109144175814
0.0000391496756619649
0.00003977039110914008
0.00004040353042260811
0.00004104939454191977
0.000041708292970511127
0.00004238054406164185
0.00004306647531141651
0.00004376642365754259
0.00004448073578756134
0.00004520976847863235
0.00004595388891705831
0.00004671347506208891
0.00004748891600068802
0.000048280612329464306
0.00004908897654592678
0.00004991443345111316
0.00005075742057673469
0.00005161838862272922
0.00005249780191286312
0.00005339613886822991
0.00005431389250211744
0.00005525157092817197
0.00005620969789544744
0.000057188813343612873
0.000058189473975560665
0.00005921225385897378
0.000060257745044554706
0.00006132655822078233
0.00006241932339089895
0.00006353669056479958
0.0000646793304993508
0.00006584793546054606
0.00006704322001348092
0.00006826592184867544
0.00006951680264907226
0.00007079664898308546
0.00007210627324181136
0.00007344651461326982
0.00007481824010114596
0.00007622234558865637
0.00007765975694038259
0.00007913143116252343
0.0000806383576009634
0.00008218155920763128
0.00008376209385090864
0.00008538105568400633
0.00008703957658245736
0.00008873882763849898
0.00009048002072506644
0.00009226441013061642
0.00009409329426929442
0.0000959680174610217
0.00009788997181183792
0.00009986059915630969
0.00010188139310699315
0.00010395390119844933
0.00010607972712247264
0.00010826053307432714
0.00011049804220873775
0.00011279404121551308
0.00011515038301648964
0.00011756898958095458
0.00012005185490185248
0.00012260104809203053
0.00012521871664070212
0.00012790708983704697
0.0001306684823441293
0.0001335052979764106
0.00013642003364129044
0.0001394152834787871
0.00014249374324692223
0.00014565821487210764
0.00014891161127060287
0.0001522569614133079
0.000155697415637459
0.0001592362512435953
0.0001628768783877742
0.00016662284626817392
0.00017047784964966867
0.00017444573573530066
0.0001785305113970087
0.00018273635080187707
0.0001870676034381666
0.00019152880259184704
0.00019612467427518356
0.00020086014664917614
0.00020574035997023972
0.00021077067707844435
0.00021595669448957542
0.00022130425409197022
0.00022681945552228275
0.00023250866923176723
0.0002383785503101554
0.0002444360531014596
0.0002506884466784498
0.0002571433311949837
0.0002638086552286296
0.0002706927341248555
0.00027780426944860464
0.0002851523695792002
0.0002927465715692464
0.0003005968643093136
0.00030871371311728675
0.0003171080858233804
0.0003257914804831937
0.0003347759547943468
0.00034407415737107346
0.000353699360982593
0.00036366549788082304
0.00037398719741690736
0.0003846798260456244
0.0003957595299210424
0.00040724328027305515
0.0004191489217518898
0.00043149522395246985
0.0004443019363836018
0.00045758984708150786
0.0004713808451832411
0.0004856979877414407
0.0005005655711027986
0.0005160092071676808
0.0005320559049307297
0.0005487341577248291
0.0005660740365351642
0.0005841072899448271
0.000602867451152297
0.0006223899526666858
0.0006427122492649073
0.0006638739498628914
0.0006859169590426065
0.0007088856289666492
0.0007328269225891503
0.0007577905890035865
0.000783829351993118
0.000810999112847043
0.0008393591686292069
0.0008689724471908586
0.0008999057603514134
0.0009322300767864948
0.0009660208162870142
0.0010013581672457723
0.0010383274293754015
0.0010770193838523607
0.0011175306932610179
0.0011599643340212303
0.0012044300641028257
0.0012510449292388254
0.0012999338110351994
0.0013512300207965315
0.001405075943177206
0.001461623734225634
0.00152103607880846
0.0015834870128601031
0.0016491628165033042
0.0017182629846247686
0.001791001282150912
0.0018676068919907076
0.0019483256644230761
0.0020334214775369246
0.0021231777193195414
0.002217898903024865
0.0023179124286462917
0.002423570504570113
0.0025352522448755135
0.00265336595935404
0.002778351654965499
0.0029106837693288258
0.003050874158885255
0.0031994753666341525
0.0033570841967301133
0.003524345626001944
0.003701957085220529
0.0038906731462470994
0.004091310654548119
0.004304754350247686
0.004531963024953861
0.004773976265773897
0.005031921842537992
0.005307023799088347
0.00560061131439219
0.005914128404711181
0.006249144543110314
0.006607366278242318
0.006990649939324245
0.007401015519285203
0.007840661832242623
0.008311983044825659
0.008817586682609733
0.00936031321262027
0.009943257299235569
0.010569790823176243
0.01124358773910365
0.011968650825208352
0.012749340344226603
0.013590404585433032
0.014497012185374691
0.015474786022586126
0.016529838336648416
0.01766880651742015
0.018898888721886015
0.020227878068646336
0.021664193582550877
0.023216905239478718
0.024895749283449533
0.0267111282909949
0.02867408799596726
0.03079625929291061
0.03308974855261152
0.03556695156605709
0.03824025480471483
0.04112157030997688
0.04422162449128928
0.04754888209971035
0.05110792840463722
0.05489704654507504
0.05890460248370316
0.06310367677226213
0.06744415949873192
0.07184128434191439
0.07615944014523435
0.08019038540378082
0.08362640401312306
0.08603269451739848
0.0868306888721756
0.08531429365077164
0.08072673655197653
0.07241017914230857
0.05999264347393141
0.043525623323452285
0.023495104419002155
0.0007120548999008047
-0.023837334072400806
-0.04910911556886552
-0.07407654420479451
-0.09780187160814977
-0.11954640092053516
-0.13891318057049246
-0.155950942342699
-0.17112954501577549
-0.1851631082138591
-0.19874594421193
-0.2122954912755885
-0.22577328672688335
-0.23863228855225815
-0.24991494781231907
-0.2584664274778184
-0.2631584792102526
-0.26302227468281164
-0.2572716921372402
-0.2452781362783684
-0.22657386553387018
-0.2009234715113839
-0.16844280544050627
-0.12968958287069887
-0.08564242977355017
-0.03755308251697531
0.013247199824185561
0.06547296143228529
0.11788277488552293
0.16917430984212356
0.21785567218617546
0.2621946362964038
0.3003361414090074
0.33060972489379026
0.3519220289636506
0.3640328960619343
0.3675639363427274
0.3637649908786814
0.3541968639385196
0.3404716132048624
0.32408805342609537
0.3063185298486513
0.28808818949147386
0.26983378391362406
0.2513997665049332
0.23205834693156063
0.2106868183992621
0.18605553223542332
0.15715472849285006
0.12350706101445785
0.08540914452043183
0.044014695157058456
0.0011850509353619485
-0.04086413189658919
-0.07997013115543067
-0.11431974920121094
-0.14257780430850184
-0.16390754221057996
-0.1779745964036539
-0.18497240498443615
-0.1856283791757348
-0.18111815762790706
-0.1728663748267599
-0.1623001136103621
-0.1506540844824319
-0.13887864127788346
-0.1276333490534918
-0.11731821064966302
-0.1081070919225432
-0.09998003789629174
-0.09277498971865855
-0.08626949179592765
-0.08026607641870413
-0.07463999247439436
-0.06933761000291527
-0.06434812979072001
-0.05967531096726274
-0.05532095560970095
-0.051279534108203524
-0.047539239192918796
-0.04408511496725252
-0.04090149493887536
-0.037972787476495656
-0.03528306905844663
-0.03281540854512628
-0.030551534228995602
-0.0284720497364438
-0.026557225544430175
-0.024788268057324366
-0.023148696676852498
-0.021625216016878265
-0.020207656326454312
-0.01888813987944258
-0.017660045431184282
-0.01651725704827371
-0.015453849898428053
-0.014464117387430118
-0.013542749471320083
-0.012684969261746238
-0.011886506608926406
-0.011143425613439445
-0.010451937093941155
-0.009808320794632076
-0.00920898903534727
-0.00865064403894374
-0.008130448321475255
-0.0076461168800849855
-0.007195852752600533
-0.006778118234819541
-0.006391344803377179
-0.006033731391770308
-0.005703204949645532
-0.005397505675623487
-0.005114318459764054
-0.00485140110603892
-0.004606696823373541
-0.0043784251298401725
-0.004165129364883625
-0.0039656553876577265
-0.003779064666565856
-0.003604519701757659
-0.0034411840906668706
-0.00328815859055221
-0.003144458245152221
-0.0030090344959906312
-0.002880844647678293
-0.0027589518133430383
-0.002642610760998857
-0.0025312942189487063
-0.0024246531993037126
-0.0023224463226040842
-0.002224479579822852
-0.002130576708826052
-0.002040577409009456
-0.001954347525124966
-0.0018717824015431486
-0.0017927928021519738
-0.0017172793134762113
-0.0016451127168183983
-0.0015761339498914252
-0.0015101746452416882
-0.0014470899827074067
-0.0013867915309802876
-0.0013292649713799788
-0.0012745584839054438
-0.001222739977916275
-0.0011738424556407157
-0.001127826455646043
-0.0010845744358720746
-0.001043909975174368
-0.0010056258364323934
-0.0009695099806457516
-0.000935366087665708
-0.0009030278893365133
-0.0008723655484227953
-0.0008432822128109055
-0.0008157022100661484
-0.0007895559135519401
-0.0007647661221762303
-0.0007412380747639501
-0.0007188538591987907
-0.0006974730551059521
-0.0006769422881945119
-0.0006571133734729896
-0.0006378632694684867
-0.0006191058099449615
-0.0006007904125840869
-0.0005828918225341738
-0.0005653987612409207
-0.0005483067773931453
-0.0005316160557208676
-0.000515331670219121
-0.0004994627095348358
-0.0004840182690222117
-0.0004690017205567444
-0.00045440698463348247
-0.00044021958953237186
-0.00042642261311888393
-0.00041300563824729674
-0.0003999737718593898
-0.0003873527008015943
-0.0003751856223098934
-0.00036352114434028864
-0.00035239735799752676
-0.0003418304778864153
-0.00033181272971219796
-0.0003223177197307319
-0.00031330861042681054
-0.00030474564891356626
-0.00029659179005029544
-0.000288816234822503
-0.00028139576126795887
-0.0002743137976397509
-0.00026755777092999814
-0.0002611157621139788
-0.00025497328436345826
-0.0002491104623417872
-0.00024349983389821615
-0.0002381055840263939
-0.00023288551623757363
-0.0002277962970649008
-0.00022280027912690057
-0.00021787052481858556
-0.00021299175660454726
-0.00020815787902116954
-0.00020336846084837912
-0.0001986261169558221
-0.00019393532183569102
-0.0001893020419260422
-0.00018473314959492572
-0.00018023502323270574
-0.0001758117685459669
-0.0001714641954719255
-0.00016719039910550676
-0.00016298797325015597
-0.00015885726374624616
-0.00015480465639704615
-0.00015084442432645233
-0.00014699753569185007
-0.00014328700470706777
-0.0001397317069085237
-0.0001363418870912687
-0.000133118234507965
-0.00013005390162193007
-0.00012713766171017007
-0.00012435685152392236
-0.00012169961236732756
-0.00011915636999989086
-0.00011672048923091637
-0.00011438802747809889
-0.00011215674073282838
-0.000110024737615788
-0.0001079891259729111
-0.00010604476464617506
-0.0001041831760872028
-0.00010239192309073592
-0.00010065504683862656
-0.00009895498632459188
-0.00009727550847317839
-0.0000956042726535146
-0.00009393382409318593
-0.0000922609696050715
-0.00009058540972060819
-0.00008890851277800227
-0.00008723259377515291
-0.00008556055902898963
-0.00008389555474327379
-0.00008224038580446295
-0.00008059684190471349
-0.00007896533632273832
-0.0000773451764248464
-0.00007573549831108789
-0.00007413667043323274
-0.00007255178906399253
-0.00007098764043018484
-0.00006945437125925485
-0.0000679635586430922
-0.00006652542167857126
-0.00006514662724295303
-0.00006382965814676581
-0.00006257358383226466
-0.00006137543543869758
-0.00006023149859676646
-0.000059138214005113586
-0.000058092640582799254
-0.000057092550970625164
-0.00005613628037258201
-0.000055222457935109694
-0.000054349691831032774
-0.00005351619203166545
-0.00005271928615591853
-0.00005195486702905183
-0.000051216989187519784
-0.0000504979878447052
-0.000049789388888874046
-0.00004908338736430602
-0.000048374165836913315
-0.00004765840169026653
-0.000046934932461082945
-0.00004620404048812226
-0.00004546681853832547
-0.00004472479844357588
-0.000043979768008120716
-0.000043233595639926634
-0.00004248795083228816
-0.00004174399051379673
-0.000041002211362785826
-0.00004026262441555876
-0.000039525265307818465
-0.00003879093253718318
-0.0000380619427932402
-0.00003734255972174951
-0.000036638698145073996
-0.00003595677508749364
-0.000035302158480330044
-0.00003467801779265368
-0.00003408506575097907
-0.000033522047595461686
-0.000032986524740388097
-0.00003247561823679099
-0.0000319866072195872
-0.00003151737832514771
-0.00003106668859871191
-0.000030634169219470066
-0.000030220066804443564
-0.00002982483349442979
-0.000029448697217825784
-0.000029091268417713268
-0.000028751187901234804
-0.000028425871627739863
-0.00002811150862947485
-0.000027803475211549525
-0.000027497122122368127
-0.000027188601076148647
-0.000026875338973790764
-0.000026556033914797458
-0.000026230344458837255
-0.000025898523324336623
-0.00002556114285541706
-0.00002521892470366413
-0.00002487260904590108
-0.000024522808259759598
-0.000024169859684413224
-0.000023813753542435394
-0.000023454203893476158
-0.000023090881462393376
-0.00002272378101145534
-0.000022353650236327053
-0.000021982325645483622
-0.000021612752150848727
-0.00002124854330055416
-0.000020893218608127495
-0.000020549507093207962
-0.000020219047135130862
-0.00001990251223538879
-0.00001959996137166232
-0.00001931118854537282
-0.000019035936119727142
-0.00001877394015804667
-0.000018524865183116638
-0.000018288234107469716
-0.000018063426474247393
-0.00001784972341386443
-0.000017646314689601153
-0.000017452205642237913
-0.000017266036254977157
-0.00001708590879136147
-0.000016909377536902166
-0.000016733715965410975
-0.00001655640147667131
-0.000016375569418972892
-0.00001619019891673539
-0.00001600000612266814
-0.000015805199984114933
-0.000015606260986498796
-0.000015403808347087364
-0.000015198532950682522
-0.000014991138070861782
-0.00001478225199782839
-0.000014572335500351744
-0.00001436164716171425
-0.000014150318854718672
-0.000013938545991959153
-0.00001372685271031151
-0.000013516349348820345
-0.000013308851366837023
-0.000013106715888131345
-0.000012912369162673527
-0.000012727715707964101
-0.000012553735133634805
-0.000012390427099681581
-0.000012237023199339463
-0.000012092289291497659
-0.000011954811414706822
-0.000011823254419144071
-0.000011696605814609215
-0.000011574365275847324
-0.000011456595269246644
-0.000011343793954369752
-0.000011236650654676583
-0.000011135788039874081
-0.000011041547116510435
-0.000010953812804786786
-0.00001087188033753302
-0.00001079441417736803
-0.00001071958289949806
-0.000010645385324703313
-0.000010570042536836657
-0.000010492269130758026
-0.000010411330507396117
-0.000010326936316269752
-0.000010239077834093378
-0.000010147887202599877
-0.000010053542313083663
-9.956204338277762e-6
-9.855968297189727e-6
-9.75282027598075e-6
-9.646613856786883e-6
-9.537082576942929e-6
-9.423901784573157e-6
-9.306809008648572e-6
-9.185781689730603e-6
-9.061234874400914e-6
-8.934143415083211e-6
-8.80597663129807e-6
-8.678426092330134e-6
-8.553062283515973e-6
-8.431109699988213e-6
-8.313420068365385e-6
-8.200583101650651e-6
-8.09305672536965e-6
-7.991221455149032e-6
-7.895328798485471e-6
-7.805392956765232e-6
-7.72112599043177e-6
-7.64198360747312e-6
-7.5672893290787225e-6
-7.496343922524859e-6
-7.428454936913994e-6
-7.362889392529379e-6
-7.298802533459271e-6
-7.235215779187533e-6
-7.1710945872510705e-6
-7.105510149939672e-6
-7.037798439683645e-6
-6.967627046948107e-6
-6.894954034335152e-6
-6.819933840346899e-6
-6.7428322549915134e-6
-6.663977474905673e-6
-6.5837363899777665e-6
-6.502491087810027e-6
-6.420600498726745e-6
-6.338359784510317e-6
-6.2559888467183105e-6
-6.173674029966186e-6
-6.091662296623692e-6
-6.010382474692854e-6
-5.930545459926817e-6
-5.853158666558211e-6
-5.779398293812021e-6
-5.710352583491203e-6
-5.646746172896001e-6
-5.588784010251983e-6
-5.536164035033327e-6
-5.4881993490234555e-6
-5.443964625608827e-6
-5.4024353874199664e-6
-5.3626386998912e-6
-5.323833261457024e-6
-5.2856773471814295e-6
-5.248297397830805e-6
-5.212201326790686e-6
-5.178082333819774e-6
-5.146612326031444e-6
-5.118288159600918e-6
-5.093332522946877e-6
-5.071626270578877e-6
-5.05267644466506e-6
-5.035654335776477e-6
-5.019531314125019e-6
-5.003282015394359e-6
-4.9860659929245e-6
-4.967313560838668e-6
-4.946708774465971e-6
-4.9241146636001605e-6
-4.899487953279314e-6
-4.872813141222957e-6
-4.8440612850360954e-6
-4.813167542577257e-6
-4.780018582724788e-6
-4.744444721815145e-6
-4.706217332219639e-6
-4.665059353413627e-6
-4.620682927588755e-6
-4.572867859081506e-6
-4.521580626193283e-6
-4.4670946062123775e-6
-4.410038724067714e-6
-4.35132176182229e-6
-4.291963159533856e-6
-4.2329329716867e-6
-4.175079719869289e-6
-4.119146882156717e-6
-4.0658127523905895e-6
-4.015682352438477e-6
-3.969200130011766e-6
-3.926523265740875e-6
-3.8874517735852455e-6
-3.851480962425775e-6
-3.817946842537316e-6
-3.78616759821863e-6
-3.755514535034116e-6
-3.7254096338230785e-6
-3.695294011054918e-6
-3.6646197550989464e-6
-3.632892330011768e-6
-3.599744954429468e-6
-3.5649942445522448e-6
-3.5286382512929306e-6
-3.4908045351819098e-6
-3.451688648179704e-6
-3.411513803244267e-6
-3.3705179422110673e-6
-3.3289541825636583e-6
-3.2870863602257172e-6
-3.2451714349493048e-6
-3.2034370439394242e-6
-3.1620774760560425e-6
-3.1212839501948676e-6
-3.0813076255296887e-6
-3.042535576390214e-6
-3.005541696675255e-6
-2.971065476869295e-6
-2.9398884716858597e-6
-2.9126352436355986e-6
-2.8895938855721923e-6
-2.8706487321143107e-6
-2.855333221803235e-6
-2.8429382617924316e-6
-2.8326115745456866e-6
-2.823444070061607e-6
-2.814575426614341e-6
-2.8053447090139506e-6
-2.7954494515028228e-6
-2.78502400997031e-6
-2.77457400468098e-6
-2.764799485366138e-6
-2.7564034122332602e-6
-2.7499536144369267e-6
-2.7458000604960757e-6
-2.74402390376568e-6
-2.7444085848179405e-6
-2.7464560058147443e-6
-2.749477224870345e-6
-2.7527403957874412e-6
-2.755614699313732e-6
-2.757646842538586e-6
-2.7585602306685285e-6
-2.758204157380601e-6
-2.7564906010042202e-6
-2.753342523840074e-6
-2.7486643348029127e-6
-2.7423307165318893e-6
-2.7341866989200826e-6
-2.724044362827623e-6
-2.7116736109721274e-6
-2.6967918264392704e-6
-2.679069942418939e-6
-2.658177549847995e-6
-2.633881003352759e-6
-2.606173481968853e-6
-2.5753694363520206e-6
-2.5420945874185047e-6
-2.507167388286028e-6
-2.471454610837869e-6
-2.4357844195157083e-6
-2.400933844992315e-6
-2.3676416412700745e-6
-2.336583154295474e-6
-2.3082722201009964e-6
-2.2829265481610328e-6
-2.26038888025903e-6
-2.2401761643789855e-6
-2.2216296068240547e-6
-2.204072475958443e-6
-2.186902557619353e-6
-2.1696117944933325e-6
-2.151771430816536e-6
-2.133024102472909e-6
-2.113103666275672e-6
-2.0918704416106227e-6
-2.0693275002957403e-6
-2.0455974283363283e-6
-2.0208712017953076e-6
-1.995360774944872e-6
-1.9692741552220076e-6
-1.9428158728043593e-6
-1.9161963231838086e-6
-1.88963431197396e-6
-1.8633482733533007e-6
-1.8375405301373545e-6
-1.8123944018264764e-6
-1.7880978417501025e-6
-1.764891490232409e-6
-1.7431263259278896e-6
-1.723295606146696e-6
-1.7060067007627362e-6
-1.6918677123695696e-6
-1.681317242420905e-6
-1.6744806927634681e-6
-1.6711302077375279e-6
-1.6707461398732007e-6
-1.6726170129753866e-6
-1.675922166598986e-6
-1.6797970432501906e-6
-1.6834191610969177e-6
-1.6861451528266763e-6
-1.6876664448329694e-6
-1.688096152317284e-6
-1.6879174176508471e-6
-1.6878184165338902e-6
-1.6885063283940104e-6
-1.6905762363208895e-6
-1.6944383103682197e-6
-1.7002796574476318e-6
-1.7080377956363345e-6
-1.7174038586390684e-6
-1.7278765157563465e-6
-1.7388745417081253e-6
-1.7498573880164222e-6
-1.760406486238668e-6
-1.770240307088787e-6
-1.7791827601280358e-6
-1.7871128578256976e-6
-1.7939193496096084e-6
-1.7994738927468665e-6
-1.8036237981343296e-6
-1.8061951286502e-6
-1.8069931259859103e-6
-1.805792497017301e-6
-1.8023188653499407e-6
-1.796243592369183e-6
-1.7872090671167872e-6
-1.7749093751684682e-6
-1.759210914009993e-6
-1.7402588304654027e-6
-1.7185033144115514e-6
-1.694621526331377e-6
-1.6693982171275713e-6
-1.6436362684716244e-6
-1.6181280292926335e-6
-1.593649754945933e-6
-1.5709258461213047e-6
-1.550524502512459e-6
-1.5327186756054056e-6
-1.5173997145138558e-6
-1.504117980995953e-6
-1.4922338330917981e-6
-1.4810814160404425e-6
-1.4700707836758411e-6
-1.4587155043777954e-6
-1.4466210430651242e-6
-1.4334778978396698e-6
-1.4190818569206906e-6
-1.4033669216891913e-6
-1.3864145916007734e-6
-1.368418082772697e-6
-1.3496200708258687e-6
-1.3302602721032714e-6
-1.3105539356690185e-6
-1.290697016726923e-6
-1.270881795160502e-6
-1.2513073479536008e-6
-1.2321725886962241e-6
-1.213666330134307e-6
-1.1959631623959532e-6
-1.1792429400660309e-6
-1.1637322327851214e-6
-1.1497539037076731e-6
-1.1377549272297206e-6
-1.1282800140381976e-6
-1.121869211333615e-6
-1.1189004725887167e-6
-1.1194542709579421e-6
-1.1232750188611067e-6
-1.1298304487181985e-6
-1.1384095869818855e-6
-1.1482020273720176e-6
-1.158356349392266e-6
-1.1680578397809696e-6
-1.1766571577069729e-6
-1.183824190075903e-6
-1.1896428419529113e-6
-1.1945706587152258e-6
-1.1992823433105527e-6
-1.2044855314730732e-6
-1.210789682948679e-6
-1.218638901172925e-6
-1.2282798995370866e-6
-1.239740102531584e-6
-1.252819157109204e-6
-1.2671199405068423e-6
-1.2821354744362195e-6
-1.297359308476859e-6
-1.3123723770291534e-6
-1.326875352104502e-6
-1.340667692364022e-6
-1.3536058826116442e-6
-1.3655586274353212e-6
-1.3763806661608137e-6
-1.385905806053255e-6
-1.3939519824238648e-6
-1.400324932956402e-6
-1.404806772716487e-6
-1.407137012332773e-6
-1.4069967275205e-6
-1.4040243282512905e-6
-1.3978807142415542e-6
-1.3883647145410182e-6
-1.375528775206255e-6
-1.3597284032151803e-6
-1.341570026992131e-6
-1.3218013933517697e-6
-1.3012185746559942e-6
-1.2806235209021352e-6
-1.260811377043687e-6
-1.2425306173338857e-6
-1.2263803741375863e-6
-1.2126699277171908e-6
-1.2013229648338803e-6
-1.1919116406159755e-6
-1.1838018556471036e-6
-1.1763215672484948e-6
-1.1688718997003397e-6
-1.1609623239785022e-6
-1.1522075511391941e-6
-1.1423236152062714e-6
-1.131147956130313e-6
-1.1186637585244172e-6
-1.1049994656864633e-6
-1.0903825207943004e-6
-1.0750747179925521e-6
-1.059322084650499e-6
-1.04333563289642e-6
-1.0273003808283449e-6
-1.0113950777155732e-6
-9.958031586394865e-7
-9.807115265372962e-7
-9.663002178752336e-7
-9.527402225868033e-7
-9.402114927718068e-7
-9.289407049840896e-7
-9.192449593281993e-7
-9.115593999137052e-7
-9.064059226342674e-7
-9.042954398058693e-7
-9.05573225643261e-7
-9.102939110904528e-7
-9.181861528861576e-7
-9.287150147091105e-7
-9.411774487595254e-7
-9.547786672952125e-7
-9.686828604836298e-7
-9.820841560992494e-7
-9.943276736599016e-7
-1.0050642660967787e-6
-1.01435215701302e-6
-1.0226294093900667e-6
-1.0305634950656001e-6
-1.0388674893727318e-6
-1.0481650984976943e-6
-1.0589200758073327e-6
-1.0714053790397165e-6
-1.085680392795133e-6
-1.1015821807431936e-6
-1.1187509452462732e-6
-1.1367079059109065e-6
-1.154962271489999e-6
-1.1730993273991247e-6
-1.1908152228276726e-6
-1.2079029010119628e-6
-1.224211875515954e-6
-1.2396040700570954e-6
-1.2539264053274385e-6
-1.2670055811684007e-6
-1.27865311449105e-6
-1.2886707987465763e-6
-1.2968427607264404e-6
-1.3029130872396277e-6
-1.306566810800611e-6
-1.3074405487666384e-6
-1.305178677487372e-6
-1.2995450649582198e-6
-1.2905463450765943e-6
-1.2784920423166961e-6
-1.2639589683747444e-6
-1.2476828215527315e-6
-1.2304616006278252e-6
-1.2131059281949105e-6
-1.1964221859278983e-6
-1.1811738933488633e-6
-1.1679840330144426e-6
-1.1571923174596154e-6
-1.1487565631628908e-6
-1.142273885582561e-6
-1.1371237194285377e-6
-1.1326376482554882e-6
-1.1282167241949471e-6
-1.1233718111455906e-6
-1.1177218513602517e-6
-1.1109850855613413e-6
-1.1029957414791216e-6
-1.0937279492080746e-6
-1.0832958571642083e-6
-1.0719177094081973e-6
-1.059850665880578e-6
-1.0473408907463303e-6
-1.0346012171413413e-6
-1.0218173821322952e-6
-1.009165918038792e-6
-9.968255028319677e-7
-9.849770102574175e-7
-9.737944971703287e-7
-9.634444045437684e-7
-9.540990024189523e-7
-9.459752209938728e-7
-9.393755534284654e-7
-9.347157056807821e-7
-9.325041081341318e-7
-9.332486420170892e-7
-9.373120624255549e-7
-9.447825531519278e-7
-9.554279783696202e-7
-9.687470959549297e-7
-9.84060780635483e-7
-1.000588958417349e-6
-1.0175039487508351e-6
-1.0339972769636216e-6
-1.0493999362285158e-6
-1.0633370862249225e-6
-1.0758371019416111e-6
-1.0873169950380435e-6
-1.098437021199511e-6
-1.1099173242391476e-6
-1.1223972235290623e-6
-1.1363607658780883e-6
-1.1521024557600484e-6
-1.1697039369678318e-6
-1.1890188544081263e-6
-1.2096927146071459e-6
-1.2312350079801963e-6
-1.253131488470954e-6
-1.2749384891498681e-6
-1.2963294725550746e-6
-1.3170826215048465e-6
-1.33703899999731e-6
-1.3560566674030296e-6
-1.3739801547562864e-6
-1.3906312562543246e-6
-1.4058155305071224e-6
-1.4193309874681852e-6
-1.4309606540289261e-6
-1.4404521878526137e-6
-1.4474988322161096e-6
-1.4517414576937752e-6
-1.4528249942403838e-6
-1.4505047706579486e-6
-1.4447728914305131e-6
-1.4359295365706892e-6
-1.4245533782680046e-6
-1.411394875074321e-6
-1.397270937746964e-6
-1.3830091578468409e-6
-1.36942901857166e-6
-1.3573074201916005e-6
-1.3472883585716137e-6
-1.3397412334152416e-6
-1.3346595892442711e-6
-1.3316719212162054e-6
-1.3301780788591301e-6
-1.3295209970123883e-6
-1.3291049080472813e-6
-1.3284394161070073e-6
-1.3271315562724766e-6
-1.3248759445170984e-6
-1.3214668166665216e-6
-1.3168258205032546e-6
-1.311014726735287e-6
-1.304209507218569e-6
-1.296641658314296e-6
-1.2885452140003258e-6
-1.2801297928385445e-6
-1.271580418852932e-6
-1.2630694857530313e-6
-1.2547679415530046e-6
-1.2468441179602191e-6
-1.2394587825701846e-6
-1.2327624931300408e-6
-1.2269152622483951e-6
-1.2221229078749242e-6
-1.2186888792649677e-6
-1.2170480142498902e-6
-1.217752477788009e-6
-1.2213776826977413e-6
-1.2283666411900333e-6
-1.2388764082271375e-6
-1.2527202141289118e-6
-1.2694173717374354e-6
-1.2882966309206764e-6
-1.308578742842383e-6
-1.3294363704882346e-6
-1.350056977567173e-6
-1.3697600568645982e-6
-1.3881482259872684e-6
-1.405228016403101e-6
-1.4214026093589797e-6
-1.4373358639028467e-6
-1.4537629525538516e-6
-1.471342037517034e-6
-1.4905652336499866e-6
-1.511715941360604e-6
-1.5348422213853272e-6
-1.5597493668284065e-6
-1.586033450334629e-6
-1.6131674254246362e-6
-1.6406162375621924e-6
-1.667931323142807e-6
-1.694785789123524e-6
-1.7209618771674425e-6
-1.7463036170457823e-6
-1.770668522036132e-6
-1.793894658468448e-6
-1.815790439134605e-6
-1.8361448294265816e-6
-1.854734906384458e-6
-1.8713247608546217e-6
-1.885645264233037e-6
-1.897376058779836e-6
-1.9061521154081666e-6
-1.911623259150886e-6
-1.913566621471828e-6
-1.9120156471364826e-6
-1.9073280561237128e-6
-1.9001440048812774e-6
-1.8912683626600945e-6
-1.8815559566559688e-6
-1.8718547552771292e-6
-1.862993316505201e-6
-1.8557564727125599e-6
-1.8508025738813275e-6
-1.8485290205576217e-6
-1.8489664805762994e-6
-1.8517827139858626e-6
-1.8564121424919414e-6
-1.8622260236973658e-6
-1.8686546520292866e-6
-1.8752241260100658e-6
-1.881539185779443e-6
-1.8872576896979988e-6
-1.892092514975894e-6
-1.895846780764779e-6
-1.8984546869777683e-6
-1.899983547680246e-6
-1.9005976140826356e-6
-1.90050200422264e-6
-1.8999036455454367e-6
-1.8989962237778309e-6
-1.8979605849104508e-6
-1.896970244849168e-6
-1.8961881247936308e-6
-1.895761541302431e-6
-1.8958232060630352e-6
-1.8965077779124789e-6
-1.8979914324966208e-6
-1.900542106773704e-6
-1.9045617426692245e-6
-1.9105927236892328e-6
-1.9192465664547617e-6
-1.9310628968054548e-6
-1.9463508163337416e-6
-1.965092558318844e-6
-1.9869547538689943e-6
-2.0113673345689772e-6
-2.0376083032896547e-6
-2.064869580711967e-6
-2.092335463725136e-6
-2.119303446953436e-6
-2.1453441944313787e-6
-2.1704323521710287e-6
-2.194954636784707e-6
-2.219580442193551e-6
-2.2450714345924807e-6
-2.2721222914836633e-6
-2.3012612798876314e-6
-2.3327942758304654e-6
-2.3667655525043936e-6
-2.402935305792535e-6
-2.4408058405670775e-6
-2.4797162978221093e-6
-2.5189844552993787e-6
-2.558032362458164e-6
-2.5964443376719547e-6
-2.633953385677559e-6
-2.6703843799722266e-6
-2.7055875886172247e-6
-2.739393993197686e-6
-2.771598228156933e-6
-2.8019668523391897e-6
-2.830254446387116e-6
-2.85620478167835e-6
-2.879541667946799e-6
-2.8999534048447186e-6
-2.917107054054924e-6
-2.9307084828154964e-6
-2.9406157704757023e-6
-2.9469652534626803e-6
-2.9502315039575976e-6
-2.9511762027128228e-6
-2.950715604533878e-6
-2.9497909559530684e-6
-2.949306453087525e-6
-2.950121941539339e-6
-2.9530375510421313e-6
-2.9587297115605825e-6
-2.9676258966270607e-6
-2.9797990754141893e-6
-2.9949662202584628e-6
-3.0126123111934243e-6
-3.032154217269878e-6
-3.053057982475754e-6
-3.0748642459223005e-6
-3.097154240963924e-6
-3.119501492535269e-6
-3.1414635881293038e-6
-3.162637948086155e-6
-3.1827364134674926e-6
-3.2016394980649224e-6
-3.219385500286808e-6
-3.236118525235404e-6
-3.2520273619128406e-6
-3.2673113049710483e-6
-3.282154640566739e-6
-3.2967215981298975e-6
-3.3111490320787943e-6
-3.3255434818178e-6
-3.3399899852379275e-6
-3.3545750237516064e-6
-3.36943131500628e-6
-3.3848003425553186e-6
-3.4010967098387153e-6
-3.4189329357107565e-6
-3.4390713037669193e-6
-3.4622762966214463e-6
-3.489120067730884e-6
-3.5198368210842995e-6
-3.554290374103975e-6
-3.5920415290967657e-6
-3.632439306376867e-6
-3.6747091789478826e-6
-3.7180416582634187e-6
-3.7617251036345776e-6
-3.8053165756006123e-6
-3.848787416159684e-6
-3.892549574904438e-6
-3.937332030811786e-6
-3.983988505082784e-6
-4.033311710103633e-6
-4.085902768467901e-6
-4.14206782404215e-6
-4.201742659007659e-6
-4.264449995387832e-6
-4.329359734387173e-6
-4.395458824700323e-6
-4.46177200116515e-6
-4.5275338175247365e-6
-4.592244145699262e-6
-4.655623137502211e-6
-4.717515861655556e-6
-4.7777920428048015e-6
-4.836279533281596e-6
-4.892740951189234e-6
-4.9468829450559206e-6
-4.998384229456464e-6
-5.046909512963538e-6
-5.092107834761315e-6
-5.133608603526187e-6
-5.1710647375259395e-6
-5.204244330591865e-6
-5.2331817096066625e-6
-5.258313229649343e-6
-5.280499395069947e-6
-5.300899705793964e-6
-5.3207608251896105e-6
-5.341246602680369e-6
-5.363381264221222e-6
-5.38806743551401e-6
-5.416113642384694e-6
-5.448198083308952e-6
-5.484770044319197e-6
-5.525954644868836e-6
-5.571552911586865e-6
-5.6211567445223765e-6
-5.674306720702013e-6
-5.7305894209610385e-6
-5.789631856149309e-6
-5.851017151169904e-6
-5.9141822845348816e-6
-5.978376381782812e-6
-6.042736018900649e-6
-6.1064548560733484e-6
-6.168949680997595e-6
-6.229932681965416e-6
-6.289371798979914e-6
-6.3474013379271534e-6
-6.404219819553161e-6
-6.460023377770453e-6
-6.514957529869118e-6
-6.569103244586887e-6
-6.6224777586591065e-6
-6.675061848532744e-6
-6.726833926855598e-6
-6.777832755597107e-6
-6.828236164946687e-6
-6.878456622907502e-6
-6.92922074584957e-6
-6.981570845004038e-6
-7.036735746057763e-6
-7.095883437758131e-6
-7.159865369738705e-6
-7.229069659074226e-6
-7.303422819771855e-6
-7.38248645822461e-6
-7.465580592910234e-6
-7.551916303752965e-6
-7.640769298493785e-6
-7.73168124024929e-6
-7.824635636046603e-6
-7.920115943839885e-6
-8.01899324172393e-6
-8.122317331478209e-6
-8.2310974606091e-6
-8.346101141949677e-6
-8.467668014034524e-6
-8.595549530168823e-6
-8.728810249143638e-6
-8.86592670021458e-6
-9.005091051365728e-6
-9.144614469005784e-6
-9.283226262711592e-6
-9.420162385693359e-6
-9.555060958575475e-6
-9.68778108142221e-6
-9.818213323416038e-6
-9.946161844212988e-6
-0.000010071291422682441
-0.00001019315327071554
-0.000010311244096167997
-0.00001042504942075978
-0.000010534065612935364
-0.00001063783413961496
-0.000010736023711690767
-0.00001082860376093024
-0.000010916060334932971
-0.000010999543056511856
-0.000011080818804552802
-0.00001116197400391386
-0.000011245048282079384
-0.000011331768115276988
-0.000011423485751911183
-0.00001152126180075644
-0.000011625958901789096
-0.000011738280005836522
-0.000011858724524995811
-0.000011987533124475327
-0.000012124710201993643
-0.000012270137259900861
-0.000012423708895459799
-0.000012585370168178518
-0.000012755021034586667
-0.000012932296962147851
-0.000013116312672141695
-0.00001330554377202317
-0.000013497961978858415
-0.000013691450428295445
-0.000013884270893040573
-0.000014075345863763615
-0.000014264253613157704
-0.000014451028031792563
-0.000014635907394858256
-0.000014819121051576777
-0.000015000758181161571
-0.000015180711438308827
-0.000015358717363178816
-0.000015534426284047775
-0.00001570749677081421
-0.000015877693742380542
-0.00001604501742484769
-0.00001620989533194628
-0.000016373386045283984
-0.000016537318452984663
-0.00001670417985535301
-0.000016876721110173973
-0.000017057402692023908
-0.000017247971343928037
-0.000017449316089247843
-0.000017661582499568283
-0.000017884386690787094
-0.000018117071769736573
-0.000018358968920674104
-0.000018609694128326002
-0.000018869404680645848
-0.00001913892021973645
-0.000019419641563045943
-0.000019713295743919113
-0.000020021600974808357
-0.000020345881280424944
-0.000020686636121830183
-0.000021043115684298517
-0.000021413095219007283
-0.00002179309222922005
-0.000022179089890901945
-0.000022567456670400154
-0.000022955595040616267
-0.00002334208301416605
-0.000023726400748426142
-0.000024108481307789746
-0.000024488283483729248
-0.000024865496573708483
-0.000025239446404119274
-0.000025609162298189765
-0.00002597354564289712
-0.000026331507046305264
-0.000026682051362222943
-0.00002702438793251162
-0.000027358148685787804
-0.000027683781381751697
-0.00002800299924516527
-0.000028319036668913583
-0.000028636393256635177
-0.000028960074889288032
-0.000029294700067283028
-0.00002964392557299346
-0.000030010340401797948
-0.00003039569472627821
-0.00003080120176030153
-0.00003122777798069724
-0.000031676183307120743
-0.00003214712554116805
-0.0000326413945569782
-0.00003316000419923861
-0.000033704248668602285
-0.00003427555196904383
-0.00003487503717711665
-0.00003550285746410546
-0.00003615745223694803
-0.00003683511752694642
-0.000037530327587076993
-0.000038236884368452044
-0.00003894938095013299
-0.000039664193127762865
-0.00004037963041874851
-0.00004109542728639006
-0.000041811982966486585
-0.00004252965942851491
-0.000043248318274110466
-0.00004396717049231368
-0.00004468491641563004
-0.00004540004739966407
-0.00004611112512396399
-0.00004681699776574347
-0.00004751704486893159
-0.000048211618040021765
-0.00004890267376331274
-0.00004959438352582172
-0.00005029325973721593
-0.00005100742055920916
-0.00005174514860482247
-0.00005251345506304944
-0.00005331729442733418
-0.000054159556969426805
-0.00005504152486359713
-0.000055963498734651606
-0.0000569254442401734
-0.000057927665281564596
-0.000058971426421070765
-0.000060059363859671846
-0.00006119549868023187
-0.00006238482893335172
-0.00006363257072015008
-0.00006494308030296033
-0.00006631847291943335
-0.00006775718048493731
-0.00006925307967447509
-0.00007079603919275376
-0.00007237412785759145
-0.000073976554488361
-0.00007559580090312013
-0.00007722811124985678
-0.00007887259818123809
-0.00008052972819494102
-0.00008219986332446911
-0.00008388226813780762
-0.00008557481025917341
-0.00008727432712202922
-0.00008897731123126254
-0.00009068049107554934
-0.00009238114374144107
-0.00009407737443375993
-0.00009576879189526755
-0.00009745774450078307
-0.00009915082298861866
-0.00010085971766183758
-0.00010260045408029497
-0.00010439090646608355
-0.00010624778025085423
-0.00010818453855821982
-0.00011021086449191403
-0.00011233324845148542
-0.00011455602774981836
-0.00011688248755586333
-0.00011931593203266031
-0.00012186071180274075
-0.00012452307546301602
-0.00012731154240804547
-0.00013023656101723288
-0.0001333093286552465
-0.00013653973366977253
-0.00013993349100251546
-0.00014348902619223478
-0.00014719553019730108
-0.00015103395262992326
-0.00015498149796433386
-0.0001590177196365278
-0.0001631290031866602
-0.0001673095998616938
-0.00017155970838528517
-0.00017588217268687398
-0.0001802792726636122
-0.00018475055841137478
-0.00018929229543849632
-0.00019389848294274322
-0.00019856261633959568
-0.00020327908337032941
-0.00020804378116689873
-0.00021285454676538205
-0.0002177124029456811
-0.00022262417219938695
-0.00022760591355085606
-0.00023268520555760636
-0.00023789999931141654
-0.00024329347841740606
-0.00024890726184688823
-0.0002547762597115282
-0.00026092679201628207
-0.000267377399601786
-0.00027414110523963384
-0.0002812283980873128
-0.0002886507471691674
-0.0002964242645899595
-0.0003045725161265929
-0.0003131273351853954
-0.0003221271830221938
-0.00033161331568704576
-0.00034162397407076745
-0.0003521867800095312
-0.00036331048892943653
-0.00037497952691798266
-0.00038715598759684754
-0.0003997909617521301
-0.000412840593560737
-0.0004262783927288987
-0.00044009850140150786
-0.00045431073280233626
-0.00046893155849689767
-0.0004839750879584836
-0.0004994470631907654
-0.0005153437742101373
-0.0005316557662522686
-0.0005483735928163826
-0.0005654918259202637
-0.0005830098923875092
-0.0006009317659713803
-0.0006192680966611478
-0.0006380433700084919
-0.000657307355931787
-0.0006771455723246475
-0.0006976807872928632
-0.0007190614012857354
-0.0007414414420362948
-0.0007649623009389714
-0.0007897430690451758
-0.0008158798531693876
-0.0008434513103833674
-0.0008725284905347381
-0.0009031881766404203
-0.0009355277013935552
-0.0009696765939123891
-0.001005800125693396
-0.001044093235714929
-0.0010847665082929813
-0.0011280258214906823
-0.0011740464236983607
-0.0012229449064851674
-0.0012747600838220988
-0.0013294587064398911
-0.0013869730539392798
-0.0014472554823852246
-0.0015103210141921872
-0.0015762587711482816
-0.0016452141542086932
-0.0017173559859217044
-0.0017928436987608772
-0.0018718068557688607
-0.001954345217451478
-0.002040548373346264
-0.002130521320073604
-0.0022243985373299074
-0.002322340664614306
-0.0024245243700054967
-0.002531144205137369
-0.0026424422430589446
-0.002758768242079154
-0.002880650151531412
-0.0030088335658067303
-0.003144255291617875
-0.003287957503169356
-0.003440987892042577
-0.0036043302939130755
-0.003778882629160412
-0.003965479839618838
-0.004164957980152193
-0.004378254440102138
-0.004606522857040545
-0.004851220202369275
-0.005114127987147771
-0.005397304450239171
-0.005702993342082822
-0.006033511233477812
-0.0063911192059258855
-0.0067778913387132045
-0.007195629367550902
-0.007645902022399587
-0.008130246718754584
-0.008650459757349065
-0.009208825322572218
-0.009808180116101791
-0.010451821266768293
-0.01114333593571339
-0.01188644392791537
-0.012684933976003123
-0.013542741508514745
-0.014464136201977711
-0.01545389452446058
-0.0165173261693203
-0.017660137438224845
-0.01888825286337479
-0.020207788009997372
-0.021625363662668592
-0.023148857067486064
-0.024788437618872564
-0.02655740063028498
-0.028472226968404464
-0.030551710783060262
-0.03281558233939423
-0.03528323886493943
-0.03797295302711342
-0.0409016570161559
-0.044085275377282025
-0.047539400516417675
-0.05127969916252228
-0.05532112677839612
-0.05967548961149875
-0.06434831594025318
-0.06933780233555643
-0.0746401884748182
-0.08026627263933057
-0.08626968416858107
-0.09277517391725675
-0.0999802097160088
-0.10810724762217208
-0.11731834720800689
-0.1276334643368803
-0.13887873415600502
-0.15065415490667272
-0.1623001626464569
-0.17286640461913055
-0.18111817129475702
-0.1856283806047385
-0.18497239852409675
-0.17797458643192468
-0.1639075326794996
-0.14257779836539705
-0.11431974898786469
-0.07997013778711158
-0.04086414550818844
0.0011850311467510892
0.04401467094445322
0.08540911856449346
0.1235070367627923
0.15715470985496974
0.18605552320386293
0.21068682270374203
0.23205836777314182
0.2513998063654302
0.2698338444103238
0.28808827129502235
0.30631863268289844
0.3240881761576261
0.34047175397469154
0.35419702026289485
0.36376515969250667
0.3675641140146717
0.36403307846669697
0.35192221169266147
0.3306099036428676
0.3003363124375015
0.26219479680135765
0.2178558204513777
0.16917444515334837
0.11788289731131701
0.06547307153710867
0.013247298410774653
-0.03755299463776683
-0.0856423519678588
-0.12968951480143834
-0.1684427470851786
-0.2009234230568121
-0.2265738271619231
-0.24527810793603563
-0.25727167338317325
-0.2630222646593435
-0.26315847672586123
-0.25846643114689455
-0.2499149562142068
-0.23863230033919383
-0.22577330067586032
-0.21229550626306684
-0.19874595916004212
-0.18516312205806376
-0.1711295567104617
-0.1559509509389466
-0.13891318533978939
-0.11954640148649184
-0.09780186801264522
-0.07407653687398316
-0.04910910520910544
-0.02383732156389327
0.0007120685953837296
0.02349511831935281
0.04352563650327998
0.05999265516100668
0.07241018882338594
0.08072674402596139
0.08531429899915322
0.08683069236426252
0.0860326965010515
0.08362640483306517
0.08019038535915325
0.0761594394789452
0.07184128324360851
0.06744415811119227
0.06310367520230722
0.05890460081229086
0.05489704482957451
0.051107926686962506
0.04754888041130949
0.044221622853304214
0.04112156873714757
0.03824025330584999
0.03556695014785658
0.03308974721559495
0.03079625803938782
0.0286740868255491
0.02671112720004404
0.02489574826807278
0.02321690429948064
0.02166419271239171
0.02022787726294708
0.018898887978581733
0.017668805830309067
0.01652983770422283
0.015474785440665401
0.014497011648997245
0.013590404092183274
0.012749339890534858
0.01196865040834797
0.011243587356551624
0.010569790471251141
0.009943256976448264
0.00936031291584131
0.008817586410174537
0.008311982794377074
0.00784066160243094
0.007401015308003551
0.006990649746186253
0.006607366099900814
0.006249144379352962
0.0059141282546486765
0.005600611175839955
0.005307023672736589
0.005031921726723113
0.004773976159098284
0.004531962927809426
0.004304754261765895
0.0040913105728210665
0.003890673070301603
0.0037019570164529758
0.003524345563233108
0.0033570841371991828
0.003199475312690317
0.003050874109381886
0.002910683723889455
0.0027783516135626582
0.0026533659215560996
0.002535252210661019
0.0024235704733346474
0.002317912399722223
0.0022178988761092176
0.002123177694964062
0.002033421454926695
0.0019483256432486138
0.0018676068734024963
0.001791001265391052
0.0017182629692554297
0.001649162802078738
0.0015834869999151707
0.0015210360667585086
0.0014616237242967803
0.0014050759341775207
0.0013512300111953096
0.0012999338038562046
0.0012510449214134997
0.0012044300574257695
0.0011599643276728761
0.0011175306874413194
0.0010770193787299621
0.00103832742425025
0.0010013581634165554
0.0009660208138088805
0.0009322300735781941
0.0008999057583517289
0.0008689724457835699
0.0008393591672443123
0.000810999110901239
0.0007838293504345697
0.0007577905862492464
0.0007328269219112323
0.0007088856274687847
0.000685916958361784
0.0006638739497214934
0.0006427122488597843
0.0006223899529394224
0.0006028674511874814
0.0005841072896098252
0.0005660740371931693
0.0005487341583690827
0.0005320559044194455
0.0005160092079019078
0.0005005655710180043
0.00048569798806449816
0.0004713808460551057
0.00045758984749663363
0.00044430193640496217
0.00043149522548010816
0.00041914892247831676
0.00040724327990485077
0.0003957595301296222
0.0003846798266068415
0.0003739871973992243
0.0003636654982888231
0.0003536993618895679
0.00034407415751815974
0.0003347759551400573
0.00032579148045522636
0.000317108086136844
0.0003087137137510903
0.00030059686416444576
0.00029274657276910366
0.0002851523697177346
0.0002778042696262141
0.0002706927347220852
0.0002638086548113426
0.0002571433319317755
0.00025068844519213164
0.0002444360534258643
0.00023837855043930752
0.00023250867006422907
0.00022681945563154943
0.0002213042536599956
0.0002159566949164218
0.0002107706773432813
0.0002057403602684721
0.00020086014739298781
0.00019612467372438772
0.00019152880282967026
0.00018706760361623928
0.0001827363512574199
0.0001785305109452565
0.00017444573514841896
0.00017047784989892325
0.00016662284582982987
0.00016287687809808494
0.00015923625210815718
0.00015569741630301427
0.0001522569609187965
0.00014891161065890912
0.00014565821348968294
0.00014249374358690295
0.00013941528356662623
0.0001364200335168465
0.00013350529798452154
0.00013066848258239065
0.00012790709050472477
0.00012521871518117236
0.0001226010483849844
0.00012005185447470858
0.0001175689897236291
0.00011515038393446623
0.00011279404036939739
0.00011049804246585085
0.00010826053395204893
0.00010607972631673504
0.00010395390064866548
0.00010188139333461214
0.00009986059853022916
0.00009788997089089338
0.00009596801762770076
0.0000940932933490317
0.0000922644085665512
0.00009048002040353696
0.00008873882716911969
0.00008703957686166913
0.00008538105535388307
0.00008376209338762199
0.0000821815603465992
0.00008063835709206083
0.00007913143056032925
0.00007765975674729369
0.00007622234445519839
0.0000748182389512967
0.00007344651420758024
0.00007210627308515554
0.00007079664897250027
0.00006951680150530492
0.00006826592051713817
0.00006704321996362226
0.00006584793555703669
0.00006467932935351605
0.00006353669045185649
0.00006241932258464496
0.0000613265578843745
0.000060257743875308874
0.00005921225327544147
0.00005818947335638602
0.00005718881229438731
0.00005620969769877505
0.00005525156982445024
0.00005431389242141845
0.00005339613940913627
0.00005249780282500563
0.00005161838739400716
0.00005075741964826449
0.00004991443302058848
0.00004908897464722169
0.00004828061119988783
0.000047488915688047865
0.0000467134755163055
0.00004595388898844618
0.00004520976744901544
0.00004448073528411359
0.0000437664229600442
0.00004306647551520622
0.00004238054233873662
0.0000417082914648126
0.00004104939411754448
0.000040403530527753306
0.00003977039056752974
0.00003914967407189759
0.00003854109013509095
0.00003794435292655841
0.00003735918575417347
0.00003678531737792324
0.000036222490115528
