-0.0002942018287885605
-0.00030049950420455243
-0.0003088258515098161
-0.0003153649813685776
-0.00032494378055953005
-0.00033492961404085617
-0.00034361105561138053
-0.00035214890618499265
-0.0003602217733629868
-0.0003701525249864122
-0.0003812565765193548
-0.0003913485396161063
-0.0004014398903255892
-0.000411733965198021
-0.00042170972860534255
-0.0004366683959019743
-0.00044775059185803303
-0.0004615740832204588
-0.0004740664351367636
-0.0004889611381686706
-0.0005037643355658385
-0.0005154054731568761
-0.0005311924686660951
-0.0005477863195873617
-0.0005623938483425353
-0.0005808586244516333
-0.0005988834925823733
-0.0006173130352320658
-0.0006372437599774192
-0.0006567554880345888
-0.0006778380038015147
-0.000698630766544945
-0.0007212847691435157
-0.0007433218449415405
-0.0007682576425012893
-0.0007918961492764031
-0.0008174450776105506
-0.0008453925201040057
-0.0008734681600774927
-0.0009023445635304776
-0.0009331388443033666
-0.0009643013243684838
-0.0009968028502418047
-0.001033489913203776
-0.0010669021562662096
-0.0011042945512893575
-0.0011425685947677538
-0.001184767277597711
-0.001226788776534607
-0.0012713791993305067
-0.0013198128967860322
-0.0013649185262653053
-0.0014181395070353641
-0.0014707308000487518
-0.0015264304309527347
-0.0015840280509554884
-0.0016453845039793207
-0.0017088342162196886
-0.0017731721059531507
-0.0018469755259577908
-0.0019173195536901096
-0.001994895013020231
-0.0020757268500259636
-0.0021597623789441057
-0.0022477279011160036
-0.002343055673395193
-0.0024414505555063835
-0.0025438100304924177
-0.0026521784167608075
-0.002768340047003488
-0.00288783609001391
-0.003012855772671177
-0.0031483426157419858
-0.003286904218473942
-0.003437096221149205
-0.003592793603276277
-0.0037564714942990717
-0.003930314068174386
-0.004114790358670746
-0.004309754874113471
-0.004516424986242891
-0.004733154157973077
-0.004964075427718633
-0.005208453855127743
-0.005465968376646351
-0.005741473695441349
-0.006032567722709428
-0.006339845766420347
-0.006667212325088381
-0.007014610911644696
-0.0073842080015068656
-0.007777267440234825
-0.008193713016749496
-0.008640423419875184
-0.009110304359860594
-0.009614610968127322
-0.010153448296780117
-0.010727447454083185
-0.01133586390218062
-0.011989190871631984
-0.012683038451370022
-0.013425897453669252
-0.014220138519267124
-0.015066116150243124
-0.01597340227466215
-0.01694054090727913
-0.017976187033175467
-0.019084988829211648
-0.020267719871993353
-0.021533939304260487
-0.022886684185518525
-0.0243359969589867
-0.025881347996954653
-0.0275301846167352
-0.02928786674047848
-0.03116155243715544
-0.033153312558740156
-0.03526793027317846
-0.03750076792461885
-0.03985452271760144
-0.042324609451357735
-0.04489641407656975
-0.04754800795767617
-0.050253485318845346
-0.05295903796450267
-0.055600513653225374
-0.058074162063407445
-0.0602366607493775
-0.06189971471667775
-0.06279494659176542
-0.06258416344384278
-0.060849643068979865
-0.05711378902954725
-0.0508803281457549
-0.04173030725143544
-0.02942120450229623
-0.01395525150007494
0.004358403806338517
0.024928955539521076
0.04693208150117344
0.0693757353874002
0.09115692569101136
0.11112847973927677
0.12820147974631554
0.14145061586746538
0.15025376260904816
0.15436043034293043
0.15394035647306575
0.1495481511195164
0.14201355434839932
0.13230632903411207
0.12135663727212448
0.10993806842330313
0.09859593692757615
0.08766318322309093
0.07727581270983835
0.0674434042685203
0.05807181022591082
0.04901190527320832
0.04004772186089772
0.030942140825152793
0.021439024460338876
0.01132764313532528
0.0004548004618681236
-0.011202237182806394
-0.023526564047960757
-0.03626349184952529
-0.04903676893842076
-0.0613453052854383
-0.0725708919366672
-0.08197310488708255
-0.08878323823198629
-0.09231350728032922
-0.09212738907985986
-0.0881760186695187
-0.08085776647117073
-0.07099583215477578
-0.05965753523550235
-0.04794902408867674
-0.03678809752923855
-0.02679181185041053
-0.01825925547197324
-0.011245939918966505
-0.005655368337927674
-0.0013128417784939131
0.0019807333863262493
0.004425887297042351
0.0062107454621157495
0.007486077195205437
0.008392185427187332
0.009020286811235515
0.009442954534565057
0.009713535354281343
0.009864504752349913
0.009922546872827837
0.009905247634026395
0.009827052594126216
0.009698269772764816
0.009530669400582534
0.009328625206806199
0.00910211001079669
0.008853339768955559
0.008591750683458086
0.008315929866470853
0.008031935382281277
0.0077501357611862
0.007465084136682122
0.007182401546870564
0.006902595038415691
0.006634015912249982
0.00637313940616754
0.00612184387638531
0.005878284581693085
0.005646646503880648
0.005424662351078941
0.0052129372260651735
0.005009069846101148
0.004815069204168076
0.004627888256114575
0.004446026169051017
0.004271964728505327
0.004105297837523915
0.003940738391862958
0.0037833038072041603
0.0036322008900379283
0.003484725813070599
0.0033430719784463404
0.00320606277449721
0.0030753579017851673
0.0029494663079828627
0.0028302199512039504
0.002718309048103483
0.002610589169093914
0.002508619486708823
0.0024124998024934023
0.002321960538911854
0.002234993195958879
0.002153316582833802
0.002075835948711771
0.002000642851135577
0.0019285526358153525
0.0018582828352458418
0.0017937612468763213
0.0017298273057663254
0.0016685587676389657
0.001607757769452847
0.0015488380596130633
0.0014928409819025305
0.001435848129352783
0.001385788038664712
0.0013341037631992097
0.0012890966476362673
0.0012434939603975508
0.0011977920047156366
0.0011563256228226404
0.0011182366818069784
0.0010801397329515095
0.0010458991129630806
0.0010122928726178928
0.0009813032413504702
0.0009484355060494828
0.0009201840652863484
0.0008910370730629552
0.0008652949382656607
0.0008373558792761147
0.0008113281808555574
0.0007854054011268136
0.0007604657944738557
0.0007360252722921083
0.0007127529004336062
0.0006895562258843427
0.0006688063919424487
0.0006465644825130806
0.0006282050767464429
0.0006076251366187504
0.0005886187248732605
0.0005722760538660185
0.0005556555990117824
0.0005389562723670537
0.0005241298039872429
0.0005108191884136475
0.0004948489232535577
0.0004815444929290829
0.00047050171751935785
0.0004555047142834696
0.0004456097435207195
0.00043260758214743334
0.0004202231009936821
0.00040965834544513997
0.00039815150926493905
0.0003885530664754935
0.00037535202229860667
0.00036571640279161596
0.0003551336063006101
0.0003459619780795538
0.0003341870725425537
0.00032724492070980524
0.0003167233730134153
0.0003108246646587397
0.0003032629509819644
0.0002951696214995643
0.0002873210758535333
0.00028221430110362113
0.00027410043140544375
0.000268229792137445
0.0002614654395603622
0.0002549826504391273
0.0002490515695213998
0.0002435716987017311
0.00023732028542247373
0.00023075528703595175
0.00022520137910178156
0.00022038330028764186
0.0002147789094330457
0.00020947886124258452
0.00020458794322458128
0.0001986742171751198
0.00019470220083581247
0.00019025914843619372
0.00018590021542643447
0.00018045362240381405
0.00017794429213456182
0.0001739772870839833
0.00016916042216849917
0.0001651490273027413
0.00016288002208282606
0.00016028342558090114
0.00015619534306277825
0.00015228252739206503
0.00014876906873361901
0.00014695838510571689
0.0001439481116722641
0.00014060507335515008
0.00013761897319634046
0.00013417523599000658
0.00013072544496409754
0.00012795362933262712
0.00012498235937068706
0.00012183403234130083
0.0001192857239120095
0.00011666446397936711
0.0001141303516237349
0.00011333510004917004
0.00011114653215911579
0.00010794542227405846
0.00010585470155424542
0.00010465190513263534
0.00010161396359688804
0.0000997830382628888
0.00009826146299616989
0.0000957575268259853
0.00009517097665366285
0.00009362737192838757
0.00009231453664202904
0.00008919317026380782
0.00008715111318120954
0.00008600484570265303
0.00008391700850161886
0.00008144204046341633
0.00008016837969651544
0.00007946556955843312
0.00007714434959700227
0.00007565446359066976
0.00007431014404153038
0.00007215887381357844
0.00007221038480385615
0.00007117400439853645
0.0000698394141106624
0.0000696505367157211
0.00006709295709343275
0.00006641181432879888
0.00006586827319377225
0.00006417974069296048
0.00006166354112553797
0.0000612218185452289
0.00005911675286049625
0.0000585771760291911
0.00005775145789848281
0.00005797041465634673
0.0000564677470343799
0.00005537433466003234
0.00005415450853371055
0.000052748772459062105
0.00005287478474660274
0.00005102391098805465
0.00004974671205795454
0.000050244394828272536
0.000049341998741742446
0.000048616015482972574
0.000048112033158913016
0.00004734579541647562
0.00004568429783021614
0.00004523164620596352
0.000044369065945230316
0.00004318438774263897
0.00004462002928909321
0.00004327458052616926
0.00004200413765698505
0.0000407280679432301
0.00003989382258327332
0.00003957424983359988
0.00003942704118498658
0.00003758507084059472
0.00003718130964300719
0.00003744863796839483
0.00003606221652392932
0.00003511548940432664
0.00003523127108961514
0.00003510180879236113
0.00003494889158476784
0.000034314310274306414
0.00003472753628417251
0.00003280182646500302
0.000032326627726732006
0.00003244153967584714
0.000031912900235614524
0.00003153400082745849
0.00003133035409639789
0.00002976077814966805
0.000029835342472715105
0.000030169571071575352
0.000027980991884601505
0.000028834178481249835
0.000028635258958340725
0.00002693558413838736
0.000026261240235058647
0.000027552623032674788
0.000027346872304998852
0.000026392985329105197
0.000025370487015436987
0.000024810945188480755
0.000025896085538116958
0.000024628725381649074
0.000025238117358817584
0.000023887439295194476
0.000024706178275382558
0.00002348754246989364
0.00002315023122399138
0.00002211668366672336
0.000022946680258014574
0.000021515686278144525
0.000022188350762070934
0.000021980688993094202
0.00002068893256107359
0.000020529560312006248
0.00001963221147127685
0.00001913016566288828
0.000019900291963936256
0.00002007587559209103
0.00001990369713693055
0.000019695645576012604
0.000018944076934387392
0.000018576953826895254
0.00001733953673906195
0.000018870387779633098
0.000017623323934762522
0.000018129573657151782
0.000016933078701992665
0.00001645089609220442
0.00001840247911212913
0.000016629854335284974
0.000015999180305957414
0.000016774165485908667
0.000016319258685564656
0.000015883144168203383
0.00001529860367663832
0.000015570575575425146
0.000015290541782305252
0.000014997683021711571
0.000015012066947696974
0.00001520453117254627
0.000015163960592047427
0.000014444226776047249
0.000013682053423888432
0.000014569363068046538
0.000014062249762201142
0.00001316766740625899
0.000013859529639641993
0.000013525270750247558
0.000013786344480501368
0.000013663297980469227
0.000012458835756522866
0.00001239151588766295
0.000012118729954088026
0.000013450751347926958
0.00001236564599309573
0.000011927880537451428
0.000012078903769967586
0.000012173739151181796
0.000011450842712856662
0.000011515493182890247
0.000011587914682708313
0.00001070360258104276
0.000011051451290972221
0.000011499112505922087
0.000010825022061838503
0.000010718302967514359
0.000010512063037875753
0.000011054275254323177
0.000010195328520783451
0.000010307920101123287
0.000010668211365510017
9.599962295007629e-6
0.00001002278370330461
9.44368000031374e-6
9.200682313275651e-6
0.00001003794709099861
9.276266343370436e-6
8.307146935454901e-6
8.634426164916367e-6
9.405613093924565e-6
8.63358446811287e-6
8.631384977762592e-6
7.87201656112532e-6
8.803698805120578e-6
8.738757766129235e-6
9.238159094653213e-6
7.854291313933252e-6
8.281741397112664e-6
8.390950820858594e-6
7.2178008133571185e-6
7.986116761438735e-6
8.901299977756573e-6
8.684896990424705e-6
8.41437318764272e-6
8.108324628531973e-6
7.060301460640498e-6
7.904530492131357e-6
7.271375906524899e-6
7.174343462260134e-6
7.263164568479963e-6
7.362610387062768e-6
6.6282725188424515e-6
6.992230862459228e-6
6.354036679967548e-6
6.662406269542261e-6
7.475681539310635e-6
6.881878144339827e-6
7.66973060494486e-6
6.214864408358986e-6
6.177908702319415e-6
5.6846317599194884e-6
6.326713910353474e-6
6.879598799583646e-6
6.185331322469886e-6
7.504635104610648e-6
5.6665475832024445e-6
6.2252111378766505e-6
5.8267042340877005e-6
6.413089465550701e-6
6.213444893570433e-6
5.82377849825197e-6
5.701391881300414e-6
5.197987043558062e-6
6.643951129842077e-6
6.322268963106644e-6
5.361907506269431e-6
5.505114775958704e-6
6.335760406593945e-6
5.742896515023742e-6
5.367571515509342e-6
5.502544498932565e-6
5.8148320198798716e-6
6.0482926268009886e-6
4.657857163457582e-6
4.79259898680795e-6
5.6453947839234425e-6
4.690334833988844e-6
5.683773441684312e-6
4.87646337401019e-6
4.684876631032016e-6
4.457460529787153e-6
5.223587732157549e-6
6.22808038998756e-6
5.36318333803665e-6
4.8428857116181225e-6
5.412175193532762e-6
5.386689568986777e-6
4.962395304209936e-6
5.110175383569088e-6
4.297200615251863e-6
5.025850322581e-6
3.7161206503559504e-6
4.80229437370742e-6
3.6474787492106682e-6
4.1956877445316715e-6
3.6918664068136675e-6
4.143312081641832e-6
4.149098150510044e-6
5.095620384637736e-6
4.223110492782313e-6
3.4758215648483866e-6
4.465650258742336e-6
4.326727724865808e-6
4.028375429351432e-6
4.317664430459779e-6
3.628026125865178e-6
3.6858004181516582e-6
3.6426545961065626e-6
3.5137635440502164e-6
3.380230783069206e-6
3.5764498980906072e-6
3.7058872028561406e-6
3.404079752401738e-6
2.703101380579122e-6
3.4934285746225527e-6
3.7446822880008437e-6
2.789980106696035e-6
3.6212730223385147e-6
2.8955798819824045e-6
3.5308385090337657e-6
3.964648501956763e-6
3.603234331751766e-6
2.888767022304283e-6
2.972641009498227e-6
3.502032222171969e-6
3.015950860613588e-6
2.9484880929250763e-6
3.556818776791957e-6
2.872851292112558e-6
3.4223221138733286e-6
3.163990895595035e-6
3.2605178697212976e-6
3.1865391177273627e-6
3.2779496065723386e-6
2.984743490098604e-6
3.858303302167438e-6
3.861595568684239e-6
3.6480549347439813e-6
3.0471972287332043e-6
2.726713116762423e-6
2.4417952183997545e-6
2.826311110369405e-6
2.8131903280605435e-6
2.8455910643654986e-6
2.857425077112306e-6
2.7440339300048217e-6
3.1188369464292514e-6
2.1510037514696514e-6
3.076584235881448e-6
2.311865133230647e-6
2.490228366934526e-6
2.7368726516004333e-6
3.0607279023391113e-6
2.6029608204983574e-6
2.641452217019152e-6
2.8872209858989843e-6
2.8862714884533673e-6
2.897928756494936e-6
2.342555074927852e-6
2.8017931806234483e-6
2.379587002392217e-6
2.2714740794619903e-6
3.4580077198452316e-6
2.6579540581516763e-6
2.586534197196644e-6
2.383122759903053e-6
2.2281673275538133e-6
2.9615050652591264e-6
2.6335528064357347e-6
3.310233195847086e-6
1.9667996020221647e-6
3.023564736581171e-6
2.1579410446569862e-6
3.276033837231468e-6
1.551156583364111e-6
2.1450959653572777e-6
2.4369862649671772e-6
2.8335767041375434e-6
1.4197308008428114e-6
1.4468554205322748e-6
2.305892205931947e-6
1.827264107586301e-6
2.3298864587558267e-6
2.943996495853284e-6
2.125869492899867e-6
1.4213969798419656e-6
2.183877579025226e-6
1.8739412714265637e-6
1.2441795796037503e-6
1.479586845285974e-6
1.3728242323414365e-6
1.8948961485778008e-6
1.7793895710342337e-6
1.5004678311848164e-6
2.388753688107406e-6
1.8256514820224497e-6
1.4287685784086779e-6
2.318608589424326e-6
1.95620901636878e-6
2.488305113910201e-6
2.0787624752630387e-6
2.1480644042355987e-6
1.961086841192133e-6
2.2628699137524215e-6
8.300095965231765e-7
1.798625959728002e-6
1.6869915182519597e-6
2.3155360584008497e-6
1.133627857143779e-6
1.4424575988796737e-6
1.5028059250969667e-6
2.374995004172693e-6
1.3991103526421166e-6
1.3557257217185912e-6
1.544317992733969e-6
2.2521081922567633e-6
1.7182321472016611e-6
8.064103503401345e-7
1.8736975124363236e-6
2.414972998773271e-6
1.43818665705731e-6
1.916514743142251e-6
1.9326630860629226e-6
2.112561908194451e-6
1.4074672718624784e-6
1.6932333982373915e-6
1.6505396842186066e-6
1.6083158928599826e-6
1.800618695452337e-6
1.837477449221837e-6
1.4772006538408506e-6
1.8415013848164466e-6
1.0510160686717342e-6
1.245980310057698e-6
1.7322764356273997e-6
1.182462228843075e-6
1.6714577785289004e-6
1.8885455081539223e-6
1.197056684858201e-6
1.6460190530436018e-6
1.204774855874947e-6
2.0956276051951373e-6
1.405526366701604e-6
1.5420534919189566e-6
1.256617929291827e-6
2.0020792661336726e-6
1.0913665339590063e-6
1.4259637203026918e-6
1.0409758487733588e-6
1.1744557133900402e-6
1.961959716180938e-6
1.3193649515423878e-6
1.0838641066124969e-6
1.0726993240841675e-6
1.4067874152165868e-6
1.56520875961432e-6
1.4670399951592858e-6
1.4166647580618037e-6
1.6687872993696138e-6
1.1694150005110348e-6
1.3672499893867235e-6
9.255002175434046e-7
1.791141515367922e-6
1.3887309920979781e-6
1.3918858401444812e-6
1.228611055148204e-6
1.4280634855661834e-6
1.0117575502463963e-6
1.0013937886253093e-6
1.2232278738358087e-6
7.93348713469469e-7
1.1355084142756338e-6
1.4693229322226445e-6
1.3478897411272957e-6
1.279618196327766e-6
1.1249173228763638e-6
1.0567830225511809e-6
1.116897744482902e-6
8.721040417801579e-7
1.1346563066362761e-6
6.437198352916533e-7
1.5682023117079403e-6
1.5684559858965736e-6
1.449664596230739e-6
8.18489159008359e-7
1.3019029646290411e-6
1.2275670887564722e-6
8.377190514291815e-7
9.511313114685542e-7
6.571412567672734e-7
8.757652723142554e-7
5.027109562984817e-7
1.0088898172598062e-6
7.618169365749955e-7
1.2363708782102572e-6
9.704560553226094e-7
8.636303311005996e-7
1.1867413466055693e-6
6.454494187171969e-7
9.486033044046934e-7
1.3992968037659734e-6
6.599329172618028e-7
9.972922280662364e-7
9.900612597098403e-7
7.119977734335497e-7
6.328138675732749e-7
1.9204798571161923e-6
8.662340060033192e-7
8.408891025813399e-7
5.222994642388143e-7
8.268863508476519e-7
8.664287668654179e-7
1.1251290005603013e-6
6.402514660176038e-7
6.551959214529391e-7
1.062456953202952e-6
1.0315882432332439e-6
9.200566645853304e-7
9.847748270738642e-7
1.0258000462816346e-6
9.108814662567689e-7
9.433554889559076e-7
1.0409826315150412e-6
7.68407206370403e-7
8.511438162195109e-7
1.169302546277251e-6
1.1329381176532702e-6
9.843590303403197e-7
6.281752933385491e-7
9.731315920972882e-7
1.1050756539027638e-6
5.539012219931618e-7
8.696368939012644e-7
8.585938579237368e-7
3.3987647133214725e-7
1.0533052441338309e-6
7.860316539227655e-7
6.39436084417325e-7
6.638080760635385e-7
7.532980835607241e-7
2.5829757799843514e-7
7.749239948051067e-7
1.1677551070500535e-6
7.837552382548841e-7
7.107875395370162e-7
6.795679820542658e-7
8.894659662244672e-7
3.318525690205579e-7
1.2949470621909834e-6
8.254380230654317e-7
5.18473707268625e-7
6.105510136756236e-7
6.938875192055058e-7
7.634056093872555e-7
6.728215729072542e-7
9.716923974217462e-7
1.1767795472055606e-6
5.850437461875423e-7
4.6394187210101675e-7
5.539164426285511e-7
1.0152229753349639e-6
1.0044658712992805e-6
1.2064217019209148e-6
6.892246146941714e-7
8.085652521655791e-7
9.856652116223569e-7
1.0241223362584827e-6
7.43078606317332e-7
1.0234258888107142e-6
9.45538489056437e-7
8.428514785343596e-7
8.126420039082867e-7
8.946689112724585e-7
7.445645804934136e-7
1.686718871094649e-7
6.209134561929022e-7
3.2750934354004343e-7
7.540594113770634e-7
1.0202920425108463e-6
4.4585982842189155e-7
7.67717557282923e-7
4.5097817087787735e-7
4.1001952642093344e-7
7.931617825806173e-7
1.334070239441122e-6
9.877488571467916e-7
5.188059727325641e-7
7.788622552566933e-7
7.126642237925564e-7
6.080177959615275e-7
8.317088167580361e-7
5.714181070484453e-7
7.722518520751181e-7
6.938591286803339e-7
1.0827364489014884e-6
7.032788385422832e-7
3.3801234463020646e-7
1.0887186959512241e-6
6.857551479442544e-7
3.753606818866598e-7
4.3089707186704436e-7
3.351213599317492e-7
9.761738365404248e-7
9.852392860988448e-7
9.209549574586186e-7
6.14803333432e-7
6.313514920426135e-7
1.1833156344550516e-6
8.723612133335889e-7
7.143602331933687e-7
2.3734772550019018e-7
7.395952136720878e-7
1.1658013253578517e-6
8.431476070597367e-7
4.621537461874353e-7
5.791906225667464e-7
1.0732130857781703e-6
5.544391829722914e-7
4.6773105784984233e-7
7.223739357725071e-7
7.173199394670191e-7
3.765438230709355e-7
6.284643416076599e-7
4.5700474442505964e-7
5.338909270542031e-7
8.408246939371077e-7
4.067801080417041e-7
1.0551019603670043e-6
8.572973661686581e-7
5.789892378386667e-7
6.055887385210772e-7
8.607082166264387e-7
1.2136347954463892e-7
5.330066951547713e-7
1.0875130644471092e-6
3.8089554442649804e-7
5.571170911344917e-7
8.266790373153886e-7
7.762212698756987e-7
2.0070729597301272e-7
2.958466464122656e-7
3.12812762452995e-7
5.017907258533685e-7
5.62655680906723e-7
5.59012535292621e-7
6.445131755463927e-7
4.3381517036939367e-7
2.355562570202833e-7
2.1310722694230915e-7
6.782537414336493e-7
6.87808715444339e-7
1.7261561470779179e-7
1.5471381696614244e-7
4.2989392122303757e-7
-1.1066984384001096e-7
2.4319137377566163e-7
4.984732918607258e-7
7.661043972512721e-7
3.2356946797097145e-7
5.162192217215629e-7
7.040929195636984e-7
6.781032431179848e-7
7.3556463827425e-7
9.73741944956602e-7
5.577849235401575e-7
4.418700966447044e-7
6.159264219712824e-7
5.146240694687044e-7
5.043582449608777e-7
1.3282107783677856e-7
8.466595542953804e-7
1.8228357897296504e-7
3.7919556896794994e-7
4.736976092913327e-7
4.7231075467982447e-7
1.7665035359061116e-7
3.1374016125906953e-7
2.2284333430200782e-7
5.025980505219378e-7
8.113815998511085e-7
8.453568648930857e-7
6.832988139640399e-7
7.438956613013761e-7
4.860234769734933e-7
5.605873028363295e-7
1.9072905728447912e-7
6.574768641915898e-7
4.2462113462729003e-7
7.69226628497321e-7
7.367815541456837e-7
6.481874223793081e-7
5.150916363026935e-7
5.304244753632631e-7
5.649817754436314e-7
7.614556888211421e-7
5.676061756389539e-7
3.0183364263913403e-7
6.837158073174159e-7
7.25566811640934e-7
7.537070354679983e-7
5.417338993718069e-7
5.524511951522378e-7
6.744051264615424e-7
4.927905982926365e-7
8.836066456432735e-7
7.913586738358518e-7
1.561515044916171e-7
8.202025393370155e-7
4.287968569437837e-7
6.324728480189368e-7
2.484773625471407e-7
6.990982385545801e-7
3.7663303849147394e-7
2.3086352375232014e-7
7.478136254936e-7
8.13818255854723e-7
4.513101211345334e-7
3.026547385917946e-7
6.958530586527072e-7
7.352287911261767e-7
2.6291026221011866e-7
7.246868398521339e-7
5.37476364379572e-7
6.044508070566621e-7
5.23897633420235e-7
8.618672800164975e-7
4.6692167568534017e-7
4.509431257533611e-7
2.531013430349911e-7
6.898494033456211e-7
5.031353957728575e-7
4.0043884601190526e-7
6.757929484634669e-7
6.008808210467932e-7
4.487384285872448e-7
5.807471131298753e-7
4.5179798933627766e-7
8.470205556691123e-7
6.37799544566823e-7
4.0368402481061054e-7
7.957029794521855e-7
2.0588353403231364e-7
7.777086535131177e-7
4.536103295763615e-7
7.570986195621417e-7
4.559836543505864e-7
4.649165284546663e-7
7.987018713776834e-7
7.468361773647685e-7
6.985166475846662e-7
5.924796356691194e-7
8.970966773552001e-7
3.7991490918345086e-7
5.857126915090155e-7
4.2048806681617305e-7
3.0432877053069167e-7
-1.399042464218749e-7
2.2351173588565743e-7
2.921049823494589e-7
4.2368476625956205e-7
6.298285132329597e-7
7.095871630924396e-7
3.3206793981032786e-7
4.2514974481382787e-7
1.080981159365833e-6
3.3671838800442854e-7
2.3469231245604057e-7
5.164269261522814e-7
3.4540895394891426e-7
3.0523728132755143e-7
3.7995220658837176e-7
1.7955283354587154e-7
9.499847331725903e-7
4.6111107237442663e-7
6.476111145011028e-7
9.620070107212419e-7
5.153576890996948e-7
7.439182159398488e-7
9.602185196675207e-7
7.993980662641312e-7
6.183914379915505e-7
4.636359476924107e-7
7.838525746245698e-7
3.031071092304776e-7
7.979497628497587e-7
6.215437780566497e-7
3.6983206723029625e-7
8.079839645087505e-7
3.9086209377336423e-7
6.181936153441593e-7
4.719106544541744e-7
6.389618113780054e-7
5.849268411781004e-7
4.991593159696626e-7
2.7790083367962654e-7
6.806088437975927e-7
9.072938451719457e-7
2.771924069647743e-7
4.4211132252770477e-7
5.109691521613823e-7
8.855723956152886e-7
3.626277255912806e-7
6.362223947339038e-7
8.337214838555433e-7
3.63605195221613e-7
4.791083301505636e-7
6.56234764388832e-7
6.151907502444e-7
2.76237237128866e-7
2.665962898870291e-7
8.826767861503666e-7
4.4019076568178894e-7
2.961028315956969e-7
5.351750811588241e-7
4.4134589566515184e-7
3.1358873007261787e-7
2.4273799087941076e-7
2.1567722328220403e-7
1.6221265540703686e-7
7.994255409086779e-7
4.806701659989716e-7
5.805871060895764e-7
5.784046294986786e-7
7.061339949902862e-7
7.130500390869694e-7
4.275175209681735e-7
1.139515330667354e-6
9.449816640867406e-7
1.141358214821203e-6
2.9876734600318556e-7
8.400330110741541e-7
8.918045218361502e-7
7.643320292896053e-7
5.577083122265622e-7
5.563051961478354e-7
7.040287218326501e-7
7.076170940691863e-7
8.286686669702038e-7
3.726864394917782e-7
3.2316436644091326e-7
4.866550527257711e-7
5.247655681837197e-7
3.9165592481561304e-7
3.321916972788281e-7
5.27161373027877e-7
6.253591082502347e-7
7.469723599628216e-7
4.94379390339549e-7
5.652193821293899e-7
4.858356796750702e-7
4.893437776795423e-7
6.053066658283717e-7
5.571440652655963e-7
4.11432109185295e-7
2.3685735648539489e-7
8.35420749221418e-7
3.877659398925539e-7
1.0126122883061543e-6
1.3954068343391785e-6
5.463147252327142e-7
9.946255294207096e-7
9.106881689362427e-7
1.3465970254727071e-6
6.403102542695319e-7
7.271954948009033e-7
8.391897865667783e-7
8.159354320837598e-7
8.753619447266704e-7
5.670098589804525e-7
7.849319317794982e-7
6.903775460694846e-7
8.215855097610959e-7
8.721038941186879e-7
7.101172797220144e-7
9.669885674718297e-7
6.150967769778019e-7
4.776636558695979e-7
7.645213024766405e-7
1.0496506867535041e-6
1.0788061524898462e-6
7.062140489637894e-7
9.49102452552364e-7
7.578104867770835e-7
6.068318691710911e-7
9.313413512640842e-7
4.701229984491056e-7
6.375141688239276e-7
6.622658983409344e-7
1.268763917184052e-6
7.92237668149214e-7
1.016172996462857e-6
9.143957770391554e-7
9.647445513050091e-7
5.542455872731172e-7
1.041079526310138e-6
1.1349550228179863e-6
8.48065747267202e-7
5.347512882901601e-7
6.53386647303221e-7
6.28223605042717e-7
9.12328947407578e-7
8.885413128852219e-7
6.438624945853514e-7
1.2601676575544162e-6
5.345212508857967e-7
8.587157526722017e-7
1.038430545462842e-6
1.0319241862159236e-6
1.3724017576345629e-6
1.8357312620129617e-7
1.0431854083128464e-6
1.3320947027988234e-6
1.2226354728450376e-6
1.0485806585035362e-6
7.756803245525433e-7
7.839737863897785e-7
9.702644664996255e-7
1.399484621253687e-6
1.2058543768563197e-6
6.032073291719644e-7
8.311042903351762e-7
7.280104483786724e-7
8.281850095101469e-7
1.0213376162245746e-6
1.2332637541571531e-6
1.0384716442075137e-6
1.5002560892386383e-6
1.1295313746626767e-6
8.441269170853132e-7
9.33336638354662e-7
9.88885317381844e-7
6.861457198856061e-7
1.081366911432227e-6
1.135139192940894e-6
1.3093473396223051e-6
8.6985912223811e-7
9.675393493802748e-7
9.662960855949732e-7
9.315991936436313e-7
1.2682129436654306e-6
1.421781618168823e-6
1.0871474485594177e-6
1.0207541476189482e-6
1.375939283399983e-6
8.279057573684072e-7
1.2397073877018235e-6
7.322096275083323e-7
1.653652593102925e-6
1.4257794653551888e-6
7.267292176437773e-7
1.2369957554077938e-6
1.2452326360830524e-6
1.1298417229528783e-6
1.3659931918127515e-6
1.8762159644795914e-6
8.560480779407458e-7
1.315201548779918e-6
8.605537887805989e-7
1.7388894577319408e-6
1.5798876089697475e-6
1.0772953265989449e-6
9.424100015212617e-7
1.0684874263252464e-6
1.2650439254892703e-6
1.5922691787048648e-6
1.4785033501826565e-6
9.26979642814454e-7
1.422653609419834e-6
8.974055367859281e-7
1.6002705734140558e-6
1.8829418235891737e-6
9.564971377302927e-7
1.2139674707069783e-6
1.6675576459678515e-6
9.68839890725774e-7
1.8638448620526028e-6
1.7454986072920398e-6
1.2554971337193935e-6
1.4017690373274935e-6
1.4448121976528545e-6
1.1018911264231855e-6
1.365171642939123e-6
1.310866249345511e-6
1.2364720185339328e-6
1.271871361293223e-6
1.0313961153955267e-6
1.4560038661795303e-6
1.4854184371471553e-6
1.4736082354692614e-6
1.5455624251221532e-6
1.3880450437569494e-6
1.7178315856373362e-6
1.1290502090405219e-6
2.074191546101886e-6
1.0290451739643416e-6
1.7064870522357813e-6
1.4302121182553207e-6
1.5338930807407432e-6
1.4454100787617739e-6
1.2101198330092082e-6
1.2588625729628815e-6
7.292916392018562e-7
1.5179865834856767e-6
1.4710519605748586e-6
1.6466576920812935e-6
1.4191012441751325e-6
1.2389441600964936e-6
1.6859775983291262e-6
1.7795825397781268e-6
1.8118242605272345e-6
1.3946236396189459e-6
1.0969469804656828e-6
1.1039914409476372e-6
1.0902916490051886e-6
1.8426699789953854e-6
1.2283632859500432e-6
1.1078086119927182e-6
1.568213091222217e-6
1.9146820267943885e-6
2.3039949800425544e-6
1.930360527431632e-6
1.6116510861024865e-6
1.737694531489097e-6
1.5128757840290185e-6
1.627938053446164e-6
1.7711962647012991e-6
1.9585949047018535e-6
1.4299972308159921e-6
1.7592932505307103e-6
1.1178566349918565e-6
1.7768979860281247e-6
1.643782688680452e-6
2.0914454255789122e-6
1.3188828886932592e-6
1.6049102899847722e-6
1.7724182698791902e-6
1.3966309795410488e-6
1.5543293432666482e-6
1.5767010916713796e-6
2.0134917705494176e-6
1.7165118524652796e-6
1.6935234764724527e-6
9.678010467628544e-7
2.2903469043035976e-6
1.3346378096036424e-6
1.8759621566013981e-6
1.8577554217127894e-6
1.8544586225779933e-6
1.8001485133935495e-6
1.414809330484836e-6
1.937235651483674e-6
1.8607046101189624e-6
1.7951895024268684e-6
1.8232584117284517e-6
2.307191456869351e-6
2.1611044913332395e-6
1.7738898869947758e-6
1.5918365309564843e-6
1.3260484205841275e-6
2.3640164710626308e-6
1.530447908669321e-6
2.1832263581690134e-6
2.21216185218603e-6
2.2770590121251865e-6
2.6741141514608233e-6
2.0610088324336687e-6
2.5075930386014373e-6
1.9738309856230924e-6
1.7121250617725492e-6
2.2762875478874423e-6
2.877557036454617e-6
2.5447493589054592e-6
2.619242599379646e-6
2.333160839071204e-6
2.5809388017141836e-6
1.9975974793906626e-6
2.7714261789150583e-6
2.353392938680033e-6
2.150045951399459e-6
2.6634704451956513e-6
2.2110198390592594e-6
2.6179498431523952e-6
2.1350382286479807e-6
2.661837394871508e-6
3.097913133897616e-6
2.5773735202141797e-6
3.2226189838171384e-6
2.578466643304422e-6
1.8150911289761534e-6
2.697217251460061e-6
2.2619834543719872e-6
2.94569201155052e-6
2.74460069650495e-6
2.6803615596660104e-6
3.032190022268942e-6
2.4158307290795557e-6
2.4385758096163868e-6
2.9532629208990754e-6
2.182558875884763e-6
3.554760867458379e-6
2.1677712657588772e-6
2.615938447460564e-6
2.7176245879006836e-6
2.9401151578341477e-6
2.4409449917946597e-6
2.432467720382071e-6
3.160394059651403e-6
2.808371581483641e-6
2.753274506448097e-6
2.6596806565465678e-6
2.972602520927259e-6
3.930414009372382e-6
2.326510664532804e-6
3.5744334089518064e-6
3.7235174958697733e-6
3.0797502515499177e-6
3.261391278300735e-6
2.9672698273191365e-6
2.566880987764153e-6
3.328826474378936e-6
3.937990962503357e-6
3.6555739151804076e-6
3.891432078201979e-6
3.194153512726587e-6
3.5459660015087545e-6
3.707780033216665e-6
3.862131743598607e-6
3.830089464217516e-6
4.608441501486228e-6
3.7484738213060974e-6
4.326730519071801e-6
3.2644122374184676e-6
3.6496618879128316e-6
4.0361053067253505e-6
3.454597289712474e-6
3.437433666368495e-6
4.626031675656175e-6
4.016522167347628e-6
4.323915225368803e-6
4.356803014000087e-6
5.004061797351935e-6
4.913513078806162e-6
4.246305359475897e-6
4.745543137505354e-6
4.16984619895022e-6
4.92812047678853e-6
5.572539787628929e-6
3.979303986681909e-6
4.847582940657454e-6
4.810008988455746e-6
4.9582938101934875e-6
4.713941096273425e-6
5.345560799834134e-6
4.670124403901528e-6
5.028246198576413e-6
4.533637909643884e-6
6.144712107003037e-6
6.0062460407895985e-6
4.604198698071656e-6
5.917371535966345e-6
4.23154877839652e-6
4.8320484738097165e-6
4.843150399421016e-6
5.549887493441357e-6
5.058509400257019e-6
5.316823012705815e-6
5.033167632905896e-6
5.481914741740303e-6
5.717788837801389e-6
5.968865678433277e-6
5.799274826188669e-6
5.97786960278838e-6
4.7048060980786726e-6
6.8431303966267895e-6
5.964526611388341e-6
6.812846798383443e-6
6.009707405744601e-6
6.3368656922558005e-6
6.255238200032155e-6
6.580952403023533e-6
6.379725295949868e-6
5.580900128079879e-6
6.236008357962996e-6
6.077451057986604e-6
6.068550996177205e-6
6.121664724215325e-6
7.349081061778367e-6
6.2371650987128015e-6
6.98832755004782e-6
6.114281826631137e-6
6.819271953048727e-6
7.379278548163565e-6
6.538212922897939e-6
6.582942778669454e-6
6.426005620884829e-6
7.010148938346543e-6
7.302429526731356e-6
7.288833108384739e-6
7.410839263567739e-6
7.138721297711508e-6
6.8855731467731755e-6
7.81833293980947e-6
7.348949160156575e-6
7.5443275085546475e-6
7.640383090176328e-6
7.5622147369565055e-6
8.011962527870384e-6
8.509285624964977e-6
7.739487619707892e-6
7.693661466038014e-6
7.98717071440792e-6
8.2885663169473e-6
8.971708154165354e-6
8.516923894942506e-6
8.720396065377079e-6
9.826630953196064e-6
8.684388698609742e-6
7.911048000502432e-6
9.650747831867936e-6
8.711887379852062e-6
9.305553063724987e-6
9.170983473685906e-6
9.91678398847804e-6
9.66364697783967e-6
8.49688740531348e-6
9.271805330978734e-6
9.461008347547049e-6
0.00001030003260222243
0.000010532620500793063
0.000010306936531215005
0.00001029309441266048
0.000010251186618115513
0.000010095279013509766
0.00001072186588835411
0.000011510481677844146
0.000011608971758104641
0.00001116271407191554
0.000012152677916179037
0.000011474451401244626
0.000011355521416316882
0.000011304143751071467
0.00001239345731895105
0.000011389234543914666
0.000012392355083455771
0.000011054055117088051
0.000013229450149779677
0.000012125969086873099
0.000012959384240716241
0.000012072017205595859
0.000013737912684893474
0.000013256423042057719
0.000013420426441732905
0.000013106416245502414
0.000012333447186379415
0.000013791716774955401
0.000013844328096776322
0.00001371473351826734
0.00001434382758227095
0.00001535655778323628
0.0000146659393744131
0.000014600100590745907
0.000015484852033666
0.000014430639569694676
0.00001550720116939259
0.000015311430994749512
0.000016727813264116154
0.000015892746710151827
0.00001500339077169731
0.0000163596100438777
0.00001557749271006002
0.00001663480083161748
0.000016468514135695517
0.000017252939017904862
0.000017300585283204525
0.00001825710882274931
0.000018817266328064646
0.00001846607896793457
0.000019187972479902383
0.00001906877016693061
0.00001933564971651824
0.000019231303500107908
0.000018630141150076798
0.000019930400588008444
0.00002031251396996987
0.000019088119755824968
0.000019829954053031512
0.00002070029929349409
0.000020786877383734642
0.000020493127999305255
0.000022610173128766022
0.00002150766134690738
0.00002216963005148718
0.00002263855635756924
0.000024045769731316393
0.000023865301676100522
0.000022693948544284298
0.000024115576547721446
0.000023628481261053885
0.00002524994704943568
0.000024393600106228753
0.000024237852660457728
0.000024976209723128105
0.000025911340072340374
0.000025540808944836328
0.00002678621884520221
0.000026723848363810552
0.00002826077287511944
0.00002818157119873732
0.000029051089711344934
0.000029992317381762795
0.000028056632100016992
0.0000293582675741281
0.000029234830859370313
0.00003052652002319781
0.00003037881562601076
0.00003213720638008031
0.00003212763462180897
0.000031505419294358136
0.00003222500147054767
0.000033325086456072536
0.00003405199506101079
0.000034580999838786204
0.00003363409245381521
0.000034651422379769965
0.00003583828630091382
0.0000370196203712571
0.0000364035427186915
0.00003739487611892844
0.00003839845442503194
0.000038946613223931476
0.00003913823738741737
0.00003917084047428241
0.000040423668005723744
0.00004069340567285346
0.00004228764751929071
0.000041529429687691476
0.00004483876771922547
0.00004477797286948988
0.00004596435309031407
0.00004609254948053254
0.000045824910025579795
0.00004771162224727043
0.000048111235400048576
0.00004935678604712567
0.00004865346308323622
0.00005223708989514943
0.00005067869547483537
0.00005196981748078483
0.000053242944153648583
0.0000528293558179008
0.00005370028935835781
0.00005533599872932793
0.00005738729962154555
0.000058812534816625446
0.000058386591723823775
0.00006057514107775968
0.00006183190199343135
0.00006176239216155972
0.00006338260418976212
0.0000641399340942666
0.00006562799413078679
0.00006744870093582222
0.00006809400687239752
0.00006889641036409344
0.00006987174830883731
0.00007254711983095638
0.00007354568060198321
0.00007433825744821678
0.00007520469746816313
0.00007672435046574668
0.00007815917758315918
0.00007964769524746754
0.00008126532671443972
0.00008315091808569174
0.00008452506501550098
0.00008639514572747646
0.00008860489679463505
0.00009022598477314852
0.00009265910347727962
0.00009404659353227337
0.00009567135703054731
0.00009897555237207978
0.00009912024814927229
0.00010113644060166385
0.00010255982414773284
0.00010571063006558738
0.00010804766808932109
0.00010999365610227474
0.00011135444806023028
0.00011526968585178006
0.00011628044329973847
0.00011873361762778267
0.00012096644098292038
0.00012471616128091118
0.00012847779303754915
0.0001297380514063497
0.00013316982845016785
0.0001360301602763497
0.00013839622042007707
0.00014241540683437108
0.0001459411106498789
0.00014844997895959114
0.00015202136611625655
0.00015582090361280888
0.00016081412356255888
0.00016236062149021808
0.00016593933325730843
0.00016742690420332778
0.00017332987064377017
0.0001757582884800002
0.00017929361948030586
0.0001842028620144088
0.0001890203922477914
0.00019257533394959593
0.00019795576755095727
0.00020291937696236112
0.0002068374398869126
0.00021281234513116957
0.0002188309462506648
0.0002244389004636653
0.00022871656009892518
0.0002345800459893102
0.00024246100322545118
0.00024798785628741014
0.0002523942776006378
0.00025974914218006306
0.0002646213251544282
0.0002721617338645085
0.00027685906971590065
0.00028732800910011476
0.00029252598867573104
0.0003003512840541697
0.00030832353563890654
0.00031610771752469937
0.00032612232461871524
0.0003337322345335012
0.00034065050612530764
0.0003511934159580107
0.00036305639234534437
0.00037342437162330534
0.00038361235437716013
0.00039430680479416114
0.0004058768032291458
0.0004172157553973899
0.0004294157319445683
0.00044173100558443813
0.00045414847437706305
0.00046689310016168707
0.0004777341367309232
0.0004920693344506593
0.0005057702113684091
0.0005190267964193885
0.0005353995155809026
0.0005504637402907357
0.0005680384252358838
0.0005849378409258955
0.0006036205011196918
0.0006224061787310242
0.0006418157084893879
0.0006634229305528883
0.0006824044246548995
0.0007072272145131616
0.0007297663742909198
0.0007518192316502682
0.0007782333669684701
0.0008042488291697748
0.000830030310460275
0.0008562182870926131
0.0008834496180240201
0.0009122281296034522
0.0009407680956904792
0.0009723383514988241
0.001003735254718676
0.0010338195335077406
0.0010713815466521805
0.001107189473555806
0.0011447689323605913
0.0011882503943212957
0.0012296128186236753
0.0012749472409611618
0.0013227761501831451
0.001370540407023675
0.001422806666934076
0.0014770230851923714
0.0015327990755350386
0.001590216681833994
0.0016499553753852978
0.0017127665456961613
0.0017761404138543716
0.0018412582167571022
0.0019083896773327488
0.0019802030103547815
0.00205457430583996
0.002129327607259458
0.0022122195816643092
0.002297743123920864
0.002386733175485709
0.00248108278605302
0.0025812638050113283
0.0026874751607514824
0.0027990294980756243
0.0029163501086578504
0.0030393239871215044
0.0031692157597233927
0.003304446730289025
0.0034448517435758915
0.0035902663885193343
0.0037407734831368836
0.003897141899419448
0.0040584963861355116
0.004224547541783538
0.004397550025300271
0.004575759154523954
0.004762616596401915
0.004954558024316426
0.005155498463390794
0.005365510367370517
0.005584921637723858
0.0058130813420093005
0.006054147288156086
0.006300987517082343
0.00656116924482121
0.006828529848834135
0.007104739073575163
0.00738427801675382
0.0076692377876553695
0.007955736294818041
0.008238777727047356
0.008513890052526736
0.008781986496243434
0.009036737574651378
0.00926893828887091
0.009477045141030978
0.009656012716219152
0.009794505675117514
0.009887803605155666
0.009923649154464604
0.009890716824940955
0.009765783521914862
0.009532210573302403
0.009154269972589191
0.008589322858137433
0.007768903163208184
0.006607008194718366
0.004978477719646168
0.0027348517853775425
-0.0003061479355039184
-0.004336326409841936
-0.00956224404453248
-0.016168422623507657
-0.024279783802820035
-0.03388880824121408
-0.04477536100600933
-0.05641179906581682
-0.06795966842170649
-0.07834253991469378
-0.0864607427484883
-0.09140265432465129
-0.09264356423778751
-0.09011342582508255
-0.08414812135957235
-0.07538642235122009
-0.06458898506521848
-0.05251200889937506
-0.039812831840895
-0.027023060498553925
-0.014552095115513341
-0.002693568709952855
0.008398910573334726
0.01871175266567065
0.028362521232815362
0.037553408061466384
0.046533259262356595
0.055543326770846405
0.06481153383700838
0.07450189358782315
0.08473325374043286
0.09552261940648217
0.10677411266357685
0.11821782244533599
0.12936620521919903
0.139505864628277
0.14773756027188548
0.15309134656832687
0.15467932158594663
0.15185809497441316
0.14434925058689071
0.1322816222388855
0.1161845221391638
0.09691115944811593
0.0755161882138357
0.053143352691934806
0.030911153542463283
0.009852933227990029
-0.009154506210278473
-0.02545211020622359
-0.03864861669541595
-0.048654594491892425
-0.055658565066866075
-0.06003748078851633
-0.062279196113358165
-0.06286442902563844
-0.06223724843971088
-0.06075730944692831
-0.058711428890061965
-0.05630587170098738
-0.05370010113290147
-0.05100390808746018
-0.04829498789575075
-0.0456234547847654
-0.04302590093210629
-0.04052742990051262
-0.03814017223987644
-0.03587270687525547
-0.033725259153857164
-0.031701238402004873
-0.029794498286222854
-0.028003189543961048
-0.026325238339808626
-0.02475339114552994
-0.02327848997196747
-0.021899224936879062
-0.020609412621946054
-0.019405096060879777
-0.01827502160304542
-0.017221961136803694
-0.016234420369010193
-0.015312239236058131
-0.014448920025030652
-0.013641005220576857
-0.012884103804331663
-0.012175520815853519
-0.011512946420471893
-0.010888847767910614
-0.010306003451837636
-0.009759786388566439
-0.009247745916030543
-0.008768087614399287
-0.008315177117469296
-0.0078897072682824
-0.007490888271695641
-0.007115334483219416
-0.006760489129540465
-0.006429091148663211
-0.006114692242722302
-0.005820349844085739
-0.0055409510905511114
-0.0052776598512603795
-0.00503075002905684
-0.004796586240578776
-0.004575348549616854
-0.004365113499568316
-0.004165890178143289
-0.003980415382169422
-0.003802330301994509
-0.003635556103067663
-0.0034788062917980095
-0.0033280045474374698
-0.003185092267350176
-0.0030480474395380938
-0.002921223195803344
-0.0027994543947428238
-0.0026836962224006684
-0.0025732026575448924
-0.002468431176186526
-0.0023688632670183676
-0.0022742699458880686
-0.0021845930679693535
-0.002097764571060767
-0.002017836009853847
-0.0019392624585819124
-0.0018649638892936067
-0.0017956582878812886
-0.0017250529918479086
-0.0016631970524339829
-0.001602166803688271
-0.0015408206029484586
-0.001485260096569856
-0.0014327848703522446
-0.001380742210871596
-0.001330802740092911
-0.0012853030737575446
-0.0012387722639030363
-0.0011955015522559986
-0.0011551456176861648
-0.0011154386646141086
-0.0010787572605615219
-0.001041125271390627
-0.0010069503271706581
-0.0009726678708532785
-0.0009434984307753029
-0.0009098359445223669
-0.0008826016626704857
-0.0008512562348400229
-0.0008261843410425305
-0.000798310320970733
-0.000774327441265101
-0.0007488571253464856
-0.0007271573517788901
-0.0007042076461313848
-0.0006843787479488724
-0.0006630957151945306
-0.0006417499942939466
-0.0006236617040831252
-0.0006025503424867937
-0.0005864637730716454
-0.0005684103246342121
-0.0005524058911952703
-0.0005348177999464541
