6.192793355301997e-8
5.8476355612514344e-8
5.494228482402474e-8
5.1324991039909187e-8
4.762146827558527e-8
4.383000961220092e-8
3.994978598245562e-8
3.597809677511764e-8
3.191282398232454e-8
2.7752913244090913e-8
2.3495170306227736e-8
1.9138285390888153e-8
1.4679893646141143e-8
1.0117895129263502e-8
5.4502858875390826e-9
6.74025993540803e-10
-4.212261686748273e-9
-9.210593785405842e-9
-1.4325214967664203e-8
-1.9556413512775068e-8
-2.490881681149332e-8
-3.0383071255950336e-8
-3.598345063884247e-8
-4.1710866581665346e-8
-4.757029611822633e-8
-5.3563191728990217e-8
-5.96925273695081e-8
-6.596199445335392e-8
-7.237328138056629e-8
-7.893057152424673e-8
-8.563669514674962e-8
-9.249529227392181e-8
-9.950895601801676e-8
-1.0668166406950726e-7
-1.1401656221928056e-7
-1.2151752453694357e-7
-1.2918863627435591e-7
-1.3703201581222784e-7
-1.450531305245511e-7
-1.5325560587722e-7
-1.6164224164479503e-7
-1.7021921299222064e-7
-1.7898883115265835e-7
-1.8795656975492494e-7
-1.9712642985751777e-7
-2.0650278328508767e-7
-2.1609040060661476e-7
-2.258934692170045e-7
-2.3591821976627414e-7
-2.461683316479953e-7
-2.566500148905888e-7
-2.6736709588295724e-7
-2.7832538266468995e-7
-2.8953151523834535e-7
-3.00989368084753e-7
-3.127057048351363e-7
-3.2468704392826526e-7
-3.369379431964568e-7
-3.494653301524109e-7
-3.6227538481613104e-7
-3.753747061301485e-7
-3.887696810787546e-7
-4.0246799277029504e-7
-4.1647590501419913e-7
-4.308003666369959e-7
-4.4544927856955113e-7
-4.604297148208222e-7
-4.757498837744873e-7
-4.914180286743516e-7
-5.074411662481917e-7
-5.238286967534374e-7
-5.405885166914599e-7
-5.577292973467681e-7
-5.752610550163902e-7
-5.931919367486103e-7
-6.11531782005766e-7
-6.302905146732284e-7
-6.494783028718931e-7
-6.691041290681168e-7
-6.891800543231676e-7
-7.097160038848452e-7
-7.307232352098068e-7
-7.522133547158057e-7
-7.741981903855861e-7
-7.966893124761567e-7
-8.196980585042568e-7
-8.432390359730156e-7
-8.673237239077067e-7
-8.919658967428581e-7
-9.171799004037186e-7
-9.429778806100851e-7
-9.693765007564753e-7
-9.963889540338337e-7
-1.0240316783117774e-6
-1.0523189280649836e-6
-1.0812684488705754e-6
-1.1108949970203578e-6
-1.1412172675717399e-6
-1.172251159283214e-6
-1.2040160574214285e-6
-1.2365281170221526e-6
-1.269808556642468e-6
-1.303876207199855e-6
-1.3387505682826151e-6
-1.374452523228698e-6
-1.4110035500697981e-6
-1.4484249056050488e-6
-1.4867390895709666e-6
-1.5259694167289213e-6
-1.56613944787737e-6
-1.6072734632011939e-6
-1.6493959238644373e-6
-1.6925336558793203e-6
-1.7367124466721853e-6
-1.7819601613017359e-6
-1.828305292770729e-6
-1.8757759433623975e-6
-1.9244017696831733e-6
-1.9742135669941727e-6
-2.0252435380890162e-6
-2.0775244797147217e-6
-2.1310878848634666e-6
-2.185970264698606e-6
-2.2422070295491335e-6
-2.2998338853509033e-6
-2.3588894105799074e-6
-2.4194108222577857e-6
-2.481440341691213e-6
-2.5450175922543103e-6
-2.610186676064757e-6
-2.676989871470188e-6
-2.745472822122636e-6
-2.815682655770758e-6
-2.8876671364274625e-6
-2.9614752702459197e-6
-3.0371593910283316e-6
-3.1147711908673652e-6
-3.1943658041287248e-6
-3.2759981687702864e-6
-3.3597271805824556e-6
-3.4456128441888707e-6
-3.5337155150228294e-6
-3.6240999739177496e-6
-3.716831848938056e-6
-3.8119782810161093e-6
-3.90961033530332e-6
-4.0097993671120795e-6
-4.112620043562833e-6
-4.218150948559851e-6
-4.326470265798317e-6
-4.437661592274063e-6
-4.5518086447552194e-6
-4.669000739411505e-6
-4.789328117837084e-6
-4.912884386976676e-6
-5.039768166930547e-6
-5.170078754761792e-6
-5.303920223663881e-6
-5.441400859033983e-6
-5.582630436624324e-6
-5.727725527942928e-6
-5.876804313204756e-6
-6.02999044760167e-6
-6.187411511683907e-6
-6.349199239702451e-6
-6.51549037578522e-6
-6.686426617468582e-6
-6.862154726045896e-6
-7.042825937268243e-6
-7.228598083402518e-6
-7.419634478725531e-6
-7.616104033168476e-6
-7.818181082969758e-6
-8.026048305005159e-6
-8.2398929514138e-6
-8.459911237140982e-6
-8.686304624784529e-6
-8.919284184540653e-6
-9.159067258375442e-6
-9.405879781842127e-6
-9.659956723027532e-6
-9.921542802993934e-6
-0.000010190889249920135
-0.000010468259852755323
-0.000010753927403242475
-0.000011048174760525915
-0.00001135129721128158
-0.000011663601284214611
-0.000011985404006607636
-0.000012317037024060674
-0.000012658844378381254
-0.000013011183138088294
-0.000013374426597783165
-0.000013748960838542198
-0.000014135190475706604
-0.000014533533174399052
-0.000014944426890760173
-0.000015368326606647712
-0.00001580570581554144
-0.0000162570578159585
-0.00001672289777008731
-0.00001720376117825603
-0.000017700207707333365
-0.00001821281966505082
-0.000018742204343719162
-0.000019288997465357126
-0.00001985386019074726
-0.000020437483400234468
-0.000021040588891833242
-0.00002166392871038568
-0.00002230829097951757
-0.00002297449765282137
-0.000023663407700367675
-0.000024375919333829776
-0.00002511297229349079
-0.000025875548785545034
-0.00002666467733543214
-0.000027481433259149447
-0.0000283269439378506
-0.000029202387715725793
-0.000030109000755030294
-0.00003104807727275656
-0.000032020974576994174
-0.000033029116043815736
-0.00003407399262202716
-0.0000351571700333966
-0.00003628029195795153
-0.00003744508297346945
-0.000038653353764173226
-0.00003990700774429122
-0.00004120804449480967
-0.00004255856710612323
-0.000043960785068135534
-0.000045417025274264414
-0.00004692973603204762
-0.000048501494221400704
-0.00005013501440648106
-0.00005183315692338126
-0.00005359893683661081
-0.00005543553311689395
-0.00005734629963620772
-0.000059334777590235255
-0.00006140470224178776
-0.00006356002222850427
-0.00006580491018565235
-0.00006814377684399662
-0.00007058128826358662
-0.00007312238181309444
-0.00007577228469374408
-0.00007853653441934924
-0.00008142100067473406
-0.00008443190568351438
-0.00008757585167525475
-0.00009085984640216322
-0.00009429133242429383
-0.00009787821837028582
-0.00010162891326544304
-0.00010555236260171703
-0.00010965808911385716
-0.00011395623410049258
-0.00011845760656423137
-0.0001231737351826792
-0.0001281169192072632
-0.00013330029423888222
-0.00013873789381002995
-0.00014444472400491063
-0.00015043684223561244
-0.00015673143950854703
-0.00016334693729186386
-0.00017030308950952082
-0.00017762109253609837
-0.00018532371209824093
-0.00019343541385411474
-0.000201982516050319
-0.0002109933501214485
-0.00022049844032149835
-0.0002305307019585868
-0.00024112565914188047
-0.0002523216847204569
-0.00026416026712023483
-0.00027668630181518303
-0.00028994841760101935
-0.0003039993352327466
-0.00031889626519063425
-0.00033470134926509224
-0.0003514821499671083
-0.00036931219264781405
-0.0003882715680003191
-0.00040844760334710404
-0.00042993560078077213
-0.00045283966328699447
-0.00047727360672053293
-0.000503361970085825
-0.000531241136020941
-0.0005610605586660675
-0.0005929841231032075
-0.0006271916255106169
-0.0006638803880529676
-0.0007032669962305111
-0.0007455891585159275
-0.0007911076502068188
-0.0008401083093621691
-0.0008929040073322905
-0.0009498364823416866
-0.001011277858207463
-0.001077631592192757
-0.0011493324439392635
-0.001226844897034782
-0.0013106591608086592
-0.001401283496359611
-0.0014992310164062268
-0.00160499824930126
-0.0017190315124979293
-0.0018416753071326818
-0.0019730942965200554
-0.0021131565695118276
-0.002261260374292136
-0.0024160786888861568
-0.0025751852421182523
-0.0027345114952401707
-0.002887567132300052
-0.0030243400570056783
-0.003129785425917769
-0.003181840436263884
-0.0031490128658123663
-0.0029878803408373185
-0.002641443258216446
-0.0020403056582354914
-0.001109894195994788
0.00021280615891125325
0.0019526826521903866
0.004068037122600096
0.006437085660162297
0.008874703191926677
0.011178178857850423
0.013181402200742756
0.014791123157856172
0.015991411493403322
0.016822756004173024
0.017353365306351575
0.01765642878630932
0.017797503357055027
0.017829986997949125
0.017795183277899276
0.017724300205260182
0.017640905448487825
0.017563188549219164
0.01750582638792709
0.01748144446859999
0.01750173130442532
0.01757826675634001
0.017723102993191246
0.0179491044956077
0.0182700183541111
0.01870021356079333
0.019254007065225766
0.019944500601281674
0.02078190768448268
0.021771474834774644
0.022911293994417166
0.024190515390092433
0.025588594321428064
0.027076112246003092
0.028617342210140066
0.030174177808880185
0.03171055606729134
0.033196329179189785
0.03460976789029088
0.035938377121213366
0.03717821432392052
0.03833221157401338
0.039408054549964516
0.04041603920168334
0.0413671274029576
0.04227124280336053
0.04313572194982667
0.04396376138462556
0.04475266441194285
0.04549168389967865
0.046159293133658505
0.04671984392623944
0.047119889738475196
0.047285109655522795
0.047119867523445005
0.04651269307518581
0.04535107771379122
0.04354554370378133
0.04105518730143985
0.03790061113847827
0.034155084648199246
0.029919765916869998
0.025298597832438322
0.020383900909185067
0.01525270468824426
0.009968251540465496
0.004582681667355173
-0.000859963524825591
-0.00632009392009026
-0.011758106073660748
-0.017129243379857877
-0.022378183965480174
-0.027434238977719714
-0.032208984797330434
-0.03659942118022358
-0.04050029098792847
-0.04382673912378881
-0.046541478094040765
-0.0486731606405494
-0.050314367110110184
-0.0516005591089839
-0.052682738022432986
-0.0537058267720563
-0.05479678080646498
-0.05606033950363132
-0.05757879090787889
-0.059413125078367705
-0.06160439870979958
-0.06417513297510644
-0.06713096994993308
-0.07046275863938632
-0.07414897169381418
-0.07815811466417812
-0.08245072531383665
-0.08698066232254781
-0.09169554359821795
-0.09653631575406944
-0.10143599204755957
-0.10631762587829689
-0.11109166216940945
-0.11565302000872091
-0.11987872545186808
-0.12362775111642424
-0.12674584818542695
-0.1290787885083253
-0.1304955897035232
-0.13091706875374826
-0.13033716352808822
-0.1288240520184465
-0.12649986003644806
-0.12351095886023075
-0.12000262619600144
-0.116104259427469
-0.11192410956055115
-0.10754982669278954
-0.1030514606005253
-0.09848466906919208
-0.09389271626869464
-0.08930637508151423
-0.08474161269321331
-0.08019655727159711
-0.0756512734848255
-0.07107363254826778
-0.06642982449071956
-0.061693045164971996
-0.05684552518322153
-0.05187513850400595
-0.0467706603872205
-0.04151825550602322
-0.03609967428930114
-0.03049176257434697
-0.024666881859574774
-0.018594055769869305
-0.012240825370299947
-0.005575852505736778
0.001427739776862641
0.008788431683740938
0.016512072651486825
0.024587736097835607
0.032984006589815165
0.041645900464846196
0.05049258451434219
0.05941645600887352
0.0682852050018941
0.07694982053405902
0.08526148219104461
0.09309631225210555
0.10037910998795486
0.1070925644970055
0.11326529792687029
0.11894564556334968
0.12417449599519748
0.12896650793527625
0.1333028311572424
0.13713582373506145
0.14040569482037188
0.14306622038584213
0.14511029250939503
0.1465819160842065
0.1475676464652113
0.1481740530011937
0.14850469369270655
0.14864545185041644
0.14865913637084285
0.148586113933322
0.14844755388299324
0.14824914826158375
0.14798436201094117
0.14763698479648224
0.14718309638207416
0.1465926881662384
0.14583121173151617
0.14486129453671306
0.143644773974683
0.1421450363662652
0.1403293976498553
0.13817095449825484
0.13564905679444186
0.13274749155481338
0.12944998866993637
0.12573425941163527
0.12156824036513808
0.11691297846995206
0.1117323789958027
0.10600374527962637
0.09972273284340656
0.09290211780750887
0.085567756016556
0.0777545026683128
0.06950291089032758
0.060856568649140186
0.05185989243801192
0.0425563946259533
0.0329875407749826
0.02319229205839185
0.013207367414373658
0.0030682233381777307
-0.007189246289222281
-0.01752625958830223
-0.027897904438327077
-0.03824914525564874
-0.048510415701216
-0.058593816484345904
-0.0683921044429732
-0.07778391893238179
-0.08664847864971298
-0.09488881204446567
-0.10245458166308516
-0.10935086048866036
-0.11562605561760585
-0.12134574754379279
-0.1265656661047839
-0.13131305893123266
-0.13557955768075702
-0.13932604039673602
-0.1424994375534615
-0.14505864304013052
-0.1470002901803252
-0.14837099239798263
-0.14925902159718507
-0.14977199084807016
-0.15001401513852072
-0.1500711970800694
-0.1500063408526648
-0.1498596675632322
-0.1496521187453269
-0.1493891163048445
-0.14906383893287922
-0.1486597904358883
-0.1481527749525481
-0.14751252387076547
-0.14670424687333866
-0.1456903483155937
-0.14443246088443318
-0.14289378359468538
-0.14104146118739755
-0.13884843384696263
-0.1362939082936796
-0.13336154039678708
-0.13003493971519775
-0.12629170692404554
-0.12209967677448678
-0.11741980225852774
-0.11221590179881369
-0.10646519828482176
-0.10016327259286928
-0.09332283147903407
-0.08596966625097072
-0.0781385719940461
-0.06987004578446193
-0.061207623268092835
-0.05219567205729171
-0.042877658811760366
-0.03329500631541592
-0.02348663567838917
-0.013489228290449837
-0.003338205435336486
0.006930572046064357
0.01727835329418123
0.027660255325153135
0.038021269937367784
0.04829185653574347
0.05838414004584768
0.06819090009323274
0.07759079749110148
0.08646307115059663
0.0947107685766975
0.10228357028093002
0.10918656618762253
0.11546817936658908
0.12119400537547612
0.126419788263455
0.13117278907556273
0.13544465213951185
0.13919626747248295
0.14237457687341068
0.144938484947888
0.14688463516127745
0.14825965053436882
0.1491518120490009
0.1496687413616078
0.14991456158459343
0.14997538302266808
0.1499140171461635
0.14977069196995252
0.149566355580644
0.1493064361003082
0.14898411811750328
0.14858291103633064
0.14807862431176497
0.14744099437817115
0.14663523571402257
0.14562375723209808
0.1443681959515356
0.14283175500809195
0.14098158306227498
0.13879062402957332
0.1362380881809809
0.1333076347636455
0.1299828765481736
0.12624141725948715
0.12205109454218355
0.1173728641392465
0.11217054709419767
0.10642136880379612
0.10012091254437454
0.09328188736707005
0.08593008677392253
0.07810030794401698
0.06983304995051433
0.06117185034648324
0.05216107856186576
0.042844202992591736
0.03326264808015603
0.02345533651818521
0.013458951209291872
0.0033089148838094384
-0.00695891023416409
-0.01730577196279709
-0.027686786052074988
-0.0380469430899137
-0.04831670132200736
-0.058408184563797275
-0.06821417137847187
-0.07761332156155647
-0.08648487304939384
-0.09473187241271
-0.10230399926928883
-0.10920634268552946
-0.11548732491002313
-0.12121254071331831
-0.12643773338981554
-0.13119016326058505
-0.13546147395963518
-0.13921255483760756
-0.14239034705264114
-0.1449537545956454
-0.14689942034059852
-0.1482739667398152
-0.14916567422974453
-0.14968216394101844
-0.14992755848258066
-0.1499879676743765
-0.1499262025205838
-0.14978249058955362
-0.14957777953629964
-0.14931749706935152
-0.14899482737902014
-0.14859327948696532
-0.14808866247883387
-0.1474507124346359
-0.14664464349193074
-0.1456328642335369
-0.14437701136280406
-0.14284028770914298
-0.14098984163927286
-0.13879861678345598
-0.1362458231394529
-0.13331511969026985
-0.12999011895182
-0.12624842440502246
-0.12205787346069517
-0.11737942163688268
-0.11217688976167357
-0.10642750302250907
-0.10012684449267116
-0.09328762302704524
-0.08593563193717277
-0.07810566821727766
-0.06983823076383883
-0.06117685695795716
-0.05216591606481205
-0.04284887632108524
-0.033267162015091306
-0.023459695691959256
-0.013463160111848865
-0.003312977867070327
0.0069549889521106495
0.017301988291922435
0.02768313602768565
0.03804342286627717
0.048313307169894175
0.05840491286600762
0.06821101862666847
0.07761028435185463
0.08648194808049195
0.0947290564826957
0.1023012892725802
0.10920373561056526
0.11548481783453765
0.12121013080060673
0.12643541788527685
0.13118793948904153
0.13545933932168192
0.13921050680829378
0.1423883831804474
0.14495187250014782
0.14689761771173238
0.1482722413363752
0.1491640238756276
0.14968058652333646
0.14992605194956682
0.14998653003204426
0.14992483183216648
0.14978118497225923
0.14957653716099456
0.1493163161583017
0.14899370620414004
0.148592216368661
0.14808765578369323
0.14744976057517714
0.146643744923523
0.14563201745363816
0.14437621490787897
0.14283954015444705
0.140989141594818
0.1387979628936145
0.13624521407924087
0.13331455416531873
0.12998959569998014
0.12624794219962465
0.12205743111648237
0.11737901801714862
0.11217652377729784
0.10642717362759815
0.10012655067552079
0.09328736380381356
0.08593540634673524
0.07810547532004403
0.0698380696405045
0.06117672671038257
0.05216581581591458
0.04284880521572707
0.03326711921871566
0.023459680391849605
0.013463171517497527
0.0033130152088806097
-0.006954926422245003
-0.017301901300064787
-0.02768302527776057
-0.03804328903925128
-0.048313150924012574
-0.05840473483536978
-0.06821081942283175
-0.077610064567224
-0.08648170829339497
-0.09472879726532722
-0.10230101119563081
-0.10920343924320297
-0.1154845037391787
-0.12120979952560537
-0.1264350699587015
-0.13118757541604792
-0.13545895958480952
-0.13921011187090707
-0.14238797349306787
-0.1449514485090529
-0.14689717986448722
-0.14827179008284688
-0.14916355966276257
-0.1496801097904482
-0.14992556312163052
-0.14998602951873896
-0.1499243200265207
-0.14978066225289838
-0.14957600389289155
-0.14931577269389787
-0.14899315288536336
-0.14859165352724807
-0.14808708374203466
-0.14744917964731175
-0.14664315541573555
-0.1456314196653547
-0.1443756091329828
-0.1428389266816467
-0.14098852070947035
-0.138797334877992
-0.13624457921379476
-0.13331391272724802
-0.1299889479599466
-0.1262472884170763
-0.12205677153430883
-0.11737835285731593
-0.11217585324417259
-0.10642649791311126
-0.1001258699667093
-0.09328667828521672
-0.08593471620268656
-0.07810478073502561
-0.0698373707985143
-0.06117602379313121
-0.052165109003455425
-0.04284809468469463
-0.03326640514268528
-0.023458962940706915
-0.013462450857421399
-0.0033122915023820615
0.006955653015349603
0.01730263062369189
0.02768375717825173
0.0380440233654418
0.048313887526162405
0.058405473565750925
0.06821156013478769
0.07761080711592255
0.0864824525374015
0.09472954306823392
0.10230175842668224
0.1092041877788794
0.11548525346101768
0.1212105503204662
0.12643582171590353
0.13118832802838498
0.13545971294851092
0.1392108658860644
0.1423887280641884
0.1449522035470981
0.14689793528699283
0.14827254581329016
0.1491643156303359
0.14968086592610602
0.14992631935737982
0.14998678578723376
0.14992507626052837
0.1497814183859511
0.14957675985959215
0.14931652842974694
0.14899390832828024
0.1485924086173082
0.14808783842124662
0.14744993386160107
0.14664390911406616
0.14563217280057375
0.14437636166248757
0.1428396785678941
0.14098927192090133
0.1387980853906812
0.13624532901080105
0.13331466179938187
0.12998969630168822
0.12624803601986048
0.12205751837693195
0.1173790988978972
0.11217659841967001
0.10642724214559275
0.10012661317192097
0.09328742038112434
0.08593545711361379
0.0781055203928022
0.06983810914099342
0.06117676076492221
0.05216584455346614
0.04284882876545914
0.03326713771050439
0.02345969395382451
0.013463180275697387
0.003313019287221858
-0.006954926903098749
-0.017301906223539776
-0.027683034531521766
-0.038043302517215195
-0.04831316852580673
-0.05840475646827024
-0.06821084500010757
-0.07761009400689958
-0.08648174151391377
-0.09472883418028319
-0.1023010517102349
-0.10920348325429771
-0.11548455113958556
-0.12120985021029419
-0.12643512382871072
-0.1311876323814482
-0.1354590195648289
-0.1392101747918188
-0.1423880392831008
-0.14495151709290008
-0.14689725115901484
-0.1482718639962261
-0.1491636360994342
-0.14968018865453628
-0.14992564432177757
-0.1499861129698409
-0.14992440565006437
-0.1497807499762026
-0.14957609364808977
-0.14931586441803218
-0.14899324651862306
-0.14859174901261504
-0.14808718102550744
-0.14744927867720867
-0.14664325614211293
-0.14563152204037788
-0.14437571310941721
-0.14283903221356858
-0.1409886277514397
-0.13879744338467961
-0.13624468914019985
-0.13331402403003417
-0.12998906059773063
-0.1262474023517349
-0.12205688673088254
-0.11737846928313153
-0.112175970865355
-0.10642661669372873
-0.10012598986744276
-0.09328679926527446
-0.08593483822058898
-0.07810490374831033
-0.06983749476521113
-0.06117614867238023
-0.052165234754791796
-0.04284822126853468
-0.03326653252097427
-0.02345909107645483
-0.01346257971405429
-0.003312421044391417
0.0069555228238743355
0.01730249981899977
0.02768362579751369
0.03804389144883517
0.04831375511636722
0.05840534070948075
0.06821142688208175
0.07761067351895964
0.08648231864539271
0.09472940892267821
0.10230162405797918
0.10920405320614507
0.11548511869616532
0.12121041537378016
0.12643568660196652
0.1311881927671104
0.13545957756590402
0.13921073041140974
0.14238859252671573
0.1449520679683659
0.14689779967819602
0.14827241017445797
0.14916417995338777
0.14968073020178868
0.1499261835783978
0.1499866499505773
0.1499249403676078
0.14978128244244665
0.149576623873927
0.14931639241345643
0.14899377229393973
0.14859227257849603
0.148087702393288
0.1474497978589347
0.14664377315148722
0.1456320368924041
0.14437622582195425
0.14283954280665043
0.1409891362487681
0.1387979498145934
0.13624519353611841
0.13331452642904565
0.12998956103927145
0.1262479008717704
0.12205738335397687
0.11737896401640023
0.11217646369855046
0.10642710760375312
0.1001264788258577
0.09328728624427737
0.0859353231961587
0.0781053867019735
0.06983797568269318
0.06117662754280006
0.05216571157039093
0.042848696023906716
0.03326700521227806
0.023459561700670692
0.013463048268537794
0.0033128875263116614
-0.00695505841802567
-0.01730203749429475
-0.027683165562076235
-0.03804343331405701
-0.048313299099014065
-0.05840488683111348
-0.06821097517017516
-0.07761022400409463
-0.08648187135763799
-0.09472896388618404
-0.10230118128599588
-0.1092036127007836
-0.11548468045198636
-0.12120997938166948
-0.12643525285278376
-0.13118776125403245
-0.1354591482837617
-0.1392103033558085
-0.14238816768961343
-0.1449516453347329
-0.14689737922204607
-0.14827199185967554
-0.14916376373842177
-0.14968031604376017
-0.14992577143794825
-0.14998623979286815
-0.14992453216360233
-0.1497808761668687
-0.14957621950530653
-0.14931598993223005
-0.14899337168194213
-0.14859187381801076
-0.14808730546602764
-0.1474494027455155
-0.14664337983107167
-0.1456316453416157
-0.14437583601414122
-0.142839154711616
-0.14098874983094975
-0.13879756503220436
-0.1362448103405756
-0.13331414476607734
-0.1299891808530516
-0.12624752211295073
-0.12205700599095065
-0.11737858804326366
-0.11217608913476404
-0.10642673448637748
-0.10012610719866206
-0.09328691614948677
-0.08593495467037687
-0.07810501977476826
-0.06983761037741522
-0.06117626387833992
-0.05216534956112163
-0.04284833568116623
-0.03326664654495781
-0.023459204716045845
-0.013462692972855711
-0.0033125339253816527
0.006955410318218377
0.01730238768667082
0.02768351403741609
0.03804378005998641
0.04831364409896024
0.0584052300639149
0.0682113166098014
0.07761056362127024
0.08648220912347458
0.09472929977662325
0.10230151528637968
0.10920394480572013
0.11548501066362056
0.12121030770591815
0.12643557929652313
0.13118808582374833
0.13545947098526614
0.13921062419535626
0.14238848667707196
0.14495196248695957
0.1468976945649385
0.14827230542807848
0.14916407557216207
0.14968062618289643
0.1499260799194753
0.14998654664917443
0.1499248374219883
0.14978117985046357
0.14957652163401305
0.14931629052356005
0.14899367075203324
0.14859217138202044
0.14808760153894995
0.1474496973428988
0.14664367296892
0.14563193703710978
0.1443761262859376
0.14283944357979225
0.14098903731783888
0.13879785116282528
0.13624509514220456
0.13331442826842563
0.12998946308511966
0.12624780309971623
0.12205728574807617
0.1173788665735806
0.11217636642912832
0.10642701052791805
0.10012638196777393
0.09328718962683268
0.08593522683904048
0.07810529062072435
0.06983787988896303
0.06117653204531692
0.05216561637549815
0.042848601136397636
0.0332669106354231
0.023459467437465922
0.013462954321959236
0.0033127938994004236
-0.00695515172118831
-0.01730213046839192
-0.02768325819920791
-0.03804352560334877
-0.0483133910255919
-0.058404978375819074
-0.06821106630913043
-0.07761031471127518
-0.08648196160810404
-0.0947290536603417
-0.10230127057454141
-0.10920370150331063
-0.11548476877455711
-0.12121006723166496
-0.12643534023590883
-0.13118784817161916
-0.1354592347336118
-0.1392103893335755
-0.1423882531926277
-0.1449517303665151
-0.1468974637956417
-0.1482720759972136
-0.14916384746778916
-0.14968039939371164
-0.14992585443485884
-0.14998632245921384
-0.14992461451716269
-0.14978095822191076
-0.14957630127327765
-0.14931607142255365
-0.1489934529028838
-0.14859195477725487
-0.14808738617131795
-0.14744948320517196
-0.14664346005413773
-0.14563172533876692
-0.14437591579821818
-0.1428392342976714
-0.14098882923735848
-0.1387976442813107
-0.13624488945887828
-0.13331422378336982
-0.12998925979945467
-0.12624760101360522
-0.12205708485999008
-0.11737866687908452
-0.11217616792118651
-0.10642681319821931
-0.10012618580793317
-0.09328699462976285
-0.0859350329991902
-0.07810509793404355
-0.06983768835247774
-0.06117634165726821
-0.05216542713479947
-0.04284841304196341
-0.03326672368660841
-0.023459281633494325
-0.013462769661789553
-0.003312610382193923
0.006955334097088928
0.0173023117046279
0.027683438298006464
0.038043704567259286
0.04831356885782369
0.05840515508022073
0.06821124189016478
0.07761048917356805
0.08648213495603677
0.0947292258970425
0.10230144170125152
0.10920387152025163
0.11548493768129404
0.12121023502843989
0.12643550692451877
0.13118801375606773
0.13545939921971395
0.1392105527285885
0.14238841550431947
0.14495189160151906
0.14689762395872646
0.14827223509136092
0.1491640054941899
0.14968055635326544
0.1499260103283115
0.14998647728792722
0.14992476828270157
0.1497811109266869
0.14957645291956234
0.1493162220132792
0.14899360244065707
0.14859210326465294
0.1480875336107026
0.1474496295987065
0.14664360540366886
0.14563186964520913
0.144376059061674
0.14283937651697431
0.1409889704101781
0.13879778440324358
0.13624502852337486
0.13331436178252615
0.12998939672437707
0.1262477368567686
0.12205721961768361
0.11737880055329337
0.11217630051965118
0.10642694473212691
0.10012631628976532
0.09328712407130423
0.08593516141045275
0.07810522532295242
0.06983781472569242
0.06117646701982909
0.05216555149074965
0.042848536394892986
0.03326684603927811
0.023459402988513706
0.013462890021644525
0.003312729748931459
-0.006955215721103511
-0.017302194316781747
-0.027683321895650363
-0.03804358914695397
-0.04831345441527861
-0.05840504161065669
-0.0682111293878489
-0.07761037763197345
-0.0864820243691782
-0.09472911626088763
-0.1023013330139858
-0.10920376378253083
-0.1154848308947823
-0.12121012919477818
-0.1264354020432852
-0.13118790982510625
-0.13545929623414027
-0.1392104506818201
-0.1423883143890044
-0.1449517914116749
-0.14689752469078216
-0.1482721367442729
-0.14916390806905905
-0.1496804598518376
-0.1499259147521313
-0.14998638263745956
-0.14992467455799113
-0.14978101812644623
-0.14957636104217242
-0.14931613105617303
-0.14899351240136555
-0.14859201414017495
-0.1480874453980312
-0.14744954229534737
-0.14664351900703532
-0.1456317841537391
-0.14437597447494716
-0.14283929283632996
-0.14098888763927842
-0.13879770254888932
-0.1362449475955626
-0.13331428179448024
-0.12998931769065034
-0.12624765879040886
-0.12205714252615851
-0.11737872443573627
-0.11217622536670226
-0.10642687052907794
-0.10012624302029523
-0.09328705172061888
-0.085935089966765
-0.07810515477804529
-0.06983774507397854
-0.06117639825836296
-0.052165483617911096
-0.042848469410006765
-0.0332667799426285
-0.023459337780362827
-0.013462825702281161
-0.003312666318559032
0.006955278262659487
0.01730225597044438
0.027683382663170213
0.03804364903115935
0.04831351342055706
0.05840509974270665
0.06821118665382273
0.07761043404001601
0.0864820799264917
0.09472917097206497
0.10230138687992515
0.10920381680022248
0.11548488305991596
0.12121018050321793
0.12643545249388258
0.13118795941941738
0.13545934497733317
0.13921049858117848
0.14238836145198902
0.1449518376433964
0.14689757009203308
0.14827218131172779
0.1491639517962763
0.14968050273150857
0.1499259567777711
0.14998642380381347
0.14992471486142564
0.1497810575646863
0.14957639961383812
0.14931616876076365
0.14899354923836405
0.14859205010955728
0.14808748049967982
0.14744957652848764
0.14664355237065924
0.14563181664614905
0.144376006092992
0.14283932357583384
0.14098891749394166
0.13879773151003633
0.1362449756525468
0.13331430893411708
0.12998934389997052
0.12624768405859238
0.12205716684810991
0.11737874781392789
0.11217624781087317
0.1064268920529513
0.100126263638468
0.09328707144631643
0.08593510881084088
0.0781051727484612
0.06983776217686244
0.061176414497909656
0.05216549899727508
0.0428484839315521
0.03326679360799817
0.0234593505908611
0.013462837658925489
0.0033126774224372935
-0.006955268010391535
-0.01730224656883607
-0.027683374110496935
-0.03804364132559339
-0.04831350655979293
-0.0584050937238621
-0.06821118147372876
-0.07761042969486553
-0.08648207641295413
-0.09472916828707413
-0.10230138502155747
-0.10920381576765853
-0.11548488285256422
-0.12121018112115042
-0.12643545393679406
-0.13118796168680028
-0.13545934806890036
-0.13921050249635794
-0.14238836619095602
-0.14495184320751536
-0.14689757648407353
-0.14827218853588356
-0.14916395985728398
-0.1496805116342924
-0.14992596652647153
-0.14998643440221932
-0.14992472631251724
-0.14978106987069548
-0.14957641277680678
-0.149316182782102
-0.1489935641198158
-0.14859206585253829
-0.14808749710559718
-0.14744959399903362
-0.14664357070778616
-0.14563183585224027
-0.1443760261710822
-0.14283934452950497
-0.14098893932782441
-0.1387977542297708
-0.13624499926514816
-0.1333143334476553
-0.12998936932249933
-0.1262477103969229
-0.12205719410627627
-0.11737877599161313
-0.11217627690365614
-0.1064269220540632
-0.10012629454046741
-0.09328710324228325
-0.0859351414950681
-0.07810520631688998
-0.06983779662632361
-0.06117644982640248
-0.052165535203201635
-0.042848521014075186
-0.03326683156652886
-0.023459389424969015
-0.013462877368460052
-0.0033127180070929435
0.006955226550961632
0.017302204235119176
0.027683330903214586
0.038043597246174815
0.04831346161010278
0.05840504790640658
0.06821113479145444
0.07761038215140276
0.0864820280112941
0.09472911902971402
0.10230133490943877
0.10920376480013046
0.11548483102882444
0.12121012843987246
0.12643540039704365
0.13118790728830365
0.13545929281123487
0.13921044637971575
0.1423883092145605
0.14495178536946618
0.14689751778063426
0.14827212896180128
0.1491638994065724
0.14968045030085975
0.14992590430478603
0.14998637128755726
0.14992466230073176
0.14978100495863125
0.14957634696136524
0.14931611606098466
0.14899349649047677
0.14859199731274325
0.14808742765320107
0.14744952363176195
0.14664349942332017
0.14563176364775796
0.1443759530435909
0.14283927047551945
0.1409888643435205
0.13879767831087786
0.13624492240657035
0.13331425564412938
0.1299892905689592
0.12624763068914838
0.12205711344154183
0.11737869436941765
0.11217619432512133
0.10642683852115808
0.10012621005519871
0.09328701780610625
0.08593505510903611
0.07810511898115137
0.06983770834052702
0.06117636058981544
0.052165445015023126
0.042848429873156554
0.033266739471523823
0.02345929637463412
0.013462783361364694
0.0033126230419404518
-0.0069553224756880305
-0.01730230112054809
-0.027683428751005747
-0.03804369605735323
-0.04831356138565526
-0.058405148647503805
-0.06821123649881662
-0.07761048482587711
-0.08648213165376058
-0.0947292236411629
-0.10230144049097928
-0.10920387135339546
-0.11548493855534755
-0.12121023694124193
-0.1264355098750054
-0.1311880177445568
-0.13545940424796324
-0.139210558798978
-0.14238842261896675
-0.14495189976208073
-0.14689763316501664
-0.14827224534176975
-0.14916401678601815
-0.1496805686836259
-0.14992602369480773
-0.14998649168831463
-0.1499247837157846
-0.14978112739137367
-0.1495764704150559
-0.1493162405391137
-0.14899362199633598
-0.1485921238495966
-0.14808755522437667
-0.14744965224061124
-0.1466436290729488
-0.1456318943411653
-0.1443760847835581
-0.1428394032643876
-0.14098899818285504
-0.13879781320134724
-0.1362450583478018
-0.13331439263480926
-0.1299894286066613
-0.1262477697717625
-0.12205725356821263
-0.11737883554188312
-0.11217633654763703
-0.1064269818003445
-0.10012635439834575
-0.0932871632208366
-0.08593520160135838
-0.07810526655667477
-0.06983785700358011
-0.061176510343915115
-0.05216559586326183
-0.042848581817996285
-0.03326689251549489
-0.02345945051999436
-0.013462938610313058
-0.003312779396733717
0.006955165012582781
0.017302142546414795
0.027683269062633027
0.03804353525135962
0.048313399457887325
0.058404985592904975
0.0682110723120071
0.07761031950081686
0.08648196518522663
0.0947290560255444
0.10230127172678959
0.10920370144136918
0.11548476749671614
0.12121006473665762
0.12643533652290817
0.13118784324099664
0.13545922858598564
0.1392103819698452
0.14238824461356883
0.1449517205718217
0.14689745278364702
0.1482720637654989
0.14916383401302719
0.1496803847126072
0.14992583852399433
0.14998630531541224
0.14992459613751916
0.14978093860362968
0.14957628041336846
0.14931604931812464
0.14899342955028555
0.14859193017272354
0.14808736031021513
0.14744945608267884
0.14664343166440147
0.14563169567523063
0.14437588485322786
0.1428392020624771
0.14098879570238482
0.1387976094351818
0.13624485328883157
0.13331418627537805
0.1299892209391663
0.12624756078807983
0.12205704326051453
0.11737862390345345
0.11217612357390166
0.10642676748834005
0.10012613874680557
0.09328694622891909
0.08593498326889719
0.07810504688319536
0.06983763598866063
0.061176287987073384
0.052165372163577965
0.04284835677454001
0.03326666612688437
0.02345922278494761
0.013462709527434044
0.003312548964908013
-0.006955396794096166
-0.017302375677803905
-0.02768350354309744
-0.03804377107865125
-0.04831363662796427
-0.05840522409998803
-0.06821131214785055
-0.077610560656408
-0.086482207651247
-0.09472929979411158
-0.1023015167938999
-0.10920394780619214
-0.11548501516132353
-0.12121031370512203
-0.1264355868000746
-0.13118809483218247
-0.13545948149734535
-0.13921063620835064
-0.14238850018803567
-0.1449519774941223
-0.14689771106920377
-0.1482723234327031
-0.14916409508218528
-0.14968064720401025
-0.14992610245695204
-0.14998657070755322
-0.14992486300484953
-0.14978120696053257
-0.14957655027347455
-0.14931632069422396
-0.1489937024553258
-0.14859220461969652
-0.14808763631257385
-0.1474497336546488
-0.14664371082096428
-0.14563197643313439
-0.1443761672301387
-0.1428394860785392
-0.14098908137915186
-0.13879789679720253
-0.1362451423632505
-0.13331447709205455
-0.129989513528567
-0.12624785517819204
-0.12205733947176811
-0.11737892194472123
-0.11217642344186443
-0.10642706917088403
-0.10012644222832098
-0.0932872514934062
-0.08593529030257269
-0.07810535567494961
-0.06983794653004347
-0.061176600271718215
-0.05216568618686179
-0.042848672533594846
-0.03326698362026238
-0.023459542012239362
-0.013463030488847477
-0.003312871661149644
0.006955072362028664
0.01730204950944192
0.027683175638642962
0.038043441439871685
0.04831330525874868
0.05840489100619988
0.068210977338604
0.07761022414140699
0.08648186943968239
0.09472895989159008
0.10230117519985868
0.10920360451375989
0.11548467015960343
0.12120996698165795
0.12643523834318474
0.13118774463258898
0.13545912954799347
0.13921028250355552
0.14238814472148542
0.14495162025656527
0.14689735204570714
0.14827196260329872
0.14916373242349001
0.14968028269193578
0.14992573606888931
0.1499862024233791
0.149924492807123
0.1497808348345319
0.14957617620596553
0.14931594467370984
0.1489933244712232
0.14859182466201865
0.14808725437201442
0.14744934972176627
0.14664332488648701
0.14563158848655877
0.14437577726076936
0.14283909407332604
0.140988687323641
0.13879750067365046
0.13624474415146212
0.13331407676861054
0.12998911106890926
0.1262474505595129
0.12205693267644031
0.11737851296293453
0.11217601227165423
0.10642665581557358
0.10012602669197923
0.09328683377881868
0.08593487041023194
0.07810493360226609
0.06983752227161269
0.06117617382015999
0.05216525753317482
0.0428482416678913
0.033266550531634645
0.02345910668920609
0.013462592920055652
0.0033124318348256993
-0.006955514457880535
-0.01730249388664086
-0.027683622309108716
-0.03804389041549661
-0.04831375655158447
-0.05840534462810776
-0.06821143330106899
-0.07761068245606273
-0.08648233011824207
-0.09472942294576675
-0.10230164064201011
-0.10920407235649682
-0.1154851404159365
-0.12121043966471168
-0.1264357134661576
-0.1311882222078994
-0.13545960958772735
-0.13921076501957907
-0.14238862972490243
-0.1449521077583211
-0.14689784205716794
-0.14827245513579118
-0.14916422748881544
-0.14968078030235205
-0.1499262362364732
-0.14998670516075432
-0.14992499812656418
-0.1497813427484245
-0.14957668672686208
-0.14931645781423072
-0.14899384024369178
-0.14859234307912864
-0.14808777544675183
-0.14744987346716765
-0.14664385131603258
-0.14563211761453204
-0.14437630910230187
-0.1428396286453727
-0.1409892246448592
-0.1387980407658923
-0.13624528703956706
-0.13331462248107911
-0.1299896596369584
-0.12624800201364905
-0.12205748704322357
-0.11737907026075473
-0.11217657250980308
-0.10642721899613808
-0.10012659281368584
-0.09328740284095667
-0.08593544241428135
-0.07810550855250048
-0.0698381001756044
-0.061176754687492514
-0.052165841376022246
-0.042848828498865
-0.03326714036481467
-0.023459699539073647
-0.013463188801321552
-0.0033130307616093396
0.006954912471576341
0.017301888828189116
0.027683014166954706
0.03804327918033943
0.04831314221626371
0.05840472718878705
0.0682108127563998
0.07761005880675556
0.08648170336366326
0.09472879308213077
0.1023010076584443
0.10920343623643894
0.11548450113867334
0.12120979720828029
0.12643506781048516
0.13118757333629305
0.13545895748632292
0.13921010967642863
0.14238797112755183
0.1449514458899016
0.14689717689435244
0.14827178664858076
0.14916355564283468
0.14968010506170376
0.14992555756711975
0.14998602303077935
0.1499243125069764
0.14978065361243323
0.1495759940497044
0.14931576157206936
0.14899314041340872
0.14859163963783795
0.1480870683709495
0.14744916273284908
0.14664313689809377
0.14563139948637435
0.1443755872351422
0.14283890300752627
0.14098849520123102
0.1387973074765688
0.13624454985950096
0.13331388136065436
0.1299889145239726
0.12624725285957789
0.12205673380979852
0.1173783129264524
0.11217581106994913
0.10642645345820692
0.10012582319027148
0.09328662914370386
0.0859346646505766
0.07810472672485586
0.06983731428220268
0.06117596472264583
0.052165047330980006
0.04284803036262595
0.03326633812471646
0.02345889318123605
0.013462378311229359
0.0033122161242977455
-0.006955731271148943
-0.01730271180325002
-0.027683841330117913
-0.038044110541485605
-0.04831397778255298
-0.05840556696387907
-0.06821165674055568
-0.07761090699769756
-0.08648255576099806
-0.09472964968871404
-0.10230186848576785
-0.10920430130289605
-0.11548537046862907
-0.12121067082766673
-0.12643594574449582
-0.1311884556070052
-0.1354598441130232
-0.1392110006772408
-0.1423888665212312
-0.14495234570046978
-0.146898081153843
-0.14827269539655333
-0.14916446892343335
-0.14968102292039304
-0.1499264800473524
-0.14998695017218722
-0.14992524434583102
-0.14978159018150355
-0.14957693537919742
-0.1493167076909192
-0.14899409134902664
-0.14859259541715325
-0.14808802902091317
-0.14745012828076517
-0.14664410737235128
-0.14563237491658187
-0.14437656765313678
-0.14283988844795897
-0.14098948570241335
-0.13879830308214794
-0.13624555061781912
-0.13331488732507069
-0.12998992574928792
-0.12624826939682043
-0.12205775569737974
-0.11737934018507823
-0.11217684370264078
-0.10642749145581999
-0.10012686653893227
-0.09328767783142689
-0.08593571866962507
-0.07810578607311547
-0.06983837896219826
-0.06117703474092569
-0.05216612269680523
-0.04284911108763625
-0.03326742422184436
-0.023459984664426323
-0.013463475194619545
-0.003313318422543232
0.006954623544165775
0.017301598634910334
0.02768272270967774
0.03804298646042152
0.048312848235469795
0.05840443194886529
0.06821051625932477
0.07760976105426283
0.08648140435780995
0.09472849282517025
0.10230070615364095
0.10920313348750423
0.11548419715017619
0.12120949198541993
0.1264347613589771
0.13118726566162112
0.13545864859445603
0.13920979957326612
0.1423876598191695
0.14495113338293739
0.14689686319608994
0.14827147176795294
0.1491632395892083
0.14967978784593694
0.1499252391999081
0.14998570352395665
0.14992399187249073
0.14978033186258372
0.14957567119721085
0.1493154376300807
0.1489928153960096
0.1485913135591963
0.14808674124602123
0.14744883457789865
0.14664280773029859
0.14563106932418862
0.14437525609867013
0.14283857091888522
0.14098816218570462
0.13879697356246218
0.13624421507933143
0.13331354575045415
0.12998857812273698
0.12624691570676158
0.122056395941769
0.11737797437204175
0.11217547185010034
0.10642611358841003
0.10012548268361499
0.0932862880144393
0.08593432291678034
0.07810438440843638
0.06983697140865577
0.061175621321184745
0.05216470343327656
0.04284768600310823
0.033265993339620915
0.023458548008374894
0.013462032789547315
0.0033118702944251732
-0.006956077368082889
-0.01730305812659698
-0.027684187838713938
-0.03804445719532055
-0.048314324543157136
-0.058405913793945594
-0.06821200360510665
-0.07761125386184507
-0.08648290258587854
-0.09472999643016079
-0.10230221508914814
-0.1092046477046929
-0.11548571659836167
-0.12121101661260923
-0.12643629111177365
-0.13118880048584394
-0.135460188434418
-0.13921134437121296
-0.14238920951545506
-0.14495268791486074
-0.14689842249736837
-0.14827303576784123
-0.14916480821363295
-0.1496813610165695
-0.1499268168350789
-0.14998728553766733
-0.14992557817532726
-0.14978192236074644
-0.14957726579353492
-0.1493170362227349
-0.14899441787896353
-0.14859291982217732
-0.14808835117431446
-0.14745044805163593
-0.146644424624937
-0.14563268951022454
-0.14437687944096816
-0.14284019727753344
-0.14098979141408635
-0.13879860550916737
-0.13624584958552577
-0.1333151826525534
-0.12999021725026802
-0.12624855688419215
-0.12205803898812691
-0.1173796191018349
-0.11217711807314884
-0.10642776110775573
-0.10012713129545317
-0.09328793750787065
-0.08593597307162888
-0.0781060349964714
-0.06983862219264543
-0.06117727205549222
-0.052166353862997505
-0.042849335864441694
-0.03326764235909908
-0.023460195902865105
-0.013463679266111445
-0.003313515049489693
0.0069544346482146024
0.017301417766859464
0.027682550175620713
0.03804282257715433
0.048312693330120886
0.05840428635939618
0.06821038033510024
0.07760963515602208
0.08648128885959797
0.09472838811383141
0.10230061262885812
0.10920305156210179
0.11548412724961296
0.12120943454651216
0.12643471682950314
0.13118723450025685
0.13545863127119043
0.13920979656960775
0.1423876716300037
0.14495116051769502
0.14689690618022774
0.1482715311432768
0.14916331591500664
0.14967988169940288
0.14992535117705996
0.14998583423910308
0.14992414195963302
0.14978050197663095
0.14957586201257053
0.14931564984336645
0.14899304972531968
0.14859157074560758
0.14808702205391586
0.14744913979539767
0.1466431381710988
0.14563142582848065
0.14437563953437182
0.14283898218381072
0.14098860220883475
0.1387974433065555
0.13624471554119058
0.13331407796315853
0.12998914315557808
0.12624751466390885
0.1220570299616193
0.1173786446282184
0.11217617955196474
0.10642685998352382
0.10012626906268082
0.09328711571375378
0.08593519331988672
0.07810529894851373
0.0698379315697518
0.06117662863843399
0.05216575949465505
0.042848792449725545
0.03326715186759873
0.023459760370279845
0.01346330079634872
0.0033131958174171944
-0.006954692394317577
-0.01730161170265135
-0.027682677897279295
-0.03804288159784447
-0.04831268107797058
-0.058404200173202185
-0.06821021746149988
-0.07760939274530163
-0.08648096396047678
-0.09472797767093842
-0.1023001134786436
-0.10920246043088143
-0.11548344075256796
-0.12120864918808644
-0.12643382900131098
-0.13118624047862043
-0.13545752721146873
-0.1392085785011081
-0.1423863354462489
-0.14494970196810242
-0.14689532086056556
-0.14826981448859017
-0.1491614631941388
-0.149677888007196
-0.14992321142951048
-0.14998354316708723
-0.14992169410177625
-0.14977789167058728
-0.14957308339006536
-0.14931269681936804
-0.14898991599126782
-0.14858824976002336
-0.14808350703303405
-0.14744542370361502
-0.1466392137089666
-0.14562728542247655
-0.14437127532308677
-0.1428343860053129
-0.14098376558468947
-0.13879235742744947
-0.13623937125249813
-0.13330846575110505
-0.12998325313567552
-0.12624133657404651
-0.1220505531560251
-0.11737185806916475
-0.11216907179333574
-0.10641941914456501
-0.10011848279942834
-0.09327897118870497
-0.0859266771778541
-0.0780963972920296
-0.06982862993655342
-0.06116691198053573
-0.052155612153547484
-0.04283819813257648
-0.03325609361953012
-0.023448220546329612
-0.013451261030707248
-0.0033006369908931965
0.006967790188352141
0.017315269193774366
0.027696916676780703
0.03805772415781974
0.04832815085313939
0.05842032158490975
0.06822701596503909
0.0776268948833709
0.08649919741943388
0.0947469713408948
0.1023198975163439
0.1092230663176334
0.1155049013502036
0.12123099879596948
0.12645710341987168
0.13121047708059086
0.13548276502162815
0.13923485828442522
0.14241369980639693
0.14497819545194826
0.14692499006662013
0.14830070817373905
0.14919363238120312
0.14971138609754264
0.1499580943221174
0.15001986938767792
0.14995952494185388
0.1498172913376794
0.14961411916344147
0.14935543921983477
0.14903443895686452
0.14863463083523526
0.14813182756879809
0.14749576906845263
0.14669167351630658
0.1456819537689606
0.14442825104570162
0.14289377295200645
0.14104567290590997
0.13885689988305608
0.13630666953846227
0.13337864684705317
0.1300564506736984
0.1263176912290122
0.12213021306321531
0.11745497927201985
0.1122558187280659
0.1065099651604774
0.1002130107114381
0.09337767387091428
0.08602975819088106
0.0782040715576297
0.06994112445705199
0.06128446660913095
0.05227848042238256
0.04296664813935662
0.033390408981184186
0.023588701422157854
0.013598225225746025
0.003454421139455363
-0.006806829344426904
-0.01714675342989938
-0.027520444800587684
-0.03787287040494877
-0.048134463150868285
-0.05821731967454234
-0.06801418936035189
-0.07740370065434361
-0.08626505777744232
-0.09450127099988942
-0.10206198079600803
-0.10895223395516225
-0.11522040697228206
-0.12093204499921544
-0.1261428373936161
-0.1308799856836967
-0.13513506920907248
-0.13886890673642596
-0.14202836158209828
-0.14457225142613309
-0.14649712283550173
-0.14784949001214584
-0.14871751069575462
-0.14920866563817423
-0.14942691515650494
-0.14945817929393423
-0.14936504441426388
-0.1491874687504715
-0.14894607281852684
-0.1486458818797815
-0.14827957908215322
-0.14783004305069447
-0.1472722830772269
-0.14657501524931807
-0.145702151928362
-0.14461444961608175
-0.14327147950953226
-0.14163393642416927
-0.13966607859014962
-0.13733781595388686
-0.13462570102492055
-0.13151194398350494
-0.12798084693405043
-0.12401327103257434
-0.11958212875807935
-0.11465347639994099
-0.10919484268495742
-0.10318611007465736
-0.09662633251874396
-0.08953463981489243
-0.08194800965310836
-0.07391902444612033
-0.06551497610141135
-0.05681840942414276
-0.04792869506314827
-0.03896377767877382
-0.030060319142766537
-0.02136912983608133
-0.013042155664493765
-0.005209687220892184
0.0020465563294651823
0.008711348536972058
0.014833459919995254
0.02050425978514398
0.025830314522527167
0.03091215546314547
0.03583335197984071
0.04065786408337898
0.04543198389694186
0.050187995268950514
0.05494793627990689
0.059726736891802364
0.06453446723461959
0.06937763254602679
0.07425954407447652
0.07917987174728691
0.08413356188815735
0.08910934642096635
0.09408803843018446
0.09904070557162759
0.103926692584844
0.10869140058928674
0.11326378706387681
0.11755378772419699
0.12145036969861078
0.1248218037234545
0.12752090314252004
0.12939863046260147
0.13032764028302896
0.13023110757348275
0.12910428874271868
0.12701585657205505
0.12408781448771203
0.12046601148346345
0.11629505962057114
0.111703887162337
0.10680096734879695
0.10167563266414016
0.09640231406101371
0.09104576176771689
0.08566623891960849
0.08032417662151098
0.07508406581190268
0.07001770095398709
0.06520706368580129
0.060745961139336
0.05673641638775795
0.05327424206185396
0.05042384396936111
0.048193290698986695
0.04652528700234804
0.04530992480615104
0.04441011186660455
0.04368568004301947
0.04300848687612088
0.04226860101133706
0.04137509084898798
0.04025477999742613
0.03885096800081727
0.03712284558312193
0.035045493586442183
0.03260993400691528
0.029822644749592727
0.026704178360241422
0.023286893732830875
0.019612132490007445
0.015727312812102923
0.011683355197357442
0.007532676714306113
0.00332779607936301
-0.0008795512044585882
-0.005038963158921274
-0.009101784727295325
-0.013021576944907349
-0.016754817311681748
-0.020261968309907404
-0.02350896071577927
-0.026468974220948266
-0.029124192461045806
-0.031467064971061165
-0.03350063846126379
-0.03523775051281619
-0.03669920691563851
-0.03791132468452649
-0.0389033075823069
-0.03970483498205419
-0.04034407089090424
-0.04084612589117262
-0.04123187934776593
-0.04151700030778914
-0.041710980026936094
-0.041815993590627
-0.04182544363090828
-0.04172213281902515
-0.04147623113064934
-0.041043666073445534
-0.04036640386069224
-0.03937727524762819
-0.0380128430627322
-0.03623635380846571
-0.03406661203828674
-0.03159902338670251
-0.02900124867781014
-0.026477032525184303
-0.024212083944337312
-0.022328368552210997
-0.020867394303244188
-0.019803726329148924
-0.019073444157255967
-0.018600696371193094
-0.01831440723446491
-0.01815545220179782
-0.01807778074340863
-0.018046696577308757
-0.018036270041143197
-0.01802682707948256
-0.01800285527175171
-0.017951381589782458
-0.017860770274425987
-0.01771986947300943
-0.01751745217790123
-0.017241927190471996
-0.01688132879439523
-0.016423623183006837
-0.015857387885718933
-0.015172915279085524
-0.014363745380246101
-0.013428529494985738
-0.012372963011330448
-0.011211338211951636
-0.009967144318228097
-0.00867220011642416
-0.0073641193836297275
-0.006082422178037364
-0.004864105024293125
-0.0037397123964072027
-0.0027307775872613318
-0.0018490131811618354
-0.0010970812989958007
-0.0004704042762656052
0.000040615667169118105
0.0004484737697534898
0.0007668290928957795
0.0010092567168892973
0.001188454618128818
0.0013158141787129895
0.0014012506767735159
0.0014532023809891194
0.0014787279750231384
0.001483653069615011
0.0014727338972813355
0.0014498190452962197
0.0014179988546590206
0.001379737753366244
0.0013369882189076866
0.0012912869911827281
0.0012438351486227064
0.001195564052152074
0.0011471892171637651
0.0010992540614265002
0.0010521652650749295
0.0010062212501361794
0.0009616350479376966
0.0009185526197569972
0.000877067503740244
0.0008372325108583728
0.0007990690301954471
0.0007625744431156093
0.0007277279967962942
0.0006944954635915334
0.0006628328157277937
0.0006326891229539954
0.000604008821360187
0.0005767334853352888
0.0005508032048725835
0.0005261576405763231
0.0005027368294459933
0.0004804817922908415
0.0004593349792035958
0.000439240592611292
0.00042014480729959936
0.00040199591945468854
0.00038474442993974756
0.0003683430811450747
0.0003527468605203645
0.00033791297768878
0.0003238008147169485
0.0003103718685137936
0.000297589678695424
0.00028541975002097645
0.0002738294705682195
0.0002627880245475372
0.00025226630771006106
0.00024223684215860485
0.0002326736912781922
0.0002235523790186194
0.00021484980909639042
0.00020654418931196863
0.00019861495826303571
0.00019104271366191395
0.00018380914837439383
0.00017689698304793855
0.0001702899100883636
0.00016397253417107708
0.0001579303190193851
0.00015214953693118996
0.0001466172202458919
0.00014132111864866758
0.00013624965342518648
0.00013139188037393994
0.00012673745032989046
0.0001222765771500633
0.00011800000090945764
0.00011389895766589618
0.00010996515442959031
0.00010619073680347239
0.00010256826493000011
0.00009909069184017681
0.00009575133740201373
0.00009254386818132234
0.00008946228030451146
0.00008650087610064704
0.00008365425029872116
0.00008091727291639788
0.00007828507195229445
0.00007575302075400259
0.0000733167239623769
0.00007097200422975935
0.00006871489029658921
0.000066541606619505
0.00006444856202948647
0.0000624323384490234
0.00006048968434120471
0.00005861750306192951
0.0000568128455814787
0.000055072903801248886
0.00005339500162678667
0.00005177658740678011
0.00005021523184378123
0.000048708613606210684
0.00004725452109430239
0.00004585084431861414
0.00004449556864970966
0.00004318677138907806
0.00004192261585221745
0.00004070134765338965
0.00003952129144864259
0.00003838084617763221
0.00003727847981465074
0.000036212730210565196
0.00003518219658886019
0.000034185539325393805
0.000033221478317161736
0.0000322887867531385
0.000031386290002629584
0.000030512865442562207
0.000029667434833257982
0.000028848968137898292
0.000028056476090899916
0.000027289012013361676
0.000026545667950194867
0.00002582557329719527
0.000025127892968405625
0.000024451826237899327
0.000023796604337771734
0.00002316149003857951
0.000022545775570348044
0.000021948780777797288
0.000021369853754004625
0.00002080836708679121
0.00002026371808601433
0.000019735329929426214
0.000019222644827065015
0.00001872512929968093
0.000018242268795964046
0.000017773569288447767
0.000017318555868588693
0.000016876771234072454
0.000016447775002288734
0.00001603114448085749
0.000015626471576683223
0.000015233364797186285
0.000014851445827084133
0.000014480350825975113
0.000014119729997346607
0.000013769245710745512
0.000013428572346790165
0.00001309739715554394
0.000012775418046457954
0.00001246234323275341
0.00001215789212246549
0.000011861794913658484
0.0000115737888237342
0.000011293623127905203
0.00001102105490365485
0.000010755849196104052
0.000010497779869730871
0.000010246628028839965
0.000010002183101625421
9.764241579558373e-6
9.532606685830313e-6
9.307088422477644e-6
9.087503241467103e-6
8.873674087098404e-6
8.665429493748816e-6
8.462603975053531e-6
8.265037816830172e-6
8.072576182338769e-6
7.885069550335648e-6
7.702373562243308e-6
7.524347946348587e-6
7.350856947371695e-6
7.181771644201628e-6
7.016963784581875e-6
6.8563118817303755e-6
6.699696086506677e-6
6.547003362472962e-6
6.398121794777184e-6
6.252943826816839e-6
6.11136569394655e-6
5.973286812705464e-6
5.838608731109679e-6
5.707237607908929e-6
5.579082189097899e-6
5.454053241749336e-6
5.33206447207398e-6
5.213033380825362e-6
5.096878928640013e-6
4.983522033584691e-6
4.872888339331796e-6
4.76490270002477e-6
4.659495639303604e-6
4.556596502589307e-6
4.456138776862644e-6
4.358057369648467e-6
4.262289068898022e-6
4.1687726588291296e-6
4.0774494687366455e-6
3.988260572438711e-6
3.901150853647598e-6
3.816065945650442e-6
3.732953100098233e-6
3.6517612882846426e-6
3.5724403541679865e-6
3.4949425279573073e-6
3.4192208534595395e-6
3.345229553282132e-6
3.2729244267336905e-6
3.2022635673003133e-6
3.1332043632815772e-6
3.0657058364651817e-6
2.9997302204820627e-6
2.935237507275081e-6
2.872191755950769e-6
2.8105569553343693e-6
2.750296463683676e-6
2.691377839880006e-6
2.633767120015634e-6
2.577432291372723e-6
2.5223417894406886e-6
2.468464527085957e-6
2.4157716842893007e-6
2.364234479714726e-6
2.3138239895808464e-6
2.2645137870366962e-6
2.2162766223325116e-6
2.1690868404722444e-6
2.122919749872234e-6
2.077750086032036e-6
2.033554840899256e-6
1.990309963536542e-6
1.947993803645153e-6
1.9065832088561917e-6
1.8660574051641425e-6
1.8263956887488284e-6
1.7875778549693953e-6
1.749583798274969e-6
1.7123943565417574e-6
1.6759912249239334e-6
1.6403547559900086e-6
1.605469323459306e-6
1.5713150961470206e-6
1.5378776787519034e-6
1.5051391736224776e-6
1.4730847810414564e-6
1.4416962969877838e-6
1.410961170958461e-6
1.3808638000703755e-6
1.3513887315338054e-6
1.3225229326926165e-6
1.2942524452426002e-6
1.2665637244527442e-6
1.239443855893684e-6
1.212880032981957e-6
1.186859545211098e-6
1.1613709074270165e-6
1.1364020105505495e-6
1.111941652325952e-6
1.0879776455255176e-6
1.0644993977778007e-6
1.041496785445672e-6
1.0189594290247368e-6
9.968764899558e-7
9.752381495509693e-7
9.540345859327079e-7
9.332571804946564e-7
9.12896313475359e-7
8.929422731967699e-7
8.733871526664929e-7
8.54222120772439e-7
8.354383287581934e-7
8.170278383043927e-7
7.989833718507796e-7
7.812957208619655e-7
7.639587750125241e-7
7.469644251792244e-7
7.303054514655437e-7
7.139748163943603e-7
6.979649714819025e-7
6.822697269064979e-7
6.66882553554417e-7
6.517972311024284e-7
6.370066608683519e-7
6.225057145669816e-7
6.082875142608971e-7
5.943461522678954e-7
5.806769113528688e-7
5.672722842728178e-7
5.541286822058036e-7
5.412405551510275e-7
5.286014196842701e-7
5.162064710483102e-7
5.040520628650975e-7
4.921315994754056e-7
4.804406426714078e-7
4.689759739540624e-7
4.5773155844681517e-7
4.467030972821975e-7
4.3588688930871186e-7
4.252777001635053e-7
4.1487198382313196e-7
4.046655008125726e-7
3.9465424060906394e-7
3.848340901932945e-7
3.7520207509646205e-7
3.657532078147205e-7
3.564846678379632e-7
3.4739304251549346e-7
3.384743084819488e-7
3.2972504505986543e-7
3.211417319762064e-7
3.1272197698767904e-7
3.0446154350084396e-7
2.963580330788672e-7
2.8840826288102964e-7
2.80608939091055e-7
2.729564274911895e-7
2.6544953786345316e-7
2.580840977213997e-7
2.508581050858675e-7
2.4376888260747645e-7
2.3681287523693398e-7
2.2998859709725754e-7
2.2329179500603176e-7
2.1672240983023147e-7
2.1027636420850282e-7
2.0395202811437922e-7
1.9774653197196877e-7
1.9165715887900762e-7
1.8568314949693172e-7
1.7982158372786092e-7
1.7406975400155338e-7
1.68427026080521e-7
1.628895919778324e-7
1.574556963384286e-7
1.52124757435284e-7
1.4689338103149845e-7
1.417611250167437e-7
1.3672486661053552e-7
1.3178313707042007e-7
1.2693381116533442e-7
1.2217629265057154e-7
1.1750765793829934e-7
1.1292716538863521e-7
1.0843283737367292e-7
1.0402275790638163e-7
9.969522288266159e-8
9.544965967910168e-8
9.128442346894223e-8
8.719616116382775e-8
8.318534141185069e-8
7.92500736027248e-8
7.538917242566312e-8
7.160046865740756e-8
6.7883668653144e-8
