-0.00005230461283420676
-0.00005274564527248954
-0.000055427930760526225
-0.00005503257968669003
-0.00005654826064976581
-0.00005667700322060114
-0.000059002262181742
-0.00005871977083034955
-0.0000599589793232623
-0.00006053893299966492
-0.00006030973320611755
-0.0000606959967816861
-0.00006212899671756514
-0.00006353349167390717
-0.0000640576377110673
-0.00006552648101143215
-0.0000668772788677258
-0.00006712965991986214
-0.00006858291481895154
-0.00006961116725313899
-0.0000712137935008873
-0.0000713715743757545
-0.00007325056112948692
-0.00007466245241279582
-0.0000751381178037261
-0.00007714456962761121
-0.00007776404777468325
-0.00007939435162102638
-0.00008065069576493064
-0.00008036052777370695
-0.00008275964217234331
-0.00008371079948308299
-0.00008489112985613401
-0.00008590237305537284
-0.00008809521431016331
-0.000089699698465192
-0.0000899414239204811
-0.0000935121371668891
-0.00009552502177213782
-0.00009390061595767827
-0.00009764441079342506
-0.00009928201373063061
-0.00010023339225707163
-0.00010239449496703975
-0.00010433843459525569
-0.0001064266038318432
-0.00010838746497475528
-0.0001095903798606902
-0.00011133729076604267
-0.0001133479157483765
-0.00011467138395184811
-0.00011700533839285562
-0.00012018056926461194
-0.00012162786681297564
-0.0001243921463246462
-0.00012426353969638732
-0.00012718529246583262
-0.0001300426530277523
-0.0001326121195847338
-0.0001351984993564681
-0.00013808647510691417
-0.00014033854258298215
-0.00014157071173687518
-0.00014513585587141764
-0.00014852703738685207
-0.0001518713377562251
-0.0001520509950662491
-0.00015591908371261924
-0.0001598367617737595
-0.00016151863464628586
-0.00016420062543032603
-0.00016818016800427594
-0.00017163104991759306
-0.00017479521100213717
-0.00017786787821085537
-0.00018215619898530504
-0.00018532304068945844
-0.00018815996318071484
-0.0001926800431933795
-0.00019661657944477343
-0.00019913722435200074
-0.00020408976507604393
-0.00020864507598489392
-0.0002110901292062521
-0.00021674130321786597
-0.00022067374908998316
-0.0002254865921849347
-0.00023020106616954958
-0.00023383470926075875
-0.00023822683071704392
-0.0002442546973689957
-0.0002491261002152399
-0.0002532236871602617
-0.0002596227608511438
-0.0002649005845672549
-0.00027051367514906887
-0.00027685576497551507
-0.0002823652190595097
-0.0002882395468247144
-0.0002950499304853985
-0.000301446198496358
-0.00030819704715337237
-0.000313460072697964
-0.0003207349251613753
-0.00032792194291124947
-0.00033534553231209205
-0.00034421145113550626
-0.0003508884388903083
-0.0003595415941593479
-0.00036793737323588446
-0.00037652266792659225
-0.0003843386075449276
-0.00039339222257269053
-0.00040345210835471094
-0.00041256721347925475
-0.0004219576160173704
-0.00043141536025216386
-0.00044172744670754795
-0.00045253320269124587
-0.0004629818976344315
-0.0004734557793462479
-0.00048583242934722987
-0.0004981674922741022
-0.0005103950957799495
-0.0005229905225973955
-0.0005349786629201403
-0.0005481922543299422
-0.0005633393286416299
-0.0005769890956168854
-0.0005908642213090504
-0.0006048274921534167
-0.0006225951512109843
-0.0006377486917059896
-0.0006535276087670334
-0.000670771216425996
-0.0006898246739330149
-0.000708052348606487
-0.0007259426924094704
-0.0007454076666164669
-0.0007650500369575495
-0.0007864035802788536
-0.0008071904094104825
-0.0008285628578705409
-0.0008518676214994328
-0.0008753713463901932
-0.0009002197337650357
-0.0009264003475244018
-0.0009511915454115823
-0.0009779060243563214
-0.001006148119520712
-0.0010342246387544166
-0.0010635520472441727
-0.0010954319091140141
-0.0011256388617292582
-0.0011597529831910824
-0.0011939947551504284
-0.0012289950722031767
-0.0012666216226824485
-0.0013037531362732194
-0.0013427303277107696
-0.0013824363114131168
-0.0014251387420683428
-0.0014690478472102141
-0.0015151849401018288
-0.0015621165885033026
-0.0016092698608465455
-0.0016603407319200395
-0.0017131920588647636
-0.001766946821791237
-0.001822244721919312
-0.0018824983647032056
-0.0019421120605832255
-0.002005005430138812
-0.0020704637188980733
-0.002137998701472669
-0.0022083211416534902
-0.0022816196696183906
-0.0023573632362255785
-0.002436209161756693
-0.002517886774292453
-0.002602914195849878
-0.0026909220693785408
-0.0027833001970231684
-0.0028768989420857455
-0.002976005480302216
-0.0030784844615147316
-0.0031853314758741778
-0.0032959053573502275
-0.003411552768017031
-0.0035310528447932347
-0.0036551501176694994
-0.0037832505661448846
-0.003918192525291934
-0.004056422658037725
-0.004199414909959363
-0.004349978614475206
-0.004504589191654614
-0.004665394312214004
-0.004832457479695504
-0.0050047741570459145
-0.0051839298892184
-0.0053683666661512265
-0.005558323184302374
-0.005755792400627064
-0.005961374903222054
-0.006169895250060198
-0.006388735067388926
-0.006612059016709355
-0.00684092836786385
-0.007077192222620675
-0.007319079869764377
-0.007566913412586607
-0.0078183579468821
-0.008075853877560412
-0.008336966246337618
-0.008601071106796738
-0.008869198722148168
-0.009137951264539442
-0.009405873396872969
-0.009672100520106471
-0.009936108811292078
-0.010193277086534116
-0.010443623124931628
-0.010683209778871623
-0.01091016136220784
-0.011117112051863713
-0.011303827008110194
-0.011464071033380272
-0.011592399812931326
-0.011682992131857271
-0.011728788683322531
-0.011723152400634877
-0.0116564421223987
-0.01151957017055615
-0.011302940583971324
-0.01099646575457166
-0.01058437910096862
-0.010056315509188058
-0.009398876444307033
-0.008595049103948295
-0.00763071467947705
-0.006492076135365283
-0.005160834313292031
-0.0036214187368350252
-0.0018626308779807858
0.00013215935331965106
0.002374013077484104
0.0048693889428673654
0.00762440270708839
0.010637894240249036
0.013902428540027933
0.017406158789633724
0.021128508751868075
0.025040878129377563
0.029104700492024432
0.033268842699658414
0.03747992463336678
0.04167055624743497
0.04576340305262999
0.049677460453777515
0.05332592748259808
0.05661604563282615
0.059455933941247
0.06175480390398117
0.06342403469077765
0.06438349994820736
0.06455725068036955
0.06388515747534203
0.062317943805508286
0.059815283480487744
0.05635620683934988
0.05193051102949776
0.04654682138971824
0.04022631063177434
0.03300646394214954
0.024936258438928927
0.01608302274645108
0.0065189757156302024
-0.003665514815815202
-0.01437278970982896
-0.025493909879305707
-0.0369137412840254
-0.04851039039688887
-0.06015326549764571
-0.0717148512213298
-0.08306187941004974
-0.09406181900970909
-0.10458678919208159
-0.11451086821671647
-0.1237161460304486
-0.13209296129600287
-0.139537450804277
-0.14596006936843944
-0.1512793850440163
-0.1554272668838796
-0.15834570484888807
-0.1599928972891055
-0.16033183809790497
-0.1593468456021916
-0.15702944820272174
-0.15338562490171795
-0.14842956374072994
-0.14219294453361694
-0.13471374317444923
-0.12604536873178965
-0.11624859798953523
-0.10539617028977767
-0.09356750115312155
-0.08085162971944473
-0.06734405580895057
-0.053147750487044336
-0.03836689640579588
-0.023115937300454935
-0.007504885433969806
0.008347599710896552
0.024325962353378583
0.040309679487462204
0.05618131143988415
0.07182299915088855
0.08711734759395731
0.10194881550497979
0.11620612048069802
0.1297790924304785
0.14256612065340762
0.15446659802303292
0.16538825260822085
0.1752459408850438
0.183964520906278
0.19147286740483352
0.19771350184580502
0.20263744343965784
0.20620332963073984
0.2083839337547363
0.2091585973541729
0.20851690121679883
0.2064616543508905
0.2030029168229103
0.19816186081063727
0.1919688801498149
0.18446756337482498
0.1757064290557898
0.16574866453708442
0.1546629230265642
0.14252701041051194
0.1294286160297139
0.1154588417784149
0.1007194937072998
0.08531335665143569
0.06935096607145703
0.05294553538532565
0.036209122565026834
0.019261976744089932
0.002220161175520418
-0.014794453475130552
-0.031666418049553405
-0.04827609958705247
-0.0645071605651363
-0.08024467058480579
-0.0953775225535812
-0.1097957733769485
-0.12339847596733576
-0.1360848828352373
-0.14776610574812007
-0.1583555834780998
-0.16777848143656227
-0.1759652918357391
-0.18286040307560858
-0.18841248983909303
-0.19258484238084017
-0.19534637798645052
-0.19667967948159093
-0.19657564644153355
-0.19503496074542453
-0.192070133182943
-0.1877029727056683
-0.18196594883899983
-0.17489930209553284
-0.1665554817673654
-0.1569957196410404
-0.14628975950497433
-0.1345175247214372
-0.12176470362795602
-0.10812408056966889
-0.09369774510687345
-0.07858931140392487
-0.06290880895671386
-0.04676902780186825
-0.03028563228012229
-0.013576054915567109
0.003240450262383174
0.020045427335965635
0.03671928236793957
0.053143817420060475
0.06920234610150575
0.08477873303189043
0.09976076128776168
0.1140411005205825
0.12751489029589094
0.14008334186270477
0.15165439658925378
0.16214282839608563
0.17147412734887996
0.17957710624343456
0.18639435299083754
0.19187654093633225
0.19598296882283894
0.19868592610100458
0.19996395243256282
0.19980979587014255
0.19822275071707823
0.19521546856651065
0.1908076047067679
0.18503069271842848
0.17792831917165355
0.169548531418591
0.15995294615490077
0.14921159498119282
0.13740338023140078
0.12461374029418257
0.11093622536476497
0.09647081593696381
0.08132105768923811
0.0655984509510242
0.04941358529521901
0.032883108104938094
0.016124372562489726
-0.000744683849065131
-0.017605023353929206
-0.03433588984287458
-0.0508215692565533
-0.06694202298878095
-0.08258435333403476
-0.09763524626234314
-0.1119857989160194
-0.12553271742318625
-0.13817633271840202
-0.14982449168682715
-0.1603928838088476
-0.16980357505896906
-0.17798877410648578
-0.18488880032639085
-0.19045381152238477
-0.19464378460019813
-0.19742946396858865
-0.1987908927807765
-0.1987183616075405
-0.19721294430516273
-0.19428419151188386
-0.1899536377874755
-0.18425328533446517
-0.17722253870028976
-0.16891350757226364
-0.15938520796748093
-0.14870762357394
-0.13695912475586522
-0.12422567577011097
-0.11060030037385976
-0.09618124742798943
-0.08107556307864562
-0.06539042248236222
-0.0492389756317555
-0.03273794362100229
-0.01600253646935108
0.0008473783125099501
0.01769406301449509
0.03441596342880089
0.050896744526390834
0.06701796562551836
0.0826647192356691
0.09772506124044882
0.11208920888541926
0.12565370615947874
0.13831894266700803
0.14999309777023467
0.1605908268789578
0.17003326293562634
0.17825272297715988
0.18518931074901845
0.19079356033643793
0.1950239731243308
0.1978522739622598
0.19925581369893658
0.19922626059633652
0.19776368020077317
0.19487789099604128
0.19059026284490527
0.18492965655276036
0.1779390012037857
0.16966716833491793
0.1601738340438621
0.14953011072872943
0.1378117577825848
0.12510537905494798
0.11150351465573871
0.09710470036197998
0.08201468529462656
0.06634219589752177
0.05019972322468497
0.03370155725696375
0.0169665560210887
0.00011197159439899896
-0.016742344342166433
-0.03347741444094491
-0.04997564785851794
-0.06611797544228774
-0.08178968809752646
-0.0968801452971496
-0.11127771702404832
-0.12487930386189135
-0.1375846827997724
-0.14930224637126752
-0.15994592184958817
-0.16943732385110805
-0.17770823295544996
-0.1846980924046816
-0.19035682346259533
-0.19464366847250608
-0.1975274645264962
-0.1989893383160235
-0.1990168208136605
-0.19761034614792217
-0.19478209862593973
-0.19054955797245235
-0.184943219925996
-0.17800444704219387
-0.16978273552512577
-0.16033800607047413
-0.1497382887780907
-0.13806193280448592
-0.12539404588223535
-0.11182642524114687
-0.0974591948330127
-0.0823956077653912
-0.0667457837563539
-0.05062111836293595
-0.0341375754061012
-0.01741227567890784
-0.0005628044906537764
0.016290968529657338
0.033029687790864314
0.04953606756452496
0.0656911869491988
0.08138020876995343
0.09649073996792248
0.11091266997735681
0.12454327314891299
0.1372813705409893
0.14903544138512873
0.1597176350660292
0.16925090660614903
0.17756568396173056
0.18460203954075144
0.19030857791636335
0.19464436448144046
0.19757910356429292
0.19909101770216542
0.19917025429109575
0.19781537839085922
0.1950371409606381
0.19085442542629272
0.18529676388897084
0.17840450518379142
0.17022773835165853
0.16082553716001563
0.15026540887652312
0.13862551627873634
0.1259900151068689
0.11245300210497779
0.0981124233756094
0.08307129818687314
0.06743998101306745
0.05132990249213135
0.034855250521408074
0.01813517229340118
0.0012864590666679843
-0.015569585996585162
-0.03231723380561112
-0.048834654636295896
-0.06500631635214305
-0.08071632981312876
-0.095851386951166
-0.11030281491454906
-0.1239654869226652
-0.136739679578615
-0.14853250655521183
-0.15925712135538195
-0.16883564774141102
-0.17719781750156186
-0.1842831453375258
-0.19004106132324364
-0.19442923458092837
-0.19741773335914278
-0.19898327011021705
-0.19911662107464007
-0.19781637470358743
-0.19509103280096549
-0.19096051568674877
-0.18545442539792817
-0.17861097997526004
-0.1704822997377152
-0.16112460935210626
-0.15060746716745302
-0.1390071589380182
-0.12640797673007634
-0.11290347713464831
-0.09859093082754156
-0.08357509640841071
-0.06796442852032891
-0.051870235432820905
-0.03540860525413375
-0.018696471716355263
-0.00185100928792927
0.01500671730081142
0.03175847997673677
0.0482865203957631
0.06447281328152514
0.08020074504437168
0.0953586610374671
0.10983639932365444
0.12352910020108922
0.13633802438246775
0.14816757224513605
0.15893242063056925
0.1685543171960324
0.1769617990852812
0.1840952479728984
0.189901899728389
0.1943415043551392
0.19738068791312174
0.19899936703462592
0.19918520740206974
0.19793727609151798
0.19526379170947897
0.19118437950970207
0.18572813919264064
0.17893401892705707
0.1708501592635019
0.16153641787766757
0.1510601952788601
0.13949842994068934
0.1269345496929859
0.11346106041364194
0.09917646305172295
0.0841839023186956
0.06859190211370811
0.05251394760207134
0.03606314050690137
0.019357671162645237
0.0025152785805472337
-0.014344708675221605
-0.031103648085683347
-0.047642290688520265
-0.06384371970397644
-0.07959085459474459
-0.094772033281798
-0.10927728081967346
-0.12300138880639659
-0.1358445086105276
-0.14771289306213212
-0.15851943360220408
-0.1681846018233754
-0.1766389290357628
-0.18382071955303023
-0.1896782649467433
-0.19416914151378975
-0.197261393888155
-0.19893293740326523
-0.1991724844909166
-0.19797743705328372
-0.19535680563710384
-0.19132940687924455
-0.18592368867141823
-0.17917806601717134
-0.17114225310683656
-0.16187307364609385
-0.15143894317516132
-0.1399153039857257
-0.1273879034175818
-0.11394697748382572
-0.09969058609630682
-0.08472287459655035
-0.06915181105396112
-0.05308962768815619
-0.03665117624559498
-0.01995237590529065
-0.003112969435506563
0.013748014790129418
0.0305123739588932
0.047061060269258756
0.06327617753017006
0.0790420740697524
0.09424616604714382
0.10877805886977
0.12253312715284305
0.13540994139391846
0.1473159525885112
0.15816237808621456
0.1678713153888941
0.17637174758361074
0.1836013010755624
0.18950858882545524
0.19405000021593016
0.19719472355723366
0.1989188000062021
0.1992113987937734
0.19806883367368458
0.19550090228455905
0.1915249566158954
0.18616922891314788
0.17947228589258743
0.17148287862533945
0.16225857138188968
0.15186600966653738
0.14038104279652805
0.12788889734583433
0.1144796222988704
0.10025176820345877
0.08530860952318246
0.06975733031573071
0.053711369611957195
0.03728393115286188
0.02059345436723267
0.003757015560883445
-0.013105948218550505
-0.0298762281497305
-0.04643501882212857
-0.0626646780271378
-0.07844976078904468
-0.09367630580697428
-0.10823557652839345
-0.12202137530042018
-0.13493269566604257
-0.14687589102286758
-0.15776377237075764
-0.16751625088386257
-0.17606243248582976
-0.18334009962845646
-0.18929719770222003
-0.19389030872845003
-0.1970870485342754
-0.1988643345260298
-0.19921017411966935
-0.19812123909703522
-0.19560570901409025
-0.1916816552424418
-0.18637652939430904
-0.1797287296184523
-0.1717862911930194
-0.162606089650577
-0.15225592356112783
-0.14081068994834858
-0.12835386646279384
-0.11497717084735216
-0.1007777425505796
-0.08585923024846281
-0.07032917275256334
-0.05429904578896927
-0.03788407191662707
-0.021201060750738396
-0.0043680649168876895
0.012496153490792155
0.029271250562420907
0.04583998918816725
0.06208387553733887
0.07788738402266485
0.09313667690149795
0.1077225496942814
0.12153818835839586
0.13448395204691357
0.14646481077004614
0.1573924475194455
0.16718848387980664
0.17578043654524228
0.18310604366614155
0.18911269424352387
0.19375699707609112
0.19700572094221594
0.19883599574715186
0.19923480010025876
0.19819863250010258
0.1957357475851593
0.19186310981362958
0.1866089078760186
0.18000982754524528
0.17211402893233066
0.16297878994028783
0.15267034581226877
0.14126407090283363
0.12884304878938285
0.11549891893948787
0.10132758468409359
0.08643362265091632
0.07092444319564145
0.054910581323916526
0.038508232432126276
0.02183260332160611
0.00500302424429243
-0.011861807998585258
-0.02864272233757449
-0.04522132729469502
-0.06147918460915365
-0.07730140519143965
-0.0925732330948822
-0.10718549963499105
-0.12103190170330552
-0.134011669862051
-0.1460296486151751
-0.1569983721845378
-0.16683723193810562
-0.1754746183867871
-0.18284847568929355
-0.18890483298873148
-0.1936003955305393
-0.19690166006717308
-0.1987847100696202
-0.1992362853574278
-0.19825373155984208
-0.1958432683103669
-0.19202242724484037
-0.1868188553111129
-0.18026868164086568
-0.17241991605390186
-0.16332964074554168
-0.15306359111881274
-0.1416964106059435
-0.12931173556942988
-0.11599965745821497
-0.10185785440135833
-0.08698860432911866
-0.07150012846598847
-0.05550333175200635
-0.03911287605710096
-0.022445360775935258
-0.0056196708191042985
0.011246009269206254
0.02803209206175059
0.044620393843536034
0.06089242506580984
0.0767319209693138
0.09202669836809899
0.10666507717273473
0.1205414805058053
0.13355500772084544
0.14561025480883907
0.1566191347147984
0.1665014341867978
0.17518463865604286
0.18260622635447052
0.1887119827968708
0.19345882980198753
0.19681165642426446
0.1987475661862299
0.19925241570792665
0.19832290927056923
0.19596491654527814
0.19219597088907087
0.18704274355908754
0.1805422411065441
0.1727403246894764
0.16369491276497228
0.1534707493655098
0.1421431703600617
0.12979453331313892
0.11651522616237184
0.10240203931375691
0.08755793594345224
0.07209037122656332
0.05611042726570467
0.039732388785081736
0.02307318356516398
0.006250920259252741
-0.01061564118132653
-0.027407011989918437
-0.044004137655315245
-0.060290056752391144
-0.07614826610304637
-0.0914649200026652
-0.10612948477133453
-0.12003610549149195
-0.1330830471073637
-0.1451755384107502
-0.15622464507425635
-0.16615011427990295
-0.17487896977525538
-0.18234809248960354
-0.18850373089115705
-0.19330143773348563
-0.19670695664667015
-0.19869522843788967
-0.1992531890319816
-0.1983767313003088
-0.19607173925931148
-0.1923545224690953
-0.1872520517650453
-0.18080027130158302
-0.17304643237986084
-0.16404543418853604
-0.15386377890352798
-0.1425759016824075
-0.13026319022604932
-0.11701675320928111
-0.10293279167666802
-0.08811377257068005
-0.07266748350657246
-0.056704509914689595
-0.040339117001707094
-0.023688385043502187
-0.006870069731688301
0.009996807059960932
0.02679304020996242
0.04339986659875642
0.059699372717858364
0.07557529881150628
0.09091368929334377
0.10560462620892175
0.11954099587279125
0.13262197360936093
0.1447513256043925
0.15584033100610226
0.1658087018145477
0.17458321673642474
0.18210016570291965
0.18830486346466685
0.1931536159291518
0.1966108205415512
0.1986525497890711
0.19926339826523704
0.19843983730942372
0.19618735908220006
0.19252242241574796
0.18747039622851605
0.181067827864953
0.17336096105223547
0.16440531727922209
0.15426631170450533
0.14301744123035046
0.1307413183594939
0.1175279552450992
0.10347309486405036
0.08867966955404416
0.07325421510379472
0.05730844056815385
0.04095604361459783
0.024313563957537324
0.007499351931275725
-0.009367846767880909
-0.026168784549254934
-0.04278478955884353
-0.05909763015020242
-0.07499136032941651
-0.09035187953831957
-0.10506853075092548
-0.11903469302020112
-0.1321489861607375
-0.1443150329445477
-0.15544466620894262
-0.1654557568001551
-0.17427531803541932
-0.18184022238658015
-0.1880943917967459
-0.19299396917371947
-0.19650341273680597
-0.19859740411756224
-0.19926161612939608
-0.19849099151230354
-0.19629166157188876
-0.19267839217697608
-0.1876773906789325
-0.18132398168021416
-0.17366450293099234
-0.16475404874986968
-0.1546576062585743
-0.14344826846260805
-0.1312089317273282
-0.1180285664415818
-0.10400279381153628
-0.08923479905975493
-0.07383091878351948
-0.05790212296199713
-0.041562966128940185
-0.024929274521741616
-0.00811929420922216
0.008748030291150202
0.025553466260827152
0.04217855307916527
0.05850489149658293
0.0744163469322405
0.08979817157902065
0.10454060032229681
0.11853646144536091
0.1316839332867712
0.14388698717469633
0.155056191572548
0.16511015267718115
0.1739753386686614
0.18158753967822783
0.1878913624591726
0.19284152306617913
0.19640293992157495
0.19854986967201846
0.1992671109859794
0.19854980152494262
0.19640309098761008
0.19284138002977533
0.18789137503200962
0.18158748648181688
0.17397516032906038
0.16511036357266592
0.15505631142540344
0.14388681020582325
0.13168398423161734
0.11853629252297562
0.1045404605056422
0.08979805856553753
0.07441591141613613
0.05850488934540999
0.04217848827825628
0.02555377509377848
0.00874804203400313
-0.00811949761856806
-0.024929247817775717
-0.04156291875188875
-0.05790252595861257
-0.07383104925826643
-0.08923500316571892
-0.10400295927558294
-0.1180283475888337
-0.13120904448578247
-0.14344850603394851
-0.154657682064986
-0.16475399790885675
-0.1736645477217583
-0.18132376794046665
-0.18767744675367704
-0.1926783001790234
-0.19629169390735823
-0.19849127968729052
-0.19926184496241234
-0.19859740102243997
-0.19650329676939143
-0.19299374457208684
-0.1880946827625754
-0.18184001911340072
-0.17427541292352744
-0.16545558811069427
-0.1554444509543592
-0.14431502953383887
-0.13214871708670423
-0.11903480762445552
-0.10506849163356707
-0.09035200666028695
-0.07499147830318846
-0.05909769106309572
-0.04278477792026608
-0.02616874696455998
-0.009367701300994158
0.007499357218827413
0.024313617751033693
0.040955763086231584
0.05730835098677815
0.07325441627982812
0.08867954320313562
0.10347302867872714
0.11752797384942856
0.13074144276713137
0.14301749944478917
0.15426640392083962
0.1644052632277764
0.17336088862673085
0.18106805583004892
0.18747036998468022
0.1925222795904638
0.19618728642631156
0.19843976275617786
0.19926350141760651
0.19865222063026736
0.19661102593657054
0.19315380146829045
0.18830516280028642
0.18210023548508894
0.17458333041699686
0.1658086167169445
0.15584049491140095
0.14475094547654993
0.13262188354374166
0.11954132219171171
0.10560467419347622
0.09091362716072432
0.07557513971477929
0.05969967072375399
0.04340009821798024
0.026793251516019048
0.00999711703801878
-0.006869944435441684
-0.023688191981678864
-0.040339222650086215
-0.0567040125264378
-0.07266714971797102
-0.08811386296665502
-0.10293239727652312
-0.11701667107160908
-0.13026330156212412
-0.1425758862741125
-0.15386394603007136
-0.16404544080971764
-0.17304623564986665
-0.1808003507179815
-0.18725175002935468
-0.19235476435552276
-0.1960714786043811
-0.19837673145787674
-0.1992533234242244
-0.19869552899015847
-0.19670681712345048
-0.19330136043053028
-0.18850390625913477
-0.18234839826016058
-0.17487927970536093
-0.16615019420337862
-0.1562246598592396
-0.14517562168156167
-0.13308298566201546
-0.12003617348229002
-0.10612942250379183
-0.09146471309322975
-0.07614821346944252
-0.06029018487142942
-0.04400419665224967
-0.027407013263774014
-0.010615569767284597
0.006250906521492419
0.023073295323155312
0.03973211632038588
0.05611044594206052
0.07209013539547117
0.08755811248959319
0.10240190029808673
0.1165152012258835
0.12979439996472514
0.14214336791882684
0.15347072554890556
0.1636950916475912
0.17274017548776904
0.18054193303809696
0.1870426691195167
0.19219615583577057
0.19596477808261256
0.19832289853009294
0.19925224689868173
0.1987478023997785
0.19681172391556037
0.19345858691194764
0.18871213945313847
0.18260594049941134
0.1751844852454059
0.16650129322070373
0.15661906238065357
0.14561015259598364
0.1335548696716454
0.12054143449703557
0.10666501735632092
0.09202660739771434
0.0767323604381123
0.0608923574568531
0.044620268970735615
0.028032318043648696
0.011245942176588673
-0.005619655037551379
-0.022445665318156845
-0.03911298810929579
-0.055503268643603706
-0.07149999797166748
-0.08698875513099882
-0.1018579366019245
-0.116000102156318
-0.12931218519822985
-0.14169678367391786
-0.1530636168788645
-0.16332980153572724
-0.1724203639143453
-0.18026885436654955
-0.18681854181872312
-0.19202265377363748
-0.1958433423096512
-0.19825382100842728
-0.19923627249740558
-0.19878444847689092
-0.1969014534118319
-0.19360065995096656
-0.18890501104902774
-0.18284865233841696
-0.1754752997506722
-0.166837036984895
-0.15699812103751856
-0.14602964005883587
-0.13401151991512547
-0.1210321216587429
-0.1071856112007593
-0.09257347635796359
-0.0773010626001251
-0.0614793975165484
-0.04522116778189854
-0.028642684512480355
-0.011861752841839471
0.0050030510494565245
0.02183300179340287
0.03850790567356826
0.054910955419378765
0.07092422931855139
0.0864339579931164
0.10132772461347699
0.11549863389722573
0.12884333341164492
0.14126417585475012
0.15267027704868633
0.16297883446969513
0.17211384215022907
0.18000940037008328
0.1866085269298286
0.19186282168869362
0.1957355861033169
0.19819854542985807
0.19923464341604863
0.19883598569614924
0.1970056312288204
0.19375710991823977
0.18911277859175835
0.18310581622183117
0.1757800611057429
0.16718839141556044
0.1573925504544985
0.1464644000317177
0.13448385309920471
0.1215383532042092
0.10772248671940715
0.09313693620713727
0.07788740130973774
0.0620838929752219
0.04583998371546893
0.029271549801077865
0.012495843901080144
-0.004367940314663887
-0.021201316937313537
-0.03788431055441384
-0.054298819682701546
-0.07032925291897063
-0.08585897956224563
-0.10077779519922657
-0.1149769055718095
-0.12835425060820158
-0.14081074258075
-0.15225553541682424
-0.16260631616092777
-0.17178617288205758
-0.1797287047664354
-0.18637663605968954
-0.19168148998977505
-0.1956059653597489
-0.1981213458619665
-0.1992100589516753
-0.19886496206840354
-0.19708709159975418
-0.193890605077747
-0.18929699795619892
-0.18334051214052116
-0.1760622244664506
-0.1675166570908695
-0.15776363355145287
-0.14687627076500223
-0.13493271854435035
-0.12202115005125991
-0.10823566149580659
-0.09367636924013188
-0.07844968192852474
-0.06266468473113006
-0.046435067441638056
-0.029876131064948176
-0.013106278175567292
0.00375666989496936
0.02059343629910082
0.03728406760887942
0.053711008554055105
0.06975707376432583
0.08530822365323604
0.10025178921662839
0.11447985804805788
0.1278885976922478
0.14038121502255407
0.1518658656185591
0.16225818671426262
0.1714825731246994
0.17947234455258493
0.18616902710304062
0.19152463006443396
0.19550079130277498
0.1980688953929988
0.19921087278153374
0.19891870078182966
0.1971940519905533
0.19405012874139627
0.1895081292336959
0.18360086472357978
0.17637170206699182
0.16787147832584276
0.15816226015149315
0.14731532416323168
0.13540993600517184
0.12253253278936217
0.10877811721252098
0.09424613347032675
0.07904248267410402
0.06327636835563658
0.047060670688282076
0.030512204020412888
0.013748204368763289
-0.0031135914545375024
-0.01995290781345059
-0.036650789685217004
-0.05308974419397727
-0.06915167248274487
-0.0847225574194862
-0.09969084650657171
-0.11394720047284128
-0.12738792391324627
-0.1399158425543352
-0.15143895191197346
-0.161873527767032
-0.17114227432478887
-0.17917849624028476
-0.18592387317007666
-0.19132971859266915
-0.19535740214716726
-0.19797762385963685
-0.1991720812833394
-0.19893321904669561
-0.1972612257524357
-0.1941695497450085
-0.18967810608286684
-0.18382070295438638
-0.17663927996773343
-0.16818477997273598
-0.1585191255766893
-0.14771300107456528
-0.13584509522784594
-0.12300186073009478
-0.10927761617248297
-0.09477221882151105
-0.07959062144739508
-0.06384322186890037
-0.04764185081782897
-0.031103858274340094
-0.014345315909928538
0.0025154699229734787
0.019357895034844173
0.03606325901543896
0.05251404910232194
0.06859274935486542
0.08418398680684809
0.09917671667669588
0.11346117306440183
0.12693464630356802
0.1394983212905885
0.15106075505525993
0.16153697339953707
0.17085030745721966
0.17893362540199148
0.18572823997772794
0.19118454245415245
0.1952636638368312
0.1979373050541889
0.19918539759751205
0.1989997183765542
0.19738083264306003
0.19434149841432855
0.1899019476225695
0.18409548114744978
0.1769616562496252
0.16855384984918007
0.1589323969788011
0.1481675738369034
0.13633814280976003
0.12352915382117056
0.10983620352123664
0.09535853590241927
0.08020076582878556
0.06447250337916888
0.04828720335249871
0.031759411231481544
0.015007035760893786
-0.0018513448544017314
-0.018695879610560743
-0.03540861063493879
-0.05187058735065293
-0.0679643768560812
-0.08357489541389274
-0.09859127204373512
-0.11290333835899034
-0.1264081324812204
-0.1390068224232475
-0.15060687799573014
-0.161124556966569
-0.1704819746985323
-0.17861158258471876
-0.18545410847364646
-0.1909607018424185
-0.19509047626885917
-0.19781666029685926
-0.19911643217732017
-0.19898329796904182
-0.19741780891834584
-0.1944294980041961
-0.1900412267033692
-0.18428352473319307
-0.1771971975093688
-0.16883539096774397
-0.1592567638886111
-0.14853221975053205
-0.13673969768015964
-0.12396508119187777
-0.11030260779950181
-0.09585146579816944
-0.08071600785618306
-0.06500682459479928
-0.04883495582516867
-0.0323169240957601
-0.015570090671466993
0.001286857877474551
0.018134964122163925
0.03485601973686518
0.05132904026684685
0.06743968276614064
0.08307175876776993
0.09811233776580983
0.11245356256338171
0.1259903810772897
0.138625815336211
0.15026521147010927
0.1608251163205807
0.1702276579877775
0.1784044624883155
0.18529668733646032
0.19085403136790077
0.19503681129350042
0.19781605080199874
0.19917087705850622
0.19909115114160858
0.1975790865262987
0.19464493757631515
0.19030830882553104
0.18460202731307995
0.17756624037468055
0.16925073777856864
0.1597171981079367
0.14903553292506586
0.13728242079115838
0.12454347940836188
0.11091312907206004
0.09649092108981343
0.08138054206799822
0.06569113923401307
0.04953571451615123
0.03302951955881431
0.016291021677762973
-0.0005625966128443978
-0.01741226847429223
-0.03413757942343136
-0.05062132814010009
-0.06674572486717675
-0.08239633535214629
-0.09745955784473857
-0.11182661446653858
-0.12539387541868302
-0.13806156408557288
-0.14973847663537174
-0.16033759882700452
-0.1697823675447851
-0.17800451855678634
-0.1849436403081615
-0.1905496015318763
-0.1947818888250374
-0.19761131913489063
-0.19901707443936392
-0.19898895846176295
-0.197527633656063
-0.19464394756935197
-0.19035664487076728
-0.184698404699622
-0.17770740682692884
-0.16943770139325934
-0.15994586388225335
-0.14930161280164692
-0.13758490434760062
-0.12487905106201531
-0.11127712617475284
-0.09687949443615994
-0.0817901953851135
-0.06611804158019607
-0.04997511383803494
-0.03347773405271041
-0.016742798696039944
0.00011184892860669252
0.016967056743738978
0.0337018256612252
0.050199872639214604
0.06634279138373382
0.08201503774310875
0.09710479778488333
0.11150309422470735
0.1251053665778567
0.13781173278893138
0.14953030440272114
0.16017419142051736
0.16966666526543345
0.17793891683221344
0.18492989923681424
0.19058957716975367
0.19487787160133319
0.19776324563046507
0.19922583680981581
0.1992551975846642
0.19785161484155422
0.19502397965561039
0.1907936224303003
0.18518946298306116
0.1782526977812018
0.1700331976988174
0.16059074052341524
0.14999371858826746
0.13831972728322028
0.12565374098611026
0.11208977720977367
0.09772475607524811
0.08266433253740188
0.06701798295275596
0.05089634319103344
0.034415649385102956
0.01769329364503082
0.000848270723845809
-0.016001910409253348
-0.03273738030976262
-0.04923944232727588
-0.06539021366151435
-0.08107582459788194
-0.09618126877837865
-0.1106000965940312
-0.12422517343372913
-0.1369593888072384
-0.14870786789233398
-0.15938540909397714
-0.1689131714532677
-0.177222663014403
-0.18425336593378447
-0.1899541309419004
-0.1942840291173469
-0.1972120511974132
-0.19871772767325485
-0.19879090911191893
-0.19742961007392618
-0.1946443437857069
-0.1904536749445002
-0.18488815699832215
-0.17798927102907286
-0.16980364202628287
-0.160392524009849
-0.14982512358463151
-0.13817567141808318
-0.1255327816488984
-0.111986059801368
-0.09763476734217688
-0.08258393365702604
-0.06694172274629358
-0.05082086181645514
-0.03433604929949743
-0.017604824081400242
-0.0007442018045301428
0.016123987324159525
0.03288295734294886
0.04941371511696486
0.06559764434684788
0.08132138309882758
0.0964707730680465
0.11093653431582853
0.12461365110268244
0.13740305531418506
0.14921196931672562
0.15995284047350433
0.16954755526730808
0.1779273356135248
0.18503079141947323
0.19080738697112756
0.1952151879280465
0.19822318490780394
0.1998096489419084
0.19996460038017125
0.19868589994860492
0.19598301958510186
0.1918765803097876
0.18639472248452577
0.1795773823864789
0.17147391752279997
0.16214311715274166
0.15165429349725884
0.1400833940214798
0.1275143491526782
0.11404126187752876
0.09976109669154527
0.08477848878982369
0.06920226999749605
0.05314438077415917
0.03671942869245019
0.020045819702573988
0.0032406354861513205
-0.013576326766291356
-0.030285496918284707
-0.04676921531831683
-0.06290905263982537
-0.07858946845803742
-0.09369756922523173
-0.10812492824106756
-0.12176407391332823
-0.13451776671615373
-0.1462909142003337
-0.15699518310994895
-0.16655539305625716
-0.1748987583756146
-0.18196571243851326
-0.18770286160670216
-0.19207065925884934
-0.195035543749991
-0.19657527608444514
-0.19668018037859272
-0.19534638077540478
-0.1925849293932811
-0.188412521251997
-0.18286087151715044
-0.17596652772961105
-0.16777794599933427
-0.15835505425212473
-0.14776575402085962
-0.13608569223464562
-0.12339823787657314
-0.10979661751340053
-0.09537698455144594
-0.08024409114507891
-0.06450833438237075
-0.04827612598076957
-0.031666986479785844
-0.014794835488518704
0.0022210078975012657
0.01926164152223509
0.03621001822569516
0.052944853708930824
0.06935126195931643
0.08531387735703921
0.10071858583138873
0.11545843890569095
0.12942820792938647
0.1425271287985699
0.15466215329622163
0.165749220267855
0.1757068467556756
0.18446639011501917
0.19196864928329493
0.19816152384148844
0.20300246863544913
0.2064616107091488
0.2085178555293844
0.20915871459796012
0.2083841723471034
0.20620441205933296
0.20263704502561167
0.19771336666096578
0.19147316462702504
0.18396408994563435
0.17524655016319393
0.1653879453165786
0.15446650707087883
0.14256617477002523
0.12977976924754997
0.11620616028530271
0.10194803779657481
0.08711626998203516
0.07182277310089513
0.056181270899541884
0.04030966816950086
0.024325360754833252
0.008348363716291787
-0.007505000352875121
-0.02311546373042498
-0.03836824737562867
-0.053147843487466054
-0.06734378082056529
-0.0808512028032702
-0.09356790104030524
-0.10539590074313154
-0.11624925047146911
-0.12604533191809955
-0.13471459204203573
-0.14219212714607624
-0.14842982073665056
-0.1533849582408297
-0.15702993099975296
-0.15934769282316677
-0.16033174002827252
-0.15999199857890534
-0.15834592711545362
-0.1554273342951396
-0.15127928236081478
-0.14596031957339295
-0.139537359520176
-0.13209272509009676
-0.12371626921144534
-0.1145107944317947
-0.10458583346555791
-0.09406255437081999
-0.08306203314588745
-0.07171508543936679
-0.06015434947020398
-0.04850982178793846
-0.036914395427731096
-0.02549379737222323
-0.014371994897841096
-0.0036655432760486924
0.006519056020754203
0.01608317524359346
0.024938058738458224
0.033006855702125935
0.04022651579667761
0.04654656691171901
0.051931007850190405
0.05635530142830654
0.05981491227733889
0.06231838647756981
0.06388665617744228
0.06455685212663229
0.06438339940949754
0.06342381501735266
0.061754771286768005
0.059455362302424854
0.05661596761186753
0.05332476321087074
0.049676842087418266
0.04576200923973691
0.041669868965702156
0.0374802736040978
0.033270213419667065
0.02910472915810822
0.02504043724587498
0.02112921935318442
0.01740556276302756
0.013902045055713788
0.010636246322142183
0.007624866710606775
0.00486957097307455
0.002373734974439382
0.0001327808084047768
-0.0018617358123442405
-0.00362389922012297
-0.0051604485893572355
-0.0064922687639585855
-0.007631782414346639
-0.008594858900279367
-0.009398699137103927
-0.010057150523178364
-0.010584320661939362
-0.01099597135645388
-0.011303417617450942
-0.011519180216498712
-0.011657054386530766
-0.011722952064579512
-0.01172916114865679
-0.011683775103636197
-0.011593176875341714
-0.01146424891500495
-0.011304321792307647
-0.011117982338562246
-0.010909495634226817
-0.010683381886239749
-0.010444583506951216
-0.010193117634779262
-0.009936054143132023
-0.009672350963483305
-0.009405022529770444
-0.009137362119887105
-0.008868928728145868
-0.008602199558440214
-0.00833783557399525
-0.008076544742807378
-0.007819764419495966
-0.007566109791063889
-0.007319289236274533
-0.007076952205789022
-0.006841337582002083
-0.00661134896659951
-0.006388246875141081
-0.0061708425308538446
-0.0059602275234385505
-0.0057558498909810974
-0.005558795709239055
-0.005368293299290674
-0.005182238078808292
-0.005004349510448184
-0.004832709709758371
-0.004666251952548226
-0.00450535308591143
-0.00434928197489112
-0.004199962782444319
-0.004056678242862896
-0.00391887987764142
-0.003783014511931584
-0.003654801554209175
-0.0035299498841623927
-0.003411675073132878
-0.0032974338053393592
-0.003186592679021273
-0.003079889096048313
-0.002976718067988661
-0.0028782810391603485
-0.0027827623244021447
-0.0026907117551350887
-0.002601926781988154
-0.0025177693899345
-0.0024355343900506806
-0.00235729108981028
-0.0022814635991418915
-0.0022091677735130277
-0.0021382176665126315
-0.002070681930687753
-0.002005218097007494
-0.0019425712644798225
-0.001882497203378862
-0.001823029393406895
-0.0017667377350667713
-0.0017119043038614293
-0.0016605328601179087
-0.0016094506164944043
-0.0015623707624014764
-0.0015143211582664788
-0.0014676906182571963
-0.001425685092954634
-0.0013829376637947656
-0.001343138383369295
-0.0013030785729354556
-0.001265452178550457
-0.0012289207681351957
-0.001193036625923562
-0.0011599747398650388
-0.0011267739864047515
-0.0010946852980285974
-0.0010648119481422747
-0.0010340091345612168
-0.0010058461548106046
-0.000978973840630669
-0.0009509252463657331
-0.000924215051114952
-0.0008995986459363573
-0.0008762714022968891
-0.0008518654071983716
-0.0008297588666015743
-0.0008069968115125681
-0.0007856596464768708
-0.0007650855956417225
-0.0007448005015192264
-0.0007254507558740425
-0.0007079376307719524
-0.0006888688629383276
-0.00067180123999226
-0.0006544071236703062
-0.0006376453662088663
-0.0006224502841692148
-0.0006059904225997541
-0.0005907727600004859
-0.0005769291722324788
-0.000563018684498879
-0.0005495321518582315
-0.0005346691225509472
-0.0005232921134101699
-0.0005097087919310042
-0.0004986218095259305
-0.00048558058613497806
-0.00047387247041622373
-0.000464240265546852
-0.00045278904521781164
-0.0004418425486508637
-0.0004311164148231363
-0.00042181103484461224
-0.00041057723054185305
-0.00040283704802248407
-0.00039452212421972426
-0.00038456693708401073
-0.00037586354445071925
-0.00036721338444270865
-0.00035922578854007716
-0.00035118068063906115
-0.0003438797611768472
-0.0003354040327023277
-0.0003285217317894677
-0.0003216744173414686
-0.00031519689120122453
-0.0003069314664946516
-0.00030172055105408166
-0.00029492983831822016
-0.00028861128595386495
-0.00028296613833429026
-0.00027616062737763537
-0.00027124245214978554
-0.00026508074592165707
-0.00025915693136251036
-0.000253970521533388
-0.00024906207755804043
-0.00024410274401917226
-0.0002404798651890019
-0.0002346168114717497
-0.00022968137465494604
-0.00022610541796488475
-0.00022087131888377473
-0.00021633152960436587
-0.00021255697436910594
-0.0002088289329184131
-0.00020237598783041412
-0.000199433474454575
-0.00019548588477506687
-0.00019231215685514417
-0.0001874653533438307
-0.0001850019086245896
-0.00018069246099637287
-0.00017709330688083354
-0.000174827966165932
-0.00016992088921365122
-0.00016793772488477447
-0.000165107885147508
-0.00016119933070377716
-0.0001581988843729738
-0.00015565265730088822
-0.00015419678820265484
-0.00015008584012525945
-0.00014750216395140913
-0.0001450673721528737
-0.00014221772839843858
-0.00014024019735165775
-0.00013686579414459046
-0.0001351632361677892
-0.00013243465330495813
-0.00012996833023717048
-0.0001281614166428682
-0.00012528986109380414
-0.00012365648057446917
-0.00012298497626210707
-0.00011843908074559144
-0.00011791380579580482
-0.0001157323232967774
-0.00011344669231465288
-0.00011098664164413737
-0.00010905422913086899
-0.00010833339889592568
-0.0001065536362237875
-0.00010383021850799956
-0.00010194069055828062
-0.00010130854095089995
-0.00009885258145262858
-0.00009721577606507026
-0.00009656761719144839
-0.00009319805273675761
-0.00009210844642020917
-0.00009111110483086227
-0.00008969035034139265
-0.00008810528385133954
-0.00008649604757110714
-0.00008556065646993405
-0.00008455588053949676
-0.00008268736378613022
-0.00008072795686449305
-0.00008062654368286464
-0.0000779731298178627
-0.00007739200062220287
-0.00007629437179790792
-0.00007542926784450588
-0.00007424878531076467
-0.00007177057702261762
-0.0000713668809735768
-0.00007167830499513166
-0.00006988420288973358
-0.00006856589945427635
-0.00006791795498639627
-0.0000653543691441942
-0.0000650551066014147
-0.00006504113792141262
-0.00006358364546493594
-0.00006240580761462341
-0.00006207991038425725
-0.00006134345209796678
-0.00005917897770726043
-0.00006049206995374445
-0.0000576072742649086
-0.00005800685205139706
-0.00005721550065667824
-0.00005660354496717145
-0.000055416428091418304
-0.00005378543211210362
-0.000053514078484065895
