0
0
0
0
0
0
0
0
0
0
0
0
0
0
0
0
0
0
0
0
0
0
0
0
0
0
0
0
0
0
0
0
0
0
0
0
0
0
0
0
0
0
0
0
0
0
0
0
0
0
0
0
0
0
0
0
0
0
0
0
0
0
0
0
0
0
0
0
0
0
0
0
0
0
0
0
0
0
0
0
0
0
0
0
0
0
0
0
0
0
0
0
0
0
0
0
0
0
0
0
0
0
0
0
0
0
0
0
0
0
0
0
0
0
0
0
0
0
0
0
0
0
0
0
0
0
0
0
0
0
0
0
0
0
0
0
0
0
0
0
0
0
0
0
0
0
0
0
0
0
0
0
0
0
0
0
0
0
0.00037443
0.00145671
0.00318686
0.00550692
0.00836092
0.0116949
0.0154567
0.0195963
0.0240654
0.0288177
0.0338085
0.0389951
0.0443366
0.0497937
0.055329
0.0609066
0.0664925
0.0720542
0.0775608
0.0829831
0.0882935
0.0934656
0.098475
0.103298
0.107914
0.112302
0.116443
0.12032
0.123917
0.127218
0.130211
0.132882
0.135222
0.13722
0.138867
0.140157
0.141083
0.141639
0.141823
0.141629
0.141058
0.140106
0.138776
0.137066
0.13498
0.13252
0.129689
0.126492
0.122934
0.119021
0.11476
0.110159
0.105225
0.099967
0.0943955
0.0885201
0.0823517
0.0759015
0.0691814
0.0622038
0.0549816
0.0475281
0.0398571
0.0319827
0.0239197
0.0156827
0.00728725
-0.00125128
-0.009917
-0.0186939
-0.0275656
-0.0365156
-0.0455273
-0.0545839
-0.0636685
-0.0727641
-0.0818536
-0.09092
-0.0999461
-0.108915
-0.117809
-0.126612
-0.135308
-0.143878
-0.152306
-0.160577
-0.168674
-0.176581
-0.184283
-0.191763
-0.199008
-0.206001
-0.21273
-0.21918
-0.225337
-0.231188
-0.236721
-0.241924
-0.246785
-0.251293
-0.255438
-0.259209
-0.262599
-0.265597
-0.268197
-0.270392
-0.272174
-0.273539
-0.274481
-0.274998
-0.275085
-0.27474
-0.273963
-0.272753
-0.27111
-0.269036
-0.266534
-0.263607
-0.260261
-0.2565
-0.252332
-0.247765
-0.242809
-0.237473
-0.23177
-0.225712
-0.219314
-0.212591
-0.20556
-0.19824
-0.19065
-0.182812
-0.174747
-0.166479
-0.158036
-0.149442
-0.140727
-0.131922
-0.123057
-0.114167
-0.105286
-0.0964512
-0.0877011
-0.0790758
-0.0706173
-0.0623695
-0.0543779
-0.0466901
-0.0393553
-0.0324248
-0.0259518
-0.0199914
-0.0146007
-0.0098388
-0.00576697
-0.00244838
5.16399e-05
0.00212007
0.00420187
0.00631069
0.00846042
0.0106658
0.012942
0.0153053
0.0177736
0.0203662
0.0231033
0.0260094
0.0291108
0.0324369
0.0360218
0.0399039
0.0441286
0.0487473
0.0538203
0.0594183
0.0656234
0.0725324
0.0802587
0.088932
0.0987057
0.109752
0.122268
0.136472
0.1526
0.17089
0.191543
0.214656
0.240097
0.267334
0.295297
0.32238
0.346739
0.366809
0.381774
0.391731
0.397511
0.400316
0.40134
0.401516
0.401434
0.401387
0.401454
0.401596
0.401739
0.401833
0.401864
0.401832
0.401737
0.401594
0.401452
0.401384
0.40143
0.401512
0.401335
0.400309
0.397504
0.391723
0.381766
0.366799
0.346729
0.32237
0.295286
0.267322
0.240084
0.214643
0.191529
0.170875
0.152585
0.136456
0.122251
0.109734
0.0986869
0.0889129
0.0802381
0.0725115
0.0656018
0.0593956
0.053797
0.0487232
0.0441036
0.0398783
0.035995
0.0324093
0.0290823
0.0259805
0.0230734
0.0203349
0.0177417
0.015273
0.0129085
0.0106315
0.00842512
0.00627442
0.00416447
0.00208163
1.21747e-05
-0.00205719
-0.0041401
-0.00624981
-0.00840058
-0.010607
-0.0128839
-0.0152483
-0.0177174
-0.0203105
-0.0230487
-0.0259558
-0.0290578
-0.0323845
-0.0359704
-0.0398535
-0.0440788
-0.048698
-0.0537719
-0.0593705
-0.0655764
-0.0724863
-0.0802129
-0.0888873
-0.0986613
-0.109709
-0.122225
-0.13643
-0.152559
-0.170849
-0.191503
-0.214617
-0.240058
-0.267296
-0.295259
-0.322343
-0.346702
-0.366772
-0.381738
-0.391696
-0.397476
-0.400282
-0.401307
-0.401483
-0.401402
-0.401355
-0.401423
-0.401564
-0.401708
-0.401803
-0.401835
-0.401803
-0.401708
-0.401565
-0.401423
-0.401356
-0.401403
-0.401485
-0.401309
-0.400284
-0.397478
-0.391698
-0.381741
-0.366775
-0.346706
-0.322346
-0.295263
-0.2673
-0.240062
-0.214621
-0.191507
-0.170854
-0.152564
-0.136435
-0.122231
-0.109714
-0.0986673
-0.0888936
-0.0802194
-0.0724931
-0.0655835
-0.0593778
-0.0537794
-0.0487059
-0.0440868
-0.0398616
-0.0359785
-0.0323935
-0.0290667
-0.025965
-0.0230583
-0.0203202
-0.0177275
-0.0152585
-0.0128946
-0.0106178
-0.00841171
-0.00626119
-0.00415177
-0.00206923
5.16399e-05
0.00212007
0.00420187
0.00631069
0.00846042
0.0106658
0.012942
0.0153053
0.0177736
0.0203662
0.0231033
0.0260094
0.0291108
0.0324369
0.0360218
0.0399039
0.0441286
0.0487473
0.0538203
0.0594183
0.0656234
0.0725324
0.0802587
0.088932
0.0987057
0.109752
0.122268
0.136472
0.1526
0.17089
0.191543
0.214656
0.240097
0.267334
0.295297
0.32238
0.346739
0.366809
0.381774
0.391731
0.397511
0.400316
0.40134
0.401516
0.401434
0.401387
0.401454
0.401596
0.401739
0.401833
0.401864
0.401832
0.401737
0.401594
0.401452
0.401384
0.40143
0.401512
0.401335
0.400309
0.397504
0.391723
0.381766
0.366799
0.346729
0.32237
0.295286
0.267322
0.240084
0.214643
0.191529
0.170875
0.152585
0.136456
0.122251
0.109734
0.0986869
0.0889129
0.0802381
0.0725115
0.0656018
0.0593956
0.053797
0.0487232
0.0441036
0.0398783
0.035995
0.0324093
0.0290823
0.0259805
0.0230734
0.0203349
0.0177417
0.015273
0.0129085
0.0106315
0.00842512
0.00627442
0.00416447
0.00208163
1.21747e-05
-0.00205719
-0.0041401
-0.00624981
-0.00840058
-0.010607
-0.0128839
-0.0152483
-0.0177174
-0.0203105
-0.0230487
-0.0259558
-0.0290578
-0.0323845
-0.0359704
-0.0398535
-0.0440788
-0.048698
-0.0537719
-0.0593705
-0.0655764
-0.0724863
-0.0802129
-0.0888873
-0.0986613
-0.109709
-0.122225
-0.13643
-0.152559
-0.170849
-0.191503
-0.214617
-0.240058
-0.267296
-0.295259
-0.322343
-0.346702
-0.366772
-0.381738
-0.391696
-0.397476
-0.400282
-0.401307
-0.401483
-0.401402
-0.401355
-0.401423
-0.401564
-0.401708
-0.401803
-0.401835
-0.401803
-0.401708
-0.401565
-0.401423
-0.401356
-0.401403
-0.401485
-0.401309
-0.400284
-0.397478
-0.391698
-0.381741
-0.366775
-0.346706
-0.322346
-0.295263
-0.2673
-0.240062
-0.214621
-0.191507
-0.170854
-0.152564
-0.136435
-0.122231
-0.109714
-0.0986673
-0.0888936
-0.0802194
-0.0724931
-0.0655835
-0.0593778
-0.0537794
-0.0487059
-0.0440868
-0.0398616
-0.0359785
-0.0323935
-0.0290667
-0.025965
-0.0230583
-0.0203202
-0.0177275
-0.0152585
-0.0128946
-0.0106178
-0.00841171
-0.00626119
-0.00415177
-0.00206923
5.16399e-05
0.00212007
0.00420187
0.00631069
0.00846042
0.0106658
0.012942
0.0153053
0.0177736
0.0203662
0.0231033
0.0260094
0.0291108
0.0324369
0.0360218
0.0399039
0.0441286
0.0487473
0.0538203
0.0594183
0.0656234
0.0725324
0.0802587
0.088932
0.0987057
0.109752
0.122268
0.136472
0.1526
0.17089
0.191543
0.214656
0.240097
0.267334
0.295297
0.32238
0.346739
0.366809
0.381774
0.391731
0.397511
0.400316
0.40134
0.401516
0.401434
0.401387
0.401454
0.401596
0.401739
0.401833
0.401864
0.401832
0.401737
0.401594
0.401452
0.401384
0.40143
0.401512
0.401335
0.400309
0.397504
0.391723
0.381766
0.366799
0.346729
0.32237
0.295286
0.267322
0.240084
0.214643
0.191529
0.170875
0.152585
0.136456
0.122251
0.109734
0.0986869
0.0889129
0.0802381
0.0725115
0.0656018
0.0593956
0.053797
0.0487232
0.0441036
0.0398783
0.035995
0.0324093
0.0290823
0.0259805
0.0230734
0.0203349
0.0177417
0.015273
0.0129085
0.0106315
0.00842512
0.00627442
0.00416447
0.00208163
1.21747e-05
-0.00205719
-0.0041401
-0.00624981
-0.00840058
-0.010607
-0.0128839
-0.0152483
-0.0177174
-0.0203105
-0.0230487
-0.0259558
-0.0290578
-0.0323845
-0.0359704
-0.0398535
-0.0440788
-0.048698
-0.0537719
-0.0593705
-0.0655764
-0.0724863
-0.0802129
-0.0888873
-0.0986613
-0.109709
-0.122225
-0.13643
-0.152559
-0.170849
-0.191503
-0.214617
-0.240058
-0.267296
-0.295259
-0.322343
-0.346702
-0.366772
-0.381738
-0.391696
-0.397476
-0.400282
-0.401307
-0.401483
-0.401402
-0.401355
-0.401423
-0.401564
-0.401708
-0.401803
-0.401835
-0.401803
-0.401708
-0.401565
-0.401423
-0.401356
-0.401403
-0.401485
-0.401309
-0.400284
-0.397478
-0.391698
-0.381741
-0.366775
-0.346706
-0.322346
-0.295263
-0.2673
-0.240062
-0.214621
-0.191507
-0.170854
-0.152564
-0.136435
-0.122231
-0.109714
-0.0986673
-0.0888936
-0.0802194
-0.0724931
-0.0655835
-0.0593778
-0.0537794
-0.0487059
-0.0440868
-0.0398616
-0.0359785
-0.0323935
-0.0290667
-0.025965
-0.0230583
-0.0203202
-0.0177275
-0.0152585
-0.0128946
-0.0106178
-0.00841171
-0.00626119
-0.00415177
-0.00206923
5.16399e-05
0.00212007
0.00420187
0.00631069
0.00846042
0.0106658
0.012942
0.0153053
0.0177736
0.0203662
0.0231033
0.0260094
0.0291108
0.0324369
0.0360218
0.0399039
0.0441286
0.0487473
0.0538203
0.0594183
0.0656234
0.0725324
0.0802587
0.088932
0.0987057
0.109752
0.122268
0.136472
0.1526
0.17089
0.191543
0.214656
0.240097
0.267334
0.295297
0.32238
0.346739
0.366809
0.381774
0.391731
0.397511
0.400316
0.40134
0.401516
0.401434
0.401387
0.401454
0.401596
0.401739
0.401833
0.401864
0.401832
0.401737
0.401594
0.401452
0.401384
0.40143
0.401512
0.401335
0.400309
0.397504
0.391723
0.381766
0.366799
0.346729
0.32237
0.295286
0.267322
0.240084
0.214643
0.191529
0.170875
0.152585
0.136456
0.122251
0.109734
0.0986869
0.0889129
0.0802381
0.0725115
0.0656018
0.0593956
0.053797
0.0487232
0.0441036
0.0398783
0.035995
0.0324093
0.0290823
0.0259805
0.0230734
0.0203349
0.0177417
0.015273
0.0129085
0.0106315
0.00842512
0.00627442
0.00416447
0.00208163
1.21747e-05
-0.00205719
-0.0041401
-0.00624981
-0.00840058
-0.010607
-0.0128839
-0.0152483
-0.0177174
-0.0203105
-0.0230487
-0.0259558
-0.0290578
-0.0323845
-0.0359704
-0.0398535
-0.0440788
-0.048698
-0.0537719
-0.0593705
-0.0655764
-0.0724863
-0.0802129
-0.0888873
-0.0986613
-0.109709
-0.122225
-0.13643
-0.152559
-0.170849
-0.191503
-0.214617
-0.240058
-0.267296
-0.295259
-0.322343
-0.346702
-0.366772
-0.381738
-0.391696
-0.397476
-0.400282
-0.401307
-0.401483
-0.401402
-0.401355
-0.401423
-0.401564
-0.401708
-0.401803
-0.401835
-0.401803
-0.401708
-0.401565
-0.401423
-0.401356
-0.401403
-0.401485
-0.401309
-0.400284
-0.397478
-0.391698
-0.381741
-0.366775
-0.346706
-0.322346
-0.295263
-0.2673
-0.240062
-0.214621
-0.191507
-0.170854
-0.152564
-0.136435
-0.122231
-0.109714
-0.0986673
-0.0888936
-0.0802194
-0.0724931
-0.0655835
-0.0593778
-0.0537794
-0.0487059
-0.0440868
-0.0398616
-0.0359785
-0.0323935
-0.0290667
-0.025965
-0.0230583
-0.0203202
-0.0177275
-0.0152585
-0.0128946
-0.0106178
-0.00841171
-0.00626119
-0.00415177
-0.00206923
5.16399e-05
0.00212007
0.00420187
0.00631069
0.00846042
0.0106658
0.012942
0.0153053
0.0177736
0.0203662
0.0231033
0.0260094
0.0291108
0.0324369
0.0360218
0.0399039
0.0441286
0.0487473
0.0538203
0.0594183
0.0656234
0.0725324
0.0802587
0.088932
0.0987057
0.109752
0.122268
0.136472
0.1526
0.17089
0.191543
0.214656
0.240097
0.267334
0.295297
0.32238
0.346739
0.366809
0.381774
0.391731
0.397511
0.400316
0.40134
0.401516
0.401434
0.401387
0.401454
0.401596
0.401739
0.401833
0.401864
0.401832
0.401737
0.401594
0.401452
0.401384
0.40143
0.401512
0.401335
0.400309
0.397504
0.391723
0.381766
0.366799
0.346729
0.32237
0.295286
0.267322
0.240084
0.214643
0.191529
0.170875
0.152585
0.136456
0.122251
0.109734
0.0986869
0.0889129
0.0802381
0.0725115
0.0656018
0.0593956
0.053797
0.0487232
0.0441036
0.0398783
0.035995
0.0324093
0.0290823
0.0259805
0.0230734
0.0203349
0.0177417
0.015273
0.0129085
0.0106315
0.00842512
0.00627442
0.00416447
0.00208163
1.21747e-05
-0.00205719
-0.0041401
-0.00624981
-0.00840058
-0.010607
-0.0128839
-0.0152483
-0.0177174
-0.0203105
-0.0230487
-0.0259558
-0.0290578
-0.0323845
-0.0359704
-0.0398535
-0.0440788
-0.048698
-0.0537719
-0.0593705
-0.0655764
-0.0724863
-0.0802129
-0.0888873
-0.0986613
-0.109709
-0.122225
-0.13643
-0.152559
-0.170849
-0.191503
-0.214617
-0.240058
-0.267296
-0.295259
-0.322343
-0.346702
-0.366772
-0.381738
-0.391696
-0.397476
-0.400282
-0.401307
-0.401483
-0.401402
-0.401355
-0.401423
-0.401564
-0.401708
-0.401803
-0.401835
-0.401803
-0.401708
-0.401565
-0.401423
-0.401356
-0.401403
-0.401485
-0.401309
-0.400284
-0.397478
-0.391698
-0.381741
-0.366775
-0.346706
-0.322346
-0.295263
-0.2673
-0.240062
-0.214621
-0.191507
-0.170854
-0.152564
-0.136435
-0.122231
-0.109714
-0.0986673
-0.0888936
-0.0802194
-0.0724931
-0.0655835
-0.0593778
-0.0537794
-0.0487059
-0.0440868
-0.0398616
-0.0359785
-0.0323935
-0.0290667
-0.025965
-0.0230583
-0.0203202
-0.0177275
-0.0152585
-0.0128946
-0.0106178
-0.00841171
-0.00626119
-0.00415177
-0.00206923
5.16399e-05
0.00212007
0.00420187
0.00631069
0.00846042
0.0106658
0.012942
0.0153053
0.0177736
0.0203662
0.0231033
0.0260094
0.0291108
0.0324369
0.0360218
0.0399039
0.0441286
0.0487473
0.0538203
0.0594183
0.0656234
0.0725324
0.0802587
0.088932
0.0987057
0.109752
0.122268
0.136472
0.1526
0.17089
0.191543
0.214656
0.240097
0.267334
0.295297
0.32238
0.346739
0.366809
0.381774
0.391731
0.397511
0.400316
0.40134
0.401516
0.401434
0.401387
0.401454
0.401596
0.401739
0.401833
0.401864
0.401832
0.401737
0.401594
0.401452
0.401384
0.40143
0.401512
0.401335
0.400309
0.397504
0.391723
0.381766
0.366799
0.346729
0.32237
0.295286
0.267322
0.240084
0.214643
0.191529
0.170875
0.152585
0.136456
0.122251
0.109734
0.0986869
0.0889129
0.0802381
0.0725115
0.0656018
0.0593956
0.053797
0.0487232
0.0441036
0.0398783
0.035995
0.0324093
0.0290823
0.0259805
0.0230734
0.0203349
0.0177417
0.015273
0.0129085
0.0106315
0.00842512
0.00627442
0.00416447
0.00208163
1.21747e-05
-0.00205719
-0.0041401
-0.00624981
-0.00840058
-0.010607
-0.0128839
-0.0152483
-0.0177174
-0.0203105
-0.0230487
-0.0259558
-0.0290578
-0.0323845
-0.0359704
-0.0398535
-0.0440788
-0.048698
-0.0537719
-0.0593705
-0.0655764
-0.0724863
-0.0802129
-0.0888873
-0.0986613
-0.109709
-0.122225
-0.13643
-0.152559
-0.170849
-0.191503
-0.214617
-0.240058
-0.267296
-0.295259
-0.322343
-0.346702
-0.366772
-0.381738
-0.391696
-0.397476
-0.400282
-0.401307
-0.401483
-0.401402
-0.401355
-0.401423
-0.401564
-0.401708
-0.401803
-0.401835
-0.401803
-0.401708
-0.401565
-0.401423
-0.401356
-0.401403
-0.401485
-0.401309
-0.400284
-0.397478
-0.391698
-0.381741
-0.366775
-0.346706
-0.322346
-0.295263
-0.2673
-0.240062
-0.214621
-0.191507
-0.170854
-0.152564
-0.136435
-0.122231
-0.109714
-0.0986673
-0.0888936
-0.0802194
-0.0724931
-0.0655835
-0.0593778
-0.0537794
-0.0487059
-0.0440868
-0.0398616
-0.0359785
-0.0323935
-0.0290667
-0.025965
-0.0230583
-0.0203202
-0.0177275
-0.0152585
-0.0128946
-0.0106178
-0.00841171
-0.00626119
-0.00415177
-0.00206923
5.16399e-05
0.00212007
0.00420187
0.00631069
0.00846042
0.0106658
0.012942
0.0153053
0.0177736
0.0203662
0.0231033
0.0260094
0.0291108
0.0324369
0.0360218
0.0399039
0.0441286
0.0487473
0.0538203
0.0594183
0.0656234
0.0725324
0.0802587
0.088932
0.0987057
0.109752
0.122268
0.136472
0.1526
0.17089
0.191543
0.214656
0.240097
0.267334
0.295297
0.32238
0.346739
0.366809
0.381774
0.391731
0.397511
0.400316
0.40134
0.401516
0.401434
0.401387
0.401454
0.401596
0.401739
0.401833
0.401864
0.401832
0.401737
0.401594
0.401452
0.401384
0.40143
0.401512
0.401335
0.400309
0.397504
0.391723
0.381766
0.366799
0.346729
0.32237
0.295286
0.267322
0.240084
0.214643
0.191529
0.170875
0.152585
0.136456
0.122251
0.109734
0.0986869
0.0889129
0.0802381
0.0725115
0.0656018
0.0593956
0.053797
0.0487232
0.0441036
0.0398783
0.035995
0.0324093
0.0290823
0.0259805
0.0230734
0.0203349
0.0177417
0.015273
0.0129085
0.0106315
0.00842512
0.00627442
0.00416447
0.00208163
1.21747e-05
-0.00205719
-0.0041401
-0.00624981
-0.00840058
-0.010607
-0.0128839
-0.0152483
-0.0177174
-0.0203105
-0.0230487
-0.0259558
-0.0290578
-0.0323845
-0.0359704
-0.0398535
-0.0440788
-0.048698
-0.0537719
-0.0593705
-0.0655764
-0.0724863
-0.0802129
-0.0888873
-0.0986613
-0.109709
-0.122225
-0.13643
-0.152559
-0.170849
-0.191503
-0.214617
-0.240058
-0.267296
-0.295259
-0.322343
-0.346702
-0.366772
-0.381738
-0.391696
-0.397476
-0.400282
-0.401307
-0.401483
-0.401402
-0.401355
-0.401423
-0.401564
-0.401708
-0.401803
-0.401835
-0.401803
-0.401708
-0.401565
-0.401423
-0.401356
-0.401403
-0.401485
-0.401309
-0.400284
-0.397478
-0.391698
-0.381741
-0.366775
-0.346706
-0.322346
-0.295263
-0.2673
-0.240062
-0.214621
-0.191507
-0.170854
-0.152564
-0.136435
-0.122231
-0.109714
-0.0986673
-0.0888936
-0.0802194
-0.0724931
-0.0655835
-0.0593778
-0.0537794
-0.0487059
-0.0440868
-0.0398616
-0.0359785
-0.0323935
-0.0290667
-0.025965
-0.0230583
-0.0203202
-0.0177275
-0.0152585
-0.0128946
-0.0106178
-0.00841171
-0.00626119
-0.00415177
-0.00206923
5.16399e-05
0.00212007
0.00420187
0.00631069
0.00846042
0.0106658
0.012942
0.0153053
0.0177736
0.0203662
0.0231033
0.0260094
0.0291108
0.0324369
0.0360218
0.0399039
0.0441286
0.0487473
0.0538203
0.0594183
0.0656234
0.0725324
0.0802587
0.088932
0.0987057
0.109752
0.122268
0.136472
0.1526
0.17089
0.191543
0.214656
0.240097
0.267334
0.295297
0.32238
0.346739
0.366809
0.381774
0.391731
0.397511
0.400316
0.40134
0.401516
0.401434
0.401387
0.401454
0.401596
0.401739
0.401833
0.401864
0.401832
0.401737
0.401594
0.401452
0.401384
0.40143
0.401512
0.401335
0.400309
0.397504
0.391723
0.381766
0.366799
0.346729
0.32237
0.295286
0.267322
0.240084
0.214643
0.191529
0.170875
0.152585
0.136456
0.122251
0.109734
0.0986869
0.0889129
0.0802381
0.0725115
0.0656018
0.0593956
0.053797
0.0487232
0.0441036
0.0398783
0.035995
0.0324093
0.0290823
0.0259805
0.0230734
0.0203349
0.0177417
0.015273
0.0129085
0.0106315
0.00842512
0.00627442
0.00416447
0.00208163
1.21747e-05
-0.00205719
-0.0041401
-0.00624981
-0.00840058
-0.010607
-0.0128839
-0.0152483
-0.0177174
-0.0203105
-0.0230487
-0.0259558
-0.0290578
-0.0323845
-0.0359704
-0.0398535
-0.0440788
-0.048698
-0.0537719
-0.0593705
-0.0655764
-0.0724863
-0.0802129
-0.0888873
-0.0986613
-0.109709
-0.122225
-0.13643
-0.152559
-0.170849
-0.191503
-0.214617
-0.240058
-0.267296
-0.295259
-0.322343
-0.346702
-0.366772
-0.381738
-0.391696
-0.397476
-0.400282
-0.401307
-0.401483
-0.401402
-0.401355
-0.401423
-0.401564
-0.401708
-0.401803
-0.401835
-0.401803
-0.401708
-0.401565
-0.401423
-0.401356
-0.401403
-0.401485
-0.401309
-0.400284
-0.397478
-0.391698
-0.381741
-0.366775
-0.346706
-0.322346
-0.295263
-0.2673
-0.240062
-0.214621
-0.191507
-0.170854
-0.152564
-0.136435
-0.122231
-0.109714
-0.0986673
-0.0888936
-0.0802194
-0.0724931
-0.0655835
-0.0593778
-0.0537794
-0.0487059
-0.0440868
-0.0398616
-0.0359785
-0.0323935
-0.0290667
-0.025965
-0.0230583
-0.0203202
-0.0177275
-0.0152585
-0.0128946
-0.0106178
-0.00841171
-0.00626119
-0.00415177
-0.00206923
5.16399e-05
0.00212007
0.00420187
0.00631069
0.00846042
0.0106658
0.012942
0.0153053
0.0177736
0.0203662
0.0231033
0.0260094
0.0291108
0.0324369
0.0360218
0.0399039
0.0441286
0.0487473
0.0538203
0.0594183
0.0656234
0.0725324
0.0802587
0.088932
0.0987057
0.109752
0.122268
0.136472
0.1526
0.17089
0.191543
0.214656
0.240097
0.267334
0.295297
0.32238
0.346739
0.366809
0.381774
0.391731
0.397511
0.400316
0.40134
0.401516
0.401434
0.401387
0.401454
0.401596
0.401739
0.401833
0.401864
0.401832
0.401737
0.401594
0.401452
0.401384
0.40143
0.401512
0.401335
0.400309
0.397504
0.391723
0.381766
0.366799
0.346729
0.32237
0.295286
0.267322
0.240084
0.214643
0.191529
0.170875
0.152585
0.136456
0.122251
0.109734
0.0986869
0.0889129
0.0802381
0.0725115
0.0656018
0.0593956
0.053797
0.0487232
0.0441036
0.0398783
0.035995
0.0324093
0.0290823
0.0259805
0.0230734
0.0203349
0.0177417
0.015273
0.0129085
0.0106315
0.00842512
0.00627442
0.00416447
0.00208163
1.21747e-05
-0.00205719
-0.0041401
-0.00624981
-0.00840058
-0.010607
-0.0128839
-0.0152483
-0.0177174
-0.0203105
-0.0230487
-0.0259558
-0.0290578
-0.0323845
-0.0359704
-0.0398535
-0.0440788
-0.048698
-0.0537719
-0.0593705
-0.0655764
-0.0724863
-0.0802129
-0.0888873
-0.0986613
-0.109709
-0.122225
-0.13643
-0.152559
-0.170849
-0.191503
-0.214617
-0.240058
-0.267296
-0.295259
-0.322343
-0.346702
-0.366772
-0.381738
-0.391696
-0.397476
-0.400282
-0.401307
-0.401483
-0.401402
-0.401355
-0.401423
-0.401564
-0.401708
-0.401803
-0.401835
-0.401803
-0.401708
-0.401565
-0.401423
-0.401356
-0.401403
-0.401485
-0.401309
-0.400284
-0.397478
-0.391698
-0.381741
-0.366775
-0.346706
-0.322346
-0.295263
-0.2673
-0.240062
-0.214621
-0.191507
-0.170854
-0.152564
-0.136435
-0.122231
-0.109714
-0.0986673
-0.0888936
-0.0802194
-0.0724931
-0.0655835
-0.0593778
-0.0537794
-0.0487059
-0.0440868
-0.0398616
-0.0359785
-0.0323935
-0.0290667
-0.025965
-0.0230583
-0.0203202
-0.0177275
-0.0152585
-0.0128946
-0.0106178
-0.00841171
-0.00626119
-0.00415177
-0.00206923
5.16399e-05
0.00212007
0.00420187
0.00631069
0.00846042
0.0106658
0.012942
0.0153053
0.0177736
0.0203662
0.0231033
0.0260094
0.0291108
0.0324369
0.0360218
0.0399039
0.0441286
0.0487473
0.0538203
0.0594183
0.0656234
0.0725324
0.0802587
0.088932
0.0987057
0.109752
0.122268
0.136472
0.1526
0.17089
0.191543
0.214656
0.240097
0.267334
0.295297
0.32238
0.346739
0.366809
0.381774
0.391731
0.397511
0.400316
0.40134
0.401516
0.401434
0.401387
0.401454
0.401596
0.401739
0.401833
0.401864
0.401832
0.401737
0.401594
0.401452
0.401384
0.40143
0.401512
0.401335
0.400309
0.397504
0.391723
0.381766
0.366799
0.346729
0.32237
0.295286
0.267322
0.240084
0.214643
0.191529
0.170875
0.152585
0.136456
0.122251
0.109734
0.0986869
0.0889129
0.0802381
0.0725115
0.0656018
0.0593956
0.053797
0.0487232
0.0441036
0.0398783
0.035995
0.0324093
0.0290823
0.0259805
0.0230734
0.0203349
0.0177417
0.015273
0.0129085
0.0106315
0.00842512
0.00627442
0.00416447
0.00208163
1.21747e-05
-0.00205719
-0.0041401
-0.00624981
-0.00840058
-0.010607
-0.0128839
-0.0152483
-0.0177174
-0.0203105
-0.0230487
-0.0259558
-0.0290578
-0.0323845
-0.0359704
-0.0398535
-0.0440788
-0.048698
-0.0537719
-0.0593705
-0.0655764
-0.0724863
-0.0802129
-0.0888873
-0.0986613
-0.109709
-0.122225
-0.13643
-0.152559
-0.170849
-0.191503
-0.214617
-0.240058
-0.267296
-0.295259
-0.322343
-0.346702
-0.366772
-0.381738
-0.391696
-0.397476
-0.400282
-0.401307
-0.401483
-0.401402
-0.401355
-0.401423
-0.401564
-0.401708
-0.401803
-0.401835
-0.401803
-0.401708
-0.401565
-0.401423
-0.401356
-0.401403
-0.401485
-0.401309
-0.400284
-0.397478
-0.391698
-0.381741
-0.366775
-0.346706
-0.322346
-0.295263
-0.2673
-0.240062
-0.214621
-0.191507
-0.170854
-0.152564
-0.136435
-0.122231
-0.109714
-0.0986673
-0.0888936
-0.0802194
-0.0724931
-0.0655835
-0.0593778
-0.0537794
-0.0487059
-0.0440868
-0.0398616
-0.0359785
-0.0323935
-0.0290667
-0.025965
-0.0230583
-0.0203202
-0.0177275
-0.0152585
-0.0128946
-0.0106178
-0.00841171
-0.00626119
-0.00415177
-0.00206923
5.16399e-05
0.00212007
0.00420187
0.00631069
0.00846042
0.0106658
0.012942
0.0153053
0.0177736
0.0203662
0.0231033
0.0260094
0.0291108
0.0324369
0.0360218
0.0399039
0.0441286
0.0487473
0.0538203
0.0594183
0.0656234
0.0725324
0.0802587
0.088932
0.0987057
0.109752
0.122268
0.136472
0.1526
0.17089
0.191543
0.214656
0.240097
0.267334
0.295297
0.32238
0.346739
0.366809
0.381774
0.391731
0.397511
0.400316
0.40134
0.401516
0.401434
0.401387
0.401454
0.401596
0.401739
0.401833
0.401864
0.401832
0.401737
0.401594
0.401452
0.401384
0.40143
0.401512
0.401335
0.400309
0.397504
0.391723
0.381766
0.366799
0.346729
0.32237
0.295286
0.267322
0.240084
0.214643
0.191529
0.170875
0.152585
0.136456
0.122251
0.109734
0.0986869
0.0889129
0.0802381
0.0725115
0.0656018
0.0593956
0.053797
0.0487232
0.0441036
0.0398783
0.035995
0.0324093
0.0290823
0.0259805
0.0230734
0.0203349
0.0177417
0.015273
0.0129085
0.0106315
0.00842512
0.00627442
0.00416447
0.00208163
1.21747e-05
-0.00205719
-0.0041401
-0.00624981
-0.00840058
-0.010607
-0.0128839
-0.0152483
-0.0177174
-0.0203105
-0.0230487
-0.0259558
-0.0290578
-0.0323845
-0.0359704
-0.0398535
-0.0440788
-0.048698
-0.0537719
-0.0593705
-0.0655764
-0.0724863
-0.0802129
-0.0888873
-0.0986613
-0.109709
-0.122225
-0.13643
-0.152559
-0.170849
-0.191503
-0.214617
-0.240058
-0.267296
-0.295259
-0.322343
-0.346702
-0.366772
-0.381738
-0.391696
-0.397476
-0.400282
-0.401307
-0.401483
-0.401402
-0.401355
-0.401423
-0.401564
-0.401708
-0.401803
-0.401835
-0.401803
-0.401708
-0.401565
-0.401423
-0.401356
-0.401403
-0.401485
-0.401309
-0.400284
-0.397478
-0.391698
-0.381741
-0.366775
-0.346706
-0.322346
-0.295263
-0.2673
-0.240062
-0.214621
-0.191507
-0.170854
-0.152564
-0.136435
-0.122231
-0.109714
-0.0986673
-0.0888936
-0.0802194
-0.0724931
-0.0655835
-0.0593778
-0.0537794
-0.0487059
-0.0440868
-0.0398616
-0.0359785
-0.0323935
-0.0290667
-0.025965
-0.0230583
-0.0203202
-0.0177275
-0.0152585
-0.0128946
-0.0106178
-0.00841171
-0.00626119
-0.00415177
-0.00206923
5.16399e-05
0.00212007
0.00420187
0.00631069
0.00846042
0.0106658
0.012942
0.0153053
0.0177736
0.0203662
0.0231033
0.0260094
0.0291108
0.0324369
0.0360218
0.0399039
0.0441286
0.0487473
0.0538203
0.0594183
0.0656234
0.0725324
0.0802587
0.088932
0.0987057
0.109752
0.122268
0.136472
0.1526
0.17089
0.191543
0.214656
0.240097
0.267334
0.295297
0.32238
0.346739
0.366809
0.381774
0.391731
0.397511
0.400316
0.40134
0.401516
0.401434
0.401387
0.401454
0.401596
0.401739
0.401833
0.401864
0.401832
0.401737
0.401594
0.401452
0.401384
0.40143
0.401512
0.401335
0.400309
0.397504
0.391723
0.381766
0.366799
0.346729
0.32237
0.295286
0.267322
0.240084
0.214643
0.191529
0.170875
0.152585
0.136456
0.122251
0.109734
0.0986869
0.0889129
0.0802381
0.0725115
0.0656018
0.0593956
0.053797
0.0487232
0.0441036
0.0398783
0.035995
0.0324093
0.0290823
0.0259805
0.0230734
0.0203349
0.0177417
0.015273
0.0129085
0.0106315
0.00842512
0.00627442
0.00416447
0.00208163
1.21747e-05
-0.00205719
-0.0041401
-0.00624981
-0.00840058
-0.010607
-0.0128839
-0.0152483
-0.0177174
-0.0203105
-0.0230487
-0.0259558
-0.0290578
-0.0323845
-0.0359704
-0.0398535
-0.0440788
-0.048698
-0.0537719
-0.0593705
-0.0655764
-0.0724863
-0.0802129
-0.0888873
-0.0986613
-0.109709
-0.122225
-0.13643
-0.152559
-0.170849
-0.191503
-0.214617
-0.240058
-0.267296
-0.295259
-0.322343
-0.346702
-0.366772
-0.381738
-0.391696
-0.397476
-0.400282
-0.401307
-0.401483
-0.401402
-0.401355
-0.401423
-0.401564
-0.401708
-0.401803
-0.401835
-0.401803
-0.401708
-0.401565
-0.401423
-0.401356
-0.401403
-0.401485
-0.401309
-0.400284
-0.397478
-0.391698
-0.381741
-0.366775
-0.346706
-0.322346
-0.295263
-0.2673
-0.240062
-0.214621
-0.191507
-0.170854
-0.152564
-0.136435
-0.122231
-0.109714
-0.0986673
-0.0888936
-0.0802194
-0.0724931
-0.0655835
-0.0593778
-0.0537794
-0.0487059
-0.0440868
-0.0398616
-0.0359785
-0.0323935
-0.0290667
-0.025965
-0.0230583
-0.0203202
-0.0177275
-0.0152585
-0.0128946
-0.0106178
-0.00841171
-0.00626119
-0.00415177
-0.00206923
5.16399e-05
0.00212007
0.00420187
0.00631069
0.00846042
0.0106658
0.012942
0.0153053
0.0177736
0.0203662
0.0231033
0.0260094
0.0291108
0.0324369
0.0360218
0.0399039
0.0441286
0.0487473
0.0538203
0.0594183
0.0656234
0.0725324
0.0802587
0.088932
0.0987057
0.109752
0.122268
0.136472
0.1526
0.17089
0.191543
0.214656
0.240097
0.267334
0.295297
0.32238
0.346739
0.366809
0.381774
0.391731
0.397511
0.400316
0.40134
0.401516
0.401434
0.401387
0.401454
0.401596
0.401739
0.401833
0.401864
0.401832
0.401737
0.401594
0.401452
0.401384
0.40143
0.401512
0.401335
0.400309
0.397504
0.391723
0.381766
0.366799
0.346729
0.32237
0.295286
0.267322
0.240084
0.214643
0.191529
0.170875
0.152585
0.136456
0.122251
0.109734
0.0986869
0.0889129
0.0802381
0.0725115
0.0656018
0.0593956
0.053797
0.0487232
0.0441036
0.0398783
0.035995
0.0324093
0.0290823
0.0259805
0.0230734
0.0203349
0.0177417
0.015273
0.0129085
0.0106315
0.00842512
0.00627442
0.00416447
0.00208163
1.21747e-05
-0.00205719
-0.0041401
-0.00624981
-0.00840058
-0.010607
-0.0128839
-0.0152483
-0.0177174
-0.0203105
-0.0230487
-0.0259558
-0.0290578
-0.0323845
-0.0359704
-0.0398535
-0.0440788
-0.048698
-0.0537719
-0.0593705
-0.0655764
-0.0724863
-0.0802129
-0.0888873
-0.0986613
-0.109709
-0.122225
-0.13643
-0.152559
-0.170849
-0.191503
-0.214617
-0.240058
-0.267296
-0.295259
-0.322343
-0.346702
-0.366772
-0.381738
-0.391696
-0.397476
-0.400282
-0.401307
-0.401483
-0.401402
-0.401355
-0.401423
-0.401564
-0.401708
-0.401803
-0.401835
-0.401803
-0.401708
-0.401565
-0.401423
-0.401356
-0.401403
-0.401485
-0.401309
-0.400284
-0.397478
-0.391698
-0.381741
-0.366775
-0.346706
-0.322346
-0.295263
-0.2673
-0.240062
-0.214621
-0.191507
-0.170854
-0.152564
-0.136435
-0.122231
-0.109714
-0.0986673
-0.0888936
-0.0802194
-0.0724931
-0.0655835
-0.0593778
-0.0537794
-0.0487059
-0.0440868
-0.0398616
-0.0359785
-0.0323935
-0.0290667
-0.025965
-0.0230583
-0.0203202
-0.0177275
-0.0152585
-0.0128946
-0.0106178
-0.00841171
-0.00626119
-0.00415177
-0.00206923
5.16399e-05
0.00212007
0.00420187
0.00631069
0.00846042
0.0106658
0.012942
0.0153053
0.0177736
0.0203662
0.0231033
0.0260094
0.0291108
0.0324369
0.0360218
0.0399039
0.0441286
0.0487473
0.0538203
0.0594183
0.0656234
0.0725324
0.0802587
0.088932
0.0987057
0.109752
0.122268
0.136472
0.1526
0.17089
0.191543
0.214656
0.240097
0.267334
0.295297
0.32238
0.346739
0.366809
0.381774
0.391731
0.397511
0.400316
0.40134
0.401516
0.401434
0.401387
0.401454
0.401596
0.401739
0.401833
0.401864
0.401832
0.401737
0.401594
0.401452
0.401384
0.40143
0.401512
0.401335
0.400309
0.397504
0.391723
0.381766
0.366799
0.346729
0.32237
0.295286
0.267322
0.240084
0.214643
0.191529
0.170875
0.152585
0.136456
0.122251
0.109734
0.0986869
0.0889129
0.0802381
0.0725115
0.0656018
0.0593956
0.053797
0.0487232
0.0441036
0.0398783
0.035995
0.0324093
0.0290823
0.0259805
0.0230734
0.0203349
0.0177417
0.015273
0.0129085
0.0106315
0.00842512
0.00627442
0.00416447
0.00208017
-0.00043831
-0.00378322
-0.00788867
-0.0126909
-0.0181283
-0.0241412
-0.0306719
-0.037665
-0.0450669
-0.0528257
-0.0608919
-0.0692175
-0.0777567
-0.0864649
-0.0953002
-0.104222
-0.113191
-0.122171
-0.131125
-0.140022
-0.148827
-0.157511
-0.166046
-0.174403
-0.182557
-0.190484
-0.198161
-0.205567
-0.212682
-0.219487
-0.225966
-0.232102
-0.237881
-0.243291
-0.248319
-0.252954
-0.257188
-0.261012
-0.264419
-0.267403
-0.26996
-0.272085
-0.273776
-0.275032
-0.275851
-0.276234
-0.276182
-0.275698
-0.274784
-0.273445
-0.271685
-0.26951
-0.266926
-0.26394
-0.26056
-0.256795
-0.252653
-0.248145
-0.243282
-0.238073
-0.232531
-0.226669
-0.220498
-0.214031
-0.207283
-0.200267
-0.192999
-0.185491
-0.177761
-0.169823
-0.161693
-0.153387
-0.144922
-0.136313
-0.127578
-0.118733
-0.109796
-0.100783
-0.0917116
-0.0825989
-0.0734619
-0.0643182
-0.0551849
-0.0460789
-0.0370174
-0.0280171
-0.0190951
-0.0102678
-0.00155164
0.00703721
0.0154826
0.0237692
0.0318814
0.0398043
0.0475232
0.0550237
0.0622921
0.0693147
0.0760788
0.0825719
0.0887817
0.0946972
0.100307
0.105602
0.110571
0.115206
0.119499
0.123442
0.127028
0.130251
0.133105
0.135588
0.137694
0.139421
0.140767
0.141731
0.142314
0.142515
0.142339
0.141786
0.140862
0.139572
0.137921
0.135919
0.133572
0.130891
0.127887
0.124572
0.120961
0.117066
0.112906
0.108498
0.10386
0.0990125
0.0939781
0.0887796
0.0834419
0.0779912
0.0724555
0.066864
0.0612481
0.0556401
0.0500745
0.0445872
0.039216
0.0340005
0.0289816
0.0242024
0.0197078
0.0155446
0.0117611
0.00840785
0.00553743
0.00320387
0.00146358
0.000374928
0
0
0
0
0
0
0
0
0
0
0
0
0
0
0
0
0
0
0
0
0
0
0
0
0
0
0
0
0
0
0
0
0
0
0
0
0
0
0
0
0
0
0
0
0
0
0
0
0
0
0
0
0
0
0
0
0
0
0
0
0
0
0
0
0
0
0
0
0
0
0
0
0
0
0
0
0
0
0
0
0
0
0
0
0
0
0
0
0
0
0
0
0
0
0
0
0
0
0
0
0
0
0
0
0
0
0
0
0
0
0
0
0
0
0
0
0
0
0
0
0
0
0
0
0
0
0
0
0
0
0
0
0
0
0
0
0
0
0
0
0
0
0
0
0
0
0
0
0
0
0
0
0
0
0
0
0
0
