-0.00031701777269704475
-0.0003242407972682991
-0.0003346929724638825
-0.00034202799508672966
-0.0003503651027808578
-0.0003609627781054899
-0.00036899644549137064
-0.0003786487462532398
-0.00038921122476299515
-0.0004012031851450076
-0.00041111154978004444
-0.00042172359120535023
-0.00043507578080036234
-0.0004458611929007501
-0.00045952023080187137
-0.0004724782586684365
-0.00048586722076728847
-0.0005007137143365602
-0.000514366612029576
-0.0005299932049733035
-0.0005442535777069915
-0.0005629722276731446
-0.0005783338227306055
-0.0005960974032509555
-0.0006139137153158946
-0.0006307983023080578
-0.0006521154703813965
-0.0006717760610459819
-0.0006934034514910607
-0.0007148029667446923
-0.0007367579845749215
-0.0007609124655771813
-0.0007852799851875054
-0.0008109123841874898
-0.0008358973385412579
-0.0008650964155482749
-0.0008937178513438
-0.0009254223456420825
-0.0009532142294115713
-0.000987920682770156
-0.001019975289661727
-0.0010552491542503567
-0.0010924376863922
-0.001130108184114032
-0.0011684463003133476
-0.0012081420953445857
-0.0012534072212238684
-0.0012983611874900901
-0.0013465472087960128
-0.0013972601431483337
-0.0014467847071111023
-0.001501518444617448
-0.0015575562666808622
-0.0016154170169512339
-0.0016762306710983725
-0.0017429972590329347
-0.0018083598201100585
-0.001880965479523699
-0.0019529879763461335
-0.0020315488108906647
-0.0021144115670208175
-0.002198945142501912
-0.0022902561760853196
-0.0023830333058914074
-0.002483190127298257
-0.0025857365352653107
-0.0026968099053411
-0.0028104412480981326
-0.0029314150396286868
-0.003061474662447484
-0.0031945886078871607
-0.003334966682458788
-0.003483143814809605
-0.003642865724295175
-0.0038067708760747454
-0.00398136701588688
-0.004167059802429669
-0.004362281016941843
-0.004566437415611023
-0.004785635000256791
-0.005018125280975261
-0.0052619695243148615
-0.00551925847198959
-0.0057918981900205
-0.006082811399741384
-0.006388863165091263
-0.006716204958335859
-0.007063181141315619
-0.007429331303501116
-0.00781944512145917
-0.008232890232379914
-0.008673784531099306
-0.00914545736217601
-0.009642248692038502
-0.010174872126691601
-0.010740710776584447
-0.011344687751867347
-0.011989729135231329
-0.012675017581903337
-0.013411158537832264
-0.014189994423540525
-0.015027964482946484
-0.0159199823579348
-0.016875544906937448
-0.017897265838831805
-0.018988569254107374
-0.020157456470940225
-0.021405992963971793
-0.02273907486890241
-0.024170386897272814
-0.025699306462746672
-0.02733279725813091
-0.029079988754223768
-0.030947630581666448
-0.032941719831919535
-0.03506603390562709
-0.03732532727845655
-0.039730007558217144
-0.04227594855932587
-0.04496370903296601
-0.04779212727278177
-0.05074730062364015
-0.05381093897344126
-0.05695737026139337
-0.06013547792659785
-0.06327696003008157
-0.06628514517185448
-0.06901629091797003
-0.07127490760089367
-0.07279972747188174
-0.07324611586030122
-0.07218671536276863
-0.06914163213444141
-0.06360475829862995
-0.0551386036021463
-0.0434750466924543
-0.02858951457166968
-0.010738941343368884
0.009543243748140447
0.03153210320801514
0.05435310678248836
0.07707030153476341
0.09876722153734042
0.11864749902852371
0.13614257416338507
0.15104762722073126
0.1635446688593761
0.17417075314302768
0.18367527429477093
0.19281080048706428
0.20211312014503985
0.21170815791728562
0.22123047996281198
0.22982433649276318
0.23623951098458204
0.2390203003473109
0.23672075675560605
0.2281481256109389
0.2125675932746205
0.18982758537660754
0.16037088858603418
0.1252006934463279
0.08575837054389295
0.043768823460318435
0.0010126051137197391
-0.04090910534323151
-0.08078528255256887
-0.11790057233644169
-0.15199506963372802
-0.18309909925811294
-0.21131088282412683
-0.23659447296654396
-0.25870296099838846
-0.27719915269203
-0.29154998121063436
-0.3012423125287928
-0.3058494903099821
-0.3050479288613788
-0.2986018429196916
-0.28636316819449703
-0.26829414247459926
-0.24453165348277808
-0.2154220902741
-0.18151068006944757
-0.14351968707753163
-0.10230108301443537
-0.05877494823994652
-0.013880883958268123
0.03146208276846073
0.07634259756694839
0.11983769025577407
0.16099574124947857
0.1988724424908363
0.23257111088908997
0.26130339671765296
0.2844362462843329
0.3015030723393762
0.312214404077841
0.31642355207145234
0.31408679255419686
0.3052261750870843
0.28994777621725215
0.26848470938025454
0.24123702446313286
0.20878599583611032
0.1718701041370675
0.1313455036925936
0.0881624089360842
0.04327802846468645
-0.0023631820658400085
-0.04783929742279774
-0.09221804739677883
-0.1345511261332004
-0.1738766653092344
-0.2092766121652622
-0.23992621508858417
-0.26513447868580003
-0.28439130015807085
-0.29735056479224653
-0.3038313423914933
-0.3037658995424658
-0.2971548976930065
-0.28407366906895
-0.2647145700365189
-0.2394296019108743
-0.20874673559741574
-0.17336348278833036
-0.13411381498655778
-0.09192164333332899
-0.04774644807907639
-0.002541827689293458
0.04276551339520885
0.08724898656966679
0.1299634021023044
0.16994734619755883
0.20626314387322045
0.23805625573474615
0.2645928762002114
0.2853080339268858
0.29981789444740276
0.30789392366762103
0.30944065765242723
0.30443962101358485
0.292950837393293
0.2751216088916754
0.25126152466077606
0.2218445602578658
0.18752795770032016
0.1491095593523056
0.10749222759349543
0.06363688837595831
0.018495173607094975
-0.026999020348294087
-0.07192160748244868
-0.115333976067574
-0.1562759957700472
-0.19379968091315186
-0.22702074243965023
-0.2551697633523968
-0.2776342433365591
-0.2939741301512777
-0.3039274753682975
-0.3073666733223416
-0.3042523784901566
-0.2946227019559492
-0.2785981081328516
-0.2564352782703549
-0.22856373146597325
-0.195591970545752
-0.15828329086690965
-0.11751714524463844
-0.07424029521890173
-0.029414202894988067
0.016023402265801068
0.06114818266105872
0.10502548802647903
0.1467019926704654
0.18521894344439227
0.2196694545074392
0.2492494422549752
0.27329756946180533
0.29132838648607234
0.303029973411134
0.30824066915617343
0.30690614688869905
0.29903878902391456
0.28472633258546215
0.26419439517225585
0.23781962990238714
0.20615766748800374
0.16993806838780914
0.13000738613339982
0.08730290229476949
0.04278469710582506
-0.0026013460197926073
-0.04792649515445624
-0.09226508233529625
-0.13466808121778462
-0.17417518971290222
-0.20985873400914026
-0.24087717444593523
-0.2665295721966384
-0.28627990673414283
-0.2997710354409642
-0.3068061426404967
-0.30729903629636474
-0.3012482165209877
-0.28872163631904496
-0.26989586889541484
-0.2451033797105504
-0.21485312603997497
-0.17982606433415546
-0.14084534885898814
-0.09882454916648853
-0.05472525223506617
-0.009496864843289288
0.035924846474212235
0.08062024515007997
0.12364347827943019
0.16403531803933444
0.20085317621217522
0.23322809690165802
0.2604173190673312
0.28183561294966614
0.2970752628841887
0.3058967087896268
0.3081940679611249
0.30394010673382066
0.2931849488997099
0.2760666579335598
0.25287397763140884
0.22406489926042772
0.19027450491224965
0.15229164002684714
0.11100901405821173
0.06737967335284974
0.022364625362092168
-0.023102415386432765
-0.06809698845642219
-0.11168496442242205
-0.15290726168667812
-0.19080988008810149
-0.22450047207567284
-0.25319480725404225
-0.27626270748093606
-0.29324782602634336
-0.3038651770140424
-0.307976980771075
-0.30553951089944786
-0.29657693057434314
-0.28120263815842333
-0.2596544351856414
-0.23234672535605333
-0.1998665438929474
-0.16296170485492628
-0.1225017356265728
-0.07943052975585872
-0.034707490018548795
0.010723390500730649
0.055937080872352024
0.100006136206905
0.14197538869579074
0.1808853577626654
0.2158223446660208
0.2459663113934336
0.27064098528957337
0.28934035089779847
0.30173508166538926
0.30765033151636784
0.30702203960980134
0.2998564323553017
0.2862333347115285
0.26635846363141386
0.24058882008903124
0.20946857345422426
0.17370191898731813
0.13412941291573446
0.09168227665845845
0.04731832254934457
0.0019872327716545326
-0.04338159465210673
-0.0878626156931298
-0.13051133194258518
-0.17036425499457905
-0.2064888166062157
-0.23803550870462917
-0.2642840730102394
-0.28467598590675863
-0.2988395464490447
-0.3065599348904541
-0.3077454543792086
-0.30238592715446905
-0.290537384437193
-0.27236278115790113
-0.24817955567739003
-0.21847651164647222
-0.18391711587866272
-0.14530883798737357
-0.10356461254376316
-0.05963648814991189
-0.014480215962237671
0.030968671449941126
0.07578809330405972
0.11903854730111797
0.15975965288113694
0.19700199319542225
0.2298937096804749
0.25766821854485783
0.27972597777324076
0.29563848820525257
0.3051526743162624
0.30814773609824725
0.3045935983887313
0.2945288688506088
0.2780796815402065
0.2555150346460042
0.22727793697985343
0.19398620985220066
0.15640902036844379
0.11543425906241735
0.07201283180444316
0.0271022095045706
-0.018359160656036263
-0.0634467403093626
-0.10722777536863469
-0.1487441798151828
-0.18704306411559232
-0.2212195238257983
-0.25047695007638376
-0.27416727003544816
-0.2918123058625526
-0.3031146152319961
-0.3079207561156043
-0.30617731932417275
-0.297905904529294
-0.2832031034257372
-0.26229503452208786
-0.23557409477613633
-0.2036088541771435
-0.16713345158308854
-0.12700695469826684
-0.08416490641609574
-0.039572784835228886
0.005829971110565454
0.05111099476815341
0.09534832524476163
0.13758631835889887
0.1768684478025238
0.2122698224325805
0.2429594137086076
0.2682451746059601
0.2875988805636114
0.30067571190981107
0.307286305186572
0.30735449209658555
0.30088220141279487
0.2879413254518989
0.2687179159847902
0.24355382619214858
0.21297313319595998
0.17766141040490396
0.13845380648857905
0.09626818622075922
0.05206172370744445
0.006791647777161037
-0.038616639225669006
-0.08323669858347647
-0.12612486568161552
-0.166320324545035
-0.20288421336528903
-0.23495340216400082
-0.261793335295636
-0.28282973603297223
-0.29766861414682766
-0.3060791309949441
-0.3079614202285846
-0.3032952725101857
-0.2921316831287854
-0.2746181832191144
-0.2510535885774845
-0.22190725243235798
-0.18782831254426632
-0.1496096939217369
-0.10815111577969583
-0.06440871723363523
-0.019338764612945498
0.026121608311547938
0.07105417185560353
0.11451684035313035
0.1555525401054023
0.19321068384217077
0.22660266971164456
0.254953445488641
0.2776424664707666
0.2942244890328457
0.30442727691207
0.3081204402908339
0.30526342096336717
0.2958861123771959
0.28010642965992133
0.25817464602674345
0.2305154714272116
0.1977273113121503
0.1605664889116864
0.11990959302535956
0.07670267868597672
0.03190508435725712
-0.013541272040132413
-0.05871222426855507
-0.1026766481101425
-0.14447993557770314
-0.18316599752724255
-0.2178210283487751
-0.2476349058969097
-0.2719425603369285
-0.29024886096857394
-0.302234514499656
-0.30773594773369806
-0.30668932509877267
-0.2991091425929111
-0.28508217208905795
-0.2648176846018028
-0.23868980394652672
-0.20725073298284635
-0.17121632403071008
-0.13143448906808822
-0.08883673076732465
-0.04438447120816706
0.0009749424112777174
0.04631460235996048
0.09070813798877725
0.13320596201789864
0.17284743604150274
0.2087017965444613
0.2399302143089121
0.26581719416814387
0.28582212001249213
0.29957897352542506
0.3068826401049871
0.3076487925578238
0.301870432187889
0.28961056310502015
0.2710427023670729
0.2464892214159195
0.216453366969451
0.1816098540248124
0.14277347704471627
0.10085821332856937
0.05682264084778259
0.011621151754154551
-0.03381651437084008
-0.07856518120153745
-0.12168293394645402
-0.16220966230637449
-0.19920254996174824
-0.23178743476952615
-0.2592135024526941
-0.28088891549372763
-0.29640088216784916
-0.3055017066989024
-0.3080810239904078
-0.3041104486878054
-0.29363130863765374
-0.27678194561277863
-0.25384278064089905
-0.22526337521950543
-0.19167242866747974
-0.15385246065194558
-0.11269419453963124
-0.06914923963082865
-0.024175569195962688
0.02128729453829708
0.06632059729727455
0.10998525275258259
0.1513244414139787
0.18938592183109026
0.22327126798001504
0.2521907172129568
0.27550657696058367
0.29275427333844556
0.30364362536952044
0.30803253650738277
0.30587174430895153
0.29718472245655814
0.28207713520631034
0.26078397537449066
0.2337081243899567
0.20143259938182453
0.1646957870135761
0.12436678189254013
0.08138544898721874
0.03671251080934169
-0.008707851902660754
-0.053952505069767745
-0.09809126715246712
-0.1401701641773698
-0.17923090743491968
-0.21435506959832412
-0.24471888169912331
-0.26963966256648636
-0.28860211328273405
-0.301269422199455
-0.3074653454330035
-0.30711675281406975
-0.30022887811057536
-0.2868784700564957
-0.2672644253264942
-0.2417379702895082
-0.21083213474063942
-0.17524870029753176
-0.13582109948080773
-0.09347663070393093
-0.04917603351169498
-0.0038692736644753947
0.04151573838856691
0.08605480261294204
0.12879982969449674
0.16879047330928698
0.20509054604916907
0.23684658059106298
0.2633305646806071
0.28398191349752183
0.29841542618758865
0.3064117983367324
0.30787531355654035
0.30279216547233356
0.29121557257588804
0.27330610680889644
0.24936834291142812
0.21988688570717121
0.18551791646933907
0.14706444313857106
0.1054324584493387
0.06157652330858441
0.016454142793739662
-0.02900206312715649
-0.07386798184769819
-0.11720509918432684
-0.15805368743282783
-0.19546495678889508
-0.22855583434509932
-0.2565624981048973
-0.2788733092447504
-0.2950554695982155
-0.3048461697544983
-0.30812109570941665
-0.3048457237668103
-0.29505485590500524
-0.2788737411892071
-0.2565632405811259
-0.22855619909743555
-0.1954652632029481
-0.15805405623775495
-0.11720531690955742
-0.07386771720631452
-0.029001979726439937
0.016453900699836137
0.061575285801162116
0.10543186171137578
0.14706429398611945
0.1855184013049546
0.21988644744333952
0.24936794923916092
0.2733045034194
0.2912154356851576
0.30279067469897814
0.30787454316018514
0.30641114718470924
0.2984146651592103
0.28398107799072575
0.2633300763049953
0.23684540158923395
0.2050897672608113
0.16878909964089964
0.12879822215691603
0.08605262311120136
0.0415145967803187
-0.003870103904815606
-0.04917795445339608
-0.09347816192712105
-0.1358219567359875
-0.17524956868582128
-0.2108335568633885
-0.24173957859787365
-0.26726628729684687
-0.28688111114629045
-0.30022985283410564
-0.30711875369836883
-0.3074669811752059
-0.3012718841607455
-0.28860424515460065
-0.2696423818909087
-0.24472135986390206
-0.21435771838418236
-0.17923408433502577
-0.1401725157672156
-0.09809292095029423
-0.05395450308840981
-0.008710962101806385
0.03671057528465427
0.08138300344232037
0.12436452105000732
0.16469333868043973
0.20142919575009466
0.2337056478736541
0.2607808295597452
0.28207476600538073
0.29718184092289474
0.3058697309453325
0.30802964441911085
0.30364164473821337
0.2927507314595502
0.27550371536562895
0.2521877656731429
0.22326762362938926
0.1893832284834943
0.15132210163997953
0.10998236607583019
0.06631678067338892
0.021284842300320093
-0.024179566856836313
-0.06915239865247581
-0.11269729555599893
-0.15385668531792707
-0.19167670971794137
-0.2252669618350386
-0.25384601188549305
-0.27678681543090916
-0.29363531429486883
-0.3041135393241113
-0.30808425730474376
-0.3055062133200327
-0.2964053343845419
-0.2808942062955899
-0.2592177545852398
-0.2317913030342244
-0.19920553382553904
-0.1622143652808287
-0.12168752386584301
-0.07856928746112532
-0.0338207959445148
0.01161680876244781
0.056818243808897814
0.10085334840409896
0.1427689227194723
0.18160494256336573
0.2164490941845045
0.2464844510096166
0.27103738374763287
0.2896058142058053
0.30186564086434264
0.30764373417134805
0.30687609939253024
0.2995727799248529
0.2858170332342443
0.26581166575637877
0.23992375496341958
0.20869750886217783
0.17284058644083056
0.13319965734670483
0.09070150046369405
0.046308165819763915
0.0009688620746609231
-0.04438960790928981
-0.08884134271491428
-0.13144046037776758
-0.1712234306179182
-0.20725795382991088
-0.23869709849792603
-0.26482453093675656
-0.2850881959317582
-0.29911599657417104
-0.3066967320312963
-0.3077420782325006
-0.3022411305558833
-0.29025568435112636
-0.27194982477298635
-0.24764294609201878
-0.21782842185532642
-0.18317334562510126
-0.14448802827680352
-0.1026847597105018
-0.05871963214931293
-0.013548860187149373
0.03189633844774995
0.07669389066366272
0.11990096371840142
0.1605576810881876
0.19771858815985183
0.23050625132565924
0.25816645499620666
0.28009665957209084
0.29587654348100184
0.3052538516414004
0.3081109006872614
0.30441770808357543
0.2942145818877965
0.2776318981232072
0.2549432143022714
0.22659195609948163
0.19320046750967987
0.1555429076374249
0.11450662557330515
0.07104327669517607
0.026111718157395547
-0.01934990388851133
-0.06441926707227683
-0.10816240732473593
-0.1496205698879196
-0.18783963858772565
-0.22191910697252332
-0.2510648617779783
-0.27462957394372545
-0.2921419206564234
-0.3033077990541929
-0.30797389058113184
-0.3060922024971241
-0.29768097313596914
-0.2828425317239075
-0.26180571789838036
-0.23496619408354463
-0.2028967278031269
-0.166334039391337
-0.12613968459793032
-0.08325087153142868
-0.038630371179673835
0.006776897759752831
0.05204763305573425
0.09625196264710928
0.13843909333330998
0.17764756829042952
0.21295709636826432
0.2435385491704079
0.2687020875792204
0.287926199758746
0.30086711523402493
0.30733919123860604
0.30726960453964935
0.30065895124783987
0.2875815998967674
0.2682268178599804
0.24294227136152055
0.21225246551290808
0.17685130967257298
0.13756923767373413
0.0953298341063693
0.05109232273110871
0.005809314214745717
-0.039591506744986966
-0.08418499354578003
-0.1270259795206097
-0.16715356568536702
-0.20362912830410124
-0.23559407092026252
-0.26231594086552446
-0.2832245642655346
-0.2979276572927309
-0.30620099684458973
-0.3079431587137796
-0.3031373035126945
-0.2918356649163284
-0.2741901533925727
-0.25050115777848897
-0.22124355779103377
-0.18706709727134083
-0.1487693117869683
-0.10725208132219331
-0.06347172724553385
-0.01838413278995936
0.027075759876503208
0.07198638581489286
0.11540846004737912
0.15638215794920374
0.1939583949802593
0.22725001263457514
0.2554868648550514
0.27804991548810637
0.29449895710402607
0.3045642059697361
0.30811765585090695
0.30512135372903687
0.29560689851989297
0.27969279904983085
0.2576353998228904
0.22985981770102296
0.196970021393743
0.15972558190654104
0.1190044120956977
0.07575348070078347
0.03093266076662639
-0.014516664696091306
-0.0596716117139375
-0.10360062006367987
-0.14534780505790948
-0.18395587798830593
-0.21851570901889533
-0.24821966642711293
-0.272403911604258
-0.29057813036980573
-0.30242747525161917
-0.3077885051232194
-0.3066039693883287
-0.2988844747934635
-0.28472179140781606
-0.26432810146782343
-0.23808215773676614
-0.2065361767254219
-0.17041325268812593
-0.13056055813210668
-0.08791244006364336
-0.04343114527982993
0.001936725481451158
0.0472656280166507
0.09162854992369772
0.13407559095803495
0.17364609564257155
0.20941206313502023
0.24053225375037854
0.26629990009849225
0.2861747236480996
0.2997955276518568
0.3069609423942245
0.3075882840745991
0.3016707341608824
0.28927502392175136
0.27057552676476426
0.2458992962499149
0.21575475334290495
0.18081693749272837
0.14190488415805622
0.09993494330684233
0.055864171000802126
0.010648229022835118
-0.0347840237909208
-0.0795074047221182
-0.12258106791551927
-0.16304246934483593
-0.19994902589212885
-0.2324315451724782
-0.2597410311277178
-0.281289634771996
-0.29666635543077013
-0.3056301945213361
-0.30806889435312435
-0.3039593437283121
-0.29334319541359144
-0.27636142190162194
-0.25329577696102984
-0.22460262364876185
-0.19091418632284013
-0.1530128593896565
-0.11179357535365249
-0.06820788914511042
-0.02321396893494677
0.022249769124810508
0.0672628552131069
0.11088816622762
0.15216833767021085
0.19014913599842162
0.2239361997439736
0.25274328258106704
0.2759337746860001
0.29304922372003556
0.30380162452690046
0.3080511471510051
0.3057512683338269
0.2969262334238614
0.2816833697289466
0.2602624080723277
0.23306986316008727
0.20069060976781172
0.16386871165327074
0.1234731073675035
0.08044610329571017
0.03574700774140676
-0.009679504109676697
-0.054910095211242585
-0.09901476452377943
-0.14103939594527526
-0.18002563170249747
-0.21505734047415243
-0.2453117165720402
-0.270110023189045
-0.288941241603827
-0.30147338477644187
-0.3075289557596615
-0.3070411699808625
-0.30001435224354955
-0.28652967340619306
-0.26678424353116836
-0.24113658946288002
-0.21012426211127117
-0.1744485112019627
-0.13495005509009333
-0.09255410092094228
-0.048221637806515824
-0.0029035787782067165
0.04247321440454851
0.086983511410196
0.1296796208693628
0.16960136690466396
0.20581435208151325
0.2374647733481244
0.26383024426202384
0.28435286378169206
0.29865073126518954
0.3065088353748177
0.30783290733306223
0.302610242864533
0.290897824615823
0.27285612652189767
0.2487949303310593
0.21920239552159212
0.1847374030109236
0.14620688056927073
0.10451598555683556
0.060623590456372396
0.015484988326359377
-0.029967695558488397
-0.07481123253223394
-0.11810591753898032
-0.15889079720280055
-0.1962185138852698
-0.22920962799673286
-0.25710085557251133
-0.27928476487819004
-0.2953328688773495
-0.3049853890133986
-0.3081208817567448
-0.30470689953490276
-0.29477882623897567
-0.27846367725864457
-0.25602667426695
-0.22790478386771218
-0.19471283036910386
-0.15721943997023843
-0.11630823049573055
-0.07292826991319998
-0.02804004111790298
0.017418402095129872
0.06252346818792703
0.10634185258553557
0.14791694551255585
0.18629356044423753
0.22056612733529632
0.24993559539622845
0.27374913728367906
0.2915265449906691
0.30296486310923354
0.3079103403924954
0.30630721649157816
0.2981727432888923
0.2836039335890279
0.26282398652545774
0.236220556456039
0.2043600512706284
0.16797180948463394
0.1279127995750274
0.08511908844886462
0.040553123492064615
-0.0048398613885740965
-0.05013459623283936
-0.09440446618149387
-0.13669608729088295
-0.17605145843701886
-0.21154443102352796
-0.24234235301934726
-0.2677476611772046
-0.2872325738358022
-0.30044560504738643
-0.3071956152302812
-0.3074050657104239
-0.3010710767785283
-0.28826606509378766
-0.26917290200854327
-0.24413147890626957
-0.2136581450019057
-0.17844133709937932
-0.13930574641899635
-0.09717299609126268
-0.05300116729196989
-0.007743555092468025
0.037670558347261414
0.0823178455493564
0.12525322785889634
0.16551584990033608
0.20216482187077503
0.23433737502588195
0.2612954192915867
0.28246001128301657
0.29743303839645424
0.3059822981921929
0.3080039934020045
0.30347570349217357
0.2924482566148143
0.27506813400539437
0.2516275137642191
0.2225952882880844
0.18861252681049304
0.1504722385469376
0.10907319485881957
0.06536926946892652
0.020317731937806147
-0.025144870139618674
-0.0700975970851764
-0.11360243758994305
-0.1546999095518065
-0.19243941840470427
-0.22593029567262773
-0.25439535341324476
-0.27721057387280956
-0.29392658100340385
-0.30426712704433423
-0.3080989539222581
-0.30538061403906025
-0.2961417080372843
-0.2804963550575677
-0.25869244426911975
-0.23115010496693647
-0.19846332205983255
-0.1613861318520077
-0.12079424910594636
-0.07763124775087993
-0.03285825363133951
0.012583300382765705
0.057769331279727325
0.10176985197777662
0.1436300179051435
0.18239043095620003
0.2171400527390544
0.2470651338529423
0.27149565013817584
0.28993310671650596
0.30205544751069824
0.30769547535329383
0.3067886081753546
0.2993466249966148
0.2854544828822593
0.26531997373506266
0.23931205027741342
0.20797876388080805
0.17203368799368246
0.13232126095036978
0.08977338842740454
0.04535014684348615
4.776251979743788e-7
-0.04534929060223247
-0.08977174429319368
-0.1323200878476564
-0.1720317909103343
-0.20797786744022956
-0.23931056914336188
-0.2653185330724425
-0.28545314349418627
-0.29934511988711493
-0.3067874358826658
-0.3076938830440108
-0.3020538744965126
-0.28993196500105217
-0.27149448524979297
-0.24706375877382572
-0.21713855028667675
-0.182389398928003
-0.14362829816959766
-0.10176890284928707
-0.057768860452970736
-0.012581881852298513
0.03285932129589335
0.07763195385292275
0.12079601252245378
0.16138777179329236
0.19846466400610602
0.2311506983682715
0.25869357914855423
0.2804973778865828
0.29614280819014227
0.3053828199227175
0.3081006440712994
0.3042686535647905
0.29392770571189647
0.2772117417905532
0.25439683163482185
0.22593179303746572
0.1924406698259008
0.1547015227061631
0.11360418626329319
0.07009953506633891
0.025146924606252955
-0.0203162897134042
-0.06536789869819573
-0.10907139446296694
-0.15047101203578275
-0.18861129866783455
-0.22259362820363435
-0.2516264448359084
-0.27506623299969146
-0.29244650802812255
-0.3034747131137671
-0.3080018773656029
-0.3059810107433145
-0.2974319090310294
-0.2824589505903837
-0.26129352456487404
-0.23433627533230425
-0.20216298601751362
-0.1655139553681574
-0.1252512009469112
-0.08231610520548611
-0.03766878274163378
0.007745401558199606
0.053002924827889514
0.09717447974606262
0.139307614083648
0.17844270450514593
0.21365970525810365
0.2441327535037872
0.26917463544783743
0.28826775289442597
0.3010727295717574
0.3074061496668285
0.3071969850840801
0.30044714048016785
0.2872338760751886
0.2677499626427244
0.2423429781120334
0.21154547816975955
0.17605288906135846
0.1366983595829852
0.09440604731486896
0.05013619636439023
0.004841545360063139
-0.040551849899714575
-0.08511802324109412
-0.12791134610889573
-0.1679707023155376
-0.20435855086201035
-0.2362191915565885
-0.26282286543772415
-0.2836026321091318
-0.298171160957292
-0.306305447183363
-0.30790822738176804
-0.3029637255643171
-0.29152509369691365
-0.273747328678976
-0.24993393402854655
-0.22056445495225208
-0.18629175270702697
-0.14791546336239603
-0.10634010576417542
-0.06252205671980977
-0.01741677260073997
0.028041589630488813
0.07293016701059074
0.11630944518032779
0.15722093724679298
0.194714264440939
0.22790708193820525
0.25602820029238493
0.2784653915064266
0.2947804262887586
0.30470859245107174
0.30812305543519747
0.3049871587013934
0.29533457970203175
0.2792867785196848
0.2571027492898287
0.22921174563341062
0.19622153896328584
0.15889272880554428
0.1181076203277731
0.07481335613243519
0.029970131248818463
-0.015483175787865833
-0.060621911172088455
-0.10451463439889168
-0.14620454778451283
-0.1847359714643309
-0.2192006671925967
-0.24879345048360427
-0.27285453934917214
-0.2908964126994198
-0.3026079995187516
-0.3078307503125669
-0.30650658374410295
-0.29864901730952287
-0.28435115742049133
-0.26382841451372085
-0.23746272318795178
-0.20581249724685063
-0.1695993257194103
-0.1296782697041461
-0.0869814410851404
-0.04247085934132977
0.0029059762152767246
0.04822438867569696
0.09255581946225382
0.13495190319738962
0.17445085633374904
0.2101260902225394
0.24113910204595407
0.2667863488658269
0.28653217094012495
0.30001607054159934
0.3070430450963909
0.30753220727296626
0.30147503456370495
0.2889429165637238
0.2701117993577985
0.24531334724937245
0.21505904872162726
0.18002829622795252
0.1410413955911761
0.09901683389831628
0.05491172884541858
0.009680908352923954
-0.03574459427793657
-0.08044369391608626
-0.12347153804619232
-0.16386696154257374
-0.20068838913024772
-0.23306736747581397
-0.26026021647694536
-0.2816808688040167
-0.29692378368149336
-0.30574884602551794
-0.3080493208622578
-0.30379905907974886
-0.2930463019731592
-0.2759314065330487
-0.2527401931960614
-0.22393382803242692
-0.19014736178265684
-0.15216614761926056
-0.11088579548304528
-0.06726038771705517
-0.022247236972531902
0.02321689056860113
0.0682104807093322
0.11179578204888249
0.153016384123939
0.190916964472535
0.22460515645770893
0.2532988452607685
0.27636515882525603
0.29334515425866303
0.30396180482103624
0.3080717531622231
0.305632254356398
0.2966689843269282
0.2812922611540073
0.25974400154236654
0.2324338514590839
0.1999520619704409
0.16304532331340502
0.12258363120211396
0.07951039101759884
0.03478644782494701
-0.010645760297960109
-0.055862325969082346
-0.09993160167396813
-0.14190188635676892
-0.1808139330109565
-0.2157512404731927
-0.24589589872162698
-0.2705721997341263
-0.2892719872750867
-0.3016682857151059
-0.3075857547800792
-0.3069574312312314
-0.299791877571576
-0.2861712664123849
-0.26629679498162184
-0.2405288283722476
-0.20940843427213712
-0.1736430312484742
-0.13407234167491355
-0.09162503680438319
-0.04726366228524757
-0.0019339247809269113
0.04343496605403032
0.08791553322381171
0.1305649024824581
0.17041623181681434
0.20654021391834304
0.23808538749364974
0.2643312498052912
0.28472524938304455
0.2988877717680155
0.3066064273995269
0.3077920260148009
0.3024308404138222
0.29058149440575287
0.27240679439198257
0.24822356733218967
0.21852007201126172
0.18395916467574414
0.1453510558151442
0.10360471838257362
0.059675494705853815
0.014520480656128447
-0.03092949275191177
-0.07574889366918407
-0.11900015951409433
-0.15972137525835156
-0.19696558074111495
-0.22985597083185558
-0.2576309956344281
-0.2796892535106392
-0.2956026252990071
-0.30511663226886704
-0.3081133380881608
-0.3045599635674461
-0.2944945623560271
-0.2780460757743063
-0.25548216118843414
-0.22724499518038593
-0.19395385252686964
-0.15637723562293285
-0.11540419118382227
-0.0719816170370043
-0.027071616526417413
0.018388451040462127
0.0634756158605985
0.10725701385292248
0.14877400231802776
0.18707188616068038
0.22124775158622567
0.25050592742191985
0.27419475672920834
0.2918401864755173
0.3031420405421175
0.3079480774860621
0.3062055301963808
0.29793284100441003
0.28322944606787936
0.2623210579658168
0.23559885628611152
0.20363425820496686
0.16715792284879996
0.1270317280999545
0.08419087176242522
0.03959769484026054
-0.005804068861552202
-0.05108661650646817
-0.09532413107448495
-0.1375636993426911
-0.17684515408039939
-0.2122464051457021
-0.24293604086268927
-0.2682208413926888
-0.2875758262800074
-0.30065275091706034
-0.30726409811337346
-0.30733240596215705
-0.30086139629438957
-0.287920646439293
-0.26869644197736464
-0.24353199783901258
-0.21295111947361384
-0.17764130442211676
-0.13843256657025593
-0.09624634969834524
-0.052041138569809665
-0.006771878684561662
0.03863771206358711
0.08325837992843864
0.12614638263122466
0.16634183939787472
0.20290331090542565
0.23497367165797936
0.26181374931859386
0.2828507949629647
0.2976885162964717
0.30609940356867316
0.30798179747103066
0.30331428823782114
0.29215004090175606
0.2746367061599799
0.25107169413952435
0.22192708582153678
0.18784780130108458
0.14962829261642524
0.1081703962616157
0.06442788851450991
0.019357805888084112
-0.02610340861776669
-0.0710351680754273
-0.11449821534122925
-0.1555334171511529
-0.19319163138152035
-0.22658455395377555
-0.25493446018194266
-0.27762322289732844
-0.29420490949338346
-0.30440964561711537
-0.3081019308246576
-0.3052450466744297
-0.295866670008531
-0.28008838939514025
-0.2581569680510016
-0.23049717756860072
-0.19770846225896643
-0.1605476416506339
-0.1198908726264413
-0.076683660570889
-0.03188670171986559
0.013559278826375525
0.05873079223611584
0.10269447103031164
0.1444988954295493
0.18318431094491516
0.21783950511556704
0.24765348264003403
0.27196110012006325
0.29026665774881855
0.3022528309819857
0.30775293063613557
0.30670823083370147
0.299126758640004
0.28509987719580854
0.26483625016350404
0.23870909657067937
0.20727021185865774
0.17123557564873446
0.13145286093145334
0.0888553255204009
0.044402460037000706
-0.0009557297554850866
-0.0462954411954155
-0.09068839324397433
-0.13318747558765634
-0.17282730706364913
-0.20868306814385917
-0.23991012999379555
-0.26579864036066125
-0.2858019498821047
-0.2995583902920896
-0.3068622343309508
-0.3076288471270858
-0.3018507000770308
-0.2895904030085897
-0.2710229873334549
-0.2464689966472414
-0.21643410861756204
-0.18159007853136772
-0.14275289105385955
-0.10083812331475199
-0.056801701361298904
-0.01160076232079119
0.03383576908974869
0.07858679032512428
0.12170419386873242
0.1622311532529418
0.19922338563490716
0.23180764274861557
0.2592361388825852
0.2809122144213936
0.2964220266850588
0.30552416273059896
0.3081031441675757
0.30413353484029293
0.2936555390920781
0.2768056271359336
0.2538657673489287
0.22528737504263704
0.19169728517528054
0.15387700091249384
0.11271882700652183
0.06917261361622136
0.02420073340518791
-0.02126345782471359
-0.06629571402905043
-0.10996217477980814
-0.15130021279936828
-0.18935985218818538
-0.22324397206483326
-0.252164825949924
-0.2754803555977456
-0.2927264925318043
-0.30361707467955973
-0.3080058780075253
-0.3058443916275777
-0.2971566002093096
-0.2820492789133571
-0.2607565945447079
-0.2336800509245391
-0.20140317170087396
-0.1646685036022447
-0.12433682726040349
-0.08135592912189173
-0.036682148411859766
0.008737889380254419
0.05398332148792525
0.09812230901746952
0.14020215908219053
0.1792636467032022
0.2143880641871334
0.2447524895545573
0.2696722353853747
0.28863516970424474
0.30130485518105476
0.3075004041727567
0.30715126507812185
0.30026428510489794
0.2869149986476838
0.2673004791117404
0.2417748627792164
0.21086861320489597
0.17528517215821474
0.1358595800566145
0.09351610396262854
0.049215926870260274
0.003909230674970871
-0.041475737362552084
-0.08601298149611479
-0.1287583673788098
-0.16874811478140042
-0.205048411064505
-0.23680252904592172
-0.2632876255265441
-0.2839370833201822
-0.29837065520616035
-0.30636594092231106
-0.30782844673153875
-0.30274395353711836
-0.29116737677329235
-0.27325841873259105
-0.24931924112739293
-0.21983776343368847
-0.1854667313156096
-0.1470132233139068
-0.10537991985820179
-0.06152412379320897
-0.016400351473083795
0.029055948578015717
0.0739237826363429
0.11726247327003893
0.1581122508028782
0.19552288164410875
0.22861713925661242
0.2566233391976868
0.27893474130980994
0.2951177640615404
0.3049098012704654
0.3081860083907347
0.30491107197834
0.29512170688513384
0.27894270813392197
0.256633085758373
0.22862729219334377
0.19553738955532943
0.15812683717801546
0.11727958997917846
0.07394486286945234
0.0290786444947578
-0.016375423352351
-0.061496893595124204
-0.10534896383634701
-0.14698172558465702
-0.18543330922995227
-0.21980013250774952
-0.24927958011567727
-0.2732157452531621
-0.29112479633956084
-0.3026981854229698
-0.30778012023557466
-0.3063132949272121
-0.29831642520408397
-0.28388124302178946
-0.2632282291104585
-0.2367401441042867
-0.20498336020812924
-0.16868050772575324
-0.1286882815821857
-0.08594161567066448
-0.04140018912650955
0.0039862579954226315
0.04929663669083857
0.0935995623656478
0.13594662869450433
0.1753757284268109
0.2109627056516986
0.24187112925679835
0.26740103591917946
0.2870191676337735
0.3003700712879815
0.3072623461310865
0.30761424477092086
0.30142319706573545
0.28875654210648416
0.2697988205400587
0.24488168271644792
0.2145204525753922
0.17940067324733894
0.14034183708320214
0.09826764493899635
0.054132646585061305
0.008892347135183314
-0.03652351081544152
-0.08119165718494017
-0.12417007167500271
-0.16449427919923776
-0.20122592706170342
-0.23349538429386213
-0.2605670061041012
-0.28185550152070205
-0.2969573644168328
-0.3056375996750579
-0.30779373013897243
-0.30339955778531563
-0.2925030445091525
-0.2752483566758851
-0.2519273541372009
-0.223000055623915
-0.18911067451256006
-0.15104216307948182
-0.109694837112086
-0.06602180326274991
-0.020982577808796542
0.0244886849078205
0.06947011142804368
0.11302388286359115
0.154191007206844
0.19202039557253192
0.2256209028052505
0.25420935232030484
0.2771598733352761
0.2940188826614559
0.304508063381605
0.30849005005663943
0.30592224482394
0.296832285662286
0.281333370370781
0.2596697185441579
0.23225542546350655
0.19968508240504526
0.16270624243966078
0.12219143963179525
0.07908807635829782
0.03435471292957841
-0.011065632755717748
-0.05624979108891656
-0.10026905869072204
-0.1421672058573041
-0.1809858339131186
-0.21581034036340538
-0.24582485320700406
-0.2703577799720463
-0.2889041430716808
-0.3011410169995067
-0.30689650950371944
-0.30610557740816136
-0.29877689133194796
-0.2849963651019297
-0.26496455430167787
-0.23904962720882098
-0.2077934894112874
-0.17190823438143754
-0.13223537382036366
-0.08970602148604218
-0.04528068847064258
0.00009422763960031491
0.04548927949011586
0.08998000844535758
0.13261693769426047
0.17244112677128368
0.2085202835433858
0.24000437137978714
0.2661789777198473
0.2864923958293969
0.30057240064265606
0.30820581138418623
0.30930729629215514
0.30386341128376015
0.29193842952882526
0.2736953387877314
0.24945173535857762
0.21970544454720453
0.1851208903231507
0.14650971723580702
0.10478538504839957
0.06090028072218439
0.015812912063363115
-0.029543001565285217
-0.07424845117609094
-0.11735768620966426
-0.15791105107281855
-0.19496473186133895
-0.22764093720280434
-0.25518013894322583
-0.27698846080181727
-0.2926379215825766
-0.3018792988617778
-0.3045982479085622
-0.30075672369833845
-0.29040161944320075
-0.273658883189676
-0.2508039088431549
-0.2222806354146607
-0.18870906615224914
-0.15086481829747733
-0.10963212159465607
-0.06596500942441569
-0.02082058986676075
0.02486528986026928
0.07016980744648918
0.11415460485453856
0.15586796533481703
0.19435316217748325
0.22870661240797593
0.25813773177674365
0.28199659475623656
0.2998109625254057
0.31128624977966857
0.3162673484242918
0.3147023659232491
0.30660859632037485
0.29208702637110195
0.27136166230436826
0.24482327678527124
0.21304428765085293
0.1767570482389154
0.13681209090343505
0.09414653090953382
0.04971352336063439
0.0044464772309057024
-0.04073896268201327
-0.0849309191053013
-0.12719650026020404
-0.16659856433081327
-0.202254896106401
-0.2333816822002198
-0.2593593840410787
-0.27975558868883565
-0.29435863802561385
-0.3031346836179676
-0.30619126504026273
-0.3037379779505813
-0.29605502928135063
-0.2835286898844222
-0.26664438967052884
-0.2459353767064624
-0.22189090910028153
-0.19485146521533883
-0.16492198291442495
-0.13204979040646384
-0.09614587598851637
-0.057328041890426194
-0.016113935768071432
0.02648081783409133
0.06898879509731455
0.10967703322917655
0.14676714048087827
0.17868334494984464
0.20422480724193953
0.22271336323960927
0.23406157675211137
0.23877678669158653
0.2378850148141095
0.23275894327459912
0.22487976851360983
0.2156060070207169
0.20596588129009175
0.19653395592628378
0.18737547438709287
0.17810330616513495
0.16802575220936253
0.1563670771231956
0.14247939858456218
0.12602607828863438
0.10705986655572859
0.08601355813568369
0.0636019053658684
0.04070833314070017
0.01827380433221098
-0.0027968591546973878
-0.021705005056144804
-0.037837032102323136
-0.050817356712103905
-0.06055417065508305
-0.06722892159854929
-0.07122429275417826
-0.07302365217176013
-0.07313103727624765
-0.07199729465659878
-0.0699976120959886
-0.06743307078725344
-0.0645165642751442
-0.0614124810175464
-0.05824066378389811
-0.05507518835474711
-0.05197430968758877
-0.04897273195674656
-0.04609157869912581
-0.04334516209864176
-0.040741939797678574
-0.038280093128439545
-0.03596159795268794
-0.03378407802636906
-0.031739809610238076
-0.029820711212897685
-0.028025282492512054
-0.026347485883164594
-0.024776004295883156
-0.02330722095885665
-0.021933613531889738
-0.020650278581516707
-0.019449636724537846
-0.018328562202622543
-0.017282417367591313
-0.016298245590524084
-0.015379894976880647
-0.014523825637984246
-0.013717680330635603
-0.012966637065454752
-0.012260321506738786
-0.011599648162784105
-0.010980313836186252
-0.010399618578490217
-0.009854061702278575
-0.009342176739661385
-0.00885989468694437
-0.00840846830101711
-0.007983184098079915
-0.007582875301528636
-0.007205579664646278
-0.006852802027064654
-0.006518576856677842
-0.006204552111678548
-0.0059061342285411265
-0.00562741591786503
-0.005363252028250356
-0.005113165355022914
-0.004877821194168654
-0.004654701556154075
-0.004443689606286086
-0.0042427307067930365
-0.004055077290830576
-0.0038784915340222756
-0.00370803096661642
-0.003547246005444375
-0.0033943686236782454
-0.0032500128186783083
-0.003112516114994757
-0.0029838700904827745
-0.002857625262588686
-0.002740622991642569
-0.0026318433249434333
-0.0025243329867837734
-0.002423759281799399
-0.0023275029528623996
-0.0022350494648409997
-0.002148238217524452
-0.002064146814124189
-0.0019872631368492394
-0.0019105242897235915
-0.0018386573904990264
-0.0017695160656425134
-0.001703019673234858
-0.0016408415030099348
-0.0015800090796715001
-0.0015224272849601037
-0.0014693980580570355
-0.0014149786956618483
-0.0013662750575821362
-0.0013186878705336996
-0.0012731943378311882
-0.0012292141265692013
-0.0011878282855171784
-0.0011435873669743079
-0.0011058331515822982
-0.0010673716777726324
-0.0010338053579502684
-0.0009993968002878894
-0.0009648811347066879
-0.0009350212072584656
-0.0009046983478583757
-0.0008772720215044278
-0.0008483837205217673
-0.0008216267570498074
-0.0007963942217829381
-0.0007720421698838011
-0.0007471215216019997
-0.0007254152966441023
-0.0007019508169908347
-0.0006807442550136828
-0.0006619526895506904
-0.0006396769965345003
-0.0006198664117001138
-0.0006012292077522719
-0.0005859189767818715
-0.0005700897456306797
-0.0005512571432186598
-0.0005364413425327455
-0.000520747255116492
-0.000505603376460569
-0.0004917482681752139
-0.0004778714183395477
-0.0004655187052362142
