-0.00024047356517742992
-0.00024798566839061075
-0.00025274314085651443
-0.00025808629058327433
-0.0002654026421984999
-0.00027215438924248664
-0.0002788344548506246
-0.0002844177167579897
-0.0002891886438657178
-0.00029914093922688386
-0.0003055069020878807
-0.0003137836895016268
-0.0003215326524153617
-0.0003297369761936672
-0.00033696408640619967
-0.00034671320127566547
-0.0003560043410768374
-0.00036316434772567233
-0.0003731068066331237
-0.000383933613499158
-0.00039320826995095
-0.0004023861375377679
-0.00041380426950663206
-0.00042550886704132237
-0.0004356885336328406
-0.0004483102325617214
-0.0004595106978844803
-0.0004697481667412833
-0.0004840644684484688
-0.0004980565732920592
-0.000511668346161381
-0.0005273419295745971
-0.0005421151407704826
-0.0005562869053253953
-0.0005724683584884511
-0.0005884711410657251
-0.000605447772424702
-0.0006228616496093789
-0.0006422029421161768
-0.0006605692921255483
-0.0006789532292500106
-0.0007010593040815187
-0.0007195121381640922
-0.0007428656936366873
-0.0007656811391603612
-0.000788048324081906
-0.000812885067913419
-0.0008393474690127283
-0.0008636811469852614
-0.0008925826517603129
-0.0009190109042610561
-0.0009486801346711488
-0.0009800419488957496
-0.0010108077655993305
-0.0010450520063540213
-0.0010768499215699145
-0.0011144052701144212
-0.0011525944525755739
-0.001190191909095618
-0.001231836564925142
-0.001272643910621437
-0.0013146623267082155
-0.0013628731067902987
-0.001409948910720007
-0.001457810730903433
-0.001511696989117172
-0.0015656980020002538
-0.0016219518001167384
-0.0016814716626714972
-0.001742770881716758
-0.0018059857989661953
-0.001872623853549198
-0.0019439091479052516
-0.002018071929286742
-0.0020957452401672173
-0.0021740986834208717
-0.002258366791530789
-0.002347908931958096
-0.002440107237030489
-0.0025370979357796654
-0.002637747949633791
-0.0027452932657898725
-0.0028572197093022934
-0.002973678424168589
-0.0030984772847723096
-0.0032287817280524747
-0.003364490211955565
-0.003506497663276815
-0.0036595406769879954
-0.003818136922092035
-0.0039851173631815775
-0.004160527368782482
-0.004347044502395247
-0.004541916695129207
-0.004748283241338192
-0.00496422239339728
-0.005194253461762855
-0.005434933003918631
-0.0056918357120750215
-0.005964022117392269
-0.006247403562815852
-0.006551151224404867
-0.006868851812581843
-0.007209529856663593
-0.007567837759763841
-0.007949886679180734
-0.00835203365392371
-0.008778148692885427
-0.009232767544634122
-0.00971291381292973
-0.010224336368295587
-0.010768537548336761
-0.011346920667844915
-0.011962096926898508
-0.01261572617135669
-0.013311435421161187
-0.014052527501625068
-0.014840751635831822
-0.01568427560764454
-0.016582824299944076
-0.017537606655933253
-0.01856208858634841
-0.01965006863760254
-0.02081653746687528
-0.022060853168730618
-0.02338910323411394
-0.024808373402349416
-0.02632803523045669
-0.027949957664229565
-0.029683981777770603
-0.03153738466769135
-0.033515943234744765
-0.03563205905337508
-0.03789018249504881
-0.0402995141842933
-0.04286727766188597
-0.0456016709550274
-0.04850971087903244
-0.05159591063705717
-0.05486282446069685
-0.05830657071954587
-0.061928355791623216
-0.06571317990690283
-0.06963832621498331
-0.07367389076067081
-0.07776705007924326
-0.08183939083151125
-0.0857818690915099
-0.08943886723704987
-0.09259010399941703
-0.09493160269215484
-0.09605453268278184
-0.09542093288736833
-0.09233723139267594
-0.08597418723891001
-0.07539531869450836
-0.05966781712414314
-0.03800857598507079
-0.009978742629005026
0.0243680751468268
0.0644293793508448
0.10907662108411087
0.1567551491379003
0.20559770680217906
0.25352548726428864
0.298361340490291
0.33799932343724937
0.37059140090679765
0.394756501832336
0.409715691634139
0.4153796912444634
0.41230292923496636
0.401549430628912
0.38447281682659373
0.36242108271023976
0.33645208892287276
0.3071321494710026
0.27448039474750063
0.23806257704860334
0.1972200411561338
0.15132963592394774
0.10005712294844285
0.043486967388663145
-0.017834304852106336
-0.08296108116929152
-0.15061491391902174
-0.21922571561431128
-0.2869623693926513
-0.3518157214787181
-0.4117536207658227
-0.46492746430767734
-0.5099022807415745
-0.545759105191635
-0.5720544625260986
-0.5886659525178831
-0.5956147325567438
-0.5929065203950677
-0.5804674559622036
-0.5581769925451486
-0.5259781990809862
-0.4840468438018739
-0.4329452003151956
-0.3736855138539216
-0.3076563950460927
-0.23643024641591823
-0.16153533567677
-0.08430585270215665
-0.005841962038506304
0.07293111416116964
0.1511292570252137
0.22777701577095172
0.3016906163910471
0.3714500425887165
0.4354808840556306
0.4922579886846193
0.54049975705634
0.5793535874291473
0.6084046297521642
0.6275646010315389
0.6369126282655958
0.6365340860437672
0.626424401489921
0.6065004459726657
0.5766766301542071
0.5370302049482161
0.4879633426394476
0.4303173596551325
0.36535698438024644
0.29461251302653646
0.21965493303695569
0.1419076079110637
0.06255992809274864
-0.017402461345320554
-0.09709515503436174
-0.1755947708725578
-0.2518047771299387
-0.3243898193929774
-0.3918272713582506
-0.45253622194726817
-0.50511588906325
-0.5485412818175939
-0.5822272960233982
-0.6059846349080549
-0.6198471065695325
-0.6239156488171463
-0.6182298149561154
-0.6027324097683779
-0.5773272464503431
-0.5420102929188345
-0.4970387546003049
-0.44308227807233974
-0.38125371603082325
-0.3130062944976817
-0.2399217622165363
-0.16350139707963013
-0.08502982341778186
-0.005562610648738875
0.0739921657070583
0.15274190841520133
0.22966811172743234
0.30353775440613445
0.37288018588481847
0.43611721548819204
0.491750464075061
0.5385900108659586
0.575882280821185
0.6032926197004257
0.6207915650911807
0.6284737219727188
0.626406065235084
0.6145695270669683
0.5928726019591677
0.5612489810240622
0.5198384943716962
0.4691333872127921
0.41007692205720164
0.34401372131316654
0.27249975787561026
0.19708957153730636
0.11916050449641638
0.039851634821514735
-0.03988547441339807
-0.11917210891290159
-0.19704966509156938
-0.2723793137494496
-0.34377325494545846
-0.4096758573701153
-0.4685295737228559
-0.5190036510818085
-0.5601659660350143
-0.5915269342207565
-0.6129621582152522
-0.624534730724608
-0.6263344329700016
-0.618383186198132
-0.6006069477642333
-0.5729134243236103
-0.5353409916880337
-0.4882293222668782
-0.4323432518152845
-0.3688859587413686
-0.2993587882333912
-0.225337214723963
-0.1482889611063892
-0.06944042110190778
0.010191044796945218
0.08971694483286868
0.1682269653820801
0.24466177145878876
0.3177302937396005
0.3859274511847514
0.44767068992019793
0.5015157291255027
0.546360449919545
0.5815462657374728
0.6068233766098535
0.6222017536323875
0.6277805672548881
0.6236119971864732
0.6096569880309808
0.585816480089981
0.5520566081886751
0.5085790238643966
0.4559743781421987
0.3952849870542957
0.3279160773957079
0.25544535568801285
0.17939824662914464
0.10110128387189511
0.021647048062315617
-0.0580426358601395
-0.13708377011130835
-0.21448687045324225
-0.2890551159169151
-0.35935824537938255
-0.4238216273296044
-0.4809195069914671
-0.529393566591302
-0.5684141869384595
-0.5975825768049599
-0.6168259388988924
-0.6262314685441773
-0.6258783653698242
-0.6157652930161426
-0.595804959212647
-0.5659195988158561
-0.5261985375333965
-0.47706818095343534
-0.4193925245476419
-0.3544559620968946
-0.28379696253449993
-0.20898358813333778
-0.13143293965334857
-0.05232181993093741
0.027371304345430465
0.10676560655136662
0.1849271149223293
0.26075042104783464
0.33289354294257695
0.3998174761732793
0.4599492473606082
0.5119052508064625
0.5546778168587692
0.5877050877686963
0.6108093042738949
0.624033883000563
0.6274793761145442
0.6211752952595502
0.6050648122232979
0.579048874226265
0.5431324629617399
0.49759151499975246
0.4431124195489587
0.38082991561980256
0.31221066399372466
0.23883364136262097
0.16219222695636795
0.08356070511935515
0.003982339296560635
-0.07563822318044071
-0.1544055628885235
-0.2312933377204741
-0.3050518164201986
-0.3742051721027261
-0.43717409309011646
-0.4924695252692235
-0.5389206493690247
-0.5757938142953881
-0.6027791289795088
-0.6198502011797917
-0.6271053389774603
-0.624611211574953
-0.6123429281672418
-0.5902060320227241
-0.5581416900159287
-0.5163012879533044
-0.46520097598049664
-0.4058081594916776
-0.3394773800177611
-0.2677737755551495
-0.1922427706953906
-0.11425447126537283
-0.034936758407833765
0.044768472359670616
0.12397705522500252
0.2017318438871609
0.27687319666449284
0.34800688830766735
0.4135741540191754
0.47202147704083025
0.5220331460481802
0.5627014165780725
0.5935574513919896
0.6144869750290259
0.6255586732279315
0.6268652285842432
0.6184174359189847
0.6001413422136657
0.571948008987299
0.5338825753780941
0.486305189513045
0.4300035610094847
0.36619981902028587
0.2964005476913841
0.22218744730940349
0.14500854291690085
0.06608804486708028
-0.013573476168042688
-0.09308418861661719
-0.17153336439351524
-0.2478479221716978
-0.32072729781265585
-0.3886585748818206
-0.4500601988163883
-0.5034996092686311
-0.5478940541472587
-0.5826099660492304
-0.6074124410258461
-0.6223207355742115
-0.6274315331297582
-0.6227968637398225
-0.6083707902185379
-0.5840534069649829
-0.5498198259724011
-0.5058861708501818
-0.452868230032574
-0.39182450417592873
-0.32417578927807805
-0.25150262211764945
-0.1753243081701433
-0.0969549477207729
-0.017473264081344007
0.06219890033474301
0.14117666722213332
0.21846507995435632
0.29285452126127304
0.36290414610818844
0.4270366348114105
0.48373378432823105
0.5317589335494041
0.570296968891681
0.598976152360649
0.6177328939065627
0.6266560889088459
0.6258254037912362
0.6152286908003495
0.5947808731927937
0.5644072527606869
0.5242118012734033
0.47463513650407807
0.41656921758175547
0.3513139205201254
0.2804126812181334
0.20543221466455572
0.1277765695428052
0.048612166616232536
-0.031090314691352594
-0.11044939249259464
-0.18852847070889708
-0.26421044276034056
-0.33613613711479046
-0.4027680295310845
-0.46253428611230674
-0.5140656793878201
-0.5563748746461571
-0.5889224685644358
-0.6115460488625432
-0.6242958133443707
-0.6272653612323021
-0.6204888119547651
-0.6038982324416201
-0.5774005716081911
-0.5410079028573257
-0.4950112262581226
-0.44012548067183366
-0.3775015036940027
-0.30861364672068875
-0.23504557415001412
-0.1582816679380023
-0.0795823195181959
0.000015126571333347813
0.07961355577071902
0.15831308220755352
0.2350758386053172
0.30864446662993167
0.3775318359495599
0.4401556504997763
0.4950424655739186
0.5410380298139688
0.5774316811317435
0.6039294777891291
0.6205191901573821
0.6272969593182686
0.6243250393981278
0.6115773056764898
0.5889536963954212
0.5564059293157723
0.5140979696619961
0.46256657444731314
0.4027996637800097
0.336168013290748
0.26424095058472113
0.18856129438960156
0.11048188374830256
0.03112270770526894
-0.048579184828169884
-0.12774350048505964
-0.20539967661258623
-0.2803799067063886
-0.3512810661931124
-0.4165365446474062
-0.4746009512017883
-0.5241774188799055
-0.5643740950304933
-0.5947471492074211
-0.6151944056169637
-0.6257902902307769
-0.6266206363517353
-0.6176985254173075
-0.5989409945227218
-0.5702619465771153
-0.5317224962764132
-0.4836984259071743
-0.4270002876248112
-0.36286709059158045
-0.29281797643884994
-0.21842850585017276
-0.14113958733745346
-0.06215996611033846
0.0175117177516845
0.09699259607014175
0.17536309066708464
0.2515417144817259
0.3242154362393593
0.3918639985264234
0.45290745944553695
0.5059266727036338
0.549859844958633
0.5840947650388556
0.6084112890488771
0.622838765048682
0.627473373408185
0.6223627036726307
0.6074553084727219
0.5826534982765811
0.5479381542492229
0.5035435970966928
0.4501049027003967
0.3887031955236762
0.32077280764637384
0.2478946879587496
0.17157950218007184
0.09313224472475529
0.013620669403022489
-0.06603954920503391
-0.14495973601520296
-0.22213740943383273
-0.29635053470318745
-0.36614921852391064
-0.4299538213001851
-0.4862535027100797
-0.5338307442726772
-0.5718956436056275
-0.60008829159795
-0.6183641677230878
-0.626810647943967
-0.62550407243835
-0.6144309234230875
-0.5934998486773985
-0.5626438879180211
-0.5219753028572786
-0.4719619419960816
-0.41351298112750073
-0.34794525473634924
-0.2768101857040681
-0.20166862243537334
-0.12391359980913988
-0.04470338477438489
0.03500262871999307
0.11432239159949291
0.19231165024501146
0.2678422086296122
0.33954751062772454
0.405879816118567
0.465273664815436
0.516374356170853
0.5582155095641059
0.5902801136592574
0.6124194706886411
0.624688415431638
0.6271838164698074
0.6199297079740301
0.6028582482232072
0.5758762606144167
0.5390041143467464
0.4925544685969491
0.4372603357261941
0.3742945147894553
0.30514165139934285
0.23138468946703422
0.15449898205570023
0.07573317548626866
-0.0038852513114181987
-0.08346160320399174
-0.1620923318966835
-0.23873137677642273
-0.31210700011720305
-0.3807259828753021
-0.4430052856318229
-0.4974815435986898
-0.5430219837575202
-0.5789375231050828
-0.6049500108999171
-0.6210594942761899
-0.6273597291106557
-0.6239144080503511
-0.6106871226770129
-0.5875792696804314
-0.5545494236774101
-0.5117752308406945
-0.4598160870532629
-0.3996797210753264
-0.3327534784298961
-0.2606088834786633
-0.18478202350788853
-0.10661728764050017
-0.027220030594288538
0.05247660354973294
0.1315899524161083
0.20914423193167084
0.28396030458964827
0.3546227905364649
0.4195628880264973
0.47724046789803687
0.5263751384453572
0.5660998701390803
0.5959882735318586
0.6159527970284455
0.6260696716047472
0.6264259744389682
0.6170257468102095
0.5977847998453472
0.5686230156853099
0.5296085414234294
0.4811383353285027
0.4240460923320246
0.3595870617450266
0.2892896216007758
0.21472661992192754
0.13732980323608332
0.05829518392964977
-0.021388417076525907
-0.10083750566502424
-0.17912788869450177
-0.25516862991617806
-0.32763369953000643
-0.39499583692751594
-0.4556786201072672
-0.5082762243097217
-0.5517468899014225
-0.5854997915854615
-0.6093332226280727
-0.6232803600872768
-0.6274397607236518
-0.6218532216183221
-0.6064649640717588
-0.5811786011459942
-0.5459826884715528
-0.5011293823753967
-0.44727400871830364
-0.38551823392254975
-0.3173100164134518
-0.244230606316785
-0.16778300904739094
-0.08926039164289565
-0.009721891475014578
0.06992336609923672
0.14878341229040373
0.22584626805425823
0.29987950581444717
0.3694223967790159
0.4328942192164236
0.4887942048502013
0.5359218142239695
0.5735093524622035
0.6012190361668164
0.619012284206231
0.626981177241223
0.6251991144570176
0.6136480644287349
0.592233761154648
0.5608935278016989
0.5197558131008188
0.4693055027762037
0.41047630054446316
0.3446000806891743
0.2732337600797263
0.19793380640026567
0.1200826519291983
0.0408268434294959
-0.038880236199948626
-0.11815821859112999
-0.19605586545504095
-0.27143313780895956
-0.34291404450014856
-0.4089427275279518
-0.4679610694135
-0.5186289502693056
-0.5600015808049782
-0.5915829565636593
-0.6132393674451992
-0.6250302083617582
-0.627049828929808
-0.6193186509364625
-0.6017664213338884
-0.5742991829350671
-0.5369497142328723
-0.4900472837391865
-0.4343490072105544
-0.3710447628094744
-0.30163073723171363
-0.22768929652437622
-0.15068455450336107
-0.07185549856063016
0.007781595535456326
0.08733222790905916
0.1658925947215455
0.24240456975005442
0.3155830881178681
0.38392974931544366
0.4458605440403768
0.49992343249200843
0.5450071973905294
0.5804425465269146
0.605970719311762
0.6215991564185617
0.6274237069890296
0.6235020182024099
0.6097951170242689
0.5862039150028352
0.5526919174708251
0.5094531504709049
0.4570682098456394
0.3965662879905576
0.32934845256578843
0.25698885454896775
0.18101877476212097
0.10276922889423154
0.023337417667751638
-0.05635078599282495
-0.1354125937778856
-0.21286286044176933
-0.2875108685208669
-0.3579311412787471
-0.4225506868426601
-0.47983965441333043
-0.5285309510144242
-0.567782847228638
-0.5971882753009734
-0.6166691428920321
-0.6263084366340815
-0.6261896286798083
-0.6163112885517426
-0.5965886981004307
-0.5669412486655158
-0.5274537139583451
-0.4785393873335069
-0.4210561731036881
-0.3562762599448312
-0.2857343391601008
-0.2110019356411975
-0.13349866763022739
-0.05441108247633141
0.025281017854977227
0.10469610701170416
0.18290378521260658
0.25880228425800667
0.3310551460587485
0.3981275341868131
0.45844659373512014
0.5106193676769031
0.5536259546519933
0.5868970913420108
0.6102463366941252
0.6237136044281056
0.6273977651795767
0.621334533692415
0.6054668228779146
0.5796952965621759
0.544019842584106
0.4987077127962562
0.4444374608746858
0.382332555904682
0.3138490802652995
0.24057155768655986
0.16399538671586456
0.08539978513816844
0.00583638099886727
-0.07379161281141354
-0.15258968045679683
-0.2295353728558743
-0.3033851432166434
-0.37266851837194626
-0.4358041132498667
-0.49130078914334047
-0.5379769241917509
-0.5750874763681448
-0.6023130937110416
-0.6196246986215702
-0.6271168468342099
-0.6248598686448499
-0.6128296720866674
-0.590932302690194
-0.5591090373115345
-0.517501270239299
-0.46661726732919245
-0.40741065021261336
-0.3412296706185748
-0.2696359808220783
-0.1941815124955134
-0.11623787834050354
-0.03693836182673843
0.04276762011809206
0.12200184693716015
0.19980488870812377
0.27502609031495523
0.3462774758390493
0.4119995826950716
0.4706392375590872
0.520871143394173
0.5617741201700033
0.5928727893290229
0.6140452547755313
0.6253572771161076
0.626902118530799
0.6186943651992791
0.6006598555172175
0.5727080498314931
0.5348818026491873
0.48752932373661284
0.431429130430922
0.3677906959097251
0.298119811501645
0.22399575541690064
0.1468757787884393
0.06798423275443234
-0.011668510701646574
-0.09119330141713544
-0.16967892951658176
-0.2460602701561927
-0.31903978708284414
-0.3871095432445317
-0.44868860715432574
-0.5023358351605661
-0.5469598703886968
-0.5819152380939967
-0.6069596214946913
-0.622106763405357
-0.6274560840708812
-0.6230593886710311
-0.6088717138028195
-0.5847964260019682
-0.5508026016232035
-0.5071009285812993
-0.454292219583217
-0.3934280526009614
-0.32592252890660367
-0.2533528912237897
-0.17724226112538008
-0.09891172678540185
-0.019446631539426638
0.06023230279429489
0.13923876807149888
0.21658223126418977
0.29105892636253755
0.36123381949511013
0.4255298131438187
0.48242512624213446
0.5306725261319786
0.5694495875150896
0.5983702149542742
0.6173691893784488
0.6265306011543011
0.6259367711047928
0.6155810631351928
0.5953752281892454
0.5652439260421187
0.525283230900848
0.47592812735286316
0.4180559562855203
0.3529584855278542
0.2821762136851512
0.20727758353616663
0.12967162633987026
0.05053282943718664
-0.02916619383303784
-0.10854497173780253
-0.1866670521727784
-0.2624216000062978
-0.3344578078757688
-0.40123710954897057
-0.4611886693116939
-0.5129341320878386
-0.5554758309795579
-0.5882642019761606
-0.6111294158450725
-0.624117734150063
-0.6273257137440903
-0.6207864122071113
-0.6044374465481519
-0.5781815463706681
-0.5420269610976302
-0.4962584404178579
-0.4415771724163095
-0.37912478535587146
-0.3103711195190781
-0.23689933101420868
-0.16019637908649303
-0.081531455594031
-0.0019443760312436496
0.07766485288572256
0.15639690257289057
0.23322293611883602
0.30688527770698554
0.3759057402923151
0.4387016804661221
0.4937921702486661
0.5400154205565318
0.5766486960149
0.6033885523509929
0.6202189502092624
0.6272349468734595
0.6245019241352489
0.6119930380132365
0.5896117423374897
0.5573054344462542
0.5152305907145782
0.46391473622540563
0.4043342200018208
0.3378516560071419
0.2660352002262516
0.19042905747959007
0.11239455002002927
0.033054678061134414
-0.04664948314211567
-0.12583669665741676
-0.20354260648401085
-0.2786037961653777
-0.349622627803224
-0.41503483266469127
-0.47329162442809714
-0.5230868376514813
-0.563519474347358
-0.5941342934048099
-0.6148230314945372
-0.6256568453406038
-0.6267262440219475
-0.6180417268211257
-0.5995247826641661
-0.5710888169880018
-0.53278648941445
-0.48498593642232235
-0.42848636639977217
-0.3645175332327967
-0.29459251236347056
-0.22029108912820186
-0.1430577556191294
-0.06410752387070745
0.01555964597083803
0.09505502552848696
0.17346467565747198
0.24971218725239544
0.3224885574140256
0.3902785912206128
0.45150121725673004
0.5047307034556398
0.5488944031490585
0.5833693614344038
0.6079291002345484
0.6225963716606909
0.6274694650243321
0.6225964581865191
0.6079293837066316
0.5833696333057896
0.5488945485799888
0.5047311292861769
0.45150168390559636
0.39027861223641847
0.32248880316423706
0.24971243493884498
0.1734648889973537
0.09505549612409496
0.015559446765070515
-0.06410755409530632
-0.1430579686584549
-0.2202907098301928
-0.29459261681985766
-0.3645171201396953
-0.4284868090555969
-0.4849861176143084
-0.5327866676694344
-0.5710889212656226
-0.5995254032922053
-0.6180417017031835
-0.6267258707077035
-0.6256567173899155
-0.6148232091452059
-0.5941342008572467
-0.5635193569661905
-0.5230871586331498
-0.47329192627198124
-0.4150344432385726
-0.3496223614828258
-0.27860429249787555
-0.20354221224852187
-0.12583616309858023
-0.04664916990517753
0.033054848645289146
0.11239499702135751
0.1904290970253101
0.2660349733126895
0.33785201873589316
0.404333812087605
0.46391435393074965
0.5152307787977193
0.5573054195846052
0.589611715188183
0.6119927389439934
0.624501834128912
0.6272350550541227
0.6202192807044699
0.603388563180859
0.576648760229637
0.5400153238623746
0.49379216175229707
0.43870167443284214
0.3759060018328663
0.3068855523660976
0.23322284709298524
0.15639753555104804
0.07766494734354243
-0.0019440951364055863
-0.08153115183852341
-0.16019670825654336
-0.23689940959789194
-0.31037104684510197
-0.3791248748714075
-0.44157682717934316
-0.4962586739173931
-0.5420271722537932
-0.5781816169795392
-0.6044371699712058
-0.6207863762968382
-0.6273257180054644
-0.6241174933510921
-0.61112976214982
-0.5882643649645748
-0.5554749497495006
-0.51293408784473
-0.46118837160266
-0.40123712682874224
-0.33445736168568546
-0.2624210786748774
-0.1866669822126737
-0.1085446959647315
-0.029166548947041192
0.05053288492246627
0.12967150639393732
0.2072775289232374
0.282176224993914
0.3529581583656228
0.41805632729067815
0.47592806181789266
0.5252834475380814
0.5652439846059932
0.5953758290961891
0.615580565058019
0.6259372866005068
0.6265307873668401
0.6173692408463596
0.598370025668757
0.5694494179499526
0.5306723427804071
0.48242478765574504
0.4255296407610205
0.3612333038957026
0.2910592987617748
0.21658193702361014
0.13923898225866171
0.060232207888931154
-0.019446540124884764
-0.0989115119246637
-0.17724261332183533
-0.2533527007993751
-0.3259225344449336
-0.39342800400058997
-0.45429183757964703
-0.507100774249213
-0.5508025720082607
-0.5847962277311544
-0.6088720167223082
-0.6230589435341208
-0.6274557630374525
-0.6221073984404265
-0.6069596856917454
-0.5819154133957689
-0.5469599625523249
-0.5023358681285184
-0.4486884140957157
-0.38710951835476093
-0.31903974016428877
-0.24606024630859044
-0.16967850929182382
-0.09119310661003119
-0.011668008514877632
0.06798477672847852
0.14687591982444126
0.2239962150231466
0.29811957148920526
0.3677908088515601
0.4314290272531806
0.4875290822029532
0.534882103363241
0.5727079074659527
0.6006598269356275
0.6186945536359295
0.626901937972184
0.6253573919387907
0.6140451112351665
0.5928732297444815
0.5617747138055035
0.5208716402344233
0.47063897180482017
0.41199925263689985
0.34627771737268587
0.27502617299789744
0.19980485479896845
0.12200138548079949
0.04276793131424649
-0.036938855685901766
-0.11623776803357218
-0.19418148790778753
-0.2696361475036327
-0.3412296911577174
-0.4074107893207424
-0.46661756913778746
-0.5175020294338447
-0.5591086616386096
-0.5909320418085647
-0.6128296398121792
-0.6248596561051
-0.6271165329754701
-0.6196244032768766
-0.6023128085012925
-0.5750876245985813
-0.5379769415947312
-0.4913005655378124
-0.43580371297349363
-0.3726690248698885
-0.3033849073974977
-0.2295356518930766
-0.15258983857061856
-0.07379174199575197
0.005836322345304096
0.08539995777940261
0.16399550563312504
0.24057181124673785
0.3138489070164281
0.3823324623107024
0.44443810681952967
0.49870780925037156
0.5440196128055576
0.5796947915136312
0.605465978558406
0.6213344676558082
0.6273972731983847
0.6237134710813251
0.6102463491784552
0.5868970621895577
0.5536259410869816
0.5106191858414347
0.4584463995649032
0.3981276273016243
0.3310547910086695
0.2588025767820049
0.18290361323473625
0.10469601005738402
0.025281316740605336
-0.05441146158663589
-0.1334994497123111
-0.21100193793589117
-0.28573475401355936
-0.3562762562529843
-0.4210560371161431
-0.47853934308526647
-0.5274535472776277
-0.5669417949935092
-0.5965888630576344
-0.6163116385282461
-0.6261894665167366
-0.6263079566649977
-0.6166694879317952
-0.5971872714697066
-0.5677823742149841
-0.5285317588241097
-0.47983909214207005
-0.42255129078809234
-0.35793122378814884
-0.287511094329374
-0.21286299833008465
-0.1354125016580992
-0.056351351441003276
0.02333779473356118
0.10276932068705107
0.18101816591561204
0.25698913235033694
0.3293481653424749
0.3965664077256659
0.45706760370283767
0.5094529955222378
0.5526914592667429
0.5862038813043733
0.6097952637418286
0.6235027110396026
0.6274234831247315
0.6215993531765324
0.6059711461277796
0.5804421498942829
0.5450067557028695
0.4999234052428634
0.4458605140024683
0.3839300985087866
0.3155832111966364
0.24240419881673056
0.1658924392427858
0.08733341945872486
0.007781354285220205
-0.07185548889102673
-0.1506848070971532
-0.22768894005264417
-0.30163107109230924
-0.371045067244073
-0.4343488880162269
-0.4900477197435779
-0.5369490420374242
-0.5742985409550676
-0.6017660114117792
-0.6193190976556816
-0.627049396760858
-0.6250297039360273
-0.6132390322497814
-0.5915831934048656
-0.5600010958728591
-0.5186283144280874
-0.4679612301866284
-0.4089426079867304
-0.34291341148635135
-0.27143330757704026
-0.19605565143406337
-0.11815740237644334
-0.03887999295193525
0.040827217508248276
0.12008281758884144
0.19793360374316138
0.2732337566559656
0.34459941440408925
0.4104759708989555
0.46930530553974914
0.5197553780145128
0.5608940470808548
0.5922341741829839
0.6136476385318737
0.6251992127962945
0.6269812156586395
0.6190125950175783
0.6012189645223305
0.5735095214442888
0.5359210077912161
0.48879359029462494
0.4328939918854386
0.36942242769002887
0.29987983235339905
0.22584671886126706
0.14878372544752058
0.06992335170986153
-0.009721997247855975
-0.08926059172402369
-0.16778260505759598
-0.24423063912960255
-0.3173093160954845
-0.38551838950837336
-0.4472735336618421
-0.5011293478822206
-0.5459837004108172
-0.5811788935803743
-0.6064653771216277
-0.621852730289562
-0.6274400808570932
-0.6232803558250392
-0.6093330717765844
-0.5854996951395205
-0.551746919164839
-0.5082758557655371
-0.4556798206543392
-0.39499577972884803
-0.3276329290402511
-0.2551684895071355
-0.179127383748058
-0.10083739885328347
-0.021388436407438663
0.05829494995530266
0.13733000945532411
0.21472708897455434
0.2892893412049266
0.35958738576748045
0.4240457153345585
0.4811380252729512
0.529608712308916
0.5686225357891205
0.5977851060754091
0.6170253581967912
0.6264256578977584
0.6260702979138485
0.6159529174804421
0.5959885875786467
0.5660998816086451
0.5263750164474061
0.47723986495071374
0.41956199410967293
0.35462290286116593
0.2839605629855338
0.20914474970813246
0.13159028094981595
0.05247623159185858
-0.027219890258837254
-0.10661696454360078
-0.1847815462830673
-0.260609308792209
-0.3327538896231232
-0.39968022614647436
-0.45981639797519547
-0.5117752640096707
-0.5545491396510345
-0.5875796971197871
-0.6106858990613563
-0.6239140215268884
-0.627360151418293
-0.6210592668043817
-0.6049503208959489
-0.5789366163934281
-0.5430218847964152
-0.49748151206110397
-0.4430046616577326
-0.3807256699305387
-0.31210693587398375
-0.23873148519438836
-0.16209183225260654
-0.08346180466412069
-0.00388545669769018
0.07573406216578404
0.15449890995402563
0.23138540865196253
0.3051412028312718
0.3742943615384134
0.43725974039434007
0.4925542517656957
0.5390042484601921
0.5758768533392135
0.6028584943534856
0.6199296949800227
0.6271841431762211
0.6246884266356018
0.6124200132246853
0.590279961887366
0.5582152331856219
0.5163742283066616
0.46527363592342874
0.4058801089338721
0.3395483374909415
0.26784239063982085
0.19231185910004867
0.1143222171251935
0.035002641657660996
-0.04470297865645935
-0.12391387967062455
-0.2016676882554808
-0.2768105472882256
-0.34794593075962366
-0.4135129738117752
-0.47196205846745426
-0.5219751433979287
-0.5626433399358913
-0.5935006163663414
-0.6144307777894303
-0.6255030261070662
-0.6268105634706084
-0.6183644779002248
-0.6000893057074516
-0.5718950869421671
-0.5338311077728608
-0.48625398885511595
-0.4299541151401082
-0.36614907476349184
-0.29635096853348625
-0.22213710533092815
-0.14496008078197667
-0.06603925089185524
0.013620954013414191
0.0931317912910808
0.17157926195629855
0.2478947558185741
0.32077341305412566
0.3887031223187006
0.4501049770193956
0.5035430860216656
0.5479382190901705
0.5826533026610695
0.6074555795706271
0.6223621341443817
0.6274736741178452
0.622838533458368
0.6084123925210204
0.5840942974173079
0.5498597624837512
0.5059268344666499
0.4529064606017383
0.3918644743913948
0.32421546038109755
0.25154243896897205
0.17536352558950358
0.09699327597829123
0.017512265025007547
-0.06216156582731524
-0.14114064726320366
-0.21842813262372834
-0.2928176054392002
-0.36286882508698737
-0.42700076816319155
-0.48369876918009386
-0.5317226661004135
-0.5702621390162034
-0.5989410009730453
-0.6176984169762381
-0.6266214555287607
-0.6257897420235468
-0.615195074123209
-0.5947473823914748
-0.5643745282752912
-0.5241762881218555
-0.4746013950004147
-0.4165363306285648
-0.3512802972444437
-0.28038014969674174
-0.20539919094493617
-0.12774340427285683
-0.048580056985484496
0.031121972978049257
0.1104819659565625
0.18856050083805892
0.2642416116745626
0.3361688187183895
0.40279968510417946
0.46256652901696516
0.5140979076655131
0.5564056238701793
0.5889537684704848
0.6115772159158376
0.6243263144110771
0.627296995124107
0.6205183860442722
0.6039300969764408
0.5774317231941917
0.5410382860302063
0.4950427840094654
0.440155775739571
0.3775314685069307
0.3086443511664554
0.235077088335371
0.15831258515143262
0.07961460720043805
0.000015759019112451306
-0.07958230086319079
-0.1582817094601816
-0.23504611687470134
-0.308613048838349
-0.37750174873615683
-0.44012482568913985
-0.4950110429531975
-0.5410077514008008
-0.57740034057942
-0.603899899114267
-0.620489217717711
-0.6272648708075267
-0.6242952239874139
-0.6115465984284298
-0.5889224224178504
-0.5563745605959622
-0.5140670406913576
-0.4625345534444653
-0.40276801733161216
-0.33613676722740465
-0.2642090366316149
-0.18852910015931895
-0.11044925918810841
-0.031089967423973946
0.048612558201720855
0.1277760168501051
0.20543256504474816
0.2804131996907961
0.3513145905022229
0.4165696634102004
0.4746353063325024
0.5242109879845018
0.5644082304787571
0.5947811860069164
0.61522827679268
0.6258242550347096
0.6266557954009271
0.617732271083297
0.5989745687408631
0.5702970867615942
0.5317579194448322
0.48373451744614254
0.4270372284052076
0.362904497486528
0.2928538041492895
0.2184643349998936
0.14117630467120143
0.0621981380699567
-0.017474063948025035
-0.09695445267268217
-0.1753246970496661
-0.25150402978985126
-0.3241766990431627
-0.3918244530895458
-0.45286836450680046
-0.5058877394469566
-0.5498192013382797
-0.5840536700820343
-0.6083700301370748
-0.6227970874958545
-0.6274326296934957
-0.6223211815828469
-0.6074129590439924
-0.5826104530983994
-0.5478933264678131
-0.5034995849684935
-0.45006056468101985
-0.3886582717251414
-0.32072697083986035
-0.24784773164228874
-0.17153237217488088
-0.09308465836658106
-0.013572855226904506
0.06608752442036671
0.14500946970188036
0.22218679529108723
0.2964003496427609
0.3661991292186841
0.43000463464124405
0.48630485840130755
0.5338820697625279
0.5719482036594922
0.6001422381187103
0.6184187977652518
0.6268657148312909
0.625560418621818
0.6144869415195859
0.5935570590173278
0.5627033879912924
0.5220334023318253
0.47202036640716166
0.4135728550311521
0.34800707313507373
0.27687230241217164
0.20173226685238616
0.12397823501228382
0.044768383823335256
-0.03493669843213967
-0.11425486440469912
-0.19224357937946468
-0.26777309469709526
-0.33947778867378087
-0.40580890452674556
-0.46520181738207406
-0.5163013723340509
-0.5581409814941629
-0.5902056033304353
-0.6123441961897909
-0.6246109776575691
-0.6271060015822909
-0.6198500324726115
-0.6027772106170297
-0.5757934855124814
-0.5389194702009608
-0.49246834087044117
-0.43717260607312514
-0.3742052507721016
-0.3050521141170038
-0.23129359137409844
-0.15440487788796697
-0.07563823050399347
0.003982683979808347
0.08355977508267867
0.16219161511040012
0.23883355235852588
0.31220970097498596
0.3808318282203044
0.44311173205844184
0.4975901952277334
0.5431326898522683
0.5790491604844293
0.6050653206667492
0.6211760405069674
0.6274788926770947
0.6240349170347785
0.6108104902293917
0.5877046044187123
0.5546775175562896
0.5119060122967041
0.4599496878100571
0.3998160902237241
0.33289331855785964
0.2607506596071529
0.18492723332446795
0.10676495528189177
0.02737124472578965
-0.0523218468683063
-0.13143195186205678
-0.20898399738429133
-0.28379711190373624
-0.35445696090607715
-0.4193922479802782
-0.477066699000228
-0.5261986447133834
-0.5659201910347336
-0.595805323039068
-0.6157655973656213
-0.6258790941779787
-0.6262314723223105
-0.6168265652827493
-0.5975809761446879
-0.5684136850062443
-0.5293952303429744
-0.48091945455006296
-0.4238229767009091
-0.35935800876556495
-0.2890536550911712
-0.21448585495344624
-0.13708370460265765
-0.05804323611017737
0.021647306389005302
0.10110176809874537
0.1793984345899868
0.2554447654176869
0.32791688914196926
0.39528478358455793
0.45597470554194786
0.5085791125679351
0.5520551496314151
0.5858166999605564
0.6096567078549148
0.6236120205872725
0.6277804137938986
0.6222012854400063
0.6068238389777092
0.581545989179593
0.5463603968857923
0.5015175153480248
0.44767104005947184
0.3859277043055604
0.31773073563962023
0.24466221038925293
0.16822800086927855
0.0897172478768931
0.010190136143149783
-0.06944195749092433
-0.14828794313177973
-0.2253383235584603
-0.2993590076439585
-0.3688874055510541
-0.4323450048821344
-0.48822986229685417
-0.5353433238400612
-0.5729137601522201
-0.6006063140289036
-0.6183832382358809
-0.62633501153769
-0.6245329671907639
-0.6129635387794959
-0.5915258954993851
-0.5601658081995027
-0.51900420002183
-0.46852850333072676
-0.4096742188351209
-0.34377204616100115
-0.272377890875617
-0.1970514312594711
-0.11917142716094199
-0.03988598545004855
0.03985193114888629
0.11916054873276657
0.1970894642134993
0.2724998722151305
0.3440150933634609
0.41007991936102445
0.4691329438406767
0.5198372936307589
0.5612487199397719
0.5928725319883547
0.6145704048436044
0.6264061418554698
0.6284729026660115
0.6207927261942371
0.6032922551411457
0.5758819007739687
0.5385909332430258
0.4917502381809846
0.43611651660580847
0.37288048316941047
0.30353755367213375
0.22966976371925868
0.1527413871553515
0.07399280374238615
-0.0055620364163565346
-0.08502972091097606
-0.16349904278529495
-0.23992139082157907
-0.3130051394793408
-0.38125294783274094
-0.4430813818946144
-0.4970390155441542
-0.5420095985363268
-0.577327058852474
-0.6027321008244138
-0.6182292958842067
-0.6239153789256323
-0.6198469746024794
-0.605983826419941
-0.5822283036509462
-0.5485419649045745
-0.5051185669199383
-0.45253666789080904
-0.39182762461722204
-0.32439180647454835
-0.25180383714157595
-0.17559540892907385
-0.09709627421086883
-0.01740217848836767
0.06256031172303685
0.14190608061550464
0.21965314947607587
0.29461270383305854
0.3653584135579289
0.43031888998014756
0.4879629538666539
0.5370306463000534
0.5766775690294579
0.6065014058052204
0.6264245859547054
0.6365343477926635
0.6369146741776509
0.6275659207623667
0.608404867984701
0.579354699775529
0.5404994276270735
0.4922569117918361
0.4354822953327546
0.37144893019449793
0.30169011023965014
0.22777771418578727
0.151129302309318
0.07292948354625078
-0.005842807119239867
-0.08430419341896497
-0.16153527476808838
-0.23643030525252115
-0.30765891542727497
-0.3736857456026816
-0.43294532857774254
-0.4840474108155644
-0.5259786910752505
-0.5581787758723117
-0.5804678985874285
-0.5929068575053762
-0.5956136261747667
-0.5886644883707667
-0.5720555767654805
-0.5457604098032335
-0.5099035204039796
-0.46492816033281936
-0.41175320015032035
-0.3518173233637418
-0.2869611908881275
-0.2192252932303
-0.15061532780094436
-0.08296238775821753
-0.017833906981022406
0.04348599009784235
0.10005548723532469
0.15133038587559605
0.19722072667664411
0.23806250625457706
0.2744802734014589
0.30713359232753057
0.33645281580892694
0.36242216356168955
0.38447183123521184
0.4015495423398111
0.4123036470251831
0.41538067269600754
0.4097161854424285
0.3947554991866991
0.3705930744904065
0.3379983459926731
0.29836250631143
0.2535263438412218
0.20559945129133464
0.15675560349151302
0.10907570500947412
0.06443026925581938
0.024369563801536008
-0.009979688599203106
-0.03800750252498092
-0.05966780280525993
-0.07539616409009411
-0.08597441924149331
-0.09233796269629418
-0.09542002618578796
-0.09605547230188456
-0.09493176451871066
-0.09258853875398267
-0.0894385458608334
-0.08578208851016621
-0.081839657316913
-0.07776581535314604
-0.07367334508729505
-0.0696386469755067
-0.06571284245955739
-0.0619280880573821
-0.058306515764553625
-0.05486228407082152
-0.0515948038276855
-0.04851027548621118
-0.045602227358795745
-0.04286772706599936
-0.0402985463938397
-0.03788984511895288
-0.035631578987334996
-0.03351824055947392
-0.03153599155705002
-0.02968490900372021
-0.027949813288465717
-0.02632826687240174
-0.02481015069959961
-0.023389373865416677
-0.022059970832412953
-0.020816997018398915
-0.019649814895110182
-0.018561092018119
-0.01753814082798659
-0.016581533380030083
-0.01568313202608853
-0.014842420925436625
-0.014051570824043434
-0.013310709093369054
-0.01261481808574668
-0.011961007129623575
-0.011345584748130251
-0.01076898751333489
-0.010226339626067327
-0.009715070394923952
-0.009230812407928642
-0.008778884124074704
-0.008351711040733345
-0.00794855388998394
-0.007569563216699603
-0.0072109099759829366
-0.00687074521635446
-0.006550136823317417
-0.006248667852701586
-0.005962661268534507
-0.005692295494104529
-0.005435058903520529
-0.005193475862836782
-0.004965123115995645
-0.004747502545705077
-0.004540812018665807
-0.00434648930230366
-0.004160026924520454
-0.003985318878683527
-0.003818733915296712
-0.00365958869539664
-0.003507744307225895
-0.0033647387268291315
-0.003227909500119307
-0.0030985321912292015
-0.0029761030440435448
-0.00285763275932927
-0.002745612977175776
-0.0026393050750257866
-0.002537257354199609
-0.002440232814885896
-0.0023472745753122504
-0.002257764444978752
-0.002174606096075712
-0.002094545783757401
-0.002016968990156515
-0.0019440191091122368
-0.0018736986006187605
-0.0018065094314107088
-0.0017425765711478198
-0.001680276273217628
-0.001621174777834168
-0.0015640798471998044
-0.001511451794795972
-0.0014584950793664066
-0.0014083398153246134
-0.001362526958400416
-0.0013157334644067003
-0.0012738247224046598
-0.0012316503676555468
-0.0011889601024619393
-0.0011535051769652927
-0.0011134240095843984
-0.0010787451750655299
-0.0010436666978262269
-0.0010104462900315848
-0.00097996370340797
-0.0009477780205743855
-0.0009195066703024994
-0.0008905820353065018
-0.000863348331980065
-0.0008386917613793095
-0.0008120357919045072
-0.0007890367664849
-0.0007650201435822747
-0.0007420883013387439
-0.0007204255201895399
-0.00070003936505925
-0.0006796525028065189
-0.0006589190789990654
-0.0006413607835065964
-0.0006233695018762516
-0.0006053646955036985
-0.0005880327050296183
-0.000572635688599642
-0.0005560048545937128
-0.0005410363675017373
-0.000527371878550748
-0.0005119365767181893
-0.0004981390384727949
-0.00048451200304939075
-0.00047098788351515516
-0.00046086819567727616
-0.00044732497641737797
-0.0004359892352462392
-0.0004235185109500853
-0.00041440926112687736
-0.0004021164521167193
-0.0003918115870161188
-0.000381394043072953
-0.0003736669581837243
-0.0003640349042575009
-0.0003541066035345985
-0.0003456069692925779
-0.000337762593758577
-0.00032899353838905147
-0.00032068833559188465
-0.000314741605617728
-0.00030749716564905475
-0.0002994584208482237
-0.0002928838251972915
-0.00028454983187263744
-0.0002758160473165213
-0.00027188697813635175
-0.00026588682061980806
-0.0002598627383088569
-0.000251048190151898
-0.0002460904030477069
