0
0
0
0
0
0
0
0
0
0
0
0
0
0
0
0
0
0
0
0
0
0
0
0
0
0
0
0
0
0
0
0
0
0
0
0
0
0
0
0
0
0
0
0
0
0
0
0
0
0
0
0
0
0
0
0
0
0
0
0
0
0
0
0
-0.000182598633963119
-0.000701361450442704
-0.00151429439191029
-0.00258144658978821
-0.00386487173299443
-0.00532858943648731
-0.00693854660981055
-0.00866257882563788
-0.010470371688318
-0.0123334222024192
-0.0142250001412746
-0.0161201094155266
-0.0179954494416715
-0.0198293765106052
-0.0216018651561671
-0.0232944695236853
-0.0248902847385216
-0.0263739082746158
-0.0277314013230313
-0.0289502501604992
-0.0300193275179634
-0.0309288539491256
-0.0316703591989898
-0.0322366435724074
-0.0326217393026219
-0.0328208719198136
-0.0328304216196447
-0.0326478846318039
-0.0322718345885515
-0.0317018838932636
-0.0309386450889778
-0.0299836922269374
-0.0288395222351364
-0.0275095162868644
-0.0259979011692512
-0.0243097106518119
-0.0224507468549916
-0.0204275416187103
-0.0182473178709074
-0.015917950996087
-0.0134479302038625
-0.0108463198975013
-0.00812272104246981
-0.0052872325349783
-0.00235041257052545
0.000676759987556411
0.00378292423955678
0.00695637588084243
0.0101851058333115
0.0134568388768502
0.0167590722807865
0.0200791144353464
0.023404123483109
0.0267211459504607
0.0300171553790514
0.0332790909572489
0.0364938961515957
0.0396485573382616
0.042730142434501
0.045725839530107
0.0486229955188675
0.0514091547300184
0.0540720975597026
0.0565998791024201
0.0589808677824877
0.0612037839854902
0.0632577386897406
0.0651322720977301
0.0668173922675861
0.0683036137445273
0.0695819961923164
0.0706441830247211
0.0714824400369608
0.0720896940371703
0.0724595714778483
0.0725864370873168
0.0724654325011747
0.072092514893752
0.0714644956095684
0.0705790787947838
0.0694349000286565
0.0680315649549983
0.0663696879136266
0.0644509305718286
0.0622780405558017
0.0598548900821208
0.0571865145891903
0.054279151368698
0.0511402781970693
0.0477786519669245
0.0442043473185363
0.0404287952712776
0.0364648218550854
0.0323266867419054
0.0280301218771619
0.0235923701111984
0.0190322238307385
0.0143700635903476
0.00962789674387432
0.00482939607592003
-6.1566887369279e-08
-0.0048361050060946
-0.00980907640263641
-0.0149978898085603
-0.0204137021312289
-0.0260265225155879
-0.0317937436454536
-0.037675810197922
-0.0436408913106376
-0.0496637703216857
-0.0557222822982006
-0.0617925804201711
-0.0678433072605956
-0.0738282103693049
-0.0796768293289864
-0.0852841288757292
-0.0905035673218319
-0.0951545206885419
-0.0990583319269909
-0.102101335175967
-0.104286965524665
-0.105731970714651
-0.106612197415868
-0.107102677818241
-0.107340601904364
-0.107410484541132
-0.107340604594749
-0.107102683199949
-0.106612205491735
-0.105731981488101
-0.104286978999198
-0.102101351356031
-0.0990583508148034
-0.0951545422826331
-0.0905035916207745
-0.0852841558770017
-0.0796768590294481
-0.0738282427685823
-0.0678433423574377
-0.0617926182155769
-0.055722322791996
-0.049663813516057
-0.0436409372063251
-0.0376758587967173
-0.0317937949486867
-0.0260265765250083
-0.0204137588481665
-0.0149979492348119
-0.00980913854134825
-0.00483616986009745
-1.29142731807095e-07
0.00483591156687931
0.00980888022585503
0.0149976908855172
0.0204135004551871
0.0260263180801739
0.0317935364435862
0.0376756002223988
0.0436406785542696
0.0496635547759391
0.0557220639552622
0.0617923592724078
0.067843083299376
0.0738279835873999
0.0796765997182456
0.0852838964304831
0.0905033320342451
0.0951542825526269
0.099058090936777
0.102101091321206
0.104286718795223
0.105731721098499
0.106611944899232
0.107102422387183
0.107340343548373
0.107410223248043
0.10734034035641
0.107102416005026
0.106611935333885
0.105731708358857
0.104286702891966
0.102101072262641
0.0990580687257084
0.095154257183757
0.0905033034980562
0.0852838647145744
0.0796765648124551
0.0738279454837508
0.0678430419905761
0.0617923147532693
0.055722016221763
0.0496635038231347
0.0436406243775485
0.0376755428160445
0.0317934757983795
0.0260262541847911
0.0204134332933952
0.0149976204325962
0.0098088064566242
0.00483583445533061
-6.1566887369279e-08
-0.0048361050060946
-0.00980907640263641
-0.0149978898085603
-0.0204137021312289
-0.0260265225155879
-0.0317937436454536
-0.037675810197922
-0.0436408913106376
-0.0496637703216857
-0.0557222822982006
-0.0617925804201711
-0.0678433072605956
-0.0738282103693049
-0.0796768293289864
-0.0852841288757292
-0.0905035673218319
-0.0951545206885419
-0.0990583319269909
-0.102101335175967
-0.104286965524665
-0.105731970714651
-0.106612197415868
-0.107102677818241
-0.107340601904364
-0.107410484541132
-0.107340604594749
-0.107102683199949
-0.106612205491735
-0.105731981488101
-0.104286978999198
-0.102101351356031
-0.0990583508148034
-0.0951545422826331
-0.0905035916207745
-0.0852841558770017
-0.0796768590294481
-0.0738282427685823
-0.0678433423574377
-0.0617926182155769
-0.055722322791996
-0.049663813516057
-0.0436409372063251
-0.0376758587967173
-0.0317937949486867
-0.0260265765250083
-0.0204137588481665
-0.0149979492348119
-0.00980913854134825
-0.00483616986009745
-1.29142731807095e-07
0.00483591156687931
0.00980888022585503
0.0149976908855172
0.0204135004551871
0.0260263180801739
0.0317935364435862
0.0376756002223988
0.0436406785542696
0.0496635547759391
0.0557220639552622
0.0617923592724078
0.067843083299376
0.0738279835873999
0.0796765997182456
0.0852838964304831
0.0905033320342451
0.0951542825526269
0.099058090936777
0.102101091321206
0.104286718795223
0.105731721098499
0.106611944899232
0.107102422387183
0.107340343548373
0.107410223248043
0.10734034035641
0.107102416005026
0.106611935333885
0.105731708358857
0.104286702891966
0.102101072262641
0.0990580687257084
0.095154257183757
0.0905033034980562
0.0852838647145744
0.0796765648124551
0.0738279454837508
0.0678430419905761
0.0617923147532693
0.055722016221763
0.0496635038231347
0.0436406243775485
0.0376755428160445
0.0317934757983795
0.0260262541847911
0.0204134332933952
0.0149976204325962
0.0098088064566242
0.00483583445533061
-6.1566887369279e-08
-0.0048361050060946
-0.00980907640263641
-0.0149978898085603
-0.0204137021312289
-0.0260265225155879
-0.0317937436454536
-0.037675810197922
-0.0436408913106376
-0.0496637703216857
-0.0557222822982006
-0.0617925804201711
-0.0678433072605956
-0.0738282103693049
-0.0796768293289864
-0.0852841288757292
-0.0905035673218319
-0.0951545206885419
-0.0990583319269909
-0.102101335175967
-0.104286965524665
-0.105731970714651
-0.106612197415868
-0.107102677818241
-0.107340601904364
-0.107410484541132
-0.107340604594749
-0.107102683199949
-0.106612205491735
-0.105731981488101
-0.104286978999198
-0.102101351356031
-0.0990583508148034
-0.0951545422826331
-0.0905035916207745
-0.0852841558770017
-0.0796768590294481
-0.0738282427685823
-0.0678433423574377
-0.0617926182155769
-0.055722322791996
-0.049663813516057
-0.0436409372063251
-0.0376758587967173
-0.0317937949486867
-0.0260265765250083
-0.0204137588481665
-0.0149979492348119
-0.00980913854134825
-0.00483616986009745
-1.29142731807095e-07
0.00483591156687931
0.00980888022585503
0.0149976908855172
0.0204135004551871
0.0260263180801739
0.0317935364435862
0.0376756002223988
0.0436406785542696
0.0496635547759391
0.0557220639552622
0.0617923592724078
0.067843083299376
0.0738279835873999
0.0796765997182456
0.0852838964304831
0.0905033320342451
0.0951542825526269
0.099058090936777
0.102101091321206
0.104286718795223
0.105731721098499
0.106611944899232
0.107102422387183
0.107340343548373
0.107410223248043
0.10734034035641
0.107102416005026
0.106611935333885
0.105731708358857
0.104286702891966
0.102101072262641
0.0990580687257084
0.095154257183757
0.0905033034980562
0.0852838647145744
0.0796765648124551
0.0738279454837508
0.0678430419905761
0.0617923147532693
0.055722016221763
0.0496635038231347
0.0436406243775485
0.0376755428160445
0.0317934757983795
0.0260262541847911
0.0204134332933952
0.0149976204325962
0.0098088064566242
0.00483583445533061
-6.1566887369279e-08
-0.0048361050060946
-0.00980907640263641
-0.0149978898085603
-0.0204137021312289
-0.0260265225155879
-0.0317937436454536
-0.037675810197922
-0.0436408913106376
-0.0496637703216857
-0.0557222822982006
-0.0617925804201711
-0.0678433072605956
-0.0738282103693049
-0.0796768293289864
-0.0852841288757292
-0.0905035673218319
-0.0951545206885419
-0.0990583319269909
-0.102101335175967
-0.104286965524665
-0.105731970714651
-0.106612197415868
-0.107102677818241
-0.107340601904364
-0.107410484541132
-0.107340604594749
-0.107102683199949
-0.106612205491735
-0.105731981488101
-0.104286978999198
-0.102101351356031
-0.0990583508148034
-0.0951545422826331
-0.0905035916207745
-0.0852841558770017
-0.0796768590294481
-0.0738282427685823
-0.0678433423574377
-0.0617926182155769
-0.055722322791996
-0.049663813516057
-0.0436409372063251
-0.0376758587967173
-0.0317937949486867
-0.0260265765250083
-0.0204137588481665
-0.0149979492348119
-0.00980913854134825
-0.00483616986009745
-1.29142731807095e-07
0.00483591156687931
0.00980888022585503
0.0149976908855172
0.0204135004551871
0.0260263180801739
0.0317935364435862
0.0376756002223988
0.0436406785542696
0.0496635547759391
0.0557220639552622
0.0617923592724078
0.067843083299376
0.0738279835873999
0.0796765997182456
0.0852838964304831
0.0905033320342451
0.0951542825526269
0.099058090936777
0.102101091321206
0.104286718795223
0.105731721098499
0.106611944899232
0.107102422387183
0.107340343548373
0.107410223248043
0.10734034035641
0.107102416005026
0.106611935333885
0.105731708358857
0.104286702891966
0.102101072262641
0.0990580687257084
0.095154257183757
0.0905033034980562
0.0852838647145744
0.0796765648124551
0.0738279454837508
0.0678430419905761
0.0617923147532693
0.055722016221763
0.0496635038231347
0.0436406243775485
0.0376755428160445
0.0317934757983795
0.0260262541847911
0.0204134332933952
0.0149976204325962
0.0098088064566242
0.00483583445533061
-6.1566887369279e-08
-0.0048361050060946
-0.00980907640263641
-0.0149978898085603
-0.0204137021312289
-0.0260265225155879
-0.0317937436454536
-0.037675810197922
-0.0436408913106376
-0.0496637703216857
-0.0557222822982006
-0.0617925804201711
-0.0678433072605956
-0.0738282103693049
-0.0796768293289864
-0.0852841288757292
-0.0905035673218319
-0.0951545206885419
-0.0990583319269909
-0.102101335175967
-0.104286965524665
-0.105731970714651
-0.106612197415868
-0.107102677818241
-0.107340601904364
-0.107410484541132
-0.107340604594749
-0.107102683199949
-0.106612205491735
-0.105731981488101
-0.104286978999198
-0.102101351356031
-0.0990583508148034
-0.0951545422826331
-0.0905035916207745
-0.0852841558770017
-0.0796768590294481
-0.0738282427685823
-0.0678433423574377
-0.0617926182155769
-0.055722322791996
-0.049663813516057
-0.0436409372063251
-0.0376758587967173
-0.0317937949486867
-0.0260265765250083
-0.0204137588481665
-0.0149979492348119
-0.00980913854134825
-0.00483616986009745
-1.29142731807095e-07
0.00483591156687931
0.00980888022585503
0.0149976908855172
0.0204135004551871
0.0260263180801739
0.0317935364435862
0.0376756002223988
0.0436406785542696
0.0496635547759391
0.0557220639552622
0.0617923592724078
0.067843083299376
0.0738279835873999
0.0796765997182456
0.0852838964304831
0.0905033320342451
0.0951542825526269
0.099058090936777
0.102101091321206
0.104286718795223
0.105731721098499
0.106611944899232
0.107102422387183
0.107340343548373
0.107410223248043
0.10734034035641
0.107102416005026
0.106611935333885
0.105731708358857
0.104286702891966
0.102101072262641
0.0990580687257084
0.095154257183757
0.0905033034980562
0.0852838647145744
0.0796765648124551
0.0738279454837508
0.0678430419905761
0.0617923147532693
0.055722016221763
0.0496635038231347
0.0436406243775485
0.0376755428160445
0.0317934757983795
0.0260262541847911
0.0204134332933952
0.0149976204325962
0.0098088064566242
0.00483583445533061
-6.1566887369279e-08
-0.0048361050060946
-0.00980907640263641
-0.0149978898085603
-0.0204137021312289
-0.0260265225155879
-0.0317937436454536
-0.037675810197922
-0.0436408913106376
-0.0496637703216857
-0.0557222822982006
-0.0617925804201711
-0.0678433072605956
-0.0738282103693049
-0.0796768293289864
-0.0852841288757292
-0.0905035673218319
-0.0951545206885419
-0.0990583319269909
-0.102101335175967
-0.104286965524665
-0.105731970714651
-0.106612197415868
-0.107102677818241
-0.107340601904364
-0.107410484541132
-0.107340604594749
-0.107102683199949
-0.106612205491735
-0.105731981488101
-0.104286978999198
-0.102101351356031
-0.0990583508148034
-0.0951545422826331
-0.0905035916207745
-0.0852841558770017
-0.0796768590294481
-0.0738282427685823
-0.0678433423574377
-0.0617926182155769
-0.055722322791996
-0.049663813516057
-0.0436409372063251
-0.0376758587967173
-0.0317937949486867
-0.0260265765250083
-0.0204137588481665
-0.0149979492348119
-0.00980913854134825
-0.00483616986009745
-1.29142731807095e-07
0.00483591156687931
0.00980888022585503
0.0149976908855172
0.0204135004551871
0.0260263180801739
0.0317935364435862
0.0376756002223988
0.0436406785542696
0.0496635547759391
0.0557220639552622
0.0617923592724078
0.067843083299376
0.0738279835873999
0.0796765997182456
0.0852838964304831
0.0905033320342451
0.0951542825526269
0.099058090936777
0.102101091321206
0.104286718795223
0.105731721098499
0.106611944899232
0.107102422387183
0.107340343548373
0.107410223248043
0.10734034035641
0.107102416005026
0.106611935333885
0.105731708358857
0.104286702891966
0.102101072262641
0.0990580687257084
0.095154257183757
0.0905033034980562
0.0852838647145744
0.0796765648124551
0.0738279454837508
0.0678430419905761
0.0617923147532693
0.055722016221763
0.0496635038231347
0.0436406243775485
0.0376755428160445
0.0317934757983795
0.0260262541847911
0.0204134332933952
0.0149976204325962
0.0098088064566242
0.00483583445533061
-6.1566887369279e-08
-0.0048361050060946
-0.00980907640263641
-0.0149978898085603
-0.0204137021312289
-0.0260265225155879
-0.0317937436454536
-0.037675810197922
-0.0436408913106376
-0.0496637703216857
-0.0557222822982006
-0.0617925804201711
-0.0678433072605956
-0.0738282103693049
-0.0796768293289864
-0.0852841288757292
-0.0905035673218319
-0.0951545206885419
-0.0990583319269909
-0.102101335175967
-0.104286965524665
-0.105731970714651
-0.106612197415868
-0.107102677818241
-0.107340601904364
-0.107410484541132
-0.107340604594749
-0.107102683199949
-0.106612205491735
-0.105731981488101
-0.104286978999198
-0.102101351356031
-0.0990583508148034
-0.0951545422826331
-0.0905035916207745
-0.0852841558770017
-0.0796768590294481
-0.0738282427685823
-0.0678433423574377
-0.0617926182155769
-0.055722322791996
-0.049663813516057
-0.0436409372063251
-0.0376758587967173
-0.0317937949486867
-0.0260265765250083
-0.0204137588481665
-0.0149979492348119
-0.00980913854134825
-0.00483616986009745
-1.29142731807095e-07
0.00483591156687931
0.00980888022585503
0.0149976908855172
0.0204135004551871
0.0260263180801739
0.0317935364435862
0.0376756002223988
0.0436406785542696
0.0496635547759391
0.0557220639552622
0.0617923592724078
0.067843083299376
0.0738279835873999
0.0796765997182456
0.0852838964304831
0.0905033320342451
0.0951542825526269
0.099058090936777
0.102101091321206
0.104286718795223
0.105731721098499
0.106611944899232
0.107102422387183
0.107340343548373
0.107410223248043
0.10734034035641
0.107102416005026
0.106611935333885
0.105731708358857
0.104286702891966
0.102101072262641
0.0990580687257084
0.095154257183757
0.0905033034980562
0.0852838647145744
0.0796765648124551
0.0738279454837508
0.0678430419905761
0.0617923147532693
0.055722016221763
0.0496635038231347
0.0436406243775485
0.0376755428160445
0.0317934757983795
0.0260262541847911
0.0204134332933952
0.0149976204325962
0.0098088064566242
0.00483583445533061
-6.1566887369279e-08
-0.0048361050060946
-0.00980907640263641
-0.0149978898085603
-0.0204137021312289
-0.0260265225155879
-0.0317937436454536
-0.037675810197922
-0.0436408913106376
-0.0496637703216857
-0.0557222822982006
-0.0617925804201711
-0.0678433072605956
-0.0738282103693049
-0.0796768293289864
-0.0852841288757292
-0.0905035673218319
-0.0951545206885419
-0.0990583319269909
-0.102101335175967
-0.104286965524665
-0.105731970714651
-0.106612197415868
-0.107102677818241
-0.107340601904364
-0.107410484541132
-0.107340604594749
-0.107102683199949
-0.106612205491735
-0.105731981488101
-0.104286978999198
-0.102101351356031
-0.0990583508148034
-0.0951545422826331
-0.0905035916207745
-0.0852841558770017
-0.0796768590294481
-0.0738282427685823
-0.0678433423574377
-0.0617926182155769
-0.055722322791996
-0.049663813516057
-0.0436409372063251
-0.0376758587967173
-0.0317937949486867
-0.0260265765250083
-0.0204137588481665
-0.0149979492348119
-0.00980913854134825
-0.00483616986009745
-1.29142731807095e-07
0.00483591156687931
0.00980888022585503
0.0149976908855172
0.0204135004551871
0.0260263180801739
0.0317935364435862
0.0376756002223988
0.0436406785542696
0.0496635547759391
0.0557220639552622
0.0617923592724078
0.067843083299376
0.0738279835873999
0.0796765997182456
0.0852838964304831
0.0905033320342451
0.0951542825526269
0.099058090936777
0.102101091321206
0.104286718795223
0.105731721098499
0.106611944899232
0.107102422387183
0.107340343548373
0.107410223248043
0.10734034035641
0.107102416005026
0.106611935333885
0.105731708358857
0.104286702891966
0.102101072262641
0.0990580687257084
0.095154257183757
0.0905033034980562
0.0852838647145744
0.0796765648124551
0.0738279454837508
0.0678430419905761
0.0617923147532693
0.055722016221763
0.0496635038231347
0.0436406243775485
0.0376755428160445
0.0317934757983795
0.0260262541847911
0.0204134332933952
0.0149976204325962
0.0098088064566242
0.00483583445533061
-6.1566887369279e-08
-0.0048361050060946
-0.00980907640263641
-0.0149978898085603
-0.0204137021312289
-0.0260265225155879
-0.0317937436454536
-0.037675810197922
-0.0436408913106376
-0.0496637703216857
-0.0557222822982006
-0.0617925804201711
-0.0678433072605956
-0.0738282103693049
-0.0796768293289864
-0.0852841288757292
-0.0905035673218319
-0.0951545206885419
-0.0990583319269909
-0.102101335175967
-0.104286965524665
-0.105731970714651
-0.106612197415868
-0.107102677818241
-0.107340601904364
-0.107410484541132
-0.107340604594749
-0.107102683199949
-0.106612205491735
-0.105731981488101
-0.104286978999198
-0.102101351356031
-0.0990583508148034
-0.0951545422826331
-0.0905035916207745
-0.0852841558770017
-0.0796768590294481
-0.0738282427685823
-0.0678433423574377
-0.0617926182155769
-0.055722322791996
-0.049663813516057
-0.0436409372063251
-0.0376758587967173
-0.0317937949486867
-0.0260265765250083
-0.0204137588481665
-0.0149979492348119
-0.00980913854134825
-0.00483616986009745
-1.29142731807095e-07
0.00483591156687931
0.00980888022585503
0.0149976908855172
0.0204135004551871
0.0260263180801739
0.0317935364435862
0.0376756002223988
0.0436406785542696
0.0496635547759391
0.0557220639552622
0.0617923592724078
0.067843083299376
0.0738279835873999
0.0796765997182456
0.0852838964304831
0.0905033320342451
0.0951542825526269
0.099058090936777
0.102101091321206
0.104286718795223
0.105731721098499
0.106611944899232
0.107102422387183
0.107340343548373
0.107410223248043
0.10734034035641
0.107102416005026
0.106611935333885
0.105731708358857
0.104286702891966
0.102101072262641
0.0990580687257084
0.095154257183757
0.0905033034980562
0.0852838647145744
0.0796765648124551
0.0738279454837508
0.0678430419905761
0.0617923147532693
0.055722016221763
0.0496635038231347
0.0436406243775485
0.0376755428160445
0.0317934757983795
0.0260262541847911
0.0204134332933952
0.0149976204325962
0.0098088064566242
0.00483583445533061
-6.1566887369279e-08
-0.0048361050060946
-0.00980907640263641
-0.0149978898085603
-0.0204137021312289
-0.0260265225155879
-0.0317937436454536
-0.037675810197922
-0.0436408913106376
-0.0496637703216857
-0.0557222822982006
-0.0617925804201711
-0.0678433072605956
-0.0738282103693049
-0.0796768293289864
-0.0852841288757292
-0.0905035673218319
-0.0951545206885419
-0.0990583319269909
-0.102101335175967
-0.104286965524665
-0.105731970714651
-0.106612197415868
-0.107102677818241
-0.107340601904364
-0.107410484541132
-0.107340604594749
-0.107102683199949
-0.106612205491735
-0.105731981488101
-0.104286978999198
-0.102101351356031
-0.0990583508148034
-0.0951545422826331
-0.0905035916207745
-0.0852841558770017
-0.0796768590294481
-0.0738282427685823
-0.0678433423574377
-0.0617926182155769
-0.055722322791996
-0.049663813516057
-0.0436409372063251
-0.0376758587967173
-0.0317937949486867
-0.0260265765250083
-0.0204137588481665
-0.0149979492348119
-0.00980913854134825
-0.00483616986009745
-1.29142731807095e-07
0.00483591156687931
0.00980888022585503
0.0149976908855172
0.0204135004551871
0.0260263180801739
0.0317935364435862
0.0376756002223988
0.0436406785542696
0.0496635547759391
0.0557220639552622
0.0617923592724078
0.067843083299376
0.0738279835873999
0.0796765997182456
0.0852838964304831
0.0905033320342451
0.0951542825526269
0.099058090936777
0.102101091321206
0.104286718795223
0.105731721098499
0.106611944899232
0.107102422387183
0.107340343548373
0.107410223248043
0.10734034035641
0.107102416005026
0.106611935333885
0.105731708358857
0.104286702891966
0.102101072262641
0.0990580687257084
0.095154257183757
0.0905033034980562
0.0852838647145744
0.0796765648124551
0.0738279454837508
0.0678430419905761
0.0617923147532693
0.055722016221763
0.0496635038231347
0.0436406243775485
0.0376755428160445
0.0317934757983795
0.0260262541847911
0.0204134332933952
0.0149976204325962
0.0098088064566242
0.00483583445533061
-6.1566887369279e-08
-0.0048361050060946
-0.00980907640263641
-0.0149978898085603
-0.0204137021312289
-0.0260265225155879
-0.0317937436454536
-0.037675810197922
-0.0436408913106376
-0.0496637703216857
-0.0557222822982006
-0.0617925804201711
-0.0678433072605956
-0.0738282103693049
-0.0796768293289864
-0.0852841288757292
-0.0905035673218319
-0.0951545206885419
-0.0990583319269909
-0.102101335175967
-0.104286965524665
-0.105731970714651
-0.106612197415868
-0.107102677818241
-0.107340601904364
-0.107410484541132
-0.107340604594749
-0.107102683199949
-0.106612205491735
-0.105731981488101
-0.104286978999198
-0.102101351356031
-0.0990583508148034
-0.0951545422826331
-0.0905035916207745
-0.0852841558770017
-0.0796768590294481
-0.0738282427685823
-0.0678433423574377
-0.0617926182155769
-0.055722322791996
-0.049663813516057
-0.0436409372063251
-0.0376758587967173
-0.0317937949486867
-0.0260265765250083
-0.0204137588481665
-0.0149979492348119
-0.00980913854134825
-0.00483616986009745
-1.29142731807095e-07
0.00483591156687931
0.00980888022585503
0.0149976908855172
0.0204135004551871
0.0260263180801739
0.0317935364435862
0.0376756002223988
0.0436406785542696
0.0496635547759391
0.0557220639552622
0.0617923592724078
0.067843083299376
0.0738279835873999
0.0796765997182456
0.0852838964304831
0.0905033320342451
0.0951542825526269
0.099058090936777
0.102101091321206
0.104286718795223
0.105731721098499
0.106611944899232
0.107102422387183
0.107340343548373
0.107410223248043
0.10734034035641
0.107102416005026
0.106611935333885
0.105731708358857
0.104286702891966
0.102101072262641
0.0990580687257084
0.095154257183757
0.0905033034980562
0.0852838647145744
0.0796765648124551
0.0738279454837508
0.0678430419905761
0.0617923147532693
0.055722016221763
0.0496635038231347
0.0436406243775485
0.0376755428160445
0.0317934757983795
0.0260262541847911
0.0204134332933952
0.0149976204325962
0.0098088064566242
0.00483583445533061
-6.1566887369279e-08
-0.0048361050060946
-0.00980907640263641
-0.0149978898085603
-0.0204137021312289
-0.0260265225155879
-0.0317937436454536
-0.037675810197922
-0.0436408913106376
-0.0496637703216857
-0.0557222822982006
-0.0617925804201711
-0.0678433072605956
-0.0738282103693049
-0.0796768293289864
-0.0852841288757292
-0.0905035673218319
-0.0951545206885419
-0.0990583319269909
-0.102101335175967
-0.104286965524665
-0.105731970714651
-0.106612197415868
-0.107102677818241
-0.107340601904364
-0.107410484541132
-0.107340604594749
-0.107102683199949
-0.106612205491735
-0.105731981488101
-0.104286978999198
-0.102101351356031
-0.0990583508148034
-0.0951545422826331
-0.0905035916207745
-0.0852841558770017
-0.0796768590294481
-0.0738282427685823
-0.0678433423574377
-0.0617926182155769
-0.055722322791996
-0.049663813516057
-0.0436409372063251
-0.0376758587967173
-0.0317937949486867
-0.0260265765250083
-0.0204137588481665
-0.0149979492348119
-0.00980913854134825
-0.00483616986009745
-1.29142731807095e-07
0.00483591156687931
0.00980888022585503
0.0149976908855172
0.0204135004551871
0.0260263180801739
0.0317935364435862
0.0376756002223988
0.0436406785542696
0.0496635547759391
0.0557220639552622
0.0617923592724078
0.067843083299376
0.0738279835873999
0.0796765997182456
0.0852838964304831
0.0905033320342451
0.0951542825526269
0.099058090936777
0.102101091321206
0.104286718795223
0.105731721098499
0.106611944899232
0.107102422387183
0.107340343548373
0.107410223248043
0.10734034035641
0.107102416005026
0.106611935333885
0.105731708358857
0.104286702891966
0.102101072262641
0.0990580687257084
0.095154257183757
0.0905033034980562
0.0852838647145744
0.0796765648124551
0.0738279454837508
0.0678430419905761
0.0617923147532693
0.055722016221763
0.0496635038231347
0.0436406243775485
0.0376755428160445
0.0317934757983795
0.0260262541847911
0.0204134332933952
0.0149976204325962
0.0098088064566242
0.00483583445533061
-6.1566887369279e-08
-0.0048361050060946
-0.00980907640263641
-0.0149978898085603
-0.0204137021312289
-0.0260265225155879
-0.0317937436454536
-0.037675810197922
-0.0436408913106376
-0.0496637703216857
-0.0557222822982006
-0.0617925804201711
-0.0678433072605956
-0.0738282103693049
-0.0796768293289864
-0.0852841288757292
-0.0905035673218319
-0.0951545206885419
-0.0990583319269909
-0.102101335175967
-0.104286965524665
-0.105731970714651
-0.106612197415868
-0.107102677818241
-0.107340601904364
-0.107410484541132
-0.107340604594749
-0.107102683199949
-0.106612205491735
-0.105731981488101
-0.104286978999198
-0.102101351356031
-0.0990583508148034
-0.0951545422826331
-0.0905035916207745
-0.0852841558770017
-0.0796768590294481
-0.0738282427685823
-0.0678433423574377
-0.0617926182155769
-0.055722322791996
-0.049663813516057
-0.0436409372063251
-0.0376758587967173
-0.0317937949486867
-0.0260265765250083
-0.0204137588481665
-0.0149979492348119
-0.00980913854134825
-0.00483616986009745
-1.29142731807095e-07
0.00483591156687931
0.00980888022585503
0.0149976908855172
0.0204135004551871
0.0260263180801739
0.0317935364435862
0.0376756002223988
0.0436406785542696
0.0496635547759391
0.0557220639552622
0.0617923592724078
0.067843083299376
0.0738279835873999
0.0796765997182456
0.0852838964304831
0.0905033320342451
0.0951542825526269
0.099058090936777
0.102101091321206
0.104286718795223
0.105731721098499
0.106611944899232
0.107102422387183
0.107340343548373
0.107410223248043
0.10734034035641
0.107102416005026
0.106611935333885
0.105731708358857
0.104286702891966
0.102101072262641
0.0990580687257084
0.095154257183757
0.0905033034980562
0.0852838647145744
0.0796765648124551
0.0738279454837508
0.0678430419905761
0.0617923147532693
0.055722016221763
0.0496635038231347
0.0436406243775485
0.0376755428160445
0.0317934757983795
0.0260262541847911
0.0204134332933952
0.0149976204325962
0.0098088064566242
0.00483583445533061
-6.1566887369279e-08
-0.0048361050060946
-0.00980907640263641
-0.0149978898085603
-0.0204137021312289
-0.0260265225155879
-0.0317937436454536
-0.037675810197922
-0.0436408913106376
-0.0496637703216857
-0.0557222822982006
-0.0617925804201711
-0.0678433072605956
-0.0738282103693049
-0.0796768293289864
-0.0852841288757292
-0.0905035673218319
-0.0951545206885419
-0.0990583319269909
-0.102101335175967
-0.104286965524665
-0.105731970714651
-0.106612197415868
-0.107102677818241
-0.107340601904364
-0.107410484541132
-0.107340604594749
-0.107102683199949
-0.106612205491735
-0.105731981488101
-0.104286978999198
-0.102101351356031
-0.0990583508148034
-0.0951545422826331
-0.0905035916207745
-0.0852841558770017
-0.0796768590294481
-0.0738282427685823
-0.0678433423574377
-0.0617926182155769
-0.055722322791996
-0.049663813516057
-0.0436409372063251
-0.0376758587967173
-0.0317937949486867
-0.0260265765250083
-0.0204137588481665
-0.0149979492348119
-0.00980913854134825
-0.00483616986009745
-1.29142731807095e-07
0.00483591156687931
0.00980888022585503
0.0149976908855172
0.0204135004551871
0.0260263180801739
0.0317935364435862
0.0376756002223988
0.0436406785542696
0.0496635547759391
0.0557220639552622
0.0617923592724078
0.067843083299376
0.0738279835873999
0.0796765997182456
0.0852838964304831
0.0905033320342451
0.0951542825526269
0.099058090936777
0.102101091321206
0.104286718795223
0.105731721098499
0.106611944899232
0.107102422387183
0.107340343548373
0.107410223248043
0.10734034035641
0.107102416005026
0.106611935333885
0.105731708358857
0.104286702891966
0.102101072262641
0.0990580687257084
0.095154257183757
0.0905033034980562
0.0852838647145744
0.0796765648124551
0.0738279454837508
0.0678430419905761
0.0617923147532693
0.055722016221763
0.0496635038231347
0.0436406243775485
0.0376755428160445
0.0317934757983795
0.0260262541847911
0.0204134332933952
0.0149976204325962
0.0098088064566242
0.00483587849885225
-0.000147400423884392
-0.00513092940673232
-0.0100855929777026
-0.014984158333391
-0.0198012441396713
-0.0245132632553577
-0.0290983691811562
-0.0335364690981805
-0.0378090981394052
-0.0418994575738907
-0.045792315620929
-0.0494739976711571
-0.0529323341324925
-0.0561566068790853
-0.0591375366784632
-0.0618671965785325
-0.0643390165641904
-0.0665477160364389
-0.0684892539866269
-0.0701608089730144
-0.0715607316233218
-0.072688490152359
-0.0735446251928806
-0.074130732100457
-0.0744494148530066
-0.0745042096823454
-0.0742995752952993
-0.0738408523611724
-0.0731341983191669
-0.072186563629657
-0.0710056466050446
-0.0695998468436301
-0.0679782209917903
-0.0661504580639303
-0.0641268030740321
-0.0619180523790419
-0.0595354908145964
-0.0569908539764583
-0.0542962769977748
-0.0514642759226263
-0.0485076843760908
-0.0454396144486964
-0.0422734175808728
-0.0390226477757096
-0.0357010080479085
-0.032322330866009
-0.0289004971273243
-0.0254494249820709
-0.0219830279238522
-0.018515151925385
-0.0150595530867577
-0.0116298487409949
-0.00823946576565504
-0.00490161729976535
-0.0016292380169034
0.00156502751633525
0.00466890446841717
0.00767050310969353
0.0105583621188998
0.0133215119130909
0.0159494848921895
0.0184323852881789
0.0207609185017645
0.0229264362715185
0.0249209818430245
0.026737310923636
0.0283689750358462
0.0298103275708854
0.031056575011462
0.0321038351394236
0.0329491500742733
0.0335905593819916
0.0340271177701652
0.0342589584179223
0.0342873050831258
0.0341145563870668
0.033744272775948
0.0331812859512866
0.0324316946789622
0.0315029001794755
0.0304036769084632
0.0291442121379077
0.0277361371554434
0.026192560326308
0.0245281355455518
0.022759071085602
0.020903208758682
0.0189800383523107
0.0170107530429959
0.0150182847864926
0.0130273480899632
0.0110645005479455
0.00915814284235239
0.00733859045431018
0.00563812348991632
0.00409100204706192
0.00273355282843113
0.00160413514822721
0.000743264798074961
0.000193621963262558
0
0
0
0
0
0
0
0
0
0
0
0
0
0
0
0
0
0
0
0
0
0
0
0
0
0
0
0
0
0
0
0
0
0
0
0
0
0
0
0
0
0
0
0
0
0
0
0
0
0
0
0
0
0
0
0
0
0
0
0
0
0
0
0
