-0.00005225820565489371
-0.00005410970047180918
-0.000055619078903002266
-0.00005553451526696881
-0.000056339439899194284
-0.000057082020669376604
-0.00005981586796791224
-0.00005997960419334894
-0.000059989990153483874
-0.00006002304147951794
-0.00006131868878860841
-0.00006519801644587502
-0.00006474007426331394
-0.00006688206531486607
-0.00006665580051988076
-0.00006877676352381257
-0.00006863239591956264
-0.00007142497079763889
-0.00007157062832001237
-0.00007232445453792509
-0.00007420129745358241
-0.00007641263966405424
-0.00007593905891362399
-0.00007706930845783796
-0.00007959892021169251
-0.00008134504256447954
-0.00008167112279544612
-0.00008523183041142145
-0.00008595221012421679
-0.0000877265762995186
-0.00008764055817055771
-0.00008951333964700239
-0.00009138097902989414
-0.00009377661741680493
-0.00009379247952933306
-0.000095474790430626
-0.00009861989390114863
-0.00010095783280348962
-0.00010069255564658284
-0.00010535426858622673
-0.00010673790957721473
-0.00010727773239148613
-0.00011016043293386264
-0.0001130640637115362
-0.00011499985860241962
-0.00011691059918698661
-0.00011679912704590845
-0.00012029927615673314
-0.0001245729139281921
-0.00012573702595956176
-0.0001286357911382338
-0.0001313789107980075
-0.00013254015740133093
-0.00013769184731920024
-0.00013924967867326937
-0.00014027102124174808
-0.00014366274845868183
-0.00014843146818117978
-0.0001522213089414269
-0.0001531351175537582
-0.00015759705975321623
-0.00015971239618245653
-0.00016362213475381896
-0.0001660539258718833
-0.0001713285849961642
-0.0001728306916047241
-0.0001779670538985321
-0.00018316178142423493
-0.00018659030395749596
-0.00018863393076547504
-0.00019391993188546725
-0.0001984502956200473
-0.00020307103963820774
-0.00020668678616647535
-0.00021239095808662294
-0.00021626883081524045
-0.00022175588676165897
-0.00022682967059446188
-0.00023028939247827064
-0.0002372441377973286
-0.00024250130613533494
-0.0002471004250857501
-0.0002533307948884863
-0.0002580757274813947
-0.0002656234180033798
-0.000271498657898236
-0.00027785662793719057
-0.0002853068098880805
-0.00029091307062949483
-0.00029705998386310044
-0.0003056897461366215
-0.00031393079184660806
-0.0003199544634475724
-0.00032991969835151206
-0.00033792682289266113
-0.0003453124947395547
-0.0003549103018519699
-0.00036477034087698223
-0.0003733431141332779
-0.00038237250157946776
-0.00039302216951295514
-0.0004033961191095568
-0.0004135018027251385
-0.000424331497821223
-0.0004366062577336696
-0.0004468656967131658
-0.0004609747911465644
-0.0004719978354941087
-0.00048556660765739266
-0.0004999288544649094
-0.0005130373109983213
-0.0005267195116086386
-0.0005402177580890446
-0.0005560928974318644
-0.0005718596639877799
-0.0005881250843064906
-0.0006057121490781295
-0.0006231532446633732
-0.0006422478347641871
-0.0006625482498706554
-0.0006803688599729915
-0.0007013070596990529
-0.0007216160691286207
-0.0007436724198516792
-0.0007661651957124434
-0.0007897929296561128
-0.0008138824629832373
-0.0008392652535766044
-0.0008660921112427661
-0.000892821936509222
-0.0009215024922453367
-0.0009517385943766113
-0.0009812932627035697
-0.0010113517370893997
-0.0010469513492690945
-0.0010811667194722146
-0.0011174347684583042
-0.0011543231580618475
-0.0011938357354809314
-0.001233027182947653
-0.0012770733172556288
-0.0013195758998921865
-0.001365939123283474
-0.0014149058202856525
-0.0014661372614139445
-0.0015175902441930096
-0.0015717325560540565
-0.001629331173317259
-0.0016895827636877639
-0.0017520195575573354
-0.0018163998651256773
-0.0018853932381199606
-0.0019578419206056704
-0.0020308667402718786
-0.0021095340871848047
-0.002191401069539223
-0.0022761790275291132
-0.0023680832109017644
-0.002462081265317856
-0.002561667130027757
-0.0026648873620182764
-0.002774886938374039
-0.0028898013396339915
-0.003009718300029337
-0.003136598206829134
-0.003269369640283927
-0.0034109296036539723
-0.003557814217639485
-0.0037135651532396903
-0.0038781050031153966
-0.004050589328789022
-0.004231074808295016
-0.004424696804874861
-0.004627191346822838
-0.004841542419039243
-0.005066918160990428
-0.005306153552002029
-0.005559895872781536
-0.005827709138042395
-0.006110029696847515
-0.0064122977686567875
-0.0067305603455491666
-0.007066010303414049
-0.007424185078080433
-0.007802234169880593
-0.008206681059101412
-0.008633234903802764
-0.00908954948798717
-0.009572485912371769
-0.010087878599370766
-0.010635969125129796
-0.011220044850775355
-0.011842126120161327
-0.012506369801640023
-0.013213345289695842
-0.013970218724757165
-0.014776757862975377
-0.015639800920367406
-0.01656074963771613
-0.01754761535303023
-0.01860242009804143
-0.019731374034820157
-0.020940224303693508
-0.02223751358400894
-0.023626269299680754
-0.025115889279148283
-0.026712794785289436
-0.02842565046500387
-0.0302637371400545
-0.03223350280602642
-0.03434859802944023
-0.036615948166909024
-0.039046513213941696
-0.041649869112309695
-0.044437845839124857
-0.047420045663787394
-0.050605427246065114
-0.053997376886203256
-0.05760574010276771
-0.06142884705039659
-0.06546395910886807
-0.06969380998871748
-0.07410004154808338
-0.07863801242475316
-0.08324041282167584
-0.08780804407222045
-0.09219535178949313
-0.09618255912137615
-0.09945984539427802
-0.10158693606944237
-0.10195757198574848
-0.09975653836300268
-0.09394741631749523
-0.08329838163446102
-0.06649992084446005
-0.04238683359697535
-0.010224259081610638
0.03003488389796305
0.0776545472832894
0.1311635334329512
0.18851788925925625
0.24727160058391603
0.30474211522462735
0.35820700317957815
0.4051610691958887
0.44358963222380743
0.4721360003634446
0.4901542214246673
0.49763020496688587
0.4950474679466823
0.48331804223409075
0.4637117275570688
0.43777677316645197
0.40713162736685843
0.3731359455009338
0.3365703846513102
0.2974509958972702
0.2550951133220225
0.2084045988437681
0.15628268806027742
0.09803021647832484
0.03357958100049333
-0.036469310039755044
-0.1109465802485145
-0.18821610418727222
-0.2662516671699493
-0.3427124441527922
-0.41514543922798836
-0.4813193545012189
-0.5395903826725545
-0.5891514342420301
-0.6300000076514973
-0.6627047324941991
-0.6881102602209418
-0.7070723644410141
-0.7202816663817286
-0.7281853150286849
-0.7309294854972033
-0.7283695312046656
-0.7200662164242434
-0.705346657288727
-0.6833902256840131
-0.6534187637366987
-0.6149502401073238
-0.5680652394466426
-0.5135757746704843
-0.45295909157496456
-0.3880504977617016
-0.32064489210959235
-0.25218178074484676
-0.18359596227954025
-0.11534094383728567
-0.047489750205784706
0.020134760981330324
0.08784142089060362
0.15594294496047417
0.22466470391141008
0.2939912470963476
0.3635619234392991
0.43255504455528665
0.4996328244329768
0.563066990554588
0.6210093237130332
0.671897289077504
0.714791579965105
0.7494874745512627
0.7764036795983752
0.7963055097992062
0.8100474711953618
0.8183709176664125
0.8217970570898535
0.8205731957486302
0.814648075438047
0.8036829027781673
0.7870731270208366
0.7640205137168764
0.7336633374741813
0.6953091723580908
0.648705389429817
0.5942706834926187
0.5331583468051705
0.46706115646687685
0.3978233055428666
0.3270673290793418
0.25596937397033653
0.18519285172192115
0.11497177818221832
0.04522120203337794
-0.024325577693691428
-0.09400150609124998
-0.16409547750211717
-0.23472918069276258
-0.3057363319102034
-0.3765313551445517
-0.4460288229805057
-0.5126709350964251
-0.5746241217713373
-0.6301411425505588
-0.6779526093930035
-0.7175070806009493
-0.7489549979403695
-0.7729285577771153
-0.7902793999763511
-0.8018248866238201
-0.8082114686046575
-0.8098193525538941
-0.8067495127871329
-0.7988040647915553
-0.7855035126197681
-0.7661305920108775
-0.7398361160061084
-0.7058171235431722
-0.6635757252861344
-0.6131851256421736
-0.5554596092010613
-0.4918695101483292
-0.42423793898329104
-0.35434091845818755
-0.2835849271744682
-0.21287674519953403
-0.14265018766652676
-0.07295246829769872
-0.0035944502392143128
0.0657414455146649
0.13538044181973707
0.20553662513375806
0.2762014858941946
0.34700280907900954
0.41710578648299795
0.4851641193111054
0.5494405129759503
0.6080972668435091
0.6595891251094178
0.7030041734887886
0.7381697259223282
0.765521548284889
0.7858382004085809
0.7999763987363335
0.8086773463836027
0.8124569778685429
0.8115538421520216
0.8059125146180037
0.7951844433328229
0.7787590026584101
0.7558360997236752
0.7255594895739301
0.6872466898371582
0.6406670345890186
0.5862673697779892
0.525229206750969
0.45925376323898914
0.39018669667882977
0.31964063524965947
0.24877171242605803
0.17822915711273843
0.10823392082624836
0.0386936833002439
-0.030661910433745783
-0.10016822427976814
-0.1701080388680558
-0.24059566960406692
-0.3114509818131293
-0.3820735953917602
-0.45135939392052915
-0.5177365481368077
-0.5793659513758779
-0.6345138489042393
-0.681932541325318
-0.7210937017321211
-0.7521681796019373
-0.7758051544874728
-0.7928545181105446
-0.8041270474360624
-0.8102629059283153
-0.8116358148827593
-0.8083320152310018
-0.8001442389563239
-0.7865828308640451
-0.7669271194562451
-0.7403223359757253
-0.7059724492953819
-0.6633922316857509
-0.6126818455953467
-0.5546787128592537
-0.49087309472828883
-0.42309199533044717
-0.3531011063758199
-0.2822925362450912
-0.2115571600323521
-0.14130997372462026
-0.07159196890433583
-0.002202875660498672
0.06717458973836336
0.13686179485853545
0.20707122851102494
0.27778089427924574
0.3486071542449144
0.418693742808257
0.48668085569689334
0.550822987195016
0.6092806923606006
0.660529269653275
0.7036837320922127
0.7385928501287844
0.7657092048554123
0.7858205516371194
0.7997789885638984
0.8083212346047317
0.8119564461356807
0.810909420003641
0.8051157575362536
0.7942171557773363
0.7775980110627627
0.754448209255613
0.7239173297373587
0.6853323578475407
0.6384830600988792
0.583843274883224
0.5226153774603021
0.4565136971055857
0.38738152321501634
0.31681890163492965
0.24596354279656188
0.17544850925983863
0.10548202576038765
0.035963704219126924
-0.03338206929423482
-0.10288968070551632
-0.17283794303499164
-0.24333449437700716
-0.3141855483416276
-0.3847742019181239
-0.453981052373249
-0.5202168887051815
-0.5816430226023168
-0.6365335035361588
-0.6836634448215299
-0.7225334780951869
-0.7533310880022569
-0.7767202763360769
-0.7935517675407612
-0.8046334886165927
-0.810594200453233
-0.8118003705231304
-0.8083291859367139
-0.7999602915564386
-0.7861977150249407
-0.7663124793414732
-0.7394491550249832
-0.7048162102049172
-0.6619460338803642
-0.6109628422836479
-0.5527280932459422
-0.4887502723855873
-0.42086084704175175
-0.35081790688190406
-0.2799975662328869
-0.2092716311580311
-0.13903956522876051
-0.06933359180163944
0.00005246614761138941
0.06943940020438269
0.1391446328819314
0.20937659389502525
0.2801023348785637
0.35092340583917603
0.4209657758717364
0.488854003712939
0.5528325369766024
0.6110680963301323
0.6620510422257406
0.7049211190845461
0.7395543070089965
0.7664169931912952
0.7863038992137142
0.800067604447923
0.8084354784591797
0.8119079151885388
0.8107020496854996
0.8047420870476159
0.7936594864138117
0.776830776011093
0.7534427050026679
0.7226441214751347
0.6837760555653972
0.6366470178696167
0.5817583866984286
0.5203327006573034
0.45409763454215646
0.3848941475964841
0.3143061688013371
0.24345648111169196
0.17296115825340755
0.10301410284217559
0.03350813973635362
-0.03583659517079889
-0.10535415700006828
-0.17532079262551137
-0.24583281174290358
-0.3166869870942111
-0.38724829176757114
-0.4563791044994423
-0.5224795593835524
-0.5837054753608164
-0.6383434343304965
-0.6851914329860971
-0.7237749811598881
-0.7543040932716832
-0.7774519303694659
-0.7940697780181748
-0.8049658477614549
-0.8107575782610832
-0.8118020749567285
-0.8081659705477408
-0.7996210150680105
-0.7856598578727182
-0.7655473507366338
-0.7384270458888683
-0.7035150212054148
-0.6603582892158385
-0.609105927337126
-0.5506436732308257
-0.48649880749892443
-0.41850819543969653
-0.34841816703673895
-0.2775881537508878
-0.2068742465600231
-0.13666124137243107
-0.06696988295107253
0.002411339080403417
0.07180335807998071
0.14152594266758792
0.21177765547978059
0.2825168350638118
0.35332924516462344
0.42332337576362167
0.49110812558252503
0.5549182028594152
0.6129267312240183
0.6636409426432316
0.7062250523524762
0.7405797409419844
0.7671895301512575
0.7868506733236781
0.8004172596228653
0.8086108930010715
0.8119202032513428
0.8105539025131636
0.8044253174413388
0.7931572432079402
0.7761167390713768
0.7524870733768101
0.7214197335839733
0.6822670746147135
0.6348574668534263
0.5797199295610364
0.5180986268618901
0.45173108324846734
0.38245520362861546
0.31184293694605664
0.24099818480797913
0.17052085942779996
0.10059224408607503
0.031097736007960966
-0.038247026049247575
-0.10777608960954879
-0.17776019651111102
-0.24828998617069342
-0.3191466044651861
-0.3896806379371968
-0.4587348108515019
-0.5246984031410569
-0.5857233646783018
-0.6401099879258326
-0.6866756148710169
-0.7249740588192722
-0.7552355033368886
-0.7781435873446881
-0.7945508028559392
-0.8052617917402825
-0.8108844617481377
-0.8117689631798768
-0.8079691403165158
-0.7992473627988481
-0.7850866927265308
-0.7647459461379222
-0.7373697724912344
-0.7021779515756591
-0.6587353138419569
-0.6072144794929043
-0.5485287464437207
-0.48422009143193095
-0.41612925587285277
-0.34599328676611774
-0.2751559441722115
-0.20445504006451473
-0.13426123274566804
-0.06458544779234088
0.004790864058982812
0.07418949139088787
0.14392766740245685
0.21419985699013988
0.28495031003865584
0.35575217448372615
0.4256969547276966
0.49337564067175277
0.5570154485681428
0.6147937191705852
0.6652383065432109
0.7075360768758353
0.7416130897957972
0.7679690212180507
0.7874058955048671
0.8007773708213146
0.8087954199086345
0.8119418154674137
0.8104148926863541
0.8041163893412723
0.7926619788157314
0.7754081981011606
0.7515356910179628
0.7201987383795262
0.6807609676046679
0.633071949710514
0.5776857248511756
0.5158706081730685
0.44937326113372544
0.38002782906081956
0.30939233569188035
0.23855258770439974
0.16809376728787329
0.09818316919954408
0.028698497482577388
-0.040647033761523614
-0.1101872374520032
-0.1801893347988773
-0.2507364868506567
-0.32159617386000316
-0.392100912674994
-0.46107761346117276
-0.5269012973513449
-0.5877242939101519
-0.6418561712400332
-0.6881400166826815
-0.7261539346736985
-0.756149119062721
-0.7788180527721298
-0.7950168421745458
-0.8055431835533591
-0.8109992420650264
-0.811721928541252
-0.807757759493098
-0.7988582384860712
-0.7844979711465512
-0.763929346190334
-0.7362947252142454
-0.700823187559251
-0.6570951344874235
-0.6053081454496122
-0.5463995638323822
-0.48192921010351186
-0.41374028596548046
-0.34356088576546867
-0.2727166625604202
-0.20202998808314412
-0.13185532283645288
-0.06219419665817786
0.007176766542437039
0.07658363270093364
0.14633788011379353
0.2166282790387947
0.2873911725982065
0.35818147913377435
0.4280742324722822
0.49564425851127963
0.5591119306781804
0.6166584392520028
0.6668307337573606
0.7088433226266576
0.7426430694059633
0.7687457342109413
0.7879606534520713
0.8011356503512662
0.808980056353133
0.8119639091089349
0.8102749282496255
0.8038073713226872
0.7921643360360602
0.774696897670707
0.750580724491678
0.7189735554058234
0.6792495985739226
0.6312822082752203
0.5756490279148023
0.5136417153221408
0.4470165625612254
0.37760284290164403
0.30694532985940676
0.2361116427230176
0.165670506152744
0.09577876676311266
0.026303833735133578
-0.04304232897347728
-0.1125944799860707
-0.18261587054796097
-0.25318045909083037
-0.3240411181421419
-0.3945154246672385
-0.46341293271430256
-0.5290951287937102
-0.589712699213057
-0.6435894619401806
-0.6895912024519111
-0.7273211507322247
-0.7570503001719404
-0.7794811080104488
-0.7954726190799944
-0.8058152622003026
-0.8111039313070123
-0.8116662765982906
-0.8075372460513838
-0.7984593692374287
-0.783898437216031
-0.7631009812844791
-0.7352080022699751
-0.6994555689915326
-0.6554422857895748
-0.6033897138079982
-0.5442607944233252
-0.4796309790745317
-0.41134681604395984
-0.3411245465068899
-0.27027534919743684
-0.19960283211240346
-0.12944727479536297
-0.059800514773053405
0.009565851400866538
0.07897948732166188
0.14875039534405193
0.21906047308994012
0.28983359166652267
0.3606116836529945
0.43045076399677945
0.49791054589600897
0.5612031351484984
0.6185162034824119
0.6684158671393852
0.7101422046815119
0.7436654751852902
0.7695164523631116
0.7885092669314389
0.8014903146933601
0.8091605219395595
0.8119817585031636
0.8101320000673868
0.8034936100786573
0.7916619297680769
0.7739797913228729
0.7496185702310617
0.7177397967096915
0.6777304288589749
0.6294848860296358
0.5736068380327014
0.5114086731752313
0.44465781654031894
0.37517863364378484
0.3045001974208606
0.23367328289054592
0.16325069596679556
0.09337619378273866
0.023911603618938838
-0.04543642821045487
-0.11500169958008148
-0.18504195197883797
-0.25562188685529996
-0.32648437637791483
-0.3969269692426249
-0.46574324730122013
-0.5312815821886011
-0.5916930539175336
-0.6453126633417955
-0.6910314198838554
-0.7284772030169231
-0.7579418035562502
-0.780136437055297
-0.7959201786178574
-0.8060803956243912
-0.8112019784287656
-0.8116037536444218
-0.8073104660605007
-0.7980539736411502
-0.783291280599759
-0.7622634145617078
-0.7341105149601737
-0.6980770397769671
-0.6537787240284992
-0.6014620068260232
-0.5421141381459486
-0.47732780472764136
-0.40894953887053775
-0.33868696964874634
-0.2678332846557361
-0.19717514375072864
-0.12703915893975992
-0.05740689897414119
0.011955762019406858
0.08137662278297265
0.15116460709386548
0.22149335652278795
0.2922768252706866
0.3630413603451719
0.4328246119334896
0.5001719381075369
0.563287506319301
0.6203654910509272
0.6699918446445297
0.7114320936015867
0.7446797466296463
0.7702793955926031
0.7890519000591305
0.801838593402594
0.8093355062740392
0.811994306604756
0.8099837404889689
0.8031744008192543
0.7911530828645401
0.7732550114472669
0.7486483065943005
0.7164968469476205
0.6762017287856452
0.6276783221953357
0.5715567321965646
0.5091713586268439
0.442296912713638
0.3727526863225939
0.30205465733178904
0.23123540813004587
0.16083131810537174
0.09097477395716522
0.02151986705885125
-0.047830720675650314
-0.1174086982823064
-0.18746819362339873
-0.258064979240676
-0.3289268893452323
-0.39933636821160584
-0.46806877988425794
-0.5334610242984477
-0.5936640095101509
-0.6470256768805139
-0.6924607373730286
-0.7296235957913988
-0.758823441912134
-0.780782980954918
-0.7963604043243869
-0.8063387478229499
-0.811294130770997
-0.8115351333335363
-0.807076483679879
-0.7976407926967408
-0.7826758311926558
-0.7614168095991384
-0.73300383769622
-0.6966881282939312
-0.6521053225566913
-0.5995253591429553
-0.5399610787313421
-0.4750194546563053
-0.40654972031317593
-0.33624827355429926
-0.2653912071497178
-0.19474765986147782
-0.12463129876847254
-0.05501269461312292
0.014345984272874186
0.08377511977860265
0.15357979542012823
0.22392740415321338
0.29472103593187604
0.36547021312571565
0.4351970371016517
0.5024291530740461
0.5653654145936222
0.6222069420638642
0.6715584433081678
0.7127123477716458
0.7456849881405965
0.7710350210097183
0.7895873525938111
0.8021816480551882
0.8095059755982468
0.8120025170872576
0.8098292814632984
0.8028493180747976
0.7906380291108893
0.7725227012829732
0.7476693319339391
0.7152448887468246
0.674663667749271
0.6258631617678961
0.5695004504974182
0.5069288626882765
0.4399330648018765
0.37032637848094074
0.29961027520402694
0.2287984784344643
0.1584130145390463
0.08857395603285254
0.01912773088351168
-0.050224583834640776
-0.11981569330002965
-0.18989404778755908
-0.2605065188353745
-0.33136791153345974
-0.40174303765802405
-0.4703898787126865
-0.5356345891390935
-0.5956264132013459
-0.6487284916529118
-0.6938802251682198
-0.7307598130038797
-0.7596968530481074
-0.7814217511771346
-0.796794094274687
-0.806591024485127
-0.8113801805342117
-0.8114605691390601
-0.8068368417592292
-0.7972205916025403
-0.7820527028705785
-0.7605614200275075
-0.7318866096073616
-0.6952892364301483
-0.6504216638803362
-0.597580187595322
-0.5378011527898053
-0.4727070981012923
-0.4041478101059563
-0.33380826486373993
-0.2629490587772894
-0.19232122027299195
-0.12222329402823652
-0.05261892308244889
0.01673684822254564
0.08617385027316302
0.15599579701671576
0.22636251809270574
0.29716534478166307
0.36789889268336273
0.4375663593712636
0.5046813933369502
0.5674360770024377
0.6240391762862944
0.673115397028419
0.7139832648169921
0.7466812915184626
0.7717826287355155
0.7901159806281318
0.8025181755911468
0.8096701629934835
0.8120048600813128
0.8096700763950007
0.802518304046493
0.7901158714921461
0.7717826347589504
0.7466813417099836
0.7139831006966273
0.6731159336259949
0.6240390718333029
0.5674363702723927
0.5046816773366821
0.4375661206283271
0.36789896057968474
0.29716554116348365
0.22636243948520457
0.15599574362864319
0.08617406625451841
0.01673698527059146
-0.05261836005033098
-0.12222324141662275
-0.19232082803730566
-0.2629488389297801
-0.33380832766437424
-0.4041477030822238
-0.4727071577611773
-0.537800930597995
-0.5975801840691982
-0.650421519495135
-0.695289679329319
-0.731886926023732
-0.7605612831140562
-0.7820529176536403
-0.7972210536077255
-0.8068368638452821
-0.8114608295166545
-0.811380662909183
-0.8065907208962806
-0.7967941247889516
-0.781421851818297
-0.7596969401125928
-0.7307601746927823
-0.6938802166622399
-0.6487288588542937
-0.5956261402636794
-0.5356344344687204
-0.47038994543504037
-0.4017434963050055
-0.3313680728087463
-0.26050672158564675
-0.18989434387431545
-0.1198156396992087
-0.05022468827912606
0.019128189088972968
0.0885740041900207
0.1584131804765686
0.22879851821443273
0.299609978292701
0.37032606998605033
0.43993296371355517
0.5069292360664586
0.5695002068615419
0.6258632993458497
0.6746636554328043
0.7152449573868853
0.7476692361276891
0.7725228543755664
0.7906378790322328
0.8028492599815564
0.8098296248637409
0.8120023307148188
0.8095055587328304
0.8021816573598869
0.7895870957758868
0.7710349755002691
0.7456848262941869
0.7127121802032353
0.6715583012558963
0.6222069070937171
0.5653652916653781
0.5024287186310039
0.4351965669108813
0.36547050981718576
0.2947207811842426
0.22392740802872627
0.153579610549419
0.08377463123262979
0.014345988007326385
-0.055012822061020074
-0.1246308217679825
-0.1947479064100264
-0.2653912740744247
-0.33624865543888915
-0.40655021330467345
-0.4750199152790762
-0.539961012342112
-0.5995256684992704
-0.6521052916289402
-0.6966884804016723
-0.7330037487661416
-0.7614167824038316
-0.7826760588209927
-0.7976408622344204
-0.807076479487757
-0.8115350251024535
-0.8112945035778535
-0.8063387473694152
-0.7963605292760888
-0.7807831541557293
-0.7588237649362126
-0.7296236672921246
-0.6924611378802611
-0.647025608599924
-0.5936637192748112
-0.5334613663463411
-0.46806893201828553
-0.39933646519007215
-0.32892641526571625
-0.2580643773297467
-0.18746815918323623
-0.11740845587622512
-0.047830865408402555
0.02151944271674825
0.09097466849382313
0.16083095198670788
0.23123550273568033
0.3020546117567802
0.37275275089102755
0.4422969799528066
0.5091713479995847
0.571557146911362
0.6276784028524998
0.6762015779034513
0.7164970030443067
0.748648561605408
0.773255231229016
0.7911531521532873
0.8031740787867051
0.8099834263015061
0.8119948138697155
0.809335945489984
0.801838775726411
0.7890517246759295
0.7702795847375272
0.7446799641027907
0.7114322724344083
0.6699918286668223
0.620365640152175
0.5632875349486789
0.5001721569919723
0.4328247112888743
0.3630412279327263
0.29227741055804385
0.2214933573454317
0.1511645347281971
0.08137692236704215
0.011955841349235585
-0.05740657181275013
-0.12703920690257078
-0.19717519985153056
-0.26783325141674075
-0.33868720125113944
-0.40894969061438
-0.4773275069361888
-0.5421142400059679
-0.6014619912619553
-0.6537787295411112
-0.6980767967496767
-0.7341105875392965
-0.7622635632171524
-0.7832915606001748
-0.798053642736066
-0.8073104428864902
-0.8116035696925439
-0.8112016949708082
-0.8060801572960887
-0.7959200005005751
-0.780136286212066
-0.7579413053428632
-0.7284772176406284
-0.6910313773330939
-0.6453123943755866
-0.591693100523978
-0.5312813808332236
-0.4657428027369315
-0.3969275171248761
-0.32648440464305645
-0.25562236268859667
-0.1850419109399471
-0.11500152947119187
-0.045436605975471375
0.02391154157100179
0.09337609989947704
0.16325040550269387
0.23367286745473456
0.30449950786606694
0.37517766770900857
0.44465781462319065
0.5114082915572516
0.5736067060796902
0.6294840572504546
0.6777301118018108
0.717739485099016
0.7496186916318098
0.773979450026095
0.7916617879541958
0.8034931392064212
0.8101318498179119
0.8119814061712947
0.8091598455288059
0.8014900674269988
0.7885090144641053
0.7695157268076928
0.7436654499992524
0.7101416885740001
0.6684154092958554
0.6185158711720811
0.5612029282644467
0.49791019699551486
0.4304501119879671
0.36061127547712907
0.2898335053457774
0.21905992545944417
0.14875020246546758
0.07897902008856784
0.009565591836527531
-0.059800485291432115
-0.12944743617028473
-0.19960299851010205
-0.2702757949471381
-0.34112470532001
-0.41134693668672356
-0.4796312354439763
-0.5442610203881013
-0.6033895915688485
-0.6554425506362466
-0.6994558730056074
-0.735208078924704
-0.7631013551980848
-0.7838990452132691
-0.7984598486397239
-0.8075375241028138
-0.8116661751241052
-0.8111037096135093
-0.8058154455329244
-0.7954723933163063
-0.7794817177152115
-0.7570504694965581
-0.7273212119026008
-0.689591322070553
-0.643589860560422
-0.5897135059059926
-0.5290952527969031
-0.46341331906820077
-0.3945156326440635
-0.3240409645181034
-0.2531805977707709
-0.1826163963412524
-0.11259474204208526
-0.04304265156616541
0.026304258432805667
0.09577829325872578
0.1656705079253104
0.23611183393983842
0.30694523989153366
0.3776025234554813
0.4470160893921194
0.5136415553531123
0.5756488354344528
0.6312815748567433
0.6792495402467355
0.7189730153305935
0.7505803352694315
0.7746967930561426
0.7921645931364211
0.8038067539917928
0.8102750657898102
0.8119637400840037
0.8089800813357306
0.8011356471270572
0.7879604234126901
0.7687452838156297
0.7426425492229176
0.7088427307200508
0.6668303124958586
0.6166579635341992
0.5591117266035085
0.4956443109482279
0.4280738719761053
0.35818133110367845
0.2873907820307053
0.2166286542983022
0.14633808106420634
0.07658340572552423
0.007176851535077907
-0.062193713058938276
-0.13185503092282688
-0.20203015291677634
-0.2727170245171911
-0.3435606185261531
-0.41374038994621753
-0.4819292701896988
-0.5463991091711008
-0.6053078049525148
-0.6570948198297363
-0.7008227738172493
-0.7362949959524687
-0.7639291851841091
-0.7844975244030763
-0.7988577784805706
-0.8077576775316182
-0.8117221405250081
-0.8109988896983613
-0.8055431259264743
-0.795016675812073
-0.7788178511764148
-0.7561489165572741
-0.7261536381172359
-0.6881400388313852
-0.6418558145699472
-0.5877238100859775
-0.5269014586505151
-0.4610774424494687
-0.39210041899757436
-0.3215958079477187
-0.25073627481273925
-0.18018908422098825
-0.11018651164424878
-0.04064614497101144
0.028699226954368075
0.09818323078675871
0.16809355561846992
0.2385528065151011
0.3093923058973748
0.38002823191111806
0.4493735124474766
0.5158711412867897
0.5776859523881863
0.6330723067367066
0.6807610445878511
0.720199368567082
0.7515359484011404
0.7754084538714368
0.7926619880754047
0.8041167495396232
0.8104150208068571
0.8119426190015093
0.808796068969737
0.8007772091737752
0.7874068526608606
0.7679691788919817
0.7416138272260328
0.7075363282193303
0.6652374287651296
0.6147943320170312
0.557015328373677
0.4933753068220309
0.42569707005063634
0.3557526959412023
0.2849502411186456
0.21419951160817835
0.14392817650167977
0.07418962789665294
0.004791074715564596
-0.06458534392160571
-0.13426108770924255
-0.20445534240702412
-0.2751560942656865
-0.34599344613612654
-0.41612934666213663
-0.48422031755707645
-0.548528868008922
-0.607215221717277
-0.6587356887883316
-0.7021772630059893
-0.7373696898987951
-0.7647468225795584
-0.7850859642291139
-0.7992474275857606
-0.807968979805338
-0.8117691515707265
-0.8108856510364392
-0.8052615761695097
-0.7945511866356457
-0.7781438190008939
-0.755235601758859
-0.7249733514788864
-0.6866754166639164
-0.640108726749919
-0.5857239228308899
-0.5246987334780436
-0.45873509529820855
-0.38968061213586247
-0.3191472824929674
-0.24828948115976274
-0.17775953007616282
-0.10777533467583181
-0.03824707945326177
0.031098043969725816
0.10059239806063756
0.17052152703005885
0.24099895384856979
0.31184429434057476
0.3824559952017395
0.45173114531252034
0.5180984194980138
0.5797198917265367
0.6348584525983566
0.6822666164406502
0.7214196488952589
0.7524867364985237
0.7761163487086067
0.7931581172333452
0.8044250335889758
0.8105543593648726
0.8119200741620546
0.8086113607012642
0.8004176809346928
0.7868506249141466
0.7671889521356463
0.7405795347539526
0.7062254812034489
0.6636408564123812
0.6129260826238936
0.5549183642121701
0.491108678809151
0.4233237310663787
0.35332929469498275
0.28251582054813495
0.2117776678452953
0.14152564753937727
0.07180389018486652
0.0024103718592758407
-0.06697002481139645
-0.13666163764293132
-0.20687386728946253
-0.2775877242802021
-0.3484176899958894
-0.41850860924738054
-0.4864987694073193
-0.5506438440540646
-0.6091053487193804
-0.6603585075699947
-0.7035148521983395
-0.7384267614088177
-0.765547180420662
-0.7856593347943285
-0.7996207487408187
-0.8081664865637244
-0.8118030123969846
-0.8107577366910395
-0.8049655403635417
-0.794070035249629
-0.7774522917822871
-0.7543040243827273
-0.7237754920609936
-0.6851915399208727
-0.6383436636644446
-0.5837053442459267
-0.5224783929696386
-0.4563785973980828
-0.3872481590572649
-0.3166869216358361
-0.2458326769846523
-0.17532018328071713
-0.10535391035690507
-0.035837124066614795
0.03350853160288457
0.10301454493537825
0.17296099146726354
0.24345671674821948
0.3143058101919461
0.38489384076336525
0.4540985535362178
0.5203324292420645
0.581758103322923
0.6366468844916454
0.6837761892687001
0.722644345448729
0.7534423340171118
0.77683058221436
0.7936597211405865
0.8047418585751676
0.8107021398687426
0.8119076805198622
0.8084348808586336
0.800066075128709
0.7863039993392895
0.7664172776784096
0.7395539832110746
0.7049208288175258
0.662050744384789
0.6110674526840844
0.5528327647751609
0.4888543267877412
0.42096611924237176
0.3509240156173029
0.28010265760834246
0.20937670014166973
0.13914431026251936
0.06943837488517322
0.000052959997093698764
-0.06933336835229913
-0.1390383558216992
-0.2092712206757732
-0.27999711316376563
-0.35081760788672084
-0.4208608685631486
-0.4887495195405063
-0.55272760124561
-0.6109619454425388
-0.6619463470090455
-0.7048153634617149
-0.7394482959911353
-0.7663116238073183
-0.7861978085734689
-0.7999602004451616
-0.8083283079823527
-0.8118006799729046
-0.8105944857319968
-0.8046324798542235
-0.7935508978141633
-0.7767207316017445
-0.7533312936055993
-0.722532113958839
-0.6836634842494627
-0.6365336467451519
-0.5816430193721183
-0.5202164751087021
-0.4539802740999931
-0.38477509345059063
-0.3141858495965637
-0.24333504330911027
-0.17283839798873737
-0.10288971014422346
-0.033382670064965016
0.035963126244005376
0.1054827930551652
0.17544886592984593
0.24596356870278008
0.3168189124270917
0.3873815279812188
0.45651448593523963
0.5226147073487557
0.5838428142109586
0.6384832199311828
0.6853320383571978
0.7239167706278542
0.7544473551062929
0.7775968012841372
0.7942169533729516
0.8051149081796963
0.8109090024218665
0.8119552762314856
0.808321357625213
0.7997798698036633
0.7858198503653818
0.7657100739253562
0.7385925387044499
0.7036838969877303
0.6605306348622602
0.6092812873412047
0.5508224614926525
0.48668229173522226
0.4186939065731914
0.348607223659728
0.27778107901635907
0.2070707633572859
0.13686179918129862
0.06717477995422821
-0.002203382439173423
-0.07159143023807095
-0.14130905824087175
-0.2115579425616324
-0.2822933318952225
-0.35310151311819343
-0.42309230949695037
-0.49087191582337386
-0.5546776743062131
-0.6126811195372909
-0.663392063818597
-0.7059720219742447
-0.7403224589289578
-0.7669269070286189
-0.7865837692664132
-0.8001445618227719
-0.808331843158191
-0.8116362014111486
-0.810263334637358
-0.8041269406062524
-0.7928530551824812
-0.7758058757016855
-0.7521677389010704
-0.7210926732877321
-0.681931664019631
-0.6345143744107246
-0.5793670427719994
-0.517735390603641
-0.45135968936041454
-0.38207400928298646
-0.31145160413315587
-0.24059541042860066
-0.17010842063010087
-0.10016879088706447
-0.03066261367761362
0.03869391280828288
0.10823276997504595
0.17823024564421774
0.24877069823067627
0.3196408493326852
0.3901859914884039
0.45925349846589186
0.5252290430433583
0.5862673117086147
0.6406660521484925
0.6872463172414222
0.7255592986868923
0.7558357301654524
0.7787600539474104
0.7951842438256251
0.8059105850357918
0.8115539279555843
0.8124569011109976
0.8086760537549574
0.7999756761394292
0.7858374225426432
0.7655204777302069
0.7381684943627774
0.7030025578543084
0.6595882892697393
0.6080965497415457
0.5494406509687244
0.48516355797541244
0.4171053855826164
0.3470034749889441
0.27620169364108904
0.20553603992004194
0.13537873799110758
0.06574143972957108
-0.00359503661191067
-0.07295329458651133
-0.14264877269726153
-0.2128775045266206
-0.28358416665355507
-0.35434133733410955
-0.4242392155749806
-0.49186916323139895
-0.5554604020169743
-0.6131869642352186
-0.6635763983576797
-0.7058185382668228
-0.7398367112907727
-0.7661311418274955
-0.7855035922873574
-0.798803812526007
-0.8067502908664437
-0.8098189037046658
-0.8082103759614795
-0.801825799562429
-0.7902797430570138
-0.7729295258408339
-0.7489533284280053
-0.7175070640361001
-0.6779526354214601
-0.6301413233247553
-0.5746250880431353
-0.5126699999605653
-0.4460290262635689
-0.3765311333395499
-0.30573581702954983
-0.23472957375653553
-0.16409478465480837
-0.09400279445490918
-0.024325151620292303
0.04522100646920558
0.11497155155883014
0.18519315008093298
0.2559689793848948
0.3270670678674002
0.397823795190403
0.467061977051088
0.5331595937861799
0.5942712261003993
0.6487052203154413
0.6953098239130191
0.7336632201978875
0.7640213867559763
0.7870735487391869
0.803683065209572
0.8146486196367755
0.8205734246674111
0.8217974865592231
0.8183710923018629
0.8100466258102471
0.796305968830655
0.7764035201003464
0.749489426633717
0.7147905086190618
0.6718983018792534
0.6210098957368899
0.563067370327173
0.4996333714531623
0.4325548131022825
0.36356294181169163
0.2939903014314759
0.2246647048340093
0.15594580256412474
0.08784038792591796
0.0201345922969766
-0.047490093487690455
-0.11534007531834005
-0.18359598351534703
-0.25218106433863613
-0.32064540115964435
-0.38804918197465565
-0.45295816813280904
-0.5135770756982443
-0.5680658646643337
-0.6149506590148706
-0.6534213425638389
-0.6833895526510989
-0.7053467573872123
-0.7200677127944928
-0.7283691679757197
-0.730929824805823
-0.7281844878313477
-0.720283448699018
-0.7070727456630662
-0.6881103074173213
-0.6627039451657964
-0.6300000829712772
-0.5891536388058688
-0.539591892966396
-0.481319605594674
-0.4151464695279948
-0.3427116641508164
-0.2662513207215161
-0.18821729142061883
-0.11094705799870516
-0.03647006513683405
0.033579858686849935
0.09803042648711789
0.15628348418311946
0.20840511440286533
0.2550950643751449
0.29745062535455913
0.33657000047765206
0.3731344045122303
0.40713079967975274
0.43777706236819114
0.4637119339983604
0.48331752252937477
0.49504617495968006
0.497629220531474
0.49015436969233434
0.47213468253437857
0.4435902688279692
0.40516292276558064
0.3582048937511878
0.3047401952535491
0.24727027240036753
0.18851646174107012
0.131162666577801
0.07765407199477402
0.03003390907221268
-0.010225945590490589
-0.04238745401568401
-0.06649880873066404
-0.08329862055416114
-0.09394583776241928
-0.09975686444215999
-0.10195909651486655
-0.10158785933322635
-0.09945981538664217
-0.09618361651729851
-0.09219460252995329
-0.08780859442246708
-0.08324030114004018
-0.07863731146156756
-0.07410073971018165
-0.06969574835121407
-0.06546274610847233
-0.0614290397422568
-0.05760546751682731
-0.05399718773999696
-0.05060228139666139
-0.04741996902307501
-0.04443765762020955
-0.0416497207283412
-0.039047342079891904
-0.036616059228461714
-0.03434743394323299
-0.03223451309931068
-0.030264283727430966
-0.028426517194265685
-0.026712817166765487
-0.025115117051129628
-0.023625737207373626
-0.022238741057764834
-0.020941818062368264
-0.01973240083214016
-0.01860214103606011
-0.01754668526219431
-0.01656098692931976
-0.015639339307249887
-0.014776414768141169
-0.013968449484838217
-0.013213827569290995
-0.012506873850017279
-0.011842457103845525
-0.011220007714023535
-0.010636147209237695
-0.010087668567272716
-0.0095721993316592
-0.009088329409438455
-0.00863456713392781
-0.008206870233697126
-0.007803857997763882
-0.007425047052702065
-0.007066283611498656
-0.006728547829504323
-0.006410210865469104
-0.00611098086975732
-0.005827509530383397
-0.00555984529881258
-0.005307852665039448
-0.005067776953605982
-0.004842494813398488
-0.004626678291534749
-0.004423645642527618
-0.004231987788975533
-0.004050766726247387
-0.003877434805529104
-0.0037140167894658908
-0.0035575467719671313
-0.0034098202237701066
-0.0032709768800902807
-0.0031372830790355
-0.0030108853295507864
-0.0028888451481645975
-0.00277499454922564
-0.002665078832704908
-0.0025604045281040306
-0.0024613181914333753
-0.002367202428361335
-0.002278002329042693
-0.002190318323956268
-0.0021098412375278545
-0.002030944082786013
-0.001956081707512739
-0.0018847523838382415
-0.001817670579276826
-0.0017513757421397838
-0.0016894060804492875
-0.0016318194607431867
-0.0015724153072776506
-0.001516430370565228
-0.001465707227509357
-0.0014157156973456807
-0.0013669350381772573
-0.0013215117855054136
-0.0012766381308885431
-0.0012336220019699684
-0.001193218772361829
-0.0011545497094389552
-0.001117636454342048
-0.0010819707372056542
-0.001046553830259258
-0.0010145646492769526
-0.0009805924394495937
-0.0009491060915574517
-0.0009211881219776753
-0.0008939194086148585
-0.0008654181918080272
-0.0008394782260839177
-0.0008135988153060507
-0.0007915243281080203
-0.0007657296973818602
-0.0007428571971283246
-0.0007213976857234167
-0.0007016011363245869
-0.0006794164963169118
-0.000660805154936617
-0.0006424956436734226
-0.0006241847598616498
-0.0006073551594642496
-0.000589900212823829
-0.0005726794472702252
-0.0005570861291710652
-0.0005420704118526543
-0.0005269822618464844
-0.0005125926514474896
-0.0004983402896231983
-0.00048411554969528557
-0.00047207482738860935
-0.0004607033471276652
-0.00044861092949271007
-0.0004358700184948046
-0.0004248774989442563
-0.0004138852191936467
-0.00040285663075630384
-0.00039350238707422445
-0.0003826937807659908
-0.0003738426378693546
-0.0003638050171474368
-0.0003548780505992148
-0.00034619945470322163
-0.0003381901312802748
-0.0003289469055676553
-0.0003235396506213359
-0.0003139742390933457
-0.00030651260533555696
-0.0002992744636326321
-0.0002920962224490189
-0.00028496925072021763
-0.0002773070382707789
-0.00027036331144261803
-0.00026516425389818527
-0.0002603970587701986
-0.0002538526957676448
-0.00024671516809353795
-0.00024143520254095842
-0.00023729802925987563
-0.00023229285637871435
-0.00022562328436604722
-0.00022315508565106507
-0.00021595629713924138
-0.00021123959055579898
-0.00020746793772531368
-0.0002026361476403007
-0.00019764966560809042
-0.0001931927381156309
-0.00019008057017263816
-0.00018657526739638484
-0.00018143665611616876
-0.00017758178975634076
-0.00017458577386946696
-0.00017078137011772692
-0.0001670492185345888
-0.00016426946219553072
-0.0001608627006236837
-0.00015548734755524893
-0.0001541358596317293
-0.0001496994235857002
-0.00014762886325731268
-0.00014417313946724143
-0.00014205327018730225
-0.00013914382924057615
-0.00013502197300699798
-0.0001338326984453959
-0.0001308422406425514
-0.00013006370314065004
-0.00012692266681865248
-0.0001223183198612903
-0.00012030033506783109
-0.00011867459341067847
-0.0001163530823088351
-0.00011535789228212671
-0.00011295896698065951
-0.00010973164370207811
-0.00010808271456295315
-0.00010709835208780194
-0.00010408003171799017
-0.00010342501586195401
-0.00009854034434914974
-0.0000997153267749871
-0.00009590304414222993
-0.0000944823934559073
-0.00009431072152291427
-0.00009159627372699643
-0.00008947578104740037
-0.00008883965309852634
-0.00008639463396536766
-0.00008436306346675681
-0.00008526482430336873
-0.0000824025566473231
-0.00008013554494614977
-0.00007817150880609271
-0.00007752492951432213
-0.00007676344571291445
-0.00007480983311757294
-0.00007499445345305917
-0.00007241235633821216
-0.00007148555601923007
-0.00006978854305915753
-0.00007035673607114277
-0.00006803847397211643
-0.00006786698763145174
-0.00006586254209644267
-0.0000638256416495349
-0.00006377598222194145
-0.00006388054838823066
-0.000061028210775348685
-0.000060054959834468875
-0.00006085605126673953
-0.000060462810745473135
-0.00005840512581872864
-0.00005579645633376084
-0.00005594197565937914
-0.00005526076301601637
-0.000055733945724580804
