-3.7034940210945606e-7
-3.7458528850213953e-7
-3.7887994835620063e-7
-3.832346554517752e-7
-3.8765022047488136e-7
-3.9212766097590307e-7
-3.966680366150497e-7
-4.0127229446873316e-7
-4.059416123151102e-7
-4.106768758261267e-7
-4.1547961962122705e-7
-4.203503684750328e-7
-4.252908945414584e-7
-4.303015767915461e-7
-4.3538427197420087e-7
-4.4054005023564e-7
-4.4577021026625567e-7
-4.510757733314134e-7
-4.564580544466848e-7
-4.619184306371203e-7
-4.6745845887360357e-7
-4.730790371241825e-7
-4.78782055483634e-7
-4.845684696198691e-7
-4.904399574723018e-7
-4.963980389742182e-7
-5.024441798696681e-7
-5.085796207569026e-7
-5.148062992839803e-7
-5.211258584765013e-7
-5.275397390863845e-7
-5.340495381662711e-7
-5.406568345190267e-7
-5.473636605672689e-7
-5.541717382446429e-7
-5.610827538886833e-7
-5.680982953485659e-7
-5.752207256260621e-7
-5.824517465909732e-7
-5.897932717353793e-7
-5.972474268009356e-7
-6.048159825305013e-7
-6.125011780773852e-7
-6.203051976423228e-7
-6.282300236253809e-7
-6.362779554235977e-7
-6.444512591888543e-7
-6.527520284620742e-7
-6.611828830447229e-7
-6.697461125474875e-7
-6.784443735652472e-7
-6.872797891159279e-7
-6.962552024408158e-7
-7.053729114591831e-7
-7.146359379702645e-7
-7.240468695458558e-7
-7.336083147163446e-7
-7.433233920229837e-7
-7.531947423599412e-7
-7.632256213437745e-7
-7.734186899691569e-7
-7.83777300029837e-7
-7.943046469061121e-7
-8.050038011003544e-7
-8.158783322768441e-7
-8.26930982310715e-7
-8.381660861194358e-7
-8.495865768211424e-7
-8.611961115129618e-7
-8.72998475772287e-7
-8.84997714129037e-7
-8.971971615158564e-7
-9.096010328811905e-7
-9.222131960638462e-7
-9.350383194928954e-7
-9.480798948303993e-7
-9.613426162805915e-7
-9.748310011367294e-7
-9.885491267057915e-7
-1.0025022166530503e-6
-1.0166942958660388e-6
-1.0311307350389114e-6
-1.0458161635941374e-6
-1.060755907767375e-6
-1.0759551086067743e-6
-1.0914188755523335e-6
-1.1071527680280113e-6
-1.1231622716624337e-6
-1.1394529719576915e-6
-1.1560312236517164e-6
-1.1729021492758239e-6
-1.1900725149713857e-6
-1.2075484059827437e-6
-1.2253359552282136e-6
-1.2434418489418066e-6
-1.261872978550068e-6
-1.2806362184605843e-6
-1.2997383366257648e-6
-1.3191867475752661e-6
-1.338988723330713e-6
-1.3591519518346836e-6
-1.3796840372321236e-6
-1.4005931621247613e-6
-1.4218872080860747e-6
-1.4435747261528598e-6
-1.465664070342007e-6
-1.4881641247256678e-6
-1.5110840548613815e-6
-1.534432534526939e-6
-1.5582197989515439e-6
-1.5824547974729984e-6
-1.6071480025502653e-6
-1.6323092825770378e-6
-1.6579491186279237e-6
-1.6840782908092124e-6
-1.7107079246308057e-6
-1.7378489258332594e-6
-1.7655132669758378e-6
-1.7937126896743569e-6
-1.822459144466073e-6
-1.8517655956520617e-6
-1.8816444716593694e-6
-1.9121091095752342e-6
-1.9431730362604282e-6
-1.9748500580829603e-6
-2.0071542559824682e-6
-2.040100533654529e-6
-2.073704104621001e-6
-2.1079798480021597e-6
-2.1429438816133523e-6
-2.1786126041893967e-6
-2.21500243802171e-6
-2.2521307051981887e-6
-2.290015238712927e-6
-2.328673747630534e-6
-2.3681251655398234e-6
-2.4083886991162573e-6
-2.4494836790002937e-6
-2.4914305711860394e-6
-2.5342500810983567e-6
-2.577963748125459e-6
-2.622593370412104e-6
-2.6681614456667538e-6
-2.7146916558244565e-6
-2.7622073845547076e-6
-2.8107335714169646e-6
-2.8602953878750078e-6
-2.9109187342192197e-6
-2.9626306190653185e-6
-3.0154584791257522e-6
-3.0694306235497147e-6
-3.124576504962193e-6
-3.180925681441015e-6
-3.2385094897222603e-6
-3.2973596874318428e-6
-3.357508807374463e-6
-3.4189911594692745e-6
-3.48184105514032e-6
-3.546094417463678e-6
-3.6117883115971145e-6
-3.6789603530888558e-6
-3.7476503088078986e-6
-3.817898334790095e-6
-3.889745704697454e-6
-3.963235765874457e-6
-4.038412532881056e-6
-4.115321393354374e-6
-4.1940101088505285e-6
-4.274526197293434e-6
-4.356920353912731e-6
-4.441243728080687e-6
-4.527549892805636e-6
-4.615893344964307e-6
-4.70633118431434e-6
-4.798921481157086e-6
-4.893724923460756e-6
-4.990803492734764e-6
-5.0902217387763005e-6
-5.192045964576194e-6
-5.296344889911455e-6
-5.403189107864902e-6
-5.512651951285137e-6
-5.624809104796287e-6
-5.739738589264988e-6
-5.85752115812285e-6
-5.978240100784814e-6
-6.101982073799647e-6
-6.228835702900458e-6
-6.358893483149841e-6
-6.492250738263348e-6
-6.629006094697609e-6
-6.769261605720399e-6
-6.913122661486382e-6
-7.060698638810605e-6
-7.212102481257975e-6
-7.367451283760672e-6
-7.5268659192665295e-6
-7.690472012849572e-6
-7.858399458682859e-6
-8.030782705287413e-6
-8.207760855642553e-6
-8.389478368369382e-6
-8.57608522583301e-6
-8.767735819707024e-6
-8.964591117565179e-6
-9.166817895403477e-6
-9.374588676009715e-6
-9.588082635928025e-6
-9.807485521807847e-6
-0.000010032990292378456
-0.000010264796707679818
-0.000010503112740533967
-0.000010748153562127864
-0.000011000142918230124
-0.000011259313125824404
-0.000011525905442414739
-0.00001180017046740632
-0.00001208236858277902
-0.00001237277007814977
-0.000012671656494885683
-0.000012979320075859032
-0.000013296064341359514
-0.00001362220548797192
-0.000013958072497742785
-0.000014304007177282949
-0.000014660365457851297
-0.00001502751770444779
-0.00001540584956208063
-0.000015795762284888905
-0.000016197673972284206
-0.000016612020170274342
-0.000017039254639017714
-0.000017479850187566954
-0.00001793429961154067
-0.000018403116481336376
-0.000018886837007828913
-0.000019386019681659447
-0.000019901247571972544
-0.000020433129018464815
-0.000020982298993866283
-0.000021549420401488368
-0.000022135185153771727
-0.0000227403166982098
-0.000023365570106824492
-0.00002401173432683912
-0.000024679634779978512
-0.0000253701337933389
-0.000026084133434814877
-0.000026822577099023213
-0.000027586451814029308
-0.000028376791140725455
-0.000029194676017975856
-0.00003004123910988954
-0.000030917666732368495
-0.000031825201120989425
-0.000032765144640013646
-0.0000337388623860538
-0.00003474778558716479
-0.00003579341547425174
-0.000036877326564620675
-0.00003800117150927468
-0.00003916668523330629
-0.00004037568900470356
-0.000041630096299137914
-0.00004293191652961021
-0.00004428326194973413
-0.00004568635327132126
-0.00004714352524027795
-0.00004865723362673617
-0.00005023006273884209
-0.000051864731962886587
-0.00005356410461713129
-0.000055331195513602666
-0.000057169181755032636
-0.000059081409836625776
-0.0000610714083619142
-0.00006314289709081628
-0.0000652998000748418
-0.0000675462564078191
-0.00006988663507800422
-0.00007232554815813239
-0.00007486786580665158
-0.00007751873229103188
-0.00008028358357376993
-0.0000831681645107378
-0.00008617854898792462
-0.00008932116016066612
-0.00009260279211302787
-0.00009603063410867698
-0.0000996122940650147
-0.00010335582625593657
-0.00010726975873773158
-0.0001113631230273186
-0.0001156454863105644
-0.00012012698424487416
-0.0001248183568887684
-0.000129730986290725
-0.00013487693560695514
-0.00014026899143645982
-0.00014592070644777692
-0.00015184644633284988
-0.0001580614371143975
-0.00016458181372993753
-0.00017142467262177993
-0.00017860812324149998
-0.0001861513417413614
-0.00019407462391025188
-0.0002023994390157248
-0.00021114848108307898
-0.0002203457174895215
-0.0002300164346105135
-0.0002401872740472727
-0.00025088626343861627
-0.0002621428322159109
-0.00027398781145411045
-0.0002864534123914291
-0.0002995731757992227
-0.0003133818847537098
-0.00032791543125527706
-0.0003432106214985288
-0.0003593049068945032
-0.0003762360171134898
-0.0003940414746886436
-0.0004127579549695988
-0.00043242045718155036
-0.00045306123461890855
-0.00047470842503491005
-0.000497384306416551
-0.0005211030817667908
-0.0005458680775634543
-0.0005716682068113887
-0.0005984735181466532
-0.0006262295982416578
-0.0006548505499849014
-0.0006842101925818469
-0.0007141310521976657
-0.0007443706117188065
-0.0007746041636067212
-0.0008044034812710157
-0.0008332103558300859
-0.0008603038806020539
-0.0008847601878195181
-0.0009054031919083026
-0.000920744800819735
-0.0009289131027850792
-0.000927567331391588
-0.0009137991360542268
-0.0008840211288482511
-0.0008338462152488094
-0.0007579654179496982
-0.0006500384065668088
-0.0005026204462248496
-0.00030716234792728565
-0.000054135644502390336
0.00026664910948075626
0.0006654538918169416
0.0011516869507755781
0.0017326155897226382
0.0024117899354061337
0.003187394696979093
0.004050904931976598
0.00498651506628886
0.005971741920873423
0.006979327876158334
0.007980161484653817
0.00894657019617246
0.0098552102355105
0.010688948978345405
0.011437506525921928
0.012097004028055098
0.012668799827854774
0.013158037114283344
0.013572233903886307
0.013920105559359904
0.014210686714442231
0.014452739616396206
0.01465439768729104
0.014822983456871714
0.014964945572016752
0.015085870912939446
0.015190539747027759
0.015283001986848746
0.01536666037523603
0.015444351946664435
0.01551842284516098
0.015590793967400414
0.01566301635673596
0.01573631608483088
0.01581162876498681
0.015889623963365088
0.0159707197404512
0.016055087401930367
0.01614264632307977
0.016233048435832287
0.016325651672702536
0.016419481329231222
0.01651317798019162
0.016604930243156846
0.01669239040274183
0.016772570703442014
0.016841718096647668
0.016895165533747973
0.01692715873220581
0.016930659057970983
0.016897126187077338
0.01681628916900478
0.01667592209216493
0.016461651454601434
0.016156836854652825
0.015742583992111644
0.015197966176945618
0.014500540925899898
0.01362724036355385
0.012555673426737628
0.011265793182848788
0.009741759653059626
0.007973703920783783
0.0059590387689553515
0.0037030265366749023
0.001218510417733079
-0.0014750394773760897
-0.004352841614460952
-0.007386133505326002
-0.010543277422854713
-0.013790553734320102
-0.017092675593056328
-0.020413125070083075
-0.023714438423224397
-0.026958579634135275
-0.030107543112012178
-0.03312430724098943
-0.035974201064382864
-0.03862663453555209
-0.04105699079308493
-0.043248336188507513
-0.045192546583681895
-0.04689053624276019
-0.048351497569381945
-0.04959132302258673
-0.05063056558282872
-0.051492334596525996
-0.05220043770174135
-0.052777936556961454
-0.05324615164617202
-0.053624064054867186
-0.0539280225701384
-0.054171659242392936
-0.054365929577796145
-0.05451921281411941
-0.05463742651367889
-0.05472412516708402
-0.05478056420527119
-0.05480571945295551
-0.05479625875746566
-0.05474646857770562
-0.054648144994770116
-0.0544904671978209
-0.05425988312403145
-0.05394005230172059
-0.05351190957704553
-0.05295393253355516
-0.05224270821888823
-0.05135388931887086
-0.0502635900578392
-0.04895018434941416
-0.047396335839091336
-0.04559094601713756
-0.043530619963155937
-0.04122028929213174
-0.038672816630425356
-0.03590766917417809
-0.032948971732870286
-0.029823339910899457
-0.02655784187133797
-0.023178303570569943
-0.019708035620052303
-0.016166971005125052
-0.012571173547857637
-0.008932689402577016
-0.005259735094354885
-0.0015572128941454804
0.0021724974775783365
0.005928586297208166
0.009710861521438052
0.013518948754355647
0.017351732246990464
0.021207043198197814
0.025081539311081185
0.028970694682672223
0.03286882518748426
0.03676909540212231
0.040663475553773455
0.04454263478106507
0.048395769435411365
0.052210374148144854
0.05597197158059544
0.05966382655749995
0.06326668336194607
0.0667585817617517
0.07011482591466012
0.07330819479015604
0.07630948204522987
0.07908842204986655
0.08161498403118664
0.08386090105399473
0.08580117827727515
0.08741525867789142
0.08868757556887227
0.08960739937853543
0.09016812453381147
0.09036633193865602
0.09020102066026633
0.08967331423617787
0.08878675539053398
0.0875480753869599
0.08596813261928432
0.08406262683840866
0.08185225353070977
0.07936215259912621
0.07662074386258663
0.07365822000200534
0.07050501867962766
0.0671905292551916
0.06374216715131904
0.06018483354814427
0.05654070316953429
0.052829251422794904
0.04906743108944417
0.04526992277778434
0.04144940131028192
0.037616776295648455
0.03378137746244539
0.029951064506521363
0.02613224928017463
0.022329827982366157
0.018547035822961692
0.014785258635541039
0.011043863927354382
0.007320139826407793
0.0036094380362849997
-0.00009441256568054038
-0.003798427607041122
-0.007509623210704127
-0.011234171988578666
-0.014976724725927672
-0.018739996794888237
-0.022524625215256906
-0.02632922972762768
-0.030150581768588338
-0.033983792887618415
-0.03782246011937597
-0.041658733832919355
-0.04548329559024226
-0.04928524835078026
-0.05305193119826283
-0.056768678834424074
-0.06041855526632007
-0.06398210343661724
-0.06743716862503306
-0.07075887141114152
-0.07391982000205777
-0.0768906506653191
-0.0796409535037434
-0.08214056589856962
-0.08436110056591298
-0.08627745280921478
-0.08786896524245402
-0.08911997936075845
-0.09001968144584568
-0.09056138866116473
-0.09074161082806204
-0.09055928148791736
-0.09001546366186297
-0.08911364408266217
-0.08786050212335753
-0.08626684801095556
-0.08434833672287757
-0.08212562207067323
-0.07962380511917082
-0.07687126945340465
-0.07389817391557331
-0.0707349245376846
-0.06741088108889284
-0.06395343128841237
-0.06038745036282479
-0.05673508870489902
-0.05301579889925042
-0.04924651230795094
-0.045441889425451513
-0.04161458617746541
-0.03777549441181985
-0.03393392715472247
-0.03009772838951227
-0.026273295179737772
-0.02246550980005191
-0.018677594343085992
-0.014910922280647089
-0.01116484946441615
-0.0074366530286351295
-0.003721674302561192
-0.00001373237044736088
0.003694197641794711
0.007409140589842942
0.01113727733369499
0.014883266451274118
0.01864983067807101
0.022437613994195957
0.026245242721832856
0.030069494523417478
0.033905486840417005
0.037746822285206795
0.041585656509990895
0.04541267608191846
0.04921698870448282
0.052985937959300775
0.056704862814092816
0.060356831322807405
0.06392239026910759
0.06737938857885738
0.07070295029345981
0.07386568690831197
0.07683823781427994
0.07959019608216247
0.08209140191327735
0.08431347070468802
0.08623130030846625
0.08782423576336501
0.08907662087099151
0.08997764410966229
0.09052062473479382
0.09070207456023209
0.09052092902688262
0.08997825296538003
0.08907753483348205
0.08782545564767005
0.08623282720234568
0.08431530596956957
0.08209354718709501
0.07959265328182155
0.07684100913926302
0.07386877484517786
0.07070635762006185
0.067383118369479
0.06392644589894644
0.06036121647373853
0.05670958148011293
0.05299099445239889
0.049222387660987285
0.045418422469288955
0.04159175563435356
0.03775327979949307
0.03391230875221496
0.03007668720512632
0.026252812920147174
0.022445568841258895
0.01865817770329241
0.014892013594144528
0.01114643295752663
0.007418713496452068
0.0037041970871645674
-3.296660347572837e-6
-0.0037107921151366316
-0.007425313648021649
-0.011153041654593653
-0.014898634267631836
-0.018664813796457586
-0.02245222381311202
-0.02625949024832965
-0.030083390389086414
-0.03391904131639464
-0.03776004529647486
-0.04159855764818713
-0.0454252646188483
-0.04922927360366254
-0.052997927887472485
-0.056716566152667125
-0.06036825617819656
-0.06393354448311456
-0.0673902797381695
-0.07071358573933019
-0.07387607374528958
-0.07684838291907041
-0.07960010611147085
-0.08210108331205883
-0.08432292971359615
-0.08624054297114245
-0.08783326793295095
-0.089085448217604
-0.0899862721265126
-0.09052905874441662
-0.09071031972072963
-0.09052899033752372
-0.08998613527232506
-0.08908524283500642
-0.08783299389910858
-0.08624020012127413
-0.08432251784014609
-0.08210060216475656
-0.07959955539757113
-0.07684776230421186
-0.07387538285416656
-0.07071282415608487
-0.06738944700700909
-0.06393264010813757
-0.06036727962327908
-0.056715516840823876
-0.052996805200360736
-0.049228076880558275
-0.045423993156084294
-0.0415972106978242
-0.037758622065746573
-0.033917540966522004
-0.030081812034544665
-0.02625783295587979
-0.0224504866012118
-0.018662995634409974
-0.014896734075033887
-0.011151058300995944
-0.007423245952376081
-0.003708638844801608
-1.0565304386417728e-6
0.0037065254156075107
0.0074211314179482984
0.01114894192429238
0.014894615118600843
0.018660873360246296
0.022448360269919462
0.026255701826432238
0.030079675363828724
0.03391539800859344
0.037756472071330274
0.04159505291415599
0.0454218268260753
0.04922590124263355
0.05299461948788259
0.05671332028194821
0.06036507144052126
0.06393041951782037
0.06738721321887231
0.07071057637271966
0.07387312027056823
0.07684548410657227
0.07959726076262452
0.08209829025823309
0.08432018781602657
0.08623785112013542
0.08783062504769361
0.08908285324499468
0.08998372404060936
0.09052655654521509
0.09070786243355823
0.09052657701194063
0.08998376498168029
0.08908291467573476
0.08783070699060945
0.08623795360516456
0.08432031088028835
0.08209843394616455
0.07959742512592023
0.07684566920508329
0.07387332617203031
0.0707108031533945
0.06738746096362869
0.06393068832052781
0.06036536140428999
0.056713631518944985
0.0529949521196983
0.04922625540030174
0.045422202650213156
0.04159545055521811
0.037756891689493116
0.033915839774142593
0.030080139457133667
0.02625618843832935
0.02244886960140176
0.01866140562276887
0.01489517053402122
0.011149520724235234
0.007421733843674694
0.003707151717449758
-4.060935758813076e-7
-0.0037079640059080304
-0.007422546436347047
-0.011150333824423424
-0.014895984345599274
-0.018662220350483243
-0.022449685450811722
-0.026257005615978782
-0.030080958170624512
-0.03391666023189945
-0.03775771410128334
-0.04159627513174089
-0.04542302960349409
-0.049227084943760054
-0.05299578446825457
-0.05671446688916684
-0.0603662000145016
-0.06393153039110755
-0.06738830671684098
-0.07071165281371485
-0.07387417996618342
-0.07684652736193702
-0.07959828787615371
-0.08209930152252982
-0.08432118351711788
-0.08623883153835911
-0.0878315904572743
-0.08908380391458293
-0.08998466023296604
-0.09052747851798505
-0.09070877043883789
-0.09052747129670316
-0.08998464578788161
-0.08908378224023139
-0.08783156154561317
-0.08623879537787939
-0.08432114009330506
-0.0820992508176797
-0.07959822986954994
-0.07684646202992325
-0.07387410728310682
-0.0707115727515392
-0.06738821924576037
-0.06393143547956123
-0.060366097629420995
-0.056714356995612995
-0.05299566702970792
-0.049226959921893194
-0.045422896958071966
-0.041596134820456813
-0.037757566079852575
-0.03391650445400641
-0.03008079458754171
-0.026256834177014556
-0.02244950610292978
-0.01866203303864169
-0.014895789012569946
-0.011150130411071022
-0.007422334881720827
-0.003707744247213335
-1.780658447488197e-7
0.0037073880807337203
0.007421978611539854
0.011149773967975427
0.014895432327779594
0.01866167604349278
0.022449148729025495
0.026256476356090457
0.03008043625137907
0.033916145534518535
0.03775720650903009
0.041595774530373726
0.04542253588074167
0.049226597989465576
0.05299530417434388
0.05671399314958106
0.060365732725213186
0.0639310694497264
0.06738785202299674
0.0707112042687887
0.07387373747314163
0.07684609082545771
0.07959785720284805
0.08209887662027684
0.08432076429584176
0.08623841790930707
0.08783118233367286
0.08908340121105934
0.08998426286592325
0.09052708640528145
0.09070838349988812
0.09052708945236285
0.08998426896032584
0.08908341035323347
0.08783119452404205
0.0862384331483265
0.08432078258352073
0.08209889795665615
0.07959788158770446
0.07684611825893817
0.07387376795566719
0.0707112378014415
0.06738788860777624
0.06393110908961118
0.060365775423926224
0.05671403891201703
0.05299535300599105
0.04922664989675875
0.045422590870751366
0.041595832610658544
0.037757267687722106
0.03391620981980769
0.030080503651982338
0.02625654688095563
0.02244922238745547
0.018661752845315748
0.014895512283770219
0.011149857089973255
0.00742206491319161
0.0037074775779674784
-8.535468346709219e-8
-0.0037076483005517606
-0.0074222356756197694
-0.0111500279187143
-0.014895683205167693
-0.018661923885726447
-0.022449393572988932
-0.026256718237637363
-0.030080675205924567
-0.033916381596879444
-0.037757439713773565
-0.04159600491159367
-0.04542276347218359
-0.049226822824477566
-0.05299552628557069
-0.05671421256886506
-0.060365949483462654
-0.06393128357701311
-0.06738806354817482
-0.0707114132197178
-0.07387394387669896
-0.07684629470763898
-0.07959805858902945
-0.0820990755358865
-0.08432096076624344
-0.08623861196075495
-0.08783137399306573
-0.08908359050629938
-0.08998444982554236
-0.09052727105844528
-0.09070856587597707
-0.09052726958087896
-0.0899844468710361
-0.08908358607604067
-0.08783136808954367
-0.08623860458781642
-0.08432095192923049
-0.08209906524181759
-0.07959804684608482
-0.07684628152470967
-0.0738739292629305
-0.0707113971840539
-0.06738804609894582
-0.06393126472155956
-0.06036592922838991
-0.056714190919813195
-0.052995503247418196
-0.0492267984016119
-0.04542273766848341
-0.04159597773076421
-0.03775741115955781
-0.03391635167302796
-0.030080643916525488
-0.02625668558699601
-0.022449359565419498
-0.018661888525508437
-0.014895646495745794
-0.011149989862453778
-0.007422196272883382
-0.003707607549036996
-4.324896974958089e-8
0.0037075210466316687
0.00742210975692352
0.011149903323606446
0.014895559924016463
0.018661801910324433
0.022449272895744377
0.026256598851066005
0.030080557102118977
0.03391626476747782
0.03775732414970578
0.041595890603134185
0.04542265040922609
0.049226710996299695
0.0529954156812022
0.05671410317715171
0.060365841293250615
0.06393117657711983
0.06738795772764933
0.07071130856768511
0.07387384038254473
0.07684619236094892
0.07959795737947303
0.08209897545291182
0.08432086179938589
0.0862385140990933
0.08783127722525325
0.08908349482071633
0.08998435521033632
0.09052717750125928
0.09070847336459792
0.0905271781028426
0.08998435641389685
0.0890834966273143
0.08783127963638288
0.08623851711711207
0.0843208654275556
0.08209897969532232
0.07959796224077263
0.07684619784640431
0.07387384649758592
0.0707113153176288
0.06738796511779026
0.06393118461233961
0.06036584997804669
0.05671411251565964
0.05299542567699951
0.049226721652679405
0.04542266172912248
0.04159590258897872
0.037757336803538766
0.033916278090960296
0.030080571096568372
0.026256613517285424
0.022449288234148605
0.01866181792101494
0.014895576606667372
0.011149920677837934
0.007422127782349488
0.003707539743140532
-2.3880896738730938e-8
-0.0037075875079624755
-0.0074221755563318075
-0.011149968466924414
-0.014895624416537004
-0.01866186575706486
-0.022449336101544756
-0.02625666142074137
-0.030080619040759527
-0.0339163260802675
-0.03775738484213358
-0.04159595068092062
-0.04542270987822178
-0.049226769862491374
-0.05299547395078805
-0.05671416085649511
-0.060365898388761684
-0.06393123309526832
-0.06738801367493447
-0.07071136395072243
-0.07387389520791954
-0.07684624663520538
-0.07959801110912756
-0.08209902864452874
-0.08432091445916745
-0.08623856623337171
-0.08783132884008922
-0.08908354592202364
-0.08998440580373968
-0.0905272275926001
-0.09070852295927662
-0.09052722720636953
-0.08998440503155176
-0.08908354476430529
-0.08783132729788602
-0.08623856430822456
-0.08432091215320482
-0.08209902596032678
-0.07959800804999755
-0.07684624320454854
-0.07387389140929236
-0.07071135978762065
-0.06738800915058983
-0.06393122821264766
-0.06036589315048203
-0.05671415526486637
-0.05299546800771085
-0.049226763569627234
-0.045422703236957004
-0.041595943692568096
-0.03775737750775951
-0.03391631840077774
-0.030080611016983238
-0.026256653053411953
-0.022449327391208106
-0.01866185670413903
-0.01489561502106731
-0.011149958728553566
-0.007422165474392254
-0.0037075770810769968
-1.310728893584361e-8
0.003707550865748192
0.0074221392566445115
0.01114993250673289
0.014895588793298055
0.01866183046828121
0.022449301144894747
0.026256626794096124
0.030080584741908407
0.03391629210706894
0.037757351192345655
0.04159591735222712
0.04542267686843527
0.04922673716931453
0.05299544157195797
0.05671412878979805
0.06036586663204661
0.06393120164648856
0.06738798253212044
0.07071133311196764
0.07387386467143749
0.07684621639925052
0.0795979811719626
0.08209899900431035
0.08432088511410185
0.0862385371813241
0.08783130007890158
0.08908351744926929
0.08998437761692903
0.09052719968898022
0.09070849533616474
0.09052719986096332
0.08998437796099981
0.08908351796559436
0.0878313007679115
0.08623853804354711
0.08432088615027986
0.08209900021543906
0.0795979825591123
0.07684621796364055
0.07387386641425668
0.07071133503439282
0.06738798463518787
0.0639312039311164
0.060365869098888685
0.0567141314394977
0.05299544440461358
0.04922674018489466
0.045422680066751264
0.04159592073273702
0.03775735475399553
0.0339162958486453
0.030080588661774266
0.0262566308901974
0.02244930541486154
0.018661834909496185
0.014895593403001492
0.011149937282283164
0.007422144195604737
0.0037075559663363876
-7.845953983161827e-9
-0.00370757165880748
-0.007422159889881635
-0.011149952979479892
-0.014895609104086301
-0.018661850615350573
-0.02244932112621444
-0.026256646607702452
-0.030080604385933726
-0.033916311579900105
-0.037757370492717456
-0.04159593647901576
-0.045422695820638195
-0.049226755946322226
-0.05299546017310849
-0.05671414721449008
-0.06036588487961986
-0.06393121971631363
-0.06738800042341846
-0.0707113508239009
-0.0738738822030492
-0.07684623374959737
-0.07959799834018665
-0.08209901598973116
-0.08432090191623992
-0.08623855380016311
-0.0878313165147994
-0.08908353370299676
-0.08998439368968658
-0.09052721558221659
-0.09070851105144646
-0.09052721540011484
-0.08998439332599077
-0.08908353315868812
-0.08783131579160336
-0.08623855290079752
-0.08432090084443247
-0.0820990147502266
-0.07959799693858179
-0.07684623219201416
-0.07387388049589251
-0.07071134897355899
-0.06738799843607506
-0.06393121759787235
-0.06036588263558628
-0.056714144850079
-0.052995457693218374
-0.049226753355732
-0.045422693124078366
-0.04159593368131971
-0.037757367598994146
-0.03391630859557536
-0.030080601316772114
-0.026256643459827984
-0.022449317906132756
-0.018661847329679973
-0.0148956057594078
-0.011149949581703348
-0.007422156443939989
-0.0037075681681859496
-4.312055295180719e-9
0.0037075595440108924
0.007422147819620442
0.011149940957033627
0.014895597134182726
0.018661838703470678
0.02244930927844977
0.026256634830003206
0.030080592684109706
0.033916299959244944
0.03775735895802868
0.0415959250347792
0.04542268447084326
0.049226744694625256
0.052995449023043435
0.05671413616947883
0.06036587394307926
0.06393120889181163
0.06738798971475973
0.07071134023504758
0.07387387173818791
0.07684622341299915
0.07959798813613159
0.08209900592213867
0.08432089198863037
0.08623854401530334
0.08783130687474595
0.08908352420886612
0.08998438434194389
0.0905272063805991
0.09070850199550623
0.09052720648885022
0.08998438455811555
0.0890835245324551
0.08783130730471463
0.08623854455013612
0.08432089262618771
0.08209900665966707
0.07959798897046662
0.07684622434072068
0.07387387275555002
0.0707113413384358
0.06738799090059622
0.06393121015680994
0.06036587528401505
0.056714137583334864
0.052995450507034
0.04922674624588414
0.04542268608661954
0.04159592671212058
0.03775736069393694
0.03391630175039046
0.03008059452694211
0.026256636720665506
0.0224493112128168
0.018661840677343527
0.01489559914326397
0.011149942997377708
0.007422149887680761
0.003707561637213322
-2.1950630116333004e-9
-0.003707566027546329
-0.007422154278580129
-0.011149947389258223
-0.01489560353671809
-0.018661845072983105
-0.022449315611363607
-0.026256641122965683
-0.03008059893387516
-0.033916306162974946
-0.03775736511336019
-0.041595931139556466
-0.04542269052342339
-0.049226750693595285
-0.05299545496731299
-0.05671414205817313
-0.060365879775488455
-0.06393121466738781
-0.06738799543298286
-0.07071134589548465
-0.07387387734045624
-0.0768462289566932
-0.07959799362085103
-0.08209901134755963
-0.08432089735445487
-0.08623854932120026
-0.08783131212050467
-0.08908352939441253
-0.08998438946726059
-0.09052721144577368
-0.09070850700054274
-0.09052721143391054
-0.08998438944338655
-0.0890835293581115
-0.08783131207093542
-0.08623854925721045
-0.08432089727438143
-0.0820990112494554
-0.07959799350229312
-0.07684622881497664
-0.07387387717286699
-0.07071134569931019
-0.06738799520558852
-0.06393121440641614
-0.06036587947867861
-0.05671414172353509
-0.05299545459299023
-0.049226750277954354
-0.045422690064873546
-0.04159593063671411
-0.037757364564868105
-0.03391630556756817
-0.03008059829025429
-0.026256640429883217
-0.02244931486778131
-0.01866184427777661
-0.014895602689032771
-0.0111499464884573
-0.007422153324290052
-0.0037075650197233383
-1.1339206340254325e-9
0.0037075627511277015
0.007422151053543764
0.011149944214289014
0.01489560041039789
0.018661841993813096
0.02244931257792475
0.02625663813379675
0.030080595987793904
0.0339163032587457
0.03775736224988608
0.041595928315817744
0.04542268773847163
0.049226747946466184
0.052995452257132335
0.05671413938396963
0.06036587713635181
0.06393121206227853
0.06738799286090648
0.07071134335541779
0.07387387483126297
0.07684622647739747
0.07959799117039952
0.08209900892506948
0.08432089495916277
0.08623854695258946
0.0878313097781935
0.08908352707827533
0.08998438717715414
0.09052720918184287
0.09070850476293818
0.09052720922290876
0.08998438725925541
0.08908352720131507
0.08783130994209797
0.08623854715705166
0.0843208952038459
0.08209900920959186
0.07959799149429139
0.07684622684013392
0.07387387523235925
0.07071134379433823
0.06738799333724523
0.06393121257563585
0.06036587768647761
0.05671413997068176
0.052995452880276905
0.04922674860610664
0.045422688434725446
0.041595929048993306
0.03775736302026893
0.03391630406688957
0.030080596834327164
0.026256639019618083
0.02244931350390794
0.018661842961079467
0.014895601420063869
0.011149945267627465
0.007422152151664889
0.0037075638950887792
5.6652786355417846e-11
-0.0037075637820485315
-0.007422152039394877
-0.011149945156617422
-0.014895601310747466
-0.01866184285382562
-0.022449313399110944
-0.02625663891747587
-0.030080596735184498
-0.0339163039709064
-0.03775736292763914
-0.04159592895993296
-0.04542268834943252
-0.0492267485248008
-0.052995452803200706
-0.05671413989808991
-0.060365877618699895
-0.06393121251300447
-0.06738799328011767
-0.07071134374312983
-0.07387387518748563
-0.07684622680199515
-0.07959799146323743
-0.08209900918589996
-0.08432089518771974
-0.0862385471485945
-0.08783130994122648
-0.08908352720792134
-0.08998438727312363
-0.0905272092437043
-0.09070850479032379
-0.09052720921543926
-0.0899843872165895
-0.08908352712300618
-0.0878313098277763
-0.08623854700635765
-0.08432089501640826
-0.08209900898507719
-0.07959799123241527
-0.0768462265406359
-0.07387387489504522
-0.07071134341899497
-0.0673879929237204
-0.06393121212381142
-0.06036587719608765
-0.0567141394415796
-0.052995452312195414
-0.04922674799872969
-0.045422687787671015
-0.04159592836175704
-0.0377573622923857
-0.03391630329766789
-0.030080596023087533
-0.02625663816544289
-0.022449312606020164
-0.018661842018547568
-0.014895600432050309
-0.011149944233275847
-0.00742215107045055
-0.0037075627666133424
1.1191136995226471e-9
0.0037075650047674854
0.007422153308428828
0.011149946471014164
0.014895602669354645
0.018661844255411748
0.022449314842340185
0.026256640401127393
0.030080598258018173
0.03391630553181049
0.03775736452559657
0.041595930593973963
0.04542269001869981
0.049226750228549866
0.05299545454052902
0.05671414166813795
0.060365879420657194
0.06393121434599289
0.06738799514313985
0.07071134563520295
0.07387387710751024
0.0768462287489745
0.07959799343610754
0.08209901118371103
0.08432089720970108
0.0862385491941004
0.08783131200998869
0.08908352929975631
0.08998438938810153
0.09052721138199217
0.09070850695232088
0.09052721140153097
0.0899843894272528
0.08908352935892089
0.0878313120897319
0.08623854929532926
0.08432089733364045
0.08209901133187424
0.07959799361034982
0.07684622895133417
0.07387387734019074
0.07071134590024024
0.06738799544263957
0.06393121468197623
0.060365879795015995
0.05671414208279648
0.05299545499719239
0.04922675072912727
0.04542269056508907
0.0415959311879691
0.03775736516931049
0.033916306227572156
0.030080599008284012
0.0262566412086573
0.02244931570992468
0.0186618451861346
0.01489560366630268
0.011149947537011436
0.007422154446029047
0.003707566215922093
2.404990511589971e-9
-0.0037075614056283064
-0.007422149634975448
-0.011149942724699644
-0.014895598852254457
-0.018661840370020104
-0.02244931089125623
-0.026256636387134467
-0.030080594183669113
-0.03391630139959557
-0.037757360337665045
-0.04159592635247037
-0.0454226857256069
-0.04922674588551637
-0.052995450149338416
-0.056714137230572594
-0.06036587493851522
-0.0639312098210959
-0.06738799057753204
-0.07071134103098155
-0.07387387246699907
-0.07684622407448899
-0.07959798872996277
-0.08209900644817186
-0.08432089244674944
-0.08623854440534941
-0.08783130719658677
-0.0890835244625064
-0.0899843845273274
-0.09052720649777996
-0.09070850204437352
-0.09052720646948423
-0.0899843844705308
-0.089083524376666
-0.08783130708085772
-0.08623854425833428
-0.08432089226665322
-0.08209900623270101
-0.0795979884762916
-0.07684622377962216
-0.07387387212785743
-0.07071134064431495
-0.06738799014040966
-0.06393120933062844
-0.060365874392047277
-0.05671413662579955
-0.05299544948386979
-0.049226745157269214
-0.0454226849325034
-0.04159592549253883
-0.03775735940881305
-0.033916300399746364
-0.03008059311069351
-0.026256635238795605
-0.022449309665241723
-0.018661839063982253
-0.014895597464035069
-0.011149941252217691
-0.007422148076555792
-0.003707559760065664
4.138401272793266e-9
0.0037075680371542632
0.0074221563545735034
0.011149949531831783
0.014895605746104329
0.01866184734942409
0.022449317955154986
0.026256643534425226
0.030080601413332048
0.03391630871086247
0.03775736773003866
0.04159593382553962
0.045422693279207525
0.0492267535197721
0.05299545786446889
0.05671414502699955
0.06036588281674862
0.06393121778194422
0.06738799862178906
0.07071134915962086
0.07387388068099476
0.07684623237490704
0.07959799711785386
0.08209901492459172
0.08432090101265832
0.08623855306166658
0.08783131594403702
0.08908353330182005
0.08998439345907715
0.09052721552253026
0.0907085111626514
0.09052721568176424
0.0899843937772542
0.08908353377821565
0.08783131657750147
0.0862385538502541
0.08432090195384222
0.08209901601511861
0.07959799835383631
0.07684623375204491
0.07387388219495711
0.07071135080597946
0.0673880003963453
0.06393121968068956
0.06036588483596507
0.056714147163175174
0.05299546011446399
0.04922675588051233
0.04542269574764954
0.04159593639866523
0.03775737040475373
0.03391631148385489
0.030080604281200213
0.026256646493489983
0.022449321001649043
0.01866185047948162
0.014895608955920497
0.011149952818069547
0.007422159714443559
0.0037075714687860206
7.641127734102643e-9
-0.003707556185695727
-0.00742214442890248
-0.011149937528557358
-0.014895593660930927
-0.018661835177566973
-0.02244930569152374
-0.02625663117381763
-0.03008058895081235
-0.033916296141591834
-0.03775735504942481
-0.04159592102927535
-0.04542268036315016
-0.04922674047992607
-0.05299544469695518
-0.0567141317278863
-0.060365869381981394
-0.06393120420739656
-0.06738798490313165
-0.07071133529227211
-0.07387386666030173
-0.0768462181959701
-0.07959798277590907
-0.08209900041494152
-0.08432088633091103
-0.08623853820392362
-0.0878313009069663
-0.08908351808258139
-0.08998437805541118
-0.09052719993250373
-0.0907084953846525
-0.0905271997144846
-0.08998437761957906
-0.08908351742941142
-0.08783130003709477
-0.08623853711843914
-0.0843208850313585
-0.08209899890326021
-0.07959798105434913
-0.07684621626706871
-0.07387386452670996
-0.07071133295670305
-0.06738798236816551
-0.0639312014755763
-0.0603658664558075
-0.05671412860967666
-0.052995441389171366
-0.049226736985030224
-0.04542267668371842
-0.04159591716807978
-0.0377573510096254
-0.033916291926624986
-0.030080584564636605
-0.02625662662073322
-0.02244930097623141
-0.018661830305022352
-0.014895588636044727
-0.011149932356008793
-0.0074221391126126045
-0.0037075507284648527
1.323794852991837e-8
0.0037075772056117885
0.007422165593271394
0.01114995884264001
0.01489561513101898
0.01866185681072417
0.02244932749511667
0.02625665315532919
0.03008061111733998
0.03391631849998514
0.03775737760611228
0.041595943790201984
0.04542270333391239
0.049226763665777086
0.05299546810292642
0.056714155358885375
0.060365893242834756
0.06393122830279017
0.06738800923789327
0.07071135987138892
0.0738738914885982
0.0768462432784823
0.07959800811767136
0.08209902602078922
0.08432091220552841
0.08623856435166427
0.08783132733197974
0.08908354478852351
0.08998440504574341
0.09052722721036353
0.09070852295301719
0.09052722757622933
0.08998440577731687
0.08908354588560234
0.08783132879403753
0.08623856617791514
0.08432091439483766
0.08209902857181448
0.07959801102865699
0.07684624654768968
0.07387389511395255
0.07071136385090065
0.06738801356973821
0.06393123298494979
0.060365898273497844
0.05671416073618919
0.05299547382508889
0.0492267697307333
0.04542270973952369
0.041595950533959
0.03775738468520364
0.033916325911192695
0.03008061885690085
0.02625666121904686
0.022449335878377243
0.018661865508619015
0.014895624138584768
0.011149968155374411
0.007422175207324116
0.0037075871183737193
2.3448535461223463e-8
-0.003707540219141578
-0.007422128301544872
-0.011149921238503476
-0.014895577206009437
-0.01866181855533068
-0.022449288899324845
-0.02625661420890571
-0.03008057181017187
-0.03391627882224105
-0.03775733754820231
-0.04159590334296738
-0.04542266248847966
-0.049226722413429146
-0.05299542643513338
-0.056714113266935845
-0.06036585071810683
-0.06393118533646967
-0.06738796582078141
-0.07071131599399602
-0.07387384714132679
-0.07684619845135178
-0.07959796280077687
-0.08209898020435656
-0.08432086588019704
-0.08623851750861006
-0.08783127996305053
-0.08908349688645593
-0.08998435660372636
-0.0905271782222658
-0.09070847341308085
-0.09052717747876406
-0.08998435511716017
-0.08908349465776026
-0.0878312769941122
-0.08623851380215662
-0.08432086144016471
-0.08209897503579036
-0.0795979569095466
-0.07684619184395199
-0.07387383982433238
-0.07071130797410251
-0.06738795710415346
-0.06393117592876299
-0.060365840624623086
-0.05671410249225803
-0.0529954149834819
-0.049226710288782075
-0.04542264969449561
-0.04159588988331333
-0.037757323426585
-0.033916264042551186
-0.030080556376523092
-0.02625659812566734
-0.022449272170992265
-0.018661801186401723
-0.014895559200586833
-0.011149902600096134
-0.007422109032372424
-0.0037075203197435252
4.397958156372358e-8
0.0037076082847205738
0.007422197014741474
0.01114999061136547
0.01489564725214869
0.01866188928923253
0.02244936033612425
0.02625668636372582
0.030080644698211312
0.033916352458192
0.03775741194651919
0.04159597851769732
0.045422738453265825
0.049226799181783056
0.05299550402029178
0.05671419168223055
0.06036592997681283
0.06393126545203226
0.06738804680692072
0.07071139786457756
0.07387392991049993
0.07684628213358714
0.07959804741048793
0.08209906575606596
0.08432095238816323
0.08623860498693839
0.08783136842528211
0.08908358634573967
0.08998444707291187
0.09052726971385482
0.09070856593938584
0.0905272710521514
0.08998444974987345
0.08908359036186805
0.08783137378149887
0.08623861168447904
0.08432096042862065
0.08209907514134823
0.07959805814281526
0.07684629421543614
0.07387394334455943
0.07071141265366084
0.06738806295387922
0.06393128295994467
0.06036594884853428
0.056714211920719876
0.05299552562839399
0.04922682216218212
0.04542276280851515
0.041596004250141684
0.03775743905814703
0.033916380950610774
0.03008067457268935
0.026256717621169358
0.022449392976905198
0.018661923313662083
0.014895682660436048
0.011150027404157213
0.007422235193341114
0.003707647851795303
8.493953597436463e-8
-0.003707477960571019
-0.0074220652652713165
-0.011149857414335081
-0.014895512583624742
-0.0186617531242979
-0.022449222648796285
-0.02625654712783034
-0.03008050388726332
-0.03391621004579844
-0.037757267906431434
-0.04159583282357663
-0.04542259107899431
-0.04922665010099941
-0.05299535320650937
-0.0567140391088952
-0.06036577561686514
-0.06393110927787266
-0.06738788879055856
-0.0707112379774923
-0.07387376812349192
-0.07684611841697478
-0.07959788173416181
-0.08209889808980217
-0.08432078270158762
-0.08623843324981341
-0.08783119460771788
-0.08908341041799474
-0.08998426900545456
-0.09052708947735151
-0.09070838350443962
-0.09052708638902567
-0.0899842628287853
-0.08908340115304228
-0.08783118225503843
-0.08623841781057122
-0.08432076417771321
-0.08209887648396719
-0.07959785704968976
-0.0768460906570823
-0.0738737372912358
-0.070711204075255
-0.06738785181967215
-0.0639310692383755
-0.06036573250768335
-0.05671399292777532
-0.05299530394999714
-0.04922659776454346
-0.04542253565727494
-0.041595774310618484
-0.037757206295473654
-0.03391614532987209
-0.030080436058740202
-0.02625647617879599
-0.022449148570753436
-0.018661675908060373
-0.014895432219090388
-0.011149773889726471
-0.007421978566947139
-0.0037073880722237004
1.7803690265709858e-7
0.0037077441804396513
0.007422334778306394
0.011150130272961063
0.014895788842646362
0.01866203284039199
0.02244950588021842
0.026256833933574853
0.030080794327112133
0.03391650418010639
0.037757565795842274
0.04159613452931321
0.04542289666272454
0.04922695962497577
0.0529956667339146
0.05671435670347427
0.06036609734358765
0.06393143520282132
0.06738821898083246
0.0707115725016253
0.07387410705137837
0.07684646181967078
0.0795982296838156
0.0820992506597516
0.08432113996591252
0.08623879528315506
0.08783156148540808
0.08908378221583023
0.08998464580001958
0.0905274713458302
0.09070877052498975
0.09052747864110318
0.08998466039276569
0.08908380411032782
0.08783159068802734
0.0862388318026595
0.08432118381312427
0.08209930184774795
0.07959828822791111
0.07684652773709562
0.07387418036183697
0.07071165322671727
0.06738830714431443
0.06393153083049771
0.06036620046347547
0.05671446734564774
0.05299578493042406
0.04922708541009395
0.04542303007267206
0.04159627560254816
0.03775771457278625
0.03391666070331658
0.030080958641242796
0.026257006085257127
0.022449685918421017
0.018662220816317257
0.014895984809642032
0.011150334286919741
0.0074225468977968416
0.0037079644668812275
4.065547708643121e-7
-0.0037071512552915263
-0.007421733379963514
-0.011149520258553182
-0.014895170066143992
-0.018661405152856594
-0.022448869129610454
-0.026256187965315154
-0.030080138983680012
-0.03391583930114499
-0.03775689121805505
-0.04159545008662446
-0.04542220218591219
-0.04922625494196982
-0.052994951669250716
-0.056713631078666775
-0.060365360976618876
-0.06393068790842618
-0.06738746057034986
-0.07071080278248963
-0.07387332582732756
-0.07684566889068259
-0.07959742484593202
-0.08209843370443402
-0.08432031068030335
-0.08623795344995193
-0.08783070688238988
-0.08908291461600022
-0.0899837649714908
-0.09052657705160538
-0.09070786252314122
-0.09052655668455135
-0.08998372422914629
-0.08908285348187547
-0.08783062533134645
-0.08623785144851204
-0.08432018818630328
-0.08209829066713038
-0.07959726120598953
-0.07684548458022923
-0.07387312076998079
-0.07071057689363033
-0.06738721375705242
-0.06393042006947457
-0.0603650720021956
-0.05671332085043803
-0.052994620060257625
-0.04922590181627363
-0.045421827398458126
-0.041595053482939286
-0.037756472634278115
-0.03391539856340458
-0.03007967590839484
-0.02625570235849399
-0.022448360787323436
-0.01866087386113064
-0.014894615601248506
-0.01114894238734926
-0.00742113186062758
-0.0037065258376376953
1.0561284772345017e-6
0.0037086384619600906
0.00742324558707883
0.011151057951287933
0.014896733738817938
0.018662995309633567
0.022450486286019596
0.02625783264849685
0.03008181173368854
0.0339175406711136
0.03775862177505018
0.04159721041138569
0.04542399287373116
0.04922807660246327
0.05299680492686776
0.05671551657248073
0.0603672793611117
0.06393263985315331
0.0673894467607244
0.07071282392006736
0.07387538263033247
0.07684776209441245
0.0795995552038265
0.08210060198903894
0.08432251768428337
0.08624019998659722
0.0878329937869866
0.08908524274610102
0.08998613520731884
0.09052899029657366
0.09071031970395474
0.09052905875180063
0.08998627215775715
0.08908544827241997
0.08783326801056476
0.08624054307069401
0.08432292983373293
0.08210108345121989
0.07960010626776012
0.07684838309036128
0.07387607392972288
0.07071358593466273
0.06739027994269615
0.06393354469504653
0.06036825639614592
0.056716566375325704
0.052997928113845384
0.04922927383300207
0.04542526485047699
0.041598557881852176
0.03776004553200485
0.03391904155390571
0.030083390628815883
0.026259490490856716
0.02245222405917517
0.018664814047107275
0.0148986345240387
0.011153041918035794
0.007425313919868294
0.003710792396717384
3.296952873804482e-6
-0.003704196782961774
-0.007418713180080716
-0.011146432628962512
-0.014892013253809426
-0.01865817735198316
-0.022445568479988826
-0.026252812550028922
-0.030076686827615703
-0.033912308368711286
-0.03775327941147864
-0.04159175524340474
-0.045418422077009114
-0.049222387268890354
-0.052990994062310066
-0.05670958109394124
-0.06036121609362947
-0.06392644552715991
-0.06738311800847321
-0.07070635727281693
-0.07386877451470449
-0.07684100882872968
-0.07959265299434763
-0.08209354692593446
-0.08431530573763453
-0.08623282700202105
-0.08782545548116209
-0.08907753470223669
-0.08997825287051048
-0.09052092896901562
-0.09070207453979927
-0.09052062475191174
-0.0899776441643274
-0.08907662096287271
-0.087824235891677
-0.08623130047214791
-0.08431347090188172
-0.08209140214180116
-0.07959019633928972
-0.07683823809699758
-0.07386568721344988
-0.07070295061760848
-0.06737938891897483
-0.06392239062191891
-0.06035683168532243
-0.056704863183263586
-0.052985938332289345
-0.04921698907826649
-0.04541267645340922
-0.041585656875932145
-0.03774682264206483
-0.03390548718430378
-0.03006949485004292
-0.02624524302652676
-0.022437614272037585
-0.018649830923936857
-0.014883266660032386
-0.011137277500623108
-0.007409140710946647
-0.0036941977141063034
0.000013732348413217219
0.0037216743306196626
0.007436653104937141
0.011164849585735218
0.014910922442742159
0.01867759454093434
0.022465510028317287
0.02627329543308488
0.030097728662860965
0.0339339274432951
0.03777549471136378
0.041614586483917616
0.045441889735188964
0.04924651261763837
0.053015799205735285
0.056735089005156975
0.06038745065386015
0.06395343156716335
0.06741088135224264
0.07073492478253986
0.07389817413839608
0.0768712696511943
0.07962380528848731
0.0821256222085209
0.08434833682666541
0.08626684807832395
0.08786050215268272
0.089113644072811
0.09001546361207975
0.09055928139784242
0.09074161069773147
0.09056138849089639
0.09001968123597877
0.08911997911208273
0.08786896495625297
0.08627745248725738
0.08436110021056796
0.08214056551252784
0.07964095309045183
0.07689065022859372
0.07391981954599836
0.07075887094003101
0.06743716814340195
0.06398210294906768
0.060418554777775926
0.056768678350339635
0.05305193072451288
0.04928524789411213
0.045483295158350014
0.041658733434949455
0.03782245976566757
0.033983792590468416
0.03015058154189509
0.026329229587295288
0.022524625178760565
0.018739996881017712
0.014976724953770863
0.011234172376667007
0.007509623775338043
0.00379842836078681
0.00009441351607413948
-0.003609436887512527
-0.00732013848388687
-0.011043862401319292
-0.014785256940755909
-0.018547033977209738
-0.02232982600534294
-0.02613224719184576
-0.029951062326724568
-0.033781375210032764
-0.03761677398834409
-0.04144939896457059
-0.045269920409407374
-0.049067428713273464
-0.052829249053508935
-0.056540700821893566
-0.06018483123713304
-0.06374216489282226
-0.06719052706614927
-0.07050501657753079
-0.07365821800586417
-0.07662074199163173
-0.07936215087263353
-0.08185225196719864
-0.08406262545473257
-0.08596813142976069
-0.08754807440295898
-0.08878675461994699
-0.0896733136846133
-0.09020102033082743
-0.0903663318327733
-0.09016812465156226
-0.08960739971852796
-0.08868757612822091
-0.08741525945143318
-0.08580117925686284
-0.08386090222843831
-0.08161498538639653
-0.07908842356917503
-0.07630948371032839
-0.07330819658188666
-0.0701148278138336
-0.06675858374996228
-0.06326668542172692
-0.05966382867250941
-0.05597197373566316
-0.052210376329051345
-0.04839577162845583
-0.044542636972985813
-0.04066347773114522
-0.03676909755127832
-0.03286882729410516
-0.028970696731922443
-0.025081541287255687
-0.021207045084964474
-0.0173517340280183
-0.013518950414021968
-0.009710863045375936
-0.005928587674143694
-0.0021724986998530736
0.001557211829798749
0.0052597341857654
0.00893268864317531
0.012571172927153255
0.01616697050960307
0.019708035234840392
0.02317830328037892
0.026557841661146452
0.029823339767287575
0.03294897164357881
0.035907669128629305
0.03867281661951737
0.04122028930821722
0.04353062000002449
0.0455909460696332
0.04739633590308427
0.048950184421584116
0.05026359013546453
0.0513538894000954
0.05224270830181876
0.05295393261704516
0.053511909660192175
0.05394005238375801
0.054259883204386204
0.05449046727605052
0.05464814507067667
0.05474646865110025
0.05479625882810404
0.054805719520765975
0.05478056427048368
0.05472412522950923
0.05463742657341411
0.054519212871242756
0.05436592963243634
0.054171659294452335
0.05392802261988038
0.053624064102300105
0.053246151691410525
0.05277793660015138
0.05220043774291267
0.05149233463577811
0.05063056562024687
0.04959132305826234
0.048351497603466236
0.046890536275205084
0.04519254661475916
0.043248336218238946
0.04105699082142264
0.038626634562575375
0.03597420109018146
0.03312430726574747
0.030107543135559182
0.02695857965674276
0.023714438444849543
0.020413125090906745
0.01709267561295277
0.013790553753397657
0.010543277441053512
0.007386133522746591
0.0043528416311400175
0.001475039493328991
-0.0012185104022604046
-0.003703026521865333
-0.005959038754792795
-0.007973703907145545
-0.009741759640066235
-0.011265793170332146
-0.012555673414692412
-0.013627240351865688
-0.014500540914640581
-0.015197966166201782
-0.015742583981751816
-0.01615683684464053
-0.016461651444921184
-0.016675922082922755
-0.016816289159976173
-0.01689712617833402
-0.01693065904965899
-0.0169271587242272
-0.01689516552592854
-0.016841718089266752
-0.016772570696179656
-0.016692390395856297
-0.016604930236410846
-0.01651317797389725
-0.01641948132298528
-0.016325651666450128
-0.016233048430039317
-0.016142646317283817
-0.016055087396446455
-0.015970719735095895
-0.015889623958362818
-0.015811628760029228
-0.01573631608000523
-0.0156630163520206
-0.015590793962858805
-0.015518422840747819
-0.015444351942473662
-0.015366660371150144
-0.015283001982850326
-0.015190539743116072
-0.015085870909210122
-0.014964945568381698
-0.014822983453277629
-0.014654397683759927
-0.014452739613196788
-0.014210686711179843
-0.01392010555615251
-0.013572233900844085
-0.013158037111214462
-0.012668799825003442
-0.012097004025166155
-0.011437506523015539
-0.01068894897562312
-0.009855210232866087
-0.00894657019367594
-0.007980161482269581
-0.006979327873726608
-0.005971741918454264
-0.004986515064003612
-0.004050904929760949
-0.0031873946948686137
-0.0024117899333131214
-0.001732615587592184
-0.0011516869487186404
-0.0006654538899918934
-0.000266649107592519
0.000054135646425997226
0.0003071623497081404
0.0005026204480941945
0.0006500384082705473
0.000757965419574938
0.0008338462168219213
0.0008840211304505258
0.0009137991376039695
0.000927567332895441
0.0009289131041603385
0.0009207448020694656
0.0009054031931810995
0.0008847601892128535
0.0008603038819473224
0.0008332103572584824
0.0008044034825762679
0.0007746041646749377
0.000744370612946937
0.0007141310534081588
0.0006842101936677301
0.0006548505512188353
0.0006262295994884236
0.0005984735191591004
0.0005716682079450389
0.0005458680786526457
0.0005211030830510742
0.0004973843073999363
0.00047470842604393387
0.0004530612355492205
0.0004324204582302577
0.00041275795592020007
0.0003940414755899772
0.0003762360180872331
0.0003593049077915245
0.0003432106225251905
0.00032791543200151867
0.0003133818857152124
0.00029957317658884085
0.00028645341326309523
0.00027398781238680036
0.0002621428330430107
0.00025088626416430054
0.00024018727479958724
0.00023001643525405167
0.00022034571831953015
0.00021114848172062433
0.00020239943963176534
0.00019407462457530394
0.00018615134233659848
0.00017860812388785957
0.00017142467319401387
0.00016458181424942617
0.00015806143769577088
0.00015184644710032982
0.00014592070701592753
0.00014026899197059007
0.00013487693623494775
0.0001297309868310454
0.00012481835747564602
0.0001201269847118718
0.00011564548691844805
0.00011136312365051806
0.00010726975918971704
0.0001033558268126156
0.0000996122945059273
0.0000960306345428262
0.00009260279260857023
0.0000893211605309403
0.00008617854945815611
0.00008316816490103345
0.00008028358413892468
0.0000775187327587941
0.00007486786619981736
0.00007232554851754086
0.00006988663552128855
0.00006754625686597098
0.00006529980049402022
0.00006314289766757519
0.00006107140879895214
0.00005908141027962173
0.00005716918210411332
0.00005533119592034642
0.00005356410485009221
0.00005186473237440276
0.00005023006320611924
0.00004865723411715385
0.000047143525655923905
0.000045686353616261106
0.00004428326235142534
0.00004293191688568519
0.000041630096556030864
0.000040375689452665104
0.00003916668570184421
0.000038001171942481836
0.000036877326848193455
0.000035793415746925196
0.00003474778598372977
0.000033738862833160925
0.000032765145035029236
0.00003182520139789523
0.00003091766700326958
0.000030041239516051584
0.000029194676290493162
0.000028376791389569044
0.000027586452222342082
0.00002682257749046877
0.000026084133739775374
0.000025370134081442383
0.000024679635048921475
0.000024011734530083294
0.00002336557027112133
0.000022740316996514896
0.0000221351854988494
0.00002154942060319536
0.000020982299259853657
0.000020433129147588984
0.000019901247873899335
0.00001938601988219405
0.00001888683722471697
0.00001840311665226467
0.000017934299709731305
0.000017479850386560025
0.00001703925492214887
0.000016612020359599677
0.00001619767419355919
0.00001579576242805776
0.00001540584980152195
0.00001502751798065717
0.000014660365721436078
0.00001430400762449363
0.00001395807266734712
0.000013622205702816217
0.00001329606447229548
0.000012979320132293293
0.0000126716567102102
0.000012372770417369477
0.000012082368856210025
0.000011800170578708252
0.000011525905655825449
0.000011259313372550879
0.000011000143082152087
0.000010748153676175171
0.000010503112842588386
0.00001026479701114993
0.000010032990567498403
9.807485785750218e-6
9.58808282738375e-6
9.374588897189377e-6
9.166818264386153e-6
8.964591437820144e-6
8.767736163298099e-6
8.576085289541584e-6
8.389478698977075e-6
8.207761028412622e-6
8.030782805232964e-6
7.85839968206213e-6
7.690472241871526e-6
7.526866055419093e-6
7.367451388323135e-6
7.212102779756539e-6
7.0606987128773885e-6
6.913122812855805e-6
6.769261762350506e-6
6.6290063897135945e-6
6.492250964819847e-6
6.358893648947691e-6
6.228835904201464e-6
6.101982218348666e-6
5.978240327188522e-6
5.857521450798849e-6
5.739738836954694e-6
5.624809249973845e-6
5.512652051816937e-6
5.403189321824909e-6
5.296345004052689e-6
5.1920460567695775e-6
5.090221876710527e-6
4.990803581240437e-6
4.893725030187816e-6
4.79892161279428e-6
4.706331271609555e-6
4.615893509468039e-6
4.52754985122527e-6
4.44124399447655e-6
4.3569204668047364e-6
4.274526361767872e-6
4.194010204358274e-6
4.11532176342705e-6
4.038412579733813e-6
3.963235857505316e-6
3.88974592267855e-6
3.81789833378693e-6
3.747650495080879e-6
3.6789605056384494e-6
3.6117883571431806e-6
3.54609460880983e-6
3.481841061512766e-6
3.4189911986876657e-6
3.357509017370817e-6
3.2973598586218127e-6
3.2385096507492443e-6
3.1809259086596767e-6
3.1245766353315073e-6
3.0694308001203597e-6
3.0154586399325923e-6
2.962630756903471e-6
2.9109188239094073e-6
2.8602954329629036e-6
2.8107336728041724e-6
2.7622076356379025e-6
2.7146917261287773e-6
2.6681616709350916e-6
2.6225934568038504e-6
2.577963905535399e-6
2.5342502394764993e-6
2.4914306944723692e-6
2.4494837584421044e-6
2.4083887064629806e-6
2.3681253580311167e-6
2.328673712101649e-6
2.2900153792446816e-6
2.2521308962059784e-6
2.2150025455887957e-6
2.17861277356387e-6
2.142943980428277e-6
2.10797995340862e-6
2.0737042524883424e-6
2.0401007337042293e-6
2.0071543359474844e-6
1.9748501448663647e-6
1.9431732188837437e-6
1.912109312048645e-6
1.8816445070173401e-6
1.8517656436827397e-6
1.8224594721370824e-6
1.7937127187831726e-6
1.7655134077362337e-6
1.7378490899017015e-6
1.7107080331558382e-6
1.6840784038362115e-6
1.657949276910714e-6
1.6323093382706467e-6
1.6071482183812398e-6
1.5824549960151156e-6
1.5582198600215149e-6
1.534432766823924e-6
1.5110842166685658e-6
1.4881643352160928e-6
1.4656641279088818e-6
1.4435749127319547e-6
1.4218871644849962e-6
1.4005931714335569e-6
1.3796841328640424e-6
1.359151985049522e-6
1.3389889984621966e-6
1.3191869098396179e-6
1.2997384351222593e-6
1.2806363167063502e-6
1.2618732028266166e-6
1.2434420021512982e-6
1.2253359252944284e-6
1.207548347645711e-6
1.1900725657418477e-6
1.1729024596862076e-6
1.1560311398651773e-6
1.1394530967376352e-6
1.12316233752304e-6
1.1071529063190132e-6
1.091418951514592e-6
1.0759552048931548e-6
1.060756028775132e-6
1.0458161613964257e-6
1.0311307573741267e-6
1.0166943543122964e-6
1.0025022834124162e-6
9.885491807912762e-7
9.748310343732553e-7
9.613427470072317e-7
9.480801352801205e-7
9.350382959706464e-7
9.222134621786606e-7
9.096010633063581e-7
8.971972213104567e-7
8.849977737314386e-7
8.729986096677587e-7
8.611963032291149e-7
8.495865041974167e-7
8.381661365739595e-7
8.269312010638617e-7
8.15878329119234e-7
8.050038808213285e-7
7.94304768562405e-7
7.837774411071639e-7
7.734188336191888e-7
7.63225741841123e-7
7.531948986270557e-7
7.43323464523112e-7
7.336084045058113e-7
7.240470497407397e-7
7.146360335539329e-7
7.053730363849554e-7
6.96255064054704e-7
6.87279907005733e-7
6.78444417196824e-7
6.697462673665856e-7
6.611828816122004e-7
6.527520014337628e-7
6.44451244056797e-7
6.362779417485015e-7
6.282301006798326e-7
6.203052527726141e-7
6.125011763135272e-7
6.048162277686538e-7
5.972475871274657e-7
5.897934621178181e-7
5.824518191196635e-7
5.752208427171625e-7
5.680984473170966e-7
5.610827323636415e-7
5.541718263438537e-7
5.473638383752749e-7
5.406569379884567e-7
5.340493955964637e-7
5.275395621815613e-7
5.211260043598711e-7
5.148064612864328e-7
5.085797918486471e-7
5.02444297908844e-7
4.963981477562863e-7
4.904400636648156e-7
4.845684899316836e-7
4.787819548497104e-7
4.7307914363383816e-7
4.674583601742778e-7
4.619185063989709e-7
4.5645807137847363e-7
4.5107584089552244e-7
4.4577028305221526e-7
4.4054029290214123e-7
4.3538456549887944e-7
4.303018520239527e-7
4.2529086455822677e-7
4.2035053861064317e-7
4.15479412702391e-7
4.1067700255642055e-7
4.059416709081993e-7
4.0127236434223095e-7
3.966682156918264e-7
3.92127857306397e-7
3.8765046345721917e-7
3.8323481479140773e-7
3.7888020233574677e-7
3.745855060659376e-7
3.703495068013062e-7
