0.00003422719494074581
0.000034743814331006214
0.000035270236278574633
0.00003580668494516449
0.00003635339050036126
0.000036910589292275734
0.00003747852405090299
0.00003805744408262398
0.000038647605465331434
0.00003924927126989472
0.00003986271177384455
0.000040488204692638655
0.000041126035406097236
0.000041776497207442286
0.00004243989155697152
0.00004311652832934982
0.0000438067261014469
0.00004451081241987385
0.00004522912409403317
0.00004596200749369893
0.00004670981886711671
0.0000474729246595971
0.00004825170184215763
0.00004904653827129139
0.0000498578330344303
0.00005068599683740899
0.00005153145238371179
0.000052394634771975956
0.00005327599192451164
0.00005417598501035907
0.00005509508889973012
0.00005603379262695995
0.00005699259988464216
0.000057972029509817956
0.00005897261601745074
0.00005999491014843647
0.00006103947941676914
0.00006210690871401923
0.00006319780090690561
0.00006431277747525211
0.0000654524791688938
0.00006661756669525846
0.00006780872142769654
0.00006902664614698696
0.00007027206581844467
0.00007154572838603358
0.00007284840561086246
0.00007418089394318393
0.00007554401541867803
0.00007693861861277535
0.00007836557961284092
0.00007982580304731727
0.00008132022313849383
0.00008284980483050348
0.00008441554493467251
0.00008601847333377109
0.0000876596542527031
0.00008934018755438467
0.00009106121011774785
0.00009282389725931367
0.0000946294642299718
0.00009647916776196075
0.00009837430769269878
0.00010031622866175417
0.00010230632187699657
0.00010434602696535964
0.00010643683390113465
0.0001085802850202975
0.00011077797713808064
0.00011303156374054891
0.00011534275729980551
0.00011771333167962855
0.00012014512465530645
0.0001226400405502081
0.0001252000530033679
0.00012782720785396107
0.00013052362616235435
0.00013329150738560706
0.00013613313269198983
0.00013905086843598558
0.00014204716980810103
0.00014512458464525878
0.0001482857574342893
0.00015153343352402248
0.00015487046351284831
0.00015829980787187314
0.00016182454180590884
0.0001654478603316148
0.00016917308362345297
0.0001730036626314795
0.00017694318497377102
0.00018099538112940496
0.0001851641309546093
0.0001894534705316911
0.00019386759935839692
0.0001984108879299223
0.00020308788570095294
0.00020790332947113763
0.00021286215221842162
0.00021796949238814438
0.00022323070368688265
0.00022865136540213026
0.00023423729327221062
0.00023999455095074715
0.00024592946209254504
0.0002520486231057617
0.0002583589166048824
0.00026486752561490144
0.0002715819485613666
0.0002785100151042159
0.0002856599028705345
0.00029304015512811104
0.00030065969947791244
0.0003085278676114845
0.0003166544162234489
0.00032504954911897734
0.0003337239406347257
0.00034268876042554996
0.0003519556997320824
0.0003615369991852356
0.0003714454783073788
0.0003816945667811178
0.0003922983376007607
0.0004032715422604236
0.0004146296481140326
0.00042638887800856937
0.000438566252416427
0.0004511796341863044
0.00046424777611425337
0.0004777903715229817
0.0004918281080806964
0.000506382725051166
0.0005214770742561107
0.0005371351849984122
0.0005533823332179913
0.0005702451152128195
0.0005877515262330555
0.0006059310443318626
0.0006248147198148157
0.0006444352707612773
0.0006648271850236608
0.0006860268292063865
0.000708072565170971
0.0007310048745855649
0.0007548664922089704
0.0007797025485130159
0.0008055607224043924
0.0008324914048218938
0.0008605478740652593
0.000889786483771534
0.0009202668645585585
0.0009520521404184361
0.0009852091610336052
0.0010198087513501142
0.0010559259797501578
0.001093640446389659
0.001133036593367297
0.0011742040385141303
0.001217237934776822
0.001262239357372329
0.001309315721030592
0.0013585812299088539
0.0014101573629550588
0.0014641733977962428
0.0015207669764621381
0.0015800847166215787
0.0016422828723030778
0.0017075280484784077
0.0017759979742840222
0.0018478823400962705
0.001923383704264063
0.0020027184756901397
0.002086117979236468
0.002173829611468874
0.002266118095067227
0.0023632668409798883
0.0024655794283554855
0.00257338121321683
0.002687021077955468
0.002806873334920573
0.002933339798674507
0.003066852042959288
0.003207873860010678
0.0033569039416300717
0.0035144788033480323
0.0036811759751659455
0.0038576174847364565
0.004044473661365665
0.0042424672922000695
0.00445237816492737
0.00467504803490444
0.004911386058316478
0.005162374737133617
0.005429076426132124
0.005712640457228353
0.006014310941686019
0.006335435316710473
0.006677473709191851
0.007042009196314028
0.007430759050103421
0.007845587060954985
0.008288517043621511
0.008761747638128809
0.009267668527598
0.009808878204573256
0.010388203427790994
0.011008720521235046
0.01167377867746294
0.01238702543655921
0.01315243452057238
0.013974336210051742
0.01485745045357968
0.015806922901674327
0.016828364051677584
0.017927891677771746
0.019112176697613236
0.020388492589703332
0.021764768418607545
0.0232496454405707
0.02485253714008881
0.026583692373787184
0.02845426105191377
0.030476361440931667
0.032663147683253076
0.03502887544343602
0.03758896262066382
0.040360040692211684
0.043359990292172336
0.046607951817676456
0.0501242977950765
0.053930547837229816
0.05804919838692531
0.0625034267195944
0.06731660982511393
0.0725115707047115
0.07810942262817581
0.0841278190091649
0.09057832252041129
0.09746246738164618
0.10476588427777864
0.11244956651024152
0.12043696436688224
0.12859512388302785
0.13670766575024176
0.14443742561362374
0.15127799974403083
0.15649813475772728
0.15909360053606394
0.15777934968792692
0.15107376436109243
0.1375223875378021
0.11604643706231588
0.08629002062175044
0.04878181992091974
0.004826687472954195
-0.04377404460765981
-0.09499978704953155
-0.1467962531195173
-0.19720633926180342
-0.24454050006441963
-0.2876351220273959
-0.32612281381803726
-0.3605350498653262
-0.39210357105673943
-0.42230448464162407
-0.45232037434263084
-0.48259104256734
-0.5125691922761203
-0.5407596308366176
-0.5650427906319286
-0.5831375390379052
-0.5929733302892759
-0.5928378495792407
-0.5813521509084122
-0.5574275849877459
-0.5203313015628129
-0.46988298987615057
-0.40668109387888984
-0.33218066238664995
-0.24850294700166153
-0.1580414326651669
-0.06307982252038219
0.03438698804215449
0.13258888169181796
0.2297698422868514
0.32398746731820016
0.4130762395141773
0.494858742138958
0.567543912373652
0.6301045342532895
0.682419371822006
0.7251266140726811
0.7593091986031151
0.78617513180515
0.8068271445498486
0.8221345162272728
0.8326782995374916
0.8387347577132899
0.8402710533403857
0.836941328668626
0.828087429610991
0.8127655499176434
0.7898359713270106
0.7581598495044398
0.7169226651977507
0.6660224961836879
0.6063451037594628
0.5397158354866757
0.46848317877628837
0.39494286655827754
0.3208925112390705
0.24745563375540708
0.17512715458156755
0.10392222275910813
0.03353814995111837
-0.03650963335872685
-0.10678101474509076
-0.1778202605893912
-0.2500611568230797
-0.3237100699961711
-0.39859816369570433
-0.47401727351886236
-0.5485969193137564
-0.6203294300773798
-0.6868501827668704
-0.7459603240452269
-0.796179091476338
-0.8370340225862777
-0.8689682089384512
-0.8929943796920327
-0.9103144131608132
-0.9220409494467452
-0.9290455618669128
-0.9318989509741643
-0.9308585311987508
-0.9258699037627649
-0.916566098288216
-0.9022678890608297
-0.882007481562449
-0.8546139016675072
-0.818904945558254
-0.7740073072573096
-0.7197470437583099
-0.6569357218140317
-0.587339121437761
-0.5132729277302222
-0.43702623356764825
-0.3604054918753838
-0.2845466593834097
-0.20995346273201754
-0.1366440693027165
-0.06431377142722244
0.007527517183871126
0.07944766035509004
0.15200133596998489
0.22563607475503675
0.3005766781152067
0.3766785340455316
0.4532631586118702
0.5289916798422086
0.6018819790764973
0.6695785109159015
0.7298689699349733
0.7812415598149457
0.8231892609711849
0.8561304505630145
0.881068286377608
0.8992080573780853
0.9116737457450823
0.9193517039223709
0.9228280587229767
0.9223750880122655
0.9179525495934738
0.9092071805200195
0.8954729010807181
0.8757932614347591
0.8490039002319058
0.8139199634892511
0.7696518395418562
0.7159953603950258
0.653725726358179
0.5845803266832493
0.510865929022286
0.43488307713479635
0.35846173704429374
0.2827634937996044
0.2083135688383013
0.13514546928121587
0.06296409245773547
-0.008715617748718898
-0.08046012225327465
-0.1528259994298627
-0.22626640364314565
-0.30101651868095164
-0.3769480051981683
-0.45340458271782386
-0.5290725563137425
-0.6019904786092007
-0.6698086021102602
-0.7302988255351337
-0.7819158071284898
-0.8241144758274944
-0.8572839234151
-0.8824124982140369
-0.900703479267674
-0.9132869422098074
-0.9210591794120533
-0.9246174928610729
-0.92424548030882
-0.9199142282293348
-0.9112819390762992
-0.8976938088848254
-0.8782030331776802
-0.8516502096835112
-0.8168461626948876
-0.7728832116451413
-0.7195249710095042
-0.6575079399051206
-0.5885385754635065
-0.5149124187511919
-0.4389398139917241
-0.36247332985676334
-0.28669977951221143
-0.21216570535623935
-0.13891983823098558
-0.06667657821447745
0.005044176747585661
0.07680753108223916
0.14917200721196294
0.22259645769180997
0.2973265631975525
0.37325039596463144
0.44973404208889506
0.5254892298837607
0.598575609380086
0.6666498410053094
0.7274686091476675
0.7794532760784317
0.8220205592129577
0.8555299319955817
0.8809547291563958
0.8994962812479361
0.9122910476639547
0.9202456694508081
0.9239690427488654
0.923756440225545
0.919590540662068
0.9111412069864631
0.8977651013079365
0.8785253384423717
0.8522679273510746
0.8178000630186035
0.7741968755539841
0.7211905822694427
0.6594793835645438
0.5907386173299805
0.5172520481368127
0.44133932977970114
0.3648754471085938
0.2890725310051739
0.21449866337338722
0.14121802464294267
0.06895469402091707
-0.002766355911272855
-0.07450878314126176
-0.1468329533535304
-0.22020326538284768
-0.2948756743952759
-0.37075439431670626
-0.4472276512140035
-0.5230325839683584
-0.596250330361177
-0.6645447798661711
-0.7256583575778474
-0.7779797367065081
-0.8208874215387768
-0.8547108057751645
-0.8804076200027549
-0.8991767567070879
-0.9121607337384784
-0.9202763497015952
-0.924143986744468
-0.9240705255067949
-0.9200501868786103
-0.9117644571193977
-0.8985814595389953
-0.8795742972890115
-0.8535945894442792
-0.8194462660574972
-0.7761877363402373
-0.7235201643233595
-0.6621033571266969
-0.5935808873550478
-0.5202238246360715
-0.4443603909451365
-0.36788766230438325
-0.29204311937046834
-0.21741659139488445
-0.14408794923792775
-0.07179116112576138
-0.00005644362569119497
0.07167827114302601
0.14397505164990457
0.21730368301737257
0.2919301995278378
0.36777473302505137
0.4442474560417665
0.5201108871561656
0.5934679452278958
0.6619903976932064
0.7234071594795289
0.7760746403034302
0.8193330166409325
0.8534811119643083
0.8794605092896877
0.8984672748404043
0.9116497885441928
0.9199349476217492
0.9239546293094741
0.9240273470363011
0.9201588779397581
0.9120423373571425
0.8990573372594897
0.880287072136077
0.8545890176927788
0.8207642776095161
0.7778551226541043
0.7255321678451188
0.664416925300319
0.5961207432851914
0.522901218401144
0.4470944784476852
0.37061939626815676
0.29473883748591534
0.22006457656711725
0.14669239860540934
0.0743663478798651
0.0026220264639086515
-0.06910092887891117
-0.1413661727505737
-0.21464872902252696
-0.2892245153982147
-0.36502934941789467
-0.44149514925185585
-0.5174097880148112
-0.5908982910846934
-0.6596410227629129
-0.7213542437942154
-0.7743626452199049
-0.8179680540411024
-0.8524382747218037
-0.8786981918481578
-0.8979406189145003
-0.9113195511904765
-0.9197718759904047
-0.9239409332460484
-0.924156863808007
-0.9204369958546803
-0.9124860675194575
-0.8996951968788243
-0.8811577589799511
-0.8557373098057838
-0.8222325298311169
-0.7796700866660654
-0.727690496818067
-0.6668770198036291
-0.5988082616413912
-0.5257275059417641
-0.4499780681216718
-0.3735002857521317
-0.29758242874766594
-0.22285841558216618
-0.14944017988322228
-0.07708204403606313
-0.005325153673265582
0.06638901994511093
0.13862558990538573
0.2118646668657791
0.2863918579141273
0.36215843740182374
0.43861786512701545
0.5145833242476577
0.5882022316264481
0.6571642126526396
0.7191736781401423
0.7725241093853029
0.8164789415288654
0.8512744998177266
0.877818415789412
0.8972998284292694
0.9108781134451022
0.9195000551378878
0.9238204389173862
0.9241810399125319
0.9206107401611032
0.9128258982014527
0.9002291564211032
0.8819241588498886
0.8567807654542415
0.8235956421881173
0.7813804076074464
0.7297459701280006
0.6692374380809238
0.6014002175832796
0.5284624793673988
0.45277402240872267
0.3762963151846265
0.3003430450270475
0.22557046743473289
0.15210689367212532
0.07971712060808903
0.007947988819420689
-0.06375707325421263
-0.13596451594119724
-0.20915938908406323
-0.28363679687806975
-0.35936324097806904
-0.4358135162937264
-0.5118260682436454
-0.5855709902023869
-0.6547478454922254
-0.7170500328882946
-0.7707403822265136
-0.8150439393602025
-0.85016511372121
-0.8769937305483161
-0.8967148210686539
-0.9104928914111431
-0.9192845161049757
-0.9237558986226432
-0.9242604488276922
-0.9208386021131135
-0.913218333262133
-0.900813825019025
-0.8827390742241205
-0.8578704597817471
-0.8250030287914649
-0.7831338908571855
-0.7318448274766368
-0.6716428942190812
-0.6040398346905906
-0.5312478902956708
-0.4556226137148256
-0.3791462472320795
-0.3031578959675334
-0.22833634294326868
-0.1548265097306722
-0.08240387001436324
-0.010621116834942065
0.061076236532990144
0.1332558535915064
0.20640757554639244
0.2808358131947517
0.35652206745270437
0.4329622587414619
0.5090200343510799
0.5828884256173128
0.6522775833740874
0.7148707146301975
0.7689005539732524
0.8135537657139673
0.8490024085082901
0.8761179444417269
0.8960808593406753
0.9100605379551693
0.9190232394210293
0.9236465606419769
0.9242955496992331
0.9210221970273454
0.913566090111874
0.9013529667473962
0.8835072570278436
0.858912068961295
0.8263612228742709
0.7848378631444026
0.7338951437206445
0.6740021989570023
0.6066366821452515
0.533994108151967
0.45843505332559614
0.381962167082417
0.3059399639879118
0.231069940476223
0.1575138592851005
0.08505807224963116
0.013261281065748464
-0.05842879044230837
-0.13058089718549842
-0.2036895261216557
-0.27806820576733177
-0.3537132085570722
-0.4301413684355813
-0.5062414677254206
-0.5802297283150764
-0.649827535014153
-0.7127087366358485
-0.7670765584908307
-0.8120793222575795
-0.8478563181527626
-0.8752600895428376
-0.8954661316952136
-0.9096484469959092
-0.9187828661811492
-0.9235583502095649
-0.9243515864764563
-0.9212261213113806
-0.9139331509293035
-0.9019099815551811
-0.8842915535257612
-0.8599679076358284
-0.8277320206938709
-0.786553608357314
-0.7359576969856332
-0.6763756411686701
-0.6092505857975241
-0.5367605188702471
-0.461270293805785
-0.3848025815067418
-0.3087472855892098
-0.23382879803283838
-0.1602259550349088
-0.08773619129809125
-0.015924376737982797
0.05575942619439725
0.12788494121468102
0.2009511562046539
0.27528053037126854
0.35088388120524183
0.4272987417970265
0.5034389528806427
0.5775441615725894
0.647347614034874
0.7105146264938378
0.7652195087765401
0.8105722925019238
0.8466790887113292
0.8743729642882502
0.8948239727601064
0.9092104682028203
0.9185177376129813
0.9234460764267872
0.9243838133545861
0.9214060524707333
0.9142755949096115
0.9024413272767069
0.8850487735913385
0.8609951054817973
0.8290728335767535
0.7882387802835801
0.7379903553423479
0.6787212996506911
0.6118398586636232
0.5395057065901305
0.4640872231001428
0.3876267028092347
0.3115394081565703
0.23657280431638497
0.1629230324041244
0.09039881515842514
0.018571350589438207
-0.0531068325257368
-0.1252063052131385
-0.19823041306028752
-0.2725103605630386
-0.3480712844457543
-0.42447120031044927
-0.5006489233182222
-0.5748677486001927
-0.6448734020529385
-0.7083234982810476
-0.763364047703299
-0.8090668708675808
-0.8455045044170374
-0.8734899824168603
-0.8941874590827824
-0.90877936661986
-0.9182603272072143
-0.923341937863802
-0.9244241692555006
-0.9215936848150967
-0.9146248866265738
-0.902978252447898
-0.8858099602116426
-0.8620245045574394
-0.830414299635001
-0.7899238047546531
-0.7400233274645233
-0.6810691752644504
-0.6144343186490487
-0.5422593338818767
-0.466915363527728
-0.3904639106925528
-0.31434555417623883
-0.23933100536368318
-0.16563394215217309
-0.09307458285065452
-0.02123061585024244
0.05044283451541936
0.12251706482607481
0.19549963617119556
0.2697303147273502
0.3452483318303047
0.4216319669257806
0.4978449170669197
0.5721743324442427
0.6423790206922784
0.7061097207319171
0.7614847708412412
0.807537876824947
0.8443076155703595
0.8725864310792047
0.893532114396862
0.9083308962211653
0.9179866091860384
0.9232221176570842
0.9244490350038018
0.9217655862131064
0.9149577704250281
0.9034976660092542
0.8865521716458822
0.8630332914636933
0.8317337062159559
0.7915860393763854
0.742034018588151
0.6833967192376642
0.6170114855757208
0.5449990235373121
0.4697324698311488
0.39329210757631333
0.31714377881423483
0.2420816094087136
0.16833704530862198
0.09574200892414572
0.02388084229644355
-0.04778860517217005
-0.11983823444913555
-0.192779681254141
-0.26696109146536223
-0.34243556729091046
-0.41880143145306314
-0.4950471631450265
-0.5694839620501092
-0.6398843082228046
-0.7038928924193715
-0.7596010266336436
-0.8060044225536769
-0.8431073269200857
-0.8716810380214929
-0.8928765138310512
-0.9078834967136179
-0.9177148997732847
-0.923104817630618
-0.9244765061145807
-0.9219397539816085
-0.9152921535508366
-0.9040173922412942
-0.8872931533142409
-0.8640391313000484
-0.8330486293458514
-0.7932429572892824
-0.7440397888856399
-0.6857211838818272
-0.6195885268639479
-0.5477418869997688
-0.4725556163392592
-0.39612833310413365
-0.319951077190894
-0.24484155217586495
-0.17104920330514084
-0.09841786759642521
-0.026538706061350847
0.04512757610093733
0.1171533630463335
0.19005422538269134
0.2641865085417345
0.3396169631632661
0.4159637330198671
0.4922399719339366
0.5667811087894669
0.6373738710993221
0.7016577242879977
0.7576976118151951
0.8044513908468902
0.8418886193584652
0.8707588945499688
0.8922058653437327
0.907422492475394
0.9174306353042366
0.9229755797482676
0.9244922235925996
0.9221019219851602
0.9156138566265531
0.9045233312440041
0.8880188743110407
0.865028046099056
0.8343451211145927
0.7948806139494193
0.7460266766029772
0.6880285887264899
0.6221514649920448
0.5504739830030595
0.47537092583377827
0.3989587880292383
0.3227537305435533
0.2475971926988484
0.1737568496259701
0.10108866464847847
0.029190784363345795
-0.042473098896890424
-0.1144757316003473
-0.1873364806795724
-0.2614197125924163
-0.3368056050012612
-0.41313189888647334
-0.4894363082269143
-0.5640786579539679
-0.634860485361107
-0.699416852459071
-0.7557870081777325
-0.802891118130512
-0.8406637081908254
-0.8698321212900963
-0.8915322156527088
-0.9069598700790308
-0.917145750831507
-0.9228462934186379
-0.9245080361708627
-0.9222639033330812
-0.9159346622677565
-0.9050272393320864
-0.8887410659834781
-0.8660117382150363
-0.835634843750694
-0.7965106152501562
-0.7480062186168652
-0.6903304043549238
-0.6247117262192506
-0.5532067236059962
-0.4781898179333227
-0.40179490529821976
-0.3255631782599699
-0.25035996433388474
-0.17647139868812123
-0.10376578437027656
-0.031848422070472664
0.03981387628721143
0.11179409860759995
0.18461527069191508
0.2586496032893996
0.33399048102708984
0.41029501689952447
0.4866253634626454
0.561365894579956
0.6323335043248304
0.6971596682224674
0.7538586264241767
0.8013130357203782
0.8394220596403418
0.8688902348549892
0.8908451413477328
0.9064852689242576
0.9168499467599747
0.9227067160281905
0.9245137536976438
0.9224155561168379
0.9162444726884516
0.905519057656213
0.889449700194069
0.8669801965475981
0.836907782561174
0.7981229177633045
0.7499683223758422
0.6926164863962828
0.627259134453904
0.5559299334214658
0.48100214553745574
0.40462657975610367
0.3283693588807297
0.25311984544010535
0.17918286396979602
0.10643927189556146
0.03450169395373713
-0.03715980508732876
-0.10911833384554719
-0.18190044059785554
-0.2558860052481764
-0.3311814004786896
-0.40746288479087406
-0.4838169212011752
-0.5586525727036405
-0.6298026237386652
-0.6948957776820919
-0.7519219662837919
-0.7997265431766198
-0.8381729951760944
-0.8679425035841142
-0.8901538772381689
-0.9060079029012109
-0.9165524234773803
-0.9225660390906595
-0.9245185625281773
-0.9225660653664035
-0.9165524755888118
-0.9060079797857303
-0.8901539769201963
-0.8679426228883724
-0.8381731295632735
-0.7997266868170194
-0.7519221124576537
-0.6948959195026712
-0.6298027550348916
-0.5586526887818877
-0.48381701925779014
-0.40746296393733794
-0.3311814615040287
-0.2558860502807919
-0.181900472775245
-0.10911835702943527
-0.03715982361517858
0.03450167550414917
0.10643924894222757
0.17918283216242395
0.2531198008954198
0.328369298429744
0.40462650122721144
0.4810020480855715
0.5559298178678672
0.6272590035312322
0.6926163447365435
0.7499681761126928
0.798122773778837
0.8369076476012903
0.8669800764883793
0.8894495996286724
0.9055189798110921
0.9162444195813827
0.9224155288414432
0.9245137527161116
0.9227067413593619
0.9168499979865599
0.9064853450160398
0.8908452403724336
0.8688903536884186
0.8394221937941474
0.8013131794037464
0.7538587729315663
0.6971598106484199
0.6323336364485619
0.5613660116389525
0.48662546258029843
0.4102950971215755
0.33399054308885895
0.25864964927792766
0.18461530371393617
0.11179412250331859
0.039813895381334834
-0.031848403204021096
-0.10376576114407385
-0.17647136673723934
-0.250359919751418
-0.3255631178439804
-0.4017948268344545
-0.47818972052449193
-0.5532066080145766
-0.6247115951193509
-0.6903302623312987
-0.7480060717778962
-0.7965104704799528
-0.835634707821079
-0.8660116170424089
-0.8887409642052047
-0.905027160214463
-0.9159346078592582
-0.9222638747477647
-0.9245080338835043
-0.9228463174588616
-0.9171458007987785
-0.9069599449725698
-0.8915323135858219
-0.8698322391990075
-0.8406638416558437
-0.8028912614251733
-0.7557871546387008
-0.699416995184128
-0.6348606180867261
-0.5640787758378273
-0.48943640829566826
-0.4131319800922753
-0.33680566800129075
-0.26141975941480033
-0.18733651438995724
-0.11447575601248146
-0.04247311832113062
0.029190765356957728
0.1010886414670149
0.17375681789085312
0.24759714848234793
0.3227536706165443
0.39895871014375156
0.47537082905220496
0.5504738680417112
0.6221513344759321
0.6880284471944536
0.7460265301294298
0.794880469403628
0.8343449852745342
0.8650279249040795
0.8880187724300252
0.904523251975441
0.915613802045591
0.922101893223848
0.924492221135382
0.9229756036298765
0.9174306851296928
0.9074225672532639
0.8922059632003241
0.8707590124340304
0.8418887528554719
0.8044515342199103
0.7576977583685596
0.7016578670653307
0.6373740037702331
0.5667812264465246
0.4922400715523133
0.4159638135176803
0.3396170251778408
0.2641865540893549
0.19005425752021146
0.11715338557936864
0.04512759333242617
-0.02653868956616096
-0.09841784724435132
-0.17104917470950282
-0.24484151138883684
-0.3199510209449717
-0.3961282590854874
-0.4725555235067729
-0.5477417759233673
-0.6195883999881331
-0.6857210455591951
-0.7440396450401092
-0.7932428147099665
-0.8330484948096663
-0.8640390108065954
-0.8872930516246628
-0.904017312751033
-0.9152920984188148
-0.9219397244023867
-0.9244765026141416
-0.923104840270532
-0.9177149481800164
-0.907883569920437
-0.8928766099979815
-0.8716811541430772
-0.8431074586404332
-0.8060045642058505
-0.759601171597971
-0.7038930338117682
-0.6398844397686075
-0.569484078870044
-0.49504726221064904
-0.41880151165111784
-0.34243562920899234
-0.26696113706170677
-0.19277971352688697
-0.11983825714937406
-0.04778862255512509
0.0238808257049416
0.09574198856141503
0.16833701680941773
0.2420815688370124
0.3171437229023648
0.39329203399355867
0.4697323774968749
0.5449989129548923
0.6170113590990177
0.683396581119017
0.7420338746651296
0.791585896387064
0.8317335709290724
0.863033169905998
0.8865520686256844
0.9034975849745874
0.9149577135830638
0.9217655547979122
0.9244490295730253
0.923222138301575
0.9179866555669938
0.9083309674198541
0.8935322086398535
0.8725865454480781
0.8443077458143078
0.8075380173911596
0.7614849152162834
0.7061098621067415
0.6423791528158208
0.5721744504030087
0.49784501775211504
0.4216320491207223
0.34524839601904667
0.2697303627798457
0.1954996710197296
0.12251709018003008
0.050442854611851835
-0.0212305964820093
-0.0930745596253548
-0.16563391066704672
-0.2393309616368124
-0.3143454948949195
-0.39046383349526836
-0.46691526733380767
-0.5422592192417652
-0.6144341880180092
-0.6810690330390956
-0.7400231796389486
-0.7899236582001109
-0.8304141612081167
-0.862024380326347
-0.8858098549914437
-0.9029781696740302
-0.9146248284859212
-0.9215936525210076
-0.9244241633500206
-0.9233419584329163
-0.9182603739238351
-0.9087794385964435
-0.8941875545935213
-0.873490098595119
-0.8455046370459957
-0.8090670143807979
-0.763364195497388
-0.7083236433711979
-0.6448735379504933
-0.5748678701456671
-0.5006490272028149
-0.42447128519162586
-0.34807135075285056
-0.27251041016218225
-0.19823044890870117
-0.12520633105795162
-0.05310685264627907
0.018571331619494584
0.09039879270692845
0.1629230020174381
0.23657276195541196
0.3115393504428766
0.3876266273041512
0.46408712863316365
0.5395055936126916
0.6118397295333148
0.678721158684993
0.737990208492795
0.7882386344239479
0.829072695606153
0.8609949815350082
0.8850486685570941
0.9024412446575633
0.9142755369449549
0.9214060204082938
0.9243838077526753
0.9234460973727863
0.918517784770385
0.909210540665033
0.894824068769849
0.874373080927731
0.8466792216851265
0.8105724361349786
0.765219656336867
0.7105147708736037
0.6473477486616408
0.5775442812646093
0.5034390543655626
0.4272988238024087
0.35088394423482505
0.27528057634961456
0.200951188123833
0.12788496283425935
0.05575944178980796
-0.015924362605525676
-0.08773617400893993
-0.16022593013866135
-0.2338287614730308
-0.3087472339336986
-0.3848025122071233
-0.46127020550660597
-0.5367604117558172
-0.6092504618983666
-0.6763755044762272
-0.7359575532073921
-0.7865534642658727
-0.8277318832354199
-0.8599677830973174
-0.8842914469925209
-0.9019098967219653
-0.9139330901951259
-0.9212260860415696
-0.92435157730779
-0.9235583672790907
-0.9187829091872065
-0.9096485150674012
-0.8954662231253846
-0.8752602014947007
-0.8478564464559153
-0.8120794614149096
-0.7670767019932304
-0.7127088776098036
-0.6498276670783364
-0.5802298463852879
-0.5062415685153868
-0.43014145057014136
-0.3537132723915924
-0.2780682530727428
-0.20368955975557868
-0.13058092080240508
-0.0584288082421642
0.013261264572232031
0.08505805247539334
0.15751383180299316
0.23106990125358776
0.3059399096267218
0.3819620950868702
0.4584349624142444
0.5339939985980421
0.6066365560646375
0.6740020603974546
0.7338949983997018
0.7848377178012119
0.8263610843988547
0.858911943584987
0.8835071497954288
0.9013528813308248
0.9135660289014026
0.9210221613880529
0.9242955402736897
0.9236465775810113
0.9190232824500467
0.9100606062495742
0.8960809512617711
0.8761180572387406
0.8490025381042143
0.8135539066931531
0.7689006998713317
0.7148708585584358
0.6522777188677167
0.5828885474544956
0.5090201390848399
0.4329623448443654
0.3565221351559004
0.28083586417876094
0.20640761260914173
0.13325588035205313
0.0610762571745556
-0.010621097803293025
-0.0824038479947069
-0.15482648027497403
-0.2283363019904465
-0.30315784008729735
-0.3791461738970223
-0.4556225216182545
-0.5312477796979805
-0.6040397077100967
-0.6716427549179683
-0.7318446815880086
-0.7831337451248922
-0.8250028900933029
-0.8578703343216983
-0.8827389670102895
-0.9008137396825426
-0.9132182721507034
-0.9208385665483547
-0.9242604394091665
-0.9237559154627847
-0.9192845589029183
-0.9104929593360268
-0.8967149125025506
-0.8769938427912395
-0.8501652427736085
-0.8150440798959862
-0.7707405278546262
-0.7170501767409596
-0.6547479810499393
-0.5855711121217382
-0.5118261729292745
-0.43581360208914377
-0.35936330803206573
-0.28363684683874996
-0.20915942475571855
-0.1359645409736532
-0.06375709187474815
0.00794797205120064
0.07971710104079295
0.15210686680407884
0.22557042915378556
0.30034299185670604
0.3762962445557828
0.45277393297288954
0.5284623713312044
0.6014000929832187
0.669237300859432
0.729745825871363
0.7813802629197123
0.8235955038536379
0.8567806396506013
0.8819240506209194
0.900229069475034
0.912825834980799
0.9206107020826825
0.9241810276631595
0.9238204526892562
0.9195000947088923
0.9108781780706631
0.897299916593119
0.8778185249137618
0.8512746260476395
0.8164790797009776
0.7725242532746234
0.7191738210213883
0.6571643480910784
0.5882023542811242
0.5145834304423248
0.43861795306443174
0.36215850706503994
0.28639191079003606
0.21186470562008253
0.13862561807904594
0.0663890416871426
-0.005325133852503886
-0.07708202150872201
-0.14944015014936246
-0.22285837451470572
-0.29758237284641614
-0.37350021242784465
-0.44997797602743483
-0.5257273953285497
-0.5988081346454923
-0.6668768805110128
-0.7276903509608209
-0.7796699409438658
-0.8222323910435103
-0.8557371840715009
-0.8811576512408243
-0.8996951107303375
-0.9124860053027201
-0.9204369589067628
-0.9241568527614152
-0.9239409482661821
-0.9197719168585906
-0.9113196171964901
-0.8979407086025588
-0.8786983027133414
-0.8524384029690603
-0.8179681945187417
-0.7743627916318669
-0.721354389249191
-0.6596411605971074
-0.5908984157341908
-0.5174098956553156
-0.44149523804167784
-0.3650294193828784
-0.28922456811693326
-0.21464876726665005
-0.14136620016004997
-0.06910094968669334
0.0026220076788235924
0.07436632643251245
0.14669236994590945
0.220064536521899
0.29473878250665136
0.37061932370979495
0.4470943868926967
0.5229011080114129
0.5961206160976076
0.6644167853158193
0.7255320207625134
0.7778549752204177
0.8207641367522659
0.8545888897110335
0.8802869621656251
0.8990572490727916
0.9120422734380267
0.9201588397288756
0.9240273352320995
0.9239546441114812
0.9199349888193922
0.911649855411415
0.8984673658777993
0.879460621911029
0.8534812422471268
0.8193331592604959
0.7760747887661201
0.7234073067145272
0.6619905369213057
0.5934680708555061
0.520110995397645
0.44424754512091175
0.3677748030230893
0.29193025205199113
0.21730372084136468
0.14397507839794257
0.07167829102481138
-0.00005642605165416186
-0.07179114118354195
-0.14408792236608692
-0.21741655337780547
-0.29204306657644835
-0.36788759195257914
-0.4443603014251031
-0.5202237158726695
-0.5935807611438483
-0.6621032172870326
-0.7235200164912798
-0.7761875873369264
-0.8194461229862122
-0.8535944588182386
-0.8795741844414563
-0.8985813683939707
-0.9117643902609684
-0.9200501458033045
-0.9240705109373782
-0.924143998887714
-0.9202763883512416
-0.9121607981831727
-0.8991768454821528
-0.8804077305822914
-0.8547109343212268
-0.8208875628241997
-0.7779798843231522
-0.7256585044922687
-0.6645449192577783
-0.5962504565124055
-0.5230326929158579
-0.44722774099469886
-0.37075446485234886
-0.29487572717641547
-0.22020330310761801
-0.1468329796021981
-0.07450880210091586
-0.002766372130287566
0.06895467587023776
0.14121800000191687
0.21449862803213632
0.2890724813422099
0.36487538035443146
0.441339244326717
0.5172519438855213
0.5907384960012712
0.6594792488366882
0.7211904395783652
0.7741967314979856
0.8177999245038682
0.8522678007533738
0.8785252290236581
0.8977650129723055
0.9111411423269784
0.9195905011925883
0.9237564266818807
0.9239690553428124
0.920245707977075
0.912291111416619
0.8994963687830003
0.880954837995866
0.8555300583890432
0.8220206980687328
0.7794534211679182
0.7274687536366573
0.6666499782505744
0.5985757337796983
0.5254893375124324
0.4497341309586517
0.3732504659378542
0.2973266156969008
0.22259649535340298
0.14917203356436057
0.076807550270542
0.005044193285982018
-0.06667655968335152
-0.13891981317673457
-0.2121656696001935
-0.2866997294697875
-0.36247326280014036
-0.4389397283502348
-0.5149123144372164
-0.5885384541575052
-0.6575078051760919
-0.7195248281295529
-0.7728830670432019
-0.8168460231585116
-0.8516500815509503
-0.8782029217486244
-0.8976937181477588
-0.9112818717230851
-0.9199141858630259
-0.9242454637323603
-0.9246175023285751
-0.9210592147392871
-0.9132870026945825
-0.9007035634532136
-0.8824126035906794
-0.8572840461809256
-0.8241146108273679
-0.7819159480780412
-0.7302989655811385
-0.6698087346473698
-0.6019905981226504
-0.5290726589778924
-0.45340466661440887
-0.37694807020512716
-0.30101656618313705
-0.22626643620086404
-0.15282602047617186
-0.08046013583312682
-0.008715628281339115
0.06296408041220197
0.13514545125778188
0.20831354069951066
0.28276345196591735
0.35846167873742835
0.4348830006540841
0.5108658340511362
0.5845802145794707
0.6537256003172882
0.7159952253426807
0.7696517016642681
0.8139198294696185
0.8490037764259885
0.8757931532356481
0.8954728126016629
0.9092071145791614
0.9179525079079666
0.922375071481687
0.9228280676806329
0.919351738247691
0.9116738047870967
0.8992081397250041
0.8810683895682405
0.856130570860824
0.8231893933161698
0.7812416980533503
0.7298691073673613
0.6695786410818743
0.6018820965560197
0.5289917808262167
0.45326324112103233
0.37667859784388913
0.30057672445345907
0.2256361060655983
0.15200135558168598
0.07944767224166695
0.007527525731361134
-0.06431376165310829
-0.13664405379414424
-0.20995343727790172
-0.2845466203101444
-0.3604054363090708
-0.43702615973895875
-0.5132728353182096
-0.5873390118910279
-0.6569355985155269
-0.719746911873643
-0.7740071731901953
-0.818904816124579
-0.8546137832492032
-0.8820073794871863
-0.9022678073100315
-0.9165660395020421
-0.9258698694477104
-0.9308585220302996
-0.9318989670820849
-0.9290456029964242
-0.922041014932054
-0.9103145017268627
-0.8929944891695806
-0.8689683360074707
-0.8370341626640116
-0.7961792388549551
-0.7459604723447788
-0.6868503256646988
-0.6203295621279079
-0.548597036601036
-0.474017373963793
-0.3985982470150011
-0.323710137434767
-0.2500612107991364
-0.17782030433710333
-0.10678105199004015
-0.03650966802935098
0.033538113973460265
0.10392218184443157
0.1751271055113923
0.24745557385853348
0.32089243853505484
0.3949427799331782
0.4684830781870036
0.5397157221530174
0.6063449802669658
0.6660223664006906
0.7169225339476828
0.7581597220313289
0.7898358527053313
0.8127654445862572
0.8280873411357442
0.8369412597365405
0.8402710059191005
0.8387347332785714
0.8326782992594515
0.822134541018805
0.8068271949329321
0.7861752076288809
0.7593092987015784
0.7251267359668736
0.6824195115709775
0.6301046865611485
0.56754407103275
0.4948589007888483
0.413076392530586
0.32398761052832
0.2297699732714195
0.13258899964256235
0.03438709332123177
-0.06307972893284623
-0.15804134971858683
-0.24850287407232657
-0.3321805996820999
-0.40668104265280786
-0.46988295234143806
-0.5203312804970499
-0.557427583176324
-0.5813521706068259
-0.5928378920753913
-0.5929733955600424
-0.5831376255112221
-0.5650428951392439
-0.5407597488554357
-0.5125693184728842
-0.48259117149630554
-0.45232050106693417
-0.4223046051005564
-0.3921036821628838
-0.360535149444202
-0.3261229005184485
-0.28763519526231035
-0.24454055995817953
-0.19720638655425948
-0.146796289020987
-0.09499981308609376
-0.043774062496879075
0.004826675913560028
0.048781812861539556
0.08629001633701756
0.11604643407714733
0.1375223847551775
0.15107376110958778
0.15777934567016003
0.15909359571501952
0.15649812924058223
0.1512779936955782
0.14443741920583406
0.1367076591379748
0.12859511719562633
0.12043695770749105
0.11244955995829137
0.1047658778926268
0.0974624612062177
0.09057831658450087
0.08412781333200886
0.07810941722108351
0.07251156557235501
0.06731660496753619
0.0625034221329409
0.0580491940648401
0.0539305437712197
0.050124293975325765
0.046607948233364394
0.04335998693218749
0.0403600375449316
0.03758895967446699
0.03502887268692294
0.032663145105408874
0.03047635903078882
0.028454258799100015
0.026583690268282417
0.02485253517252411
0.023249643601944276
0.021764766700380803
0.020388490983864704
0.01911217519675731
0.017927890274782
0.016828362740065515
0.015806921675075938
0.014857449306346259
0.013974335136871657
0.013152433516339953
0.012387024496495855
0.01167377779754961
0.011008719697135759
0.01038820265574543
0.009808877481219965
0.00926766784961551
0.008761747002403827
0.008288516447419375
0.00784558650159923
0.007430758525188514
0.007042008703557589
0.006677473246589736
0.006335434882233663
0.0060143105333525
0.005712640073551832
0.005429076065450282
0.005162374397993815
0.004911385739319569
0.004675047734736038
0.004452377882434087
0.004242467026220041
0.004044473410971646
0.0038576172488616104
0.0036811757529693566
0.003514478593971284
0.003356903744234588
0.0032078736738672745
0.0030668518675018813
0.0029333396331566535
0.002806873178825636
0.0026870209306289537
0.0025733810742107678
0.0024655792971194513
0.0023632667170706964
0.0022661179780802797
0.002173829500926034
0.002086117874908881
0.002002718377141211
0.001923383611152107
0.0018478822520433256
0.0017759978911083627
0.001707527969893334
0.001642282798055817
0.001580084646371778
0.0015207669100492254
0.0014641733350652553
0.0014101573035820117
0.0013585811738553353
0.0013093156679941272
0.001262239307214344
0.0012172378873761844
0.001174203993735914
0.001133036550964708
0.0010936404063177103
0.0010559259418231608
0.0010198087155052133
0.0009852091272040922
0.0009520521083754901
0.0009202668342404524
0.0008897864552316069
0.0008605478470582091
0.0008324913792787105
0.0008055606982659878
0.0007797025257428126
0.0007548664707331487
0.0007310048543212881
0.0007080725460175891
0.0006860268110721832
0.0006648271680227616
0.0006444352546175199
0.0006248147047031989
0.0006059310300760355
0.0005877515127886574
0.0005702451025758783
0.0005533823213546269
0.0005371351738409718
0.0005214770637236205
0.0005063827151369847
0.0004918280988583216
0.0004777903627876543
0.0004642477679645743
0.00045117962658889173
0.0004385662453416368
0.0004263888713627723
0.0004146296419607016
0.000403271536532266
0.0003922983322310893
0.0003816945618187411
0.00037144547375869333
0.00036153699494210036
0.0003519556957608036
0.0003426887568450263
0.0003337239373699157
0.00032504954602505525
0.0003166544135164208
0.0003085278651135357
0.00030065969727079297
0.0002930401530106492
0.0002856599010646753
0.00027851001350343826
0.00027158194707485345
0.0002648675243362054
0.00025835891547792424
0.0002520486222095445
0.0002459294614399445
0.00023999455031350952
0.0002342372928360043
0.00022865136509663708
0.00022323070347249533
0.00021796949228576398
0.00021286215227937463
0.00020790332955843984
0.00020308788594413337
0.00019841088828120466
0.0001938675997657685
0.00018945347107169537
0.00018516413153000225
0.00018099538182503118
0.00017694318577026263
0.00017300366355770135
0.00016917308452021773
0.00016544786127039462
0.0001618245429254661
0.0001582998089799334
0.0001548704646779443
0.0001515334346814094
0.0001482857586705263
0.00014512458592786967
0.00014204717118982188
0.00013905086978575573
0.00013613313408501507
0.00013329150886587135
0.000130523627657272
0.0001278272093268643
0.00012520005448527413
0.00012264004201480963
0.0001201451262396122
0.00011771333325095017
0.00011534275899006553
0.0001130315653463119
0.00011077797874692873
0.00010858028657239981
0.00010643683546791029
0.00010434602863358394
0.00010230632349716675
0.00010031623037963347
0.00009837430934851935
0.00009647916944880144
0.00009462946592813276
0.00009282389891396623
0.00009106121186644552
0.00008934018928035759
0.00008765965601656413
0.00008601847505892932
0.0000844155466441996
0.00008284980649524891
0.00008132022488741551
0.00007982580469752461
0.00007836558127602108
0.00007693862032568248
0.00007554401707857315
0.00007418089571103186
0.00007284840741564564
0.0000715457301383021
0.00007027206744050092
0.00006902664788130367
0.00006780872308522884
0.00006661756835878788
0.00006545248088283564
0.00006431277906792117
0.0000631978025388788
0.00006210691035896832
0.00006103948094122037
0.000059994911733099786
0.00005897261764986243
0.0000579720311080686
0.000056992601501319245
0.00005603379421024263
0.0000550950905617363
0.00005417598669089049
0.000053275993509048326
0.000052394636351959374
0.000051531453980565724
0.00005068599831357621
0.0000498578345468469
0.00004904653980748195
0.000048251703357450274
0.00004747292613902184
0.00004670982044804389
0.00004596200892616252
0.000045229125656606434
0.0000445108139561068
0.000043806727483454764
0.000043116529738471213
0.000042439893038718494
0.000041776498636596275
0.00004112603687235292
0.00004048820603511222
0.00003986271325419649
0.00003924927268504645
0.00003864760687888721
0.000038057445513554953
0.00003747852539256647
0.00003691059063844534
0.00003635339196051775
0.000035806686259687046
0.00003527023758359574
0.00003474381560582879
