-0.000041858214023326105
-0.00004371961277902052
-0.00004356286002532598
-0.00004569444118470959
-0.00004798761735305224
-0.000047544616614366064
-0.00004682139786103273
-0.000045795926827532274
-0.000048458550468995957
-0.00005196665340321677
-0.000048268909862945355
-0.00005153160758043167
-0.00005222320018145951
-0.00004952732287530691
-0.0000505259389165384
-0.000049964693325474884
-0.00005679443733750651
-0.00005471898641501255
-0.000056714313382435005
-0.000057147584179977463
-0.000055912795149150654
-0.00005679437929823683
-0.00006301494109695525
-0.00006064531586496312
-0.0000613835735740197
-0.00006309802066714416
-0.00006599200385337682
-0.00006618057496930554
-0.0000647060382046621
-0.00007023317951420182
-0.00006802177766362748
-0.00007359823005720183
-0.0000732572323255959
-0.00007211907393573826
-0.0000744819274503903
-0.00007430052165917971
-0.00007641689678022604
-0.00007787164140016041
-0.00008199734974340425
-0.00008050020211466415
-0.00008245599194063142
-0.00008530321335755353
-0.0000859169895329607
-0.00008795374672314824
-0.00008616258906598323
-0.00009015833940706185
-0.0000926166025439014
-0.00009361349815442942
-0.00009451507863919577
-0.00009463956600839113
-0.00009513160372877591
-0.00010027569610629915
-0.00009998205906198666
-0.00010705097632929298
-0.00010491611249392547
-0.0001048801916292967
-0.0001075089022607868
-0.00011384808729011756
-0.00011585978574683463
-0.0001162172826063314
-0.00011807295667621827
-0.00011811641031520939
-0.00012506888161490623
-0.000123291930799498
-0.00012931966655192338
-0.00013361214263328617
-0.00013546551786641967
-0.00013823146080300903
-0.0001374922397053766
-0.00014078576422413007
-0.00014455628548968802
-0.00015018970510585688
-0.0001489758339504753
-0.0001549610100320656
-0.0001586265978087321
-0.00016005400811419684
-0.00016851475904811113
-0.00016660166900957002
-0.00017188175807078315
-0.00017343967242940372
-0.0001773052031354758
-0.00018518402742286646
-0.0001858457547122084
-0.00019204336944580192
-0.00019256137675068344
-0.00019992704606828417
-0.0002071554663678035
-0.0002095773123549723
-0.00021356382175211663
-0.0002204227822333073
-0.00022256721282050038
-0.0002284720128741089
-0.0002382761433355321
-0.00023886689069320058
-0.00024330334306152894
-0.0002511364015361621
-0.00025877017775742647
-0.00026374673969310097
-0.0002729711638195767
-0.00027659197081630785
-0.00028378561494129135
-0.0002901623000650944
-0.00029633649497025176
-0.00030463642908260316
-0.00031517006571841436
-0.00032144488560261847
-0.0003301740179246597
-0.000338485738183527
-0.0003476214521117265
-0.0003526126761257705
-0.0003625665643057985
-0.00037510989728720595
-0.0003844632000545739
-0.000395788344067346
-0.00040436376730070976
-0.0004162646384560184
-0.0004289184469126611
-0.0004414864438530913
-0.00045012204251548556
-0.00046467823357702236
-0.00047587413036047425
-0.0004907015246763219
-0.0005014088601571045
-0.0005174215820392071
-0.0005322969456995658
-0.0005482569770214545
-0.0005622114367942051
-0.0005845612932406812
-0.0005947735124288376
-0.0006147685245892271
-0.0006348476170918707
-0.0006511117315314172
-0.0006757405476400421
-0.0006926329995641938
-0.0007175170729113196
-0.0007395384175702777
-0.0007598124139108138
-0.0007849521188858
-0.0008102645285148717
-0.0008380848889509747
-0.00086428983086222
-0.0008921142730617976
-0.0009214924335461104
-0.0009535128522784046
-0.000985123548343368
-0.0010177248996519174
-0.0010495146629794293
-0.0010884959796017485
-0.0011255413637071105
-0.0011662314392481875
-0.0012051203954804401
-0.0012471103288450869
-0.0012913085702460257
-0.0013393688172911443
-0.001386522195510125
-0.0014381833877926587
-0.0014915907796430772
-0.0015463730141848937
-0.0016048269650858434
-0.0016635011444390332
-0.0017306515684361882
-0.0017973910291770219
-0.0018668835277729212
-0.0019421285306885942
-0.0020195440642317743
-0.002100188529988052
-0.002185899717541576
-0.002274619255001486
-0.002366360138069564
-0.0024661999517107767
-0.002568351715112167
-0.002679685169324912
-0.0027930037822914864
-0.0029163721891459333
-0.003045617518949283
-0.0031768121624131404
-0.0033203970758384697
-0.0034689024673157354
-0.003628805465105596
-0.003794004250348979
-0.003969823271957803
-0.004159182892909577
-0.00435671008077379
-0.004563698050842031
-0.004785665343061763
-0.0050221133673209175
-0.005268997611975664
-0.005534071961347666
-0.005813322689131147
-0.006112611683543997
-0.006427216505346548
-0.006761482412335877
-0.007119520702074889
-0.0074995352666199794
-0.007903849726233769
-0.008335127968514157
-0.00879299065573075
-0.009283282046510705
-0.00980498341361668
-0.010363890717666604
-0.010958713953241425
-0.011592339737695922
-0.012274446665209096
-0.013004071888523584
-0.01378088258111081
-0.014613638519838752
-0.01550481049553069
-0.016459095101031166
-0.017480844310637716
-0.018577050944103102
-0.01974790054613929
-0.02100382733040229
-0.022346269177165732
-0.023785064578709048
-0.025323160410329143
-0.026967317349544627
-0.02872074627439654
-0.030589213804378717
-0.03257696576442361
-0.034681241641854585
-0.03690109288331422
-0.039231143105398325
-0.041665496694033105
-0.04418009161825215
-0.04673888597010966
-0.049302275406156434
-0.05179078329537595
-0.05409722191858207
-0.05607254322616424
-0.05749163838382017
-0.058061247647740885
-0.05736407357829668
-0.054893836606645346
-0.050030117175637184
-0.042121692725757776
-0.03059103987390224
-0.015061801458171873
0.004481455255185999
0.027669342480498606
0.05376452163606909
0.08174432953358506
0.1103774869362673
0.13831531679200337
0.1641926395137184
0.18674800379398293
0.20496854580110005
0.2181614283717322
0.22599291252428194
0.2284510694249789
0.22576621886811135
0.21838407112920374
0.20693993660016408
0.19220620501332406
0.1749817826944477
0.1559629738770931
0.13553908937280107
0.11373554883375603
0.09022975141996618
0.06450230888392781
0.03605209874201931
0.004584160487831428
-0.029844717193883326
-0.06680046297113605
-0.10551287077828603
-0.14491473935497634
-0.1836314018335007
-0.22002879755638882
-0.25231039092906726
-0.2787088757883934
-0.2977597407400226
-0.30857011771053733
-0.3109221515654613
-0.3052782880163046
-0.29261991743512406
-0.27426680628941363
-0.25170170473559145
-0.22643852352847232
-0.19992322254175487
-0.17340486985118828
-0.14781053567062996
-0.12365099894625313
-0.10101489415110275
-0.07967112196042542
-0.05925678433140945
-0.039459798892956297
-0.02013964616422556
-0.0013216251934302216
0.016878209024422337
0.034332035964332173
0.050865379783746764
0.0662159793818702
0.0799784401002993
0.09164394800540823
0.10073579206983282
0.10694293020492646
0.1102406322680125
0.1108682071997632
0.10928355897413831
0.10601357054129368
0.10156146032923456
0.09636160073696669
0.09075913668303671
0.08502938841834697
0.07937218781549718
0.07392928116512357
0.06878976747671833
0.06399354345374743
0.059555545159619416
0.05545482622803229
0.05167555848301321
0.04819103811894593
0.04497646292732784
0.042008156730348085
0.03926962799077268
0.036741936965609186
0.034405379694825364
0.03224457193907505
0.030244887383298273
0.028389571748631992
0.02666510302222119
0.025058092999780537
0.023550251891595545
0.022139021488395697
0.02081764612479336
0.019581270093680055
0.018419011141835723
0.017332086049774858
0.01630959544557555
0.015353195388876398
0.014456000035452908
0.013617408473459727
0.012827187510645568
0.012088444380236856
0.011400361365053197
0.010752338434846244
0.010144721151600157
0.009577715134661897
0.009048489835584376
0.008557476962321326
0.008097777470535023
0.007671976056175463
0.007274029676555807
0.006907465094118087
0.0065652592741395534
0.006244501303907029
0.005946895755868827
0.0056663302019745515
0.005404292104454809
0.005159560421036417
0.004927341767638873
0.004710061772836943
0.004507451846777767
0.004314587798919869
0.0041327323950895375
0.003959679995274315
0.0037945583946449074
0.003637589086343964
0.003485462456395989
0.0033430851469909073
0.003202822568382627
0.0030700081418209434
0.002941759755421532
0.00281819646850483
0.0027004068090702637
0.002588415564535899
0.0024798298204710746
0.002376776086902189
0.002278245830003935
0.002184907456218411
0.002094623763491142
0.002007808244157044
0.0019233439625460692
0.00184639900719896
0.0017760412281391832
0.0017037330957107592
0.0016404658455442902
0.0015781426844204383
0.0015211463080639295
0.0014649506868493352
0.0014139371858741495
0.0013647660318361603
0.001317306189315339
0.0012721450982559625
0.0012301076031272988
0.0011912477938969452
0.0011553476818859675
0.0011156268189538615
0.001083031335149573
0.0010500911653044444
0.0010189207931722564
0.0009884299076436084
0.0009583499908496253
0.000929555121967914
0.0008995220200000632
0.0008737177986983969
0.0008454735006750983
0.0008178535866848478
0.0007901741708233725
0.0007674304500003006
0.0007435855366584533
0.0007195829192937654
0.0006971833212591511
0.0006752667180591835
0.0006523572632465112
0.0006318720204883968
0.000610870980209778
0.0005928657122594741
0.0005739235092445439
0.000555506613784715
0.0005407265207713792
0.0005223347905406912
0.0005072144349586571
0.0004952630036150646
0.00048068173756202757
0.000467210445277895
0.0004524867683731272
0.0004432856476218661
0.00043126831860799546
0.0004216830298921041
0.0004108898611130856
0.0004013044963782686
0.0003911271878497983
0.0003815967423110931
0.0003740864820520912
0.0003645192095198179
0.0003561038037491539
0.0003458902481348754
0.00033922053054844556
0.00032936653843365746
0.00032227399710807946
0.00031624830320145443
0.0003081149413405902
0.0002991160325118706
0.0002910411340435571
0.0002850361462459221
0.0002771496592647542
0.00027144249778488324
0.00026328059802315195
0.0002565668517794638
0.00024931778046051575
0.00024295033299288202
0.00023603114924759336
0.00023099069387549513
0.00022569082942340478
0.00021868576572554827
0.0002149298083825293
0.00021062586577329934
0.00020336691637944625
0.00019835516120730293
0.0001949744403520293
0.00018988146548015326
0.00018801193374719897
0.00018376764383096848
0.00017938417185862771
0.0001754968962635208
0.00017294372265452804
0.00017089301041359154
0.00016750304196695741
0.000163522368191169
0.00016100275942622
0.00015726423075715834
0.00015568173511605902
0.00015213905704786903
0.00014878916686018846
0.00014583434082336079
0.00014266156970538208
0.0001396465752920234
0.00013808765121755878
0.00013452465743204288
0.0001320720462434292
0.00012743455449869075
0.00012506323190549705
0.00012373910175714808
0.00012024006960118235
0.00011795352908474417
0.00011549639965002464
0.00011290008191311372
0.00010891636117687531
0.00010809496215767698
0.00010439797472999936
0.00010263509030011035
0.00010096987927438856
0.00009699021117939421
0.00009773543785798477
0.00009525313608381997
0.0000927250139728792
0.00009140378683073176
0.00009144456180738639
0.00008977596454259628
0.00008718443738788334
0.00008557594530625579
0.00008453976294823852
0.00008407986041238344
0.00008390978345174735
0.00008151193526150774
0.00008164023395005941
0.0000786738331740594
0.00007758478008352998
0.0000761511214669659
0.00007376207144065744
0.00007350164195640358
0.00007227623812567828
0.00007065767709132165
0.00006930626298978833
0.00006773650945111467
0.0000678433527382383
0.00006449400374357325
0.00006351406232515153
0.00006262520095527529
0.00006219841969980857
0.00006039888904543266
0.000060293398153233074
0.00005738155855567981
0.00005750975063136443
0.00005637844834940986
0.000055623422390260944
0.000053693887788862725
0.000054121104179900965
0.00005220309502949176
0.00005292704939119353
0.0000500613017664311
0.000052005499522836554
0.00005005625524640879
0.00005104702429235799
0.000049171292928597625
0.000049381121283973174
0.00004837303703482943
0.00004640383859425811
0.00004620367316636827
0.00004573420834495134
0.00004557013110569279
0.000044048198893776715
0.000043293379864456426
0.000042257532780157386
0.000041655622426688234
0.000041940466647186816
0.00004156793742846297
0.00004122065505475613
0.00004079308217735358
0.00003849743544185724
0.00003896333037477732
0.0000372429922799795
0.000038054794886528674
0.0000360324099391193
0.0000352378207009176
0.000036409294681051726
0.00003468161285987231
0.00003337939122911683
0.00003311103625780785
0.000033005630545940764
0.000032898477765378836
0.000031918490305165997
0.000032799541048219135
0.00003174133721067324
0.00003113475351417356
0.000029664702309033543
0.000030923150147012074
0.00003002781173922596
0.000030320076071202934
0.00002971922163540657
0.000028152232488430296
0.00002897216747421019
0.00002874173664911792
0.000028055758045217358
0.00002693348090279397
0.000025992430957651585
0.00002539626445591006
0.000027779469185040482
0.00002652285487151511
0.000026439708516359835
0.000026336910537593552
0.000024957385504249276
0.000024449791678378557
0.000023061610436082316
0.00002401117417178712
0.000024548644319072498
0.00002419951143618869
0.000022709570099178158
0.000024013538711004613
0.000021979813678960175
0.000021203265459305816
0.00002181805688068767
0.000020435784061345336
0.00002004267043607907
0.000020180899562941457
0.00002087348249589607
0.000020636422285925937
0.000020705053034728098
0.0000190766388439944
0.000020544114651417675
0.000019730145896986894
0.000018031757105143848
0.000019280237670137136
0.000017987352634819558
0.000019534025814817944
0.000018546149858485608
0.000018787263993264672
0.00001830708320397885
0.00001763551546087743
0.00001786911805621862
0.000018091056508734615
0.00001828091858079755
0.00001761225215234964
0.000016666481505613684
0.00001678297709468647
0.000016809105516983552
0.000016387914822389927
0.000015610889597479118
0.000015621838186692832
0.000014097125775368948
0.000014447939246782888
0.000015807531392656325
0.00001530121661012395
0.000014386490226529666
0.000015402776373165144
0.000013564667552892901
0.000014871966969575875
0.00001341912825099488
0.000011629955108528415
0.000012948813605189013
0.00001227560850839701
0.000013241440515156849
0.000012204644093869564
0.000013365135107529141
0.000012375144815059546
0.000012753763331959554
0.00001276169681242863
0.00001263734547982236
0.000012644558291162826
0.000013381997748800766
0.000011863109689122934
0.000012891719749033593
0.000012057403593312311
0.000011498877690984736
0.000011713323275419966
0.000012236521139059631
0.000012113094687217117
0.000011438360874718459
0.00001225568528044749
0.000011922227654195234
0.000011735920401197918
0.000010875443166865586
0.000010891834534147368
0.000010631508444386842
9.792504877529992e-6
0.000010099443892115662
0.000010658288029361225
9.757719913356115e-6
8.99800379249496e-6
9.712275868640655e-6
0.000010337683869959147
9.735514195954562e-6
8.564187932449904e-6
9.770894278304356e-6
8.64630364151422e-6
8.782415212993447e-6
8.463467255913118e-6
9.347905198954784e-6
8.718143594157695e-6
8.717389396340762e-6
9.16291772331647e-6
8.177487818742267e-6
8.28034578917773e-6
8.777823408012566e-6
8.016096042100644e-6
8.086386030219087e-6
8.27525275312677e-6
9.420439114422424e-6
8.384589320899864e-6
7.807770988303989e-6
8.05637741492206e-6
8.00893499439744e-6
8.071120795387481e-6
7.475744943422399e-6
8.625805256430448e-6
8.238609958509941e-6
7.607896546805903e-6
8.473357109068262e-6
8.036145555816622e-6
7.855006329961186e-6
8.156383994380988e-6
7.802470024808294e-6
7.189468301740153e-6
7.430820173663552e-6
7.209099750075866e-6
7.48502193035223e-6
7.820151544323224e-6
6.4408198143132695e-6
7.761672870318346e-6
6.3976946989307645e-6
7.223128526105306e-6
6.26632802588169e-6
5.875949970746158e-6
6.539023057882997e-6
6.0394985182639756e-6
5.8745245331867625e-6
5.743959242446395e-6
5.700877173683929e-6
6.348740114232793e-6
5.947693306057648e-6
6.564202052973246e-6
6.989052496583928e-6
5.5385151258513275e-6
5.888935583074183e-6
5.877783180472508e-6
5.540555208086324e-6
6.557357498521667e-6
5.09785216874063e-6
5.930788738481788e-6
6.600508362848444e-6
5.809162280697017e-6
5.193708886982417e-6
5.560212804363913e-6
5.668636499747981e-6
4.204486164302078e-6
6.220899602902926e-6
6.3033491831771956e-6
5.830657711478376e-6
5.5924603984329685e-6
6.693048582847498e-6
6.066759913411627e-6
4.499361234886249e-6
4.906747699403754e-6
4.829109509835216e-6
4.2804254483731685e-6
4.4200945986076415e-6
4.591650434837086e-6
4.412826069661519e-6
4.090614950103078e-6
4.846181929494508e-6
5.195891963300304e-6
3.928227738712861e-6
4.613806799152663e-6
5.548956423368651e-6
5.086437082610344e-6
4.567168630248052e-6
4.782431317964136e-6
5.371089710115301e-6
4.256067377159897e-6
4.680938441752688e-6
4.369327519349437e-6
3.891168956960049e-6
4.0503911570407146e-6
5.216162010247479e-6
5.312414918951582e-6
4.591584609829871e-6
4.2546690972131035e-6
3.5906196921518385e-6
4.285714398224995e-6
5.272666866404925e-6
4.061687824538924e-6
3.5180685089164146e-6
3.829550336388544e-6
4.130221548366367e-6
4.161223319161557e-6
3.2402942077687544e-6
4.5632621079686125e-6
3.545155987081751e-6
3.626994296240777e-6
4.784072494273951e-6
3.964832860221785e-6
3.271397274130358e-6
3.481702393269251e-6
3.640964944806564e-6
3.2711520385616294e-6
3.2506211766393206e-6
3.8099738571137932e-6
3.564009405091185e-6
3.6568725389100024e-6
4.777127563941058e-6
4.388751461597956e-6
3.7591141628348315e-6
3.594775686910541e-6
3.0643259344239784e-6
3.6257891130656284e-6
4.313242792186365e-6
3.0765916192268995e-6
3.6240925601498057e-6
3.4627805252834165e-6
3.674488475943399e-6
3.3511371510373857e-6
2.2340289732594797e-6
3.3124147744458195e-6
4.190257553115692e-6
2.828096243944986e-6
2.7387235996230955e-6
2.58560160332934e-6
3.2766608252553533e-6
3.3458424506632546e-6
2.6337632392424287e-6
2.4977526014688115e-6
2.5323854990370807e-6
3.186320889949444e-6
3.616554147912435e-6
3.4256484323224402e-6
3.8289689582608145e-6
2.626346719980409e-6
2.521701371931203e-6
3.025554561541266e-6
2.6404192433826084e-6
3.068192886644757e-6
3.401557178397255e-6
2.5130720142625667e-6
1.9274994584266375e-6
2.5833789545343306e-6
3.216503015524311e-6
2.940477087268009e-6
2.340527117063874e-6
1.9058248155806946e-6
2.6248383106696965e-6
2.1199084916568866e-6
2.4815687541372994e-6
2.9909466233145544e-6
3.079523512390717e-6
1.9230782448705823e-6
2.184694400497197e-6
2.6708336420112988e-6
2.303570598688675e-6
1.7758107633375003e-6
2.6647987867556304e-6
1.9285944126208054e-6
1.8725168754037944e-6
2.137254737669764e-6
2.3647264974215317e-6
2.7625809358403245e-6
2.062488366736516e-6
2.5487921327930616e-6
2.368452920322925e-6
2.5800186031863867e-6
2.1049837117016186e-6
2.1100662834424156e-6
1.847264454301052e-6
2.2065090460711986e-6
2.074861911008556e-6
2.509930289951265e-6
1.7925077173781214e-6
2.2970026529784883e-6
2.5553866870574147e-6
2.3378878044259897e-6
2.3866309318637206e-6
1.6045366632717567e-6
2.1391394052213154e-6
1.1365524697564992e-6
2.0589450795507608e-6
2.4397222395413515e-6
2.54353177655135e-6
2.610430843826831e-6
1.6553585605585016e-6
2.0437978808788472e-6
2.0882463875201888e-6
2.1697941269784836e-6
1.7336286407934043e-6
1.833722055530567e-6
1.8146078941113e-6
1.5656664094439176e-6
2.7659120741755125e-6
2.3327056061888044e-6
1.9528762303794334e-6
1.740606733493579e-6
1.3036470398821018e-6
2.4758115201444085e-6
1.915759265084734e-6
1.6833962788082305e-6
2.6976934542420915e-6
1.8929153357031027e-6
2.152875589321673e-6
2.0109700287440185e-6
1.629524987214204e-6
2.2574414196970545e-6
1.9080289666524886e-6
1.5572802783297683e-6
2.1358025662883933e-6
2.2192933028124995e-6
1.6149269016190488e-6
2.3203363174879676e-6
2.194448741700453e-6
2.372603963615884e-6
1.7935801335318265e-6
1.825661474541407e-6
1.6509288574312038e-6
1.64817655384136e-6
1.49014391508907e-6
1.6691598619164043e-6
2.303652686677051e-6
2.3502982089978027e-6
1.5721336102989958e-6
1.9066426091566975e-6
1.487485360488504e-6
2.0551755278564237e-6
1.2131612705890885e-6
2.3370816870717566e-6
2.3690993141786424e-6
1.3440882405172588e-6
1.546849273478221e-6
2.3681275922053263e-6
1.6550103867476565e-6
1.4461057863147308e-6
1.5913182493863812e-6
1.7796693067337134e-6
1.743444634850003e-6
1.468527448818746e-6
1.6449852835127874e-6
2.160330124883931e-6
1.3623341344441307e-6
1.62425047599004e-6
1.630934654855596e-6
1.803518278739591e-6
1.0805200748342735e-6
1.5749717637437753e-6
1.6334138399728887e-6
1.854279550958542e-6
1.468197806436671e-6
1.8257197031085866e-6
1.3118633596422738e-6
1.558951476198191e-6
1.7543338942319252e-6
1.4478242599439172e-6
1.5305316441513313e-6
1.7994518979986065e-6
1.2640526335897729e-6
1.457056568133557e-6
1.7444506886926005e-6
1.601948795347078e-6
1.1851258616819286e-6
1.697178769147463e-6
1.3568179623736256e-6
1.7182391996918333e-6
1.3887977669681164e-6
1.1539711412298478e-6
9.776110558029302e-7
1.334308718228712e-6
1.2980774761973707e-6
1.5245218988122438e-6
1.2480959888788103e-6
1.6818479614193128e-6
2.0779102301090967e-6
1.6144682362113478e-6
1.6469543354780704e-6
1.8684703807657334e-6
1.6448010533467586e-6
2.0712443278876843e-6
1.47629173073124e-6
1.3482841440175892e-6
1.9071541362844294e-6
1.1689678074838768e-6
8.308173604516404e-7
1.668373226489096e-6
1.293185007397798e-6
1.5216992341155035e-6
1.4860938609335822e-6
1.6246813283762187e-6
1.386059943790051e-6
1.8250693359137122e-6
1.2684986616954625e-6
1.1240389082876124e-6
1.6397183427540175e-6
1.446816982500963e-6
1.1527608681154454e-6
1.1614704552718583e-6
1.2634911744203424e-6
1.4203886472075379e-6
9.834307609243422e-7
1.6852404889410603e-6
1.203541415672581e-6
1.1145567494881555e-6
1.3262203501773319e-6
1.3754184478881122e-6
1.383551691617711e-6
1.2210685237553623e-6
1.0207584187525824e-6
1.5824494593974097e-6
7.518467654028796e-7
9.362444066530631e-7
1.2030310259797062e-6
1.2213151493739151e-6
1.0276029105719023e-6
1.1191626101280702e-6
1.1598994627262978e-6
1.4095018846058196e-6
1.5715750886416158e-6
1.4263796173351939e-6
1.6194978908480228e-6
1.4057936107804143e-6
1.4459261751276049e-6
9.016377722738453e-7
6.10108570913216e-7
1.4990275475068472e-6
1.5864851888468365e-6
1.2376934025941672e-6
1.0529808398478226e-6
1.4244219718842224e-6
1.0060316977501765e-6
4.763865622428843e-7
1.8211362870912988e-6
1.1515364604134563e-6
1.4116302708352489e-6
1.395709808030063e-6
6.899651619071604e-7
1.1009967583591187e-6
7.795037379347482e-7
9.269612860568807e-7
1.526808960538796e-6
1.155846677907103e-6
1.1322644102568308e-6
9.189310029463409e-7
1.7041380446262926e-6
1.2862788040458923e-6
1.3983754284441528e-6
1.5932503662858103e-6
1.11818466880033e-6
1.170921622775061e-6
1.11131129067833e-6
1.209507443465054e-6
1.2824496556165193e-6
1.408403115059422e-6
8.351802934545292e-7
1.3396644320890105e-6
1.1454127306120506e-6
1.3926052860589746e-6
1.3545646731330394e-6
1.3283238441639548e-6
1.413627912076935e-6
1.0730616352573299e-6
6.297809522908171e-7
1.6876535776153737e-6
9.170922589183411e-7
5.3745498143276e-7
5.231721487163889e-7
1.4941565285821032e-6
9.067837302453633e-7
1.1017058626073811e-6
7.396196781420141e-7
7.157023615074076e-7
1.1051657085928955e-6
1.1010101064474025e-6
1.2090815025945991e-6
9.318270475493508e-7
1.272264838989449e-6
1.0859663190625339e-6
1.2037752743834917e-6
1.2252610761440718e-6
1.3834313596214299e-6
9.790812238343633e-7
1.948033817477144e-6
1.486138079292385e-6
1.2907712043160076e-6
1.214189624981606e-6
1.170388876586978e-6
2.127794523026337e-6
1.3345832460581064e-6
8.466044193546976e-7
1.503093319057224e-6
9.145967344999163e-7
8.12026004826426e-7
1.465335325345619e-6
1.4080149512281742e-6
1.8754601442032478e-6
9.58378848682502e-7
1.400471681314128e-6
1.6007173006372248e-6
1.2632318968043682e-6
1.4845668575261522e-6
1.072487963227394e-6
1.1096073902456127e-6
1.4644069295793224e-6
1.565708518820704e-6
1.0660424366150493e-6
1.4645064441314375e-6
1.2768502621297743e-6
8.990173259305943e-7
1.7441884338671513e-6
1.1064824955831098e-6
1.8299944059379054e-6
1.1798615557884675e-6
1.7973585999996683e-6
1.426329496456349e-6
1.478856934338856e-6
1.0341925860467003e-6
1.4804042874573595e-6
1.5263323968789e-6
1.5391281911312839e-6
1.8660276204110368e-6
2.11439108684949e-6
1.7025089004834897e-6
1.7233210602729598e-6
1.5977314061455245e-6
2.099501589723182e-6
1.8910769072369797e-6
1.3437454972456168e-6
1.1451900074879928e-6
1.772894887395635e-6
1.580164137222285e-6
1.547150461409156e-6
1.3270018313213992e-6
1.1767712401437667e-6
1.1619999097653608e-6
1.6740794254977852e-6
2.0470631299390485e-6
1.3509667743435771e-6
1.3054903782157987e-6
1.8203761287020353e-6
1.5648345890526203e-6
1.2535348004983082e-6
1.5584352038104717e-6
1.7037118686123453e-6
1.5313964905573962e-6
5.617672027823211e-7
1.965767121457358e-6
1.809925042734355e-6
1.8572690035637452e-6
1.7497633535573956e-6
1.3582311591935405e-6
1.3620661780651218e-6
1.6401228698377933e-6
1.3728761863043887e-6
1.661846607670457e-6
1.189601793294365e-6
1.31820084239969e-6
1.7338912039959894e-6
2.135084175023898e-6
1.5651288736037378e-6
1.2796194878414216e-6
1.0659090966443945e-6
1.5753427791158062e-6
8.520316702307079e-7
1.0686097933824926e-6
1.3946860307391964e-6
1.7998466210627359e-6
1.872964415097601e-6
1.6868088014486688e-6
1.786341019905357e-6
2.29415392942734e-6
1.3028940301726065e-6
1.6704896034675628e-6
1.7328144408277532e-6
1.8917899746821674e-6
1.586967252020553e-6
1.5248311651230375e-6
1.9844040307369534e-6
1.7716024703093917e-6
1.55192690836287e-6
2.045603565156685e-6
1.600641172166753e-6
2.3756493212088824e-6
1.2402187529320978e-6
1.8769292459653246e-6
1.4633789261489825e-6
1.8522265030540468e-6
1.8664657346827586e-6
1.5711118125318217e-6
1.6285294741293948e-6
2.119710099497322e-6
1.375025149767435e-6
1.5592198599398415e-6
1.5300616141346916e-6
1.8301909143350377e-6
1.983511542176739e-6
1.680240272609178e-6
1.7039501469276911e-6
1.9080192707364634e-6
1.7165963210937872e-6
2.2565869952127222e-6
1.4480212066952766e-6
1.984880965507894e-6
2.3566609858553445e-6
2.282284222400471e-6
1.8535967110535907e-6
1.4532024110723975e-6
1.380185727901536e-6
2.4235845581655675e-6
2.403642645241874e-6
1.8585482062056499e-6
1.8096204563626177e-6
1.668667986431897e-6
1.8917783336932906e-6
2.6629663613277653e-6
1.4681292819502356e-6
2.16246489632059e-6
2.4495968824757214e-6
2.1262257831361454e-6
2.4749739959177164e-6
2.694240905706575e-6
2.4499534973129097e-6
1.4635091967366194e-6
2.28062697123606e-6
2.245246585624691e-6
2.670941374322485e-6
2.5334822090279374e-6
2.2807267981187007e-6
2.3797400619943983e-6
2.4943773754631135e-6
2.192734816282497e-6
2.0873964201370104e-6
2.4126813014732467e-6
2.022673708859793e-6
2.529186389197883e-6
2.2388812406165587e-6
2.4619969120907127e-6
2.5871984120295675e-6
2.137755936819156e-6
1.796190211506136e-6
1.2324630363989915e-6
2.738719129119823e-6
1.3204553893395753e-6
2.1633813417049397e-6
1.264993177843011e-6
2.903599505158836e-6
2.519168634757947e-6
1.8361893616449954e-6
2.8092523922893393e-6
2.4504853332258047e-6
2.6417113742279887e-6
2.196344269202425e-6
2.4318755363859524e-6
2.570869099899662e-6
3.425784138745878e-6
2.246657708098742e-6
2.163939625326326e-6
3.0264867253550167e-6
2.5015775533336366e-6
3.697169080911532e-6
2.8020397625743176e-6
3.018200069109413e-6
1.8821008899368204e-6
2.4649341593590215e-6
2.255722813249017e-6
2.263742154200725e-6
2.781557191343727e-6
3.137296848304725e-6
3.221334210700436e-6
2.136625556220826e-6
3.0905163323145006e-6
3.3712419970777112e-6
2.424224933589595e-6
3.0586516958490724e-6
1.9145262409913427e-6
3.2511397475453206e-6
2.545368937540962e-6
2.7971684016218214e-6
3.0305787960593863e-6
2.458948383026717e-6
3.056374345403196e-6
2.4969818484460863e-6
3.5757274355720962e-6
2.249584246314532e-6
2.6529245467977987e-6
3.3129213047182465e-6
2.659066669405322e-6
3.248703769620939e-6
3.7561920963805243e-6
3.031963056991536e-6
3.1816673776927566e-6
2.8919366317576166e-6
3.4038134415131464e-6
3.8184555830737235e-6
3.0907640804493407e-6
2.5941391302975726e-6
4.130410385107578e-6
3.1271202037272297e-6
3.590737808017594e-6
3.167577859878616e-6
3.7475626331316257e-6
3.7127065042922936e-6
3.816694730690691e-6
3.3361638069708058e-6
3.925732612150867e-6
2.8169320690810867e-6
4.04038182311614e-6
3.5093291026512492e-6
3.0603604877622664e-6
3.6367838233418866e-6
3.810154855248033e-6
3.941480920694026e-6
3.547251514481304e-6
3.7156187681045056e-6
3.9683775744463315e-6
3.398729445175184e-6
3.8808253433841035e-6
3.699249526597979e-6
4.172492463511057e-6
4.367157646960641e-6
4.105035938869256e-6
3.484903627851677e-6
3.5273895103018344e-6
4.032415685427765e-6
3.928414790243461e-6
3.865029588340751e-6
3.910207142761499e-6
4.6468880339944985e-6
3.7766074006756237e-6
3.7801561995871063e-6
4.3819503991929515e-6
4.4098172556648846e-6
3.8130989283534367e-6
4.125799414078587e-6
4.286457208844116e-6
4.72938375310601e-6
4.810291983594139e-6
4.294884389624247e-6
4.8034989140859975e-6
5.34767215096339e-6
4.027336630619091e-6
3.623121456587425e-6
4.1517442794115434e-6
5.170050718384584e-6
4.0821715890863896e-6
4.196909313217677e-6
5.037298442760907e-6
4.751571168675999e-6
5.096347270647877e-6
4.908902895038135e-6
4.463755568181184e-6
4.8280380001885605e-6
5.194441461058613e-6
4.518959098997278e-6
4.5586142640742974e-6
5.1916191801641475e-6
5.3531654224691e-6
4.890363079992938e-6
4.857199712963464e-6
4.182511770889859e-6
5.525618488347637e-6
4.9394647896174954e-6
5.546235244104068e-6
4.745034138620895e-6
6.375008192632822e-6
5.754118618703675e-6
5.658171147140721e-6
6.296591546338791e-6
5.749064957789266e-6
6.675604298902162e-6
5.506020052066419e-6
6.0115609635263345e-6
6.103474444785367e-6
6.2944369754683374e-6
5.593771177369491e-6
6.372916911660374e-6
7.411597980378979e-6
6.110936025761581e-6
6.974798748272135e-6
6.636181219275207e-6
6.253940984122053e-6
6.744010365977311e-6
7.208341012578968e-6
7.382967880205774e-6
6.472452139903877e-6
6.4053298556261825e-6
6.791494800763463e-6
5.912357427299187e-6
7.0241125729813255e-6
6.801418990430038e-6
7.002685273777338e-6
7.652855709308547e-6
6.850026217420167e-6
7.105674837022125e-6
7.163583405047507e-6
7.420939673728667e-6
8.399783591030233e-6
8.214803643534e-6
7.670419527961732e-6
8.665989430455498e-6
7.404684260877174e-6
8.808338682319893e-6
8.125211974068008e-6
8.292166694304306e-6
8.642527189596666e-6
7.812209682336302e-6
8.960625378151085e-6
8.254638127774977e-6
7.847289700534474e-6
8.885678091694342e-6
8.894295281949831e-6
8.485885996561219e-6
7.846715999841118e-6
8.50983614327205e-6
8.425125357941998e-6
8.108276562832739e-6
8.669688237077624e-6
8.843366631003497e-6
8.95959366747718e-6
9.212252278855098e-6
9.317452264167014e-6
9.12973538111066e-6
9.328307439687365e-6
8.998496740108361e-6
9.908535359392435e-6
9.889938560878574e-6
0.000010212646360911916
9.457599252171119e-6
9.474381006368316e-6
0.00001076868916613945
0.000010012367021396343
0.000010067439690638333
0.000012538480911883945
0.000011119811586005096
0.000011721873820813596
0.000011213319763516414
0.000011337734370759394
0.000010118199818583741
0.00001185438558795987
0.00001043637114786147
0.000011554608666665936
0.000012784086933178289
0.000012293133915138223
0.000012881357934053872
0.000012855402999539431
0.000013155067533305767
0.000013060069189929248
0.000012555278756769621
0.000013243746380134054
0.000013577303149841827
0.000013397485274208362
0.000013329142475442147
0.000013142547563425209
0.000013205744459887902
0.000013913376246553897
0.000012871451795392814
0.00001418082524753684
0.000013669137533279156
0.000015366445112163658
0.000014803942627525384
0.000015361561586595234
0.000014902501864294956
0.000014670686913924679
0.000016449785506177354
0.000014620190882158711
0.000015877861872110553
0.000015825250906787234
0.000015515120889889834
0.000016126638482160098
0.00001723531752990817
0.000017078219034469745
0.000018015319403584317
0.000016172350780074062
0.000017881690093447217
0.00001710167792955011
0.00001722948119812995
0.000016967247602272685
0.00001910707271278145
0.00001961598966866294
0.000017621393210345753
0.000018508278186760743
0.000019345961265401654
0.000017699698800155224
0.00001807123341073229
0.000019630465252316802
0.00001957032190986009
0.00002030382129295599
0.000019607361015110452
0.000020744935432360718
0.00002083933726257991
0.000021759845117912032
0.000021337175304265468
0.00002045706118302293
0.000020561753370702524
0.000022629772484234182
0.000023129448428756874
0.000021974659723429105
0.000023606591054661395
0.00002185540288868519
0.000023412728054729543
0.000024736057676800037
0.00002445017410200616
0.000024772513060407404
0.000025759730830239908
0.00002654215631677958
0.0000265345789361391
0.00002504361989429975
0.00002675433696447743
0.00002832233443729838
0.00002712231532957796
0.000027803616096185497
0.00002854014604749996
0.000028322918553872166
0.000028113779093632165
0.000027502678398302227
0.000028654842323354062
0.00002935811021184089
0.000030285095346816694
0.00003083793179345968
0.000031178345588301186
0.000030704055113387706
0.00003155670202740866
0.00003275288998710478
0.000032154226353613666
0.00003220017302098755
0.00003338035795224006
0.000032560962146593144
0.0000337340176105594
0.00003467683174918497
0.00003595510925917651
0.00003768658451678492
0.000037284669100617296
0.00003791658318465253
0.00003846393007911787
0.00003865300077907592
0.00003972360524329332
0.00004058534166502517
0.00004056897840644836
0.000041804743564230555
0.000042342054676121624
0.00004184763211341596
0.00004454187493715367
0.00004416950156816529
0.000044067304848414195
0.0000446233196521927
0.00004598482692424782
0.000045981174047168895
0.000047546849381338506
0.00004807877592692856
0.00004875999834231925
0.00004858871720082062
0.00004967761910445573
0.00004930145008603523
0.0000519201624969636
0.00005082867661992261
0.00005279507239077694
0.000053349542424143674
0.00005341153000359895
0.00005523418450731196
0.00005571428842155302
0.00005769923365313374
0.00005790354984330944
0.00005823720236137105
0.00006012277308135226
0.00006162919422454678
0.00006281473832374926
0.00006433754232187529
0.00006450942223537339
0.00006766474355684078
0.00006886553857046114
0.00006840489153594226
0.00007007403698904209
0.00007052487252288855
0.0000724839112620012
0.00007362911339454649
0.00007655447645815033
0.0000768174933058863
0.00007807713310118568
0.00007989852979494896
0.00008072324359810978
0.00008216573322766037
0.00008312787309808143
0.00008513750857274573
0.00008586428882859107
0.0000869190772206278
0.00008922334465173305
0.00009071996724945303
0.00008912655111131663
0.00009236437474797371
0.00009408262208741218
0.00009539915215635333
0.00009815341952684014
0.0000993343030018369
0.00010178711333776339
0.00010517334329700385
0.00010556318560907907
0.00010799617909294883
0.00011078781536127812
0.00011031243458145949
0.00011599158849748656
0.00011736638414985346
0.00011961471261256414
0.00012390619066851325
0.0001265176757955674
0.0001301360951329911
0.00013240592145043526
0.0001365704897122008
0.00013763493575145015
0.0001415688076923113
0.00014566336448807856
0.0001464334415962087
0.00014990955355061967
0.00015173154541656467
0.00015710601074151096
0.00015870720669155716
0.00016283495622261543
0.00016451889549648827
0.00016931001887744362
0.00017080316810286705
0.0001743101891165634
0.0001775855083656422
0.00018277607654852417
0.00018588174683755308
0.0001898435667006168
0.0001929609972834481
0.00019736790014050418
0.00020211746754665268
0.00020848244420939663
0.00021220893276167887
0.00021670416532619774
0.00022375825991940754
0.00022790161014906086
0.00023245275810231252
0.00023881014880091319
0.0002451342756935598
0.00025187275648069253
0.00025923842289479255
0.00026542641206081806
0.0002749543296588992
0.00027957598022173734
0.00028877572169934223
0.00029471961068025624
0.00030276674928281954
0.0003117577354892704
0.0003177449921191442
0.0003264280304382079
0.000335512661233482
0.0003426951077540592
0.0003502823705625197
0.00035981916302815873
0.0003698525036547602
0.0003783731063110857
0.00038489160495636343
0.0003959913769508465
0.0004033898182619935
0.0004149695090514365
0.00042557268200007326
0.00043503621654116843
0.00044811900523116313
0.0004601774923019886
0.0004730979026413879
0.0004886291266691516
0.0005013252859033484
0.0005163246627472794
0.0005327558018802235
0.0005475589824541666
0.0005659049990323278
0.0005832882366427986
0.0006023483991418841
0.0006210641283420229
0.0006443134968906388
0.0006639006843194103
0.0006850787128337525
0.0007097428427811966
0.0007331771514981556
0.0007554942447777999
0.0007812399335992083
0.000807384845110902
0.0008330681862419577
0.0008589800965315494
0.0008861568069963773
0.0009136291002220716
0.0009435430690007013
0.0009726877097338513
0.001005028969081184
0.0010346237755206227
0.0010665708481926224
0.001102942932298124
0.001138007789243936
0.001175027196053845
0.0012116235475072685
0.001253042689952334
0.0012953392224037865
0.0013398708091187704
0.0013897858489572402
0.001439921191005083
0.0014917696549388308
0.001550504473604769
0.0016096603963106492
0.0016720975233883325
0.001741371433944996
0.0018119838245350263
0.001889233522488738
0.0019667370162013737
0.0020516947666522627
0.002140569830936566
0.0022338174265402974
0.0023290362372119155
0.0024312270083328676
0.0025387284546435156
0.0026464336297209157
0.002763595850082041
0.002883019274890556
0.0030086593874755836
0.003138683883971713
0.003274223190964307
0.0034150492162349118
0.0035653809602561037
0.003716503463707178
0.003880122029127542
0.004050001000487517
0.0042254971359101355
0.0044124246634449915
0.004611526717599107
0.004820632870577785
0.005045651344172713
0.005284315837473208
0.005537579907603457
0.005806058134098201
0.006098552367877309
0.006406634627321912
0.0067395941935298066
0.007094485668842961
0.007478960378795154
0.00788881964276608
0.008331372501103173
0.008808481710239272
0.009317612518369309
0.009867282622520193
0.010452027330563924
0.011081727256389274
0.011750147574352563
0.012465504767179779
0.01322974319729493
0.014042921480566607
0.01491244139366417
0.015839789163504595
0.016830345280970316
0.01788390712863348
0.019011802477707514
0.02021025654899003
0.021490461111178288
0.022857925287821036
0.02431608049998113
0.025877021262381276
0.02754640245056002
0.029333855620948424
0.03126108199693292
0.033342240325543636
0.035591080647391644
0.03802368506230985
0.04065967017084079
0.04351468465951536
0.04660828587597004
0.04995902616505714
0.053591576956750146
0.057531791416259505
0.06180644673306108
0.0664306662916052
0.07140559439893188
0.07671063954233068
0.08227911216275875
0.08799444663802579
0.0936882019870913
0.09912136250114435
0.10398490583525873
0.10788454720480056
0.11035136396881154
0.11085286720285088
0.10889213413296366
0.10410145471790813
0.09637911410834567
0.0859026219070708
0.07309036495021183
0.0584463178154718
0.042442285095389755
0.025408990754900575
0.007550947065029155
-0.010982093321013976
-0.03007241421922639
-0.04963631930534867
-0.0697238184521917
-0.09056916008528923
-0.11254150604851489
-0.13595224910094675
-0.1608908713564887
-0.187053607193065
-0.21370825358480253
-0.2397489040710696
-0.26380353374306353
-0.28438025777507436
-0.2999669629205715
-0.30914316633555805
-0.310747059523307
-0.3040385417186282
-0.28889359006245635
-0.26588806574548635
-0.2362395213271696
-0.20159914941170154
-0.16378117175786205
-0.124527785415818
-0.08532964583560143
-0.04740862817031523
-0.011685377443033535
0.021242114468678096
0.05113240574834008
0.0781231563224685
0.10263248600622253
0.12519998328446438
0.14626878162125254
0.16599135935038997
0.1841521323533119
0.20018571976991925
0.2133216064195444
0.2227516725818067
0.22777305207474022
0.2278406392360303
0.2226199346950082
0.21199081013984095
0.19613675327267735
0.17556592208144406
0.15114624757538914
0.12403489759245688
0.09556418964898504
0.06710854479609604
0.03996241102910122
0.015258415789025051
-0.006115256901286588
-0.02360367581376491
-0.037035718388708415
-0.04663525900172686
-0.052886207364296604
-0.05642949515736135
-0.057910124369243476
-0.05789546769695181
-0.056845410138949455
-0.055103200916169257
-0.052932783258118364
-0.05051788070615118
-0.047981704661813215
-0.0454131511813615
-0.04287188660225931
-0.0403975110883316
-0.0380129733165904
-0.035739408869690285
-0.03357443834873659
-0.03153302643100534
-0.02960961345474052
-0.027800533588615266
-0.02610426139618271
-0.02451654673722353
-0.02302799807462924
-0.021643592460190958
-0.020344113513733445
-0.01913354809923089
-0.018000240469346392
-0.016941660329263957
-0.01595848986505852
-0.015034543515864742
-0.014173965420660718
-0.013371462039189173
-0.012618747315518743
-0.01191793862304558
-0.011261686334813618
-0.010647425336119298
-0.010070858878646142
-0.00953232090204082
-0.009029227598509547
-0.008552875147854102
-0.008108466113888158
-0.007693025602789382
-0.007300713149936385
-0.006930211766093905
-0.0065890294528128225
-0.006259804654634569
-0.005957203647640056
-0.005666916283246288
-0.0053943182486229585
-0.005139537935089979
-0.004900399671640997
-0.004672162056649934
-0.004454972558008496
-0.004253981757664017
-0.004060771851421461
-0.0038757019218574463
-0.00370874674580411
-0.0035458586624314155
-0.003390273142239979
-0.003245419156697552
-0.0031068575075412644
-0.0029769308159288124
-0.0028510529228316516
-0.0027354176922259983
-0.002621567263180225
-0.002514900683987735
-0.002412997513027014
-0.002317210845901926
-0.002222457812687802
-0.002139998413037502
-0.0020570695051911015
-0.0019783362580197187
-0.0019019390817560295
-0.0018303106341652146
-0.0017629710404088888
-0.0016983373605630816
-0.0016327980483874067
-0.0015736791157171994
-0.0015210087141398912
-0.0014652746697378881
-0.001408874323518903
-0.0013597773627283252
-0.0013141570434705807
-0.0012686808016766087
-0.0012248662847880092
-0.0011846097677669972
-0.0011444983378419427
-0.001104584956946959
-0.0010698828693654612
-0.0010324533380103513
-0.0009976664176239976
-0.0009678972993215371
-0.0009318687904477139
-0.000904241234187668
-0.0008763664338535198
-0.0008525870745933147
-0.0008235182603940034
-0.0007950461819992733
-0.0007737538035086767
-0.0007482465493524505
-0.0007264263806691101
-0.0007057004642061975
-0.0006820249152158389
-0.0006624543901315932
-0.000643397900536623
-0.0006231600998973033
-0.0006079453962049956
-0.0005876483737474691
-0.0005736339371534273
-0.0005568391575970345
-0.0005398107826711419
-0.0005263221241374101
-0.0005100777630736814
-0.0004980125443056963
-0.0004830640452687214
-0.00047048730782547725
-0.00045635192869678513
-0.0004452917559779091
-0.00043127661695606796
-0.00042070023474175564
-0.0004065317432961703
-0.0003990380286489021
-0.0003887859713089507
-0.0003793660730807968
-0.0003676167070902817
-0.0003573129398948126
-0.00035070746111147763
-0.00034118955959754315
-0.0003345133637776274
-0.00032328954215957097
-0.0003153334154805352
-0.00030907185588521904
-0.00030098842966093836
-0.00029201739426193196
-0.0002865411703235385
-0.00027816293886972376
-0.00027157016383658677
-0.0002692312043985116
-0.00025863943485252987
-0.00025615938203441734
-0.0002504183009153768
-0.00024317854195039462
-0.00023635125843588146
-0.000231607602344924
-0.0002263487320883639
-0.00022246046131251795
-0.000218696406015746
-0.00021309833048823487
-0.00020607988645684466
-0.00020101994435244467
-0.0001955178102582347
-0.00019137280814631363
-0.00018904908369983257
-0.00018373423272742312
-0.0001816837488021596
-0.00017728358862421464
-0.00017236639924069717
-0.00017174702389315455
-0.00016653469103940872
-0.00016613534149127868
-0.00015990616870192528
-0.0001544792554967757
-0.00015486300052766579
-0.00014729583749572227
-0.00014443925585259243
-0.00014364162389162244
-0.00014082216806099473
-0.00013818214953683153
-0.000133710610255819
-0.00013380155070152663
-0.00012762504743853202
-0.00012560250166263986
-0.00012470658601504802
-0.00012064675509465526
-0.00011952850002237139
-0.00011669066951723815
-0.00011207028476432877
-0.00011382596928220009
-0.00011051740959831932
-0.00010618806436589583
-0.00010690978761689201
-0.00010221329677156066
-0.000102347114473156
-0.00009943213231493477
-0.00009647250663255682
-0.00009777026445733008
-0.00009511402962186251
-0.00009035521954947772
-0.00009362779979658155
-0.00009128199126112701
-0.00008994106522500798
-0.00008715386679096089
-0.00008252265109018171
-0.00008464494202568287
-0.00008275985523179958
-0.00008111834890366733
-0.00007708132622680561
-0.00007850620915747125
-0.00007977581640595345
-0.00007257318836912895
