-0.000029018141384833066
-0.0000337679942232658
-0.000033411611341377866
-0.00003164530541007193
-0.000030375965633663064
-0.0000313901043929385
-0.00003220924548017733
-0.000033458207052304044
-0.00003400306569755359
-0.00003555738808509855
-0.00003473881028820414
-0.00003670811989449647
-0.00003628646439440829
-0.00003840860492118356
-0.0000369500569703901
-0.00003563099555144268
-0.000038255767016171225
-0.00003721312867486834
-0.000039488642981564556
-0.000039286407854913094
-0.000041211597021737056
-0.000041453954836883
-0.00004457007470731716
-0.000041263686753707675
-0.000042652898808308275
-0.00004311741642872204
-0.000044923055228858105
-0.00004837352172671176
-0.00004674143900213126
-0.00004877688747396898
-0.000045278772480905085
-0.000045888145603153515
-0.000048431083037104446
-0.00004925715989924021
-0.00004863178800039782
-0.00005192585945922238
-0.000051383355014952676
-0.000053893915793664874
-0.00005647703692459428
-0.00005257557390239225
-0.000055643489738538455
-0.000057173723484181726
-0.00005797285540961442
-0.00006034972008234773
-0.00005901372253849664
-0.00006376073334249071
-0.0000619454630614221
-0.00006283901685760991
-0.00006404338940164234
-0.00006559624227028534
-0.00006828142894144347
-0.00006888470790620288
-0.00007085466511478171
-0.00007004151511486881
-0.00007205494049669643
-0.00007310717846996013
-0.00007266445870361991
-0.00007474654987183492
-0.0000776303645762859
-0.00007618211066263931
-0.00007794908864457399
-0.00007882432782219359
-0.00008033636745970024
-0.00008300585364615743
-0.00008348295726532236
-0.00008537329446238207
-0.00008586179932583706
-0.00008881722177571093
-0.00008901310695813195
-0.00009376544661037812
-0.0000950779919142635
-0.0000965086760946781
-0.00009712662432625658
-0.00009983625738148086
-0.0001030691771316911
-0.00010338638205927418
-0.00010992864775242683
-0.0001084610862631068
-0.00011024711682926983
-0.00011368562840603899
-0.00011460653783546005
-0.00011818568363363068
-0.00012165564546035953
-0.00011974450257569476
-0.0001238017354089583
-0.00012633395664006744
-0.00012979645893133068
-0.00012954288091842435
-0.00013659646127922085
-0.00013779712816352067
-0.00013996042864484627
-0.0001431699450970529
-0.00014422976458514897
-0.00014874308656442916
-0.0001521958020032036
-0.00015507476375754126
-0.0001618532062601575
-0.00016399282844486142
-0.00016310055588228064
-0.00017035508248569668
-0.00017422294164451944
-0.00017910182758459523
-0.0001812141548825783
-0.00018256366534346317
-0.00018882990483360553
-0.0001956622393317552
-0.00019998759857308145
-0.0002066573976634704
-0.00021219429765769837
-0.00021315126268468593
-0.00021816592285362466
-0.00022395706362745408
-0.00022666899236799663
-0.00023493844928992844
-0.0002403295617183185
-0.00024403090636305035
-0.0002508995398259728
-0.00025718970835510304
-0.00026173858131288067
-0.00027081298054422876
-0.00027225568243800796
-0.0002856207413699506
-0.00029186175981134283
-0.0002968586064699865
-0.00030453950677792534
-0.00031222735931301157
-0.0003222750458462778
-0.0003309908936015517
-0.0003420533592285282
-0.00034912890871315245
-0.000357693051717129
-0.00036887377904193754
-0.000375825127175354
-0.0003862540706137475
-0.000399023185364
-0.0004071856108422827
-0.00042086535339585384
-0.00043154062408866606
-0.0004415652675853981
-0.00045262314060029365
-0.0004662483678362443
-0.0004808012944376195
-0.000494359627260394
-0.0005080899560886136
-0.0005240513296024636
-0.000538599925067179
-0.0005542000625224475
-0.0005700753782138193
-0.0005888633544056382
-0.0006079142459127333
-0.00062218982719039
-0.0006453498982165695
-0.0006632800982662165
-0.0006827390816752146
-0.0007060561818301305
-0.0007258624144655534
-0.000751714118749256
-0.0007726582439064826
-0.0008002459699153044
-0.0008246099611113758
-0.0008519913679949532
-0.0008808260967641509
-0.0009116508089754824
-0.0009387158056266258
-0.000972944996666562
-0.0010041064885538686
-0.00103814419025962
-0.0010751287080405338
-0.0011144252506264292
-0.0011541288702669064
-0.0011932655534516974
-0.0012381408032664835
-0.0012802665247293806
-0.0013263873079462714
-0.001375440986774925
-0.0014255198878409393
-0.0014806410213859928
-0.0015355292741577953
-0.0015941728946444512
-0.0016572722400597052
-0.0017192026237816851
-0.0017862273523323296
-0.0018558587959070037
-0.0019309585436436097
-0.0020070390370681575
-0.002089424280306038
-0.0021736132179990403
-0.0022640043688901866
-0.00235749008097455
-0.0024584359095427537
-0.002564125561422395
-0.0026736460154540595
-0.0027887789592182036
-0.0029128376412695892
-0.0030376164058880987
-0.0031769167376304026
-0.003318703327836126
-0.0034711058946871385
-0.0036294444271192977
-0.0037990244243725334
-0.003978308395280502
-0.004167651077995167
-0.004367094972131664
-0.004579593826396123
-0.004802664699391911
-0.005040846855527667
-0.005292779862773176
-0.005558508180233505
-0.005844311041680525
-0.006146455228468157
-0.006466977572769036
-0.006812458654350425
-0.007177836419502492
-0.007565006966058672
-0.007978108515388839
-0.008418625473968041
-0.008889758059847562
-0.00939150473171773
-0.009929405182947423
-0.010503348041246875
-0.011115786699210713
-0.011775211429641557
-0.01247719389466503
-0.013230896229792228
-0.014036231522818875
-0.014903637091384828
-0.01583240757106454
-0.01683015201313948
-0.01789996065229947
-0.019051073984582348
-0.020285105414406993
-0.02161153429491041
-0.023038289226248933
-0.024574184815400545
-0.02621813283952851
-0.027987048925017185
-0.029881626735615698
-0.031916996755311386
-0.03409463692729531
-0.036425862353539
-0.03890432406000085
-0.04154234316543438
-0.04432883359857484
-0.04726330760825975
-0.050324022663598755
-0.053473729259810754
-0.05667061446086348
-0.05982497879441874
-0.06282193705543805
-0.06547786351664257
-0.06753151311553157
-0.068613351588649
-0.06820870188420645
-0.06568067780547443
-0.06025598490925585
-0.05116246773133633
-0.037766478174805
-0.019789428589062272
0.0025721986083643185
0.028627197332256233
0.0572854550268123
0.08715869730451067
0.11669750709715809
0.14430026287597275
0.16849431630408693
0.18812177947765213
0.20245661379533153
0.21122560581307673
0.21453199034642187
0.2127808609922599
0.2066063507867935
0.1969162576553375
0.18491338315242462
0.17207893005467864
0.16002031382388782
0.15017303690000355
0.14345076432578122
0.13997581693669017
0.13905985622217423
0.13940050378921293
0.13943011739560576
0.1376485117446671
0.1327768114544232
0.123840045674427
0.11025206534189705
0.09193066702529666
0.06939949198081173
0.04367076413494157
0.015937333837731847
-0.01275517440826845
-0.04174397841158739
-0.07070377349254117
-0.09943558068571653
-0.12771249208455274
-0.15522991863729985
-0.18173865266962583
-0.20722228398979356
-0.23199371182995437
-0.25660189184924065
-0.2816086679128877
-0.30731474124769353
-0.3335326349322034
-0.35955329804016506
-0.3842642523673842
-0.406396346421706
-0.42474980470345103
-0.438384977552984
-0.4467063373472306
-0.44948557670278894
-0.4468654831011786
-0.4392808939129056
-0.42735644783256144
-0.41177439306839697
-0.39312832499169154
-0.3718517369450217
-0.34818293500314207
-0.32218093518987184
-0.293752731749544
-0.26270291115895295
-0.22878874098837046
-0.19178996411812896
-0.1516097269705476
-0.10835707971382967
-0.062418772191359
-0.014477558999633386
0.034565689459734025
0.08369637751144367
0.13191269013268325
0.17834040525254605
0.22235751836298345
0.2636285856478357
0.30208718646162747
0.33788112447921925
0.3712513212469468
0.402460215112689
0.4317215215580811
0.4591431036834183
0.4846835607266818
0.5081137213370409
0.5290074808914768
0.5467686214318755
0.5607074780696938
0.5701504841943845
0.5745877449870999
0.5737436710616829
0.5676351005012048
0.5565536470499332
0.5410355146573255
0.5217488598848888
0.4993779428733009
0.47449237738976663
0.44749335395161166
0.41858079553174626
0.3877688943984659
0.3549298543880465
0.31983640775622424
0.2822111490449387
0.2418135006776027
0.1985049524436943
0.15237016130250475
0.10376284673409976
0.05332858682200966
0.0019466426493880593
-0.0493875044007727
-0.0996836752720709
-0.14807900670357077
-0.19394360646985567
-0.23694689771210128
-0.2770239170064286
-0.31432375647003913
-0.3490886450840726
-0.381594307733912
-0.41206532842937044
-0.44061846365016927
-0.46722297587523637
-0.49166201267626425
-0.5135201936747382
-0.5322164017496964
-0.5470593101274625
-0.5573796085063824
-0.5626658469083696
-0.5626345566304545
-0.5572936208110925
-0.5469307635061739
-0.5320738170963757
-0.5133870666420159
-0.4915657230612321
-0.46718408521757093
-0.4406537449663661
-0.4121784392609264
-0.38178684774910066
-0.34935653727592636
-0.3146625934901846
-0.27743020581586114
-0.2374141481439847
-0.1944780020976698
-0.14869143858779343
-0.10040059937912248
-0.05024212227093229
0.0009107357598098055
0.052062904494604365
0.10222367281906809
0.15052381312909097
0.19631772464995725
0.23926782943449634
0.2792964604487681
0.3165439783162546
0.3512581086912933
0.3837090163133936
0.4141241180054635
0.4426277388764218
0.469187935972578
0.4936012793404417
0.51546278604692
0.5341839667965481
0.5490861210167453
0.5594967606865895
0.5648874949296143
0.5649710550966942
0.5597436581983214
0.5494831338374333
0.5347047891149284
0.5160807569113993
0.49429633601073636
0.4699371103285133
0.44341877590951206
0.41495530132239217
0.38458271908893266
0.35217637024531395
0.317520100325752
0.2803380022715642
0.24038022582070745
0.19750715485732456
0.15177596613642838
0.10352663917445666
0.053383094649253074
0.002212100870284826
-0.04899622742924327
-0.09924679094128262
-0.1476604267986528
-0.1935905294943667
-0.23667714564149697
-0.27684506536036424
-0.31422197751180203
-0.3490539007524128
-0.3816113860509214
-0.4121273913178938
-0.4407238275012006
-0.46738679733501465
-0.4919096224645501
-0.5138962997303559
-0.5327683033829662
-0.5478469361988562
-0.5584544752327422
-0.5640574801307361
-0.5643607824665433
-0.5593453381330985
-0.5492809027201682
-0.5346756308243535
-0.5161987062749908
-0.4945372091853307
-0.47028119731351303
-0.44385363019920515
-0.41547584198946147
-0.385189055161065
-0.3528772650236103
-0.3183198993028872
-0.28124782543765436
-0.24141093033615044
-0.1986590562217736
-0.15304111417244087
-0.10488736153869505
-0.054811475033088475
-0.003670808515102121
0.04754270577476549
0.09783521230521325
0.14632209794954898
0.19234230627328613
0.23552757926637122
0.27579226192596423
0.3132613518568856
0.34817190738030745
0.3808032769906215
0.4113813974288691
0.4400418087159955
0.46677020003490677
0.49137116094459415
0.5134538823528693
0.5324474750054311
0.5476720967506025
0.5584477064834857
0.564238177866557
0.5647321608954721
0.5599057457898085
0.5500118133166062
0.535559908457378
0.517207981369065
0.49564748196871217
0.47147244106744496
0.4451153593517332
0.4168029989367521
0.38658364974465464
0.35434551363337496
0.31987175506292553
0.28289361320048184
0.24315743569903628
0.20050850893938893
0.15499067280326181
0.10691484404137806
0.05689259511066175
0.005771592838821299
-0.045462366532677295
-0.0958100406672546
-0.1443799778556074
-0.19050328985160117
-0.2338014414216509
-0.2741766188354922
-0.311747502072704
-0.3467534843086464
-0.37946610811050524
-0.41012103307266357
-0.43885463037241473
-0.46565991462829937
-0.49034774585793084
-0.5125356410436976
-0.5316581249140757
-0.5470372444074898
-0.5579916936101812
-0.563975475919065
-0.5646699140049096
-0.5600403678436292
-0.5503299656186811
-0.536039121826606
-0.5178206819978588
-0.4963682990453386
-0.4722854195002689
-0.4460052370524118
-0.41776447136875783
-0.3876180611185256
-0.3554585875993424
-0.3210770356931904
-0.28419818814619696
-0.24457059689263563
-0.2020318792479585
-0.15661761276627217
-0.1086296413017782
-0.05866733536514171
-0.00757209434467372
0.04367555791005387
0.09407002348466517
0.14271696781353221
0.18893852180609969
0.23234505469018313
0.2728251351996176
0.3104934656857412
0.34558816360848116
0.3783799027777585
0.40910605208529005
0.43790876100704684
0.4647857638339899
0.4895570127480286
0.5118451154919791
0.5310918633671273
0.5466208918448633
0.557749244616058
0.563923166650645
0.5648148392945213
0.5603786148587201
0.5508492657493899
0.536713141911204
0.5186279671740691
0.497282822166255
0.47328731796532936
0.4470815394741385
0.4189107193700445
0.3888353459576772
0.35675320189069926
0.32245616636218044
0.2856738512841771
0.2461513195209665
0.20372004724649345
0.15840777353657284
0.11050655859554749
0.06060184958683462
0.009529862364381969
-0.041729488725740886
-0.09217395799451845
-0.14090035348204707
-0.18722141117717236
-0.2307358379818
-0.27132367878467456
-0.3090941954505322
-0.3442785631877639
-0.3771528283818245
-0.4079528850805913
-0.4368268666148391
-0.46377724737909265
-0.48863369963225145
-0.5110237601882788
-0.5303949410767178
-0.546073697685826
-0.5573773196265601
-0.5637426854689577
-0.5648347751539701
-0.5605929607873188
-0.5512439756931828
-0.5372698644693167
-0.5193188476382709
-0.4980832451588718
-0.4741768671295792
-0.44804737226543867
-0.4199485426322127
-0.3899451333771737
-0.35794114384874876
-0.3237309700189571
-0.28704656279362006
-0.24762799770954033
-0.20530720128061583
-0.16009922114616115
-0.11228503090490088
-0.062441354223246925
-0.011396280038010987
0.03987489050854231
0.09036456777505286
0.13916858957345585
0.18558839125084875
0.22920901273067565
0.26990464310182805
0.3077751695461108
0.3430521221717906
0.3760043009311444
0.4068790129871741
0.43582218339606454
0.46284517455071394
0.48778361197198056
0.510273932604311
0.5297677885133618
0.5455968495320402
0.5570729393569019
0.5636287645139403
0.5649181394544425
0.560871186556381
0.5517039643244066
0.5378897641157581
0.5200716037642003
0.4989464702956313
0.4751302548306805
0.4490768839683378
0.42104921256749267
0.3911158761477751
0.3591892677654768
0.3250653441504203
0.28847678380610536
0.24916220831572491
0.20695093097619305
0.1618462630077336
0.11411967874338834
0.0643372673936497
0.013319255547741899
-0.03796088318168336
-0.0884966728572165
-0.13737868255039323
-0.18389588518253697
-0.22762528893967604
-0.26842812628101037
-0.30639990970416686
-0.3417677658699387
-0.3748024550063121
-0.4057495160055168
-0.4347622800085691
-0.46186108727979003
-0.4868802375339569
-0.5094704928966569
-0.5290874259937222
-0.5450651668439511
-0.556712965286663
-0.5634589584225288
-0.564947487937579
-0.5610961988973484
-0.5521114308182723
-0.5384589502909671
-0.5207777142184272
-0.49976199488800427
-0.4760366618006567
-0.4500608150202708
-0.4221038048175206
-0.3922413611534603
-0.3603925041017361
-0.326353814507258
-0.2898626585363724
-0.2506537384164256
-0.2085496015305011
-0.16355025216376226
-0.11591219954475931
-0.06619360850880511
-0.015204199095786377
0.03608349509507896
0.08666620726073952
0.13562216557996645
0.18223472854128228
0.22607116810667488
0.2669837562200469
0.3050566427334701
0.3405154326955965
0.373630670401442
0.4046529041053818
0.4337363281164141
0.46090657699956306
0.4860083728499615
0.5086958133867799
0.5284351104672214
0.5445595688737181
0.5563797581136071
0.5633153713677661
0.564999646484212
0.5613453711772166
0.5525435845247928
0.5390531195293855
0.5215077038430846
0.5006047650257944
0.4769699446199434
0.4510708621743649
0.4231849969355443
0.39339484008471864
0.36162109064560544
0.32766785063560816
0.2912726924136651
0.25216912611210623
0.21017315590376606
0.165277433777651
0.1177291554128869
0.06807415816816074
0.017115272882891067
-0.0341794757425002
-0.0848053485841251
-0.133837285805826
-0.18054624894465104
-0.22448928162448603
-0.26550875890029046
-0.3036836525882425
-0.33923355068045746
-0.3724328136161471
-0.40352848748096487
-0.43268372262301996
-0.45992492311272215
-0.485109712121593
-0.5078959210662547
-0.5277549094750561
-0.5440247181647264
-0.5560167120102723
-0.5631409339382615
-0.5650237224602178
-0.561564663327472
-0.5529480281547461
-0.5396202998093602
-0.5222130960184977
-0.5014223052138761
-0.47787730760166797
-0.452058750612788
-0.4242429485031625
-0.39452312105039455
-0.36282712753927887
-0.32895921138051326
-0.2926580356098361
-0.25366011457103
-0.21177284949061204
-0.1669814872671764
-0.1195239787900584
-0.06993349153593999
-0.019006758912484677
0.03229408025385797
0.08296106353794054
0.132065785072623
0.17887150587821793
0.22292123801567768
0.2640491685839104
0.30232558635205653
0.3379692945411862
0.37125000660789526
0.4024202847508214
0.43164421449040347
0.45895869674511214
0.48422393046566015
0.5071068045424443
0.52708570547174
0.5435019578759366
0.5556637606078337
0.5629758611188462
0.5650561409510474
0.5617933305856
0.5533614894759336
0.5401972302967809
0.5229294187864483
0.5022512863821976
0.4788003236208764
0.4530581481741924
0.42531332738699906
0.3956648803823396
0.3640444700400192
0.3302615761636413
0.29405583097792976
0.255161008353874
0.21338264106203203
0.16869538387147878
0.12132901189121809
0.07180589766793954
0.02091240887568307
-0.030393291617436872
-0.08110092445645366
-0.13027897461132124
-0.17717921135099593
-0.22133568391020902
-0.2625720787575762
-0.3009515100507026
-0.3366877092195114
-0.3700511936074876
-0.401295341010526
-0.43059061777583274
-0.4579767458971434
-0.4833229460676607
-0.5063022231489481
-0.5263993572899722
-0.5429599915117727
-0.5552910439343703
-0.5627914005601055
-0.5650701149187525
-0.5620035133383863
-0.5537562108258296
-0.5407571292402793
-0.5236292630518797
-0.5030656322857917
-0.47970717417124004
-0.45404275496020524
-0.4263703511344791
-0.3967923338925584
-0.3652471265583108
-0.3315498374829249
-0.2954387319112183
-0.25664743732483825
-0.21497770975244604
-0.1703962077886841
-0.12312224147087125
-0.07366578834229236
-0.022805943319718695
0.028501198293212925
0.07924992633280813
0.1284984584594199
0.17549349585171634
0.2197571986291427
0.26110034302050045
0.2995830637206455
0.3354127052486227
0.3688585677626835
0.4001778643753035
0.42954342162281556
0.45700179034955735
0.48242772676163403
0.5055029939860389
0.5257187369187661
0.542421677908292
0.5549205356184997
0.5626091975600793
0.5650848815689089
0.5622147769870312
0.5541539506046984
0.5413206934671394
0.5243327455116356
0.5038848325752139
0.48062009839566555
0.4550350345752449
0.42743338778128387
0.39792658179879825
0.3664570933071542
0.3328427291596246
0.29682665584444107
0.2581382292338806
0.21657757795620028
0.17210268262703837
0.1249197498255289
0.07553132987188514
0.024707829669460894
-0.026601402904687547
-0.07738847090267724
-0.1267069800595328
-0.1737959667401856
-0.21816567326179287
-0.2596183103295002
-0.29820260583491603
-0.3341255964885093
-0.36765653712270285
-0.39904980458579326
-0.4284858786550343
-0.4560163971292828
-0.4815219262413538
-0.5046924349391667
-0.5250234947078595
-0.5418710982844243
-0.5545371696451589
-0.5624124968865393
-0.5650852263586728
-0.5624127724320885
-0.5545378083948251
-0.541870871985942
-0.5250242108736817
-0.5046927489925058
-0.481521649391031
-0.4560164293968707
-0.428486279522419
-0.3990500038906523
-0.3676553739067994
-0.33412569875451104
-0.2982026912862878
-0.2596189286552149
-0.21816531542453524
-0.17379620793517647
-0.12670733605620524
-0.07738874326817602
-0.026602219518702324
0.024707602456277983
0.07553140651561163
0.12491940642053631
0.17210155359262272
0.2165769560049991
0.25813811450474583
0.2968260298082339
0.33284294058800323
0.36645646543909516
0.39792547524112293
0.4274328823807876
0.4550347364060789
0.4806197879453542
0.5038845842652306
0.5243324394433241
0.5413201969703955
0.5541531006891551
0.5622148411813559
0.5650848378168525
0.5626089169449844
0.5549205319534053
0.542422179897265
0.5257176785206028
0.5055029058683579
0.4824276567703099
0.45700161174499127
0.4295436407519107
0.4001771082126204
0.36885831935775115
0.33541059420809
0.2995822184541568
0.26110031609362044
0.21975655712663852
0.17549285983773324
0.12849807953117046
0.07924963331549245
0.02850197378114031
-0.022807106543785365
-0.07366646159000814
-0.12312330313517736
-0.17039772881913348
-0.21497881706444164
-0.2566483667865067
-0.2954398880226828
-0.33155028497054434
-0.36524819825100396
-0.3967932524033641
-0.42637091080441347
-0.45404407020476917
-0.47970805691563456
-0.5030664369397518
-0.5236290604627025
-0.5407582255562499
-0.5537574762278543
-0.5620052112429162
-0.5650704722301262
-0.5627925094167361
-0.5552919129833733
-0.5429608571768355
-0.5264010363820997
-0.5063033190858419
-0.48332379934359293
-0.4579777944133696
-0.4305915647029812
-0.4012961255488538
-0.3700522635648041
-0.33668815736578583
-0.3009523333592352
-0.2625732583982512
-0.22133760169792388
-0.17718061808839874
-0.1302801787626113
-0.08110306844389562
-0.030394368563137656
0.020911071622773725
0.07180477679406537
0.12132858857556046
0.16869497483011736
0.2133816586214532
0.2551593737626968
0.29405501654886174
0.33026016400876856
0.364042961877684
0.39566343442306795
0.42531229732694004
0.4530566239112018
0.4787992663358084
0.5022504919616071
0.522927950847202
0.5401959227033808
0.5533597261893979
0.5617925398531859
0.565055151618573
0.5629741401533989
0.5556616616051852
0.5435005145272687
0.5270839981650085
0.507105828798105
0.4842224988824579
0.4589570314997335
0.4316434174509372
0.40241772624795685
0.3712483379171151
0.3379671635809235
0.30232405474487617
0.2640472393704028
0.2229192028057143
0.1788692815260422
0.1320637888552102
0.08295971078831317
0.03229170554601582
-0.019009595925077526
-0.06993615111736319
-0.11952626458471857
-0.16698402772688628
-0.21177563179632883
-0.25366223013973405
-0.2926609530816496
-0.3289610314736236
-0.3628292505338873
-0.3945260313812706
-0.4242452816614119
-0.4520607567988104
-0.47788126877074116
-0.5014248743026235
-0.5222162415861474
-0.5396230296651646
-0.5529504570454243
-0.5615667793774548
-0.5650268864483372
-0.563143627821012
-0.5560194362875063
-0.5440281716712021
-0.527757571627348
-0.5078984496551596
-0.48511307188062347
-0.4599282464084443
-0.432686345900908
-0.4035315984556432
-0.37243662784042647
-0.3392375216014317
-0.30368669794359276
-0.26551214517027083
-0.22449257759478902
-0.18054895435595583
-0.1338400194437367
-0.08480825553039478
-0.03418313949900941
0.017112712413847674
0.06807037677587532
0.11772604515476572
0.16527362193862172
0.21017020925369906
0.252165006295821
0.29126883327396536
0.32766509225434265
0.36161790275755096
0.393390737195234
0.4231812994896861
0.45106772085929386
0.47696586919655776
0.500601270093058
0.5215045201667358
0.5390491173524288
0.5525402629273118
0.5613405615568648
0.5649958125500334
0.5633108370408818
0.5563756429908728
0.5445552464006969
0.5284310927080408
0.508692616932892
0.48600418158764436
0.46090193231494425
0.43373240001852237
0.40464831199301277
0.3736268704881116
0.34050979046058705
0.30505148364068096
0.2669784484751106
0.22606745531898342
0.182231109677301
0.13561732272104146
0.08666144447248206
0.03607900675752004
-0.015209509937786737
-0.0661982436306487
-0.11591702735298431
-0.16355456295069334
-0.2085555077434501
-0.2506596381423461
-0.2898673305849111
-0.3263590262763505
-0.360397940784961
-0.39224705322808556
-0.42210900480546093
-0.450066216505854
-0.47604162251565196
-0.4997683076284673
-0.5207829435077223
-0.5384644359506783
-0.5521173042773396
-0.5611015407294632
-0.5649521456308167
-0.5634651355267988
-0.5567196643617832
-0.545071115468242
-0.5290936190036637
-0.5094768883399299
-0.48688669880595653
-0.46186744253289896
-0.434769977450559
-0.4057559875641729
-0.3748088475787372
-0.34177360692606845
-0.3064064492650249
-0.2684344867490453
-0.2276301966980492
-0.18390289201128757
-0.13738583666292872
-0.0885060570515181
-0.03796815554887326
0.013312498184971815
0.06433026119605824
0.11411180991510039
0.16183841509932156
0.20694319741601233
0.24915551496297553
0.28846871595698975
0.32505659843568124
0.35918074018735574
0.39110692247358714
0.4210403291188052
0.4490685780953493
0.47512077673299297
0.4989383286516976
0.5200637373009417
0.5378812395738893
0.5516953411224271
0.5608620752208185
0.5649087459554116
0.5636190381265227
0.5570633083869474
0.5455869757300684
0.5297585171650175
0.5102638449933995
0.4877741709042355
0.46283583029748787
0.4358118619789183
0.4068688852705886
0.3759950560529464
0.34304067620954987
0.30776470078604723
0.2698943220377694
0.22919811276060464
0.1855769605698313
0.1391580832196006
0.09035399974778564
0.03986287057071156
-0.011407752364597236
-0.06245287026934231
-0.112296605846942
-0.1601106733771743
-0.2053190114626536
-0.24764085783669576
-0.28705838964449076
-0.32374337864150965
-0.35795327125399484
-0.38995766343151794
-0.41996180218411655
-0.4480604519035605
-0.47418958352416185
-0.4980967133514201
-0.5193310341706826
-0.5372835813779819
-0.5512584968313492
-0.5606064327680037
-0.5648485073787128
-0.5637585082199087
-0.5573927122090343
-0.5460891683743802
-0.5304098397559663
-0.5110388392118974
-0.48864949652804873
-0.46379428078701257
-0.43684310891867406
-0.40796992962404394
-0.37716961477070987
-0.34429679016401693
-0.30911161515766505
-0.2713418578409353
-0.23075270744462048
-0.18724000876471675
-0.14091850681836113
-0.09219216211265477
-0.04174781943723098
0.00951076296541614
0.060582847454689705
0.11048681245714889
0.15838852052601243
0.20370028197956405
0.2461303085830406
0.28565360249779037
0.3224357135954273
0.3567320171635793
0.3888140111582251
0.41888952303597865
0.44705905852776606
0.4732646120997964
0.4972602192104626
0.5186049863375911
0.5366907300376844
0.5508248794322073
0.5603539855438241
0.5647913152546964
0.5638987605115023
0.5577245813747893
0.5465949177696185
0.531065498559212
0.5118192863414333
0.4895308226273171
0.46475872764088694
0.43788126071043115
0.4090778000600101
0.3783518388915547
0.34555898560625664
0.3104648612425496
0.2727963298922505
0.2323140695331899
0.18890833980513674
0.1426862830488661
0.09403797527037408
0.04364333512405671
-0.007603587742084779
-0.058700350829068104
-0.10866465116942665
-0.15665140558251092
-0.2020664270255104
-0.24460468492588333
-0.28423385479608904
-0.3211121495616217
-0.3554964729007904
-0.3876554209403985
-0.4178038839015234
-0.44604342754521675
-0.47232478408777817
-0.49640915236057565
-0.5178614449497241
-0.5360797738750207
-0.5503723143956424
-0.5600829764902958
-0.5647147369949955
-0.5640200033242094
-0.5580378489385299
-0.5470833727905149
-0.5317054545330139
-0.5125830783251428
-0.49039606962022675
-0.4657069915128998
-0.4389043667940888
-0.4101716326185047
-0.3795181154601003
-0.346805013196296
-0.31180154705867424
-0.27423213683508924
-0.23385791217827873
-0.19056085543206694
-0.14443759832620195
-0.09586818467966887
-0.04552298860151775
0.005709070247817596
0.05683038786524598
0.10685113200667945
0.15492613009487405
0.2004423838403325
0.2430903192593549
0.2828251970234659
0.31980102445277936
0.3542728503163562
0.38651078332434124
0.4167298001083315
0.44504053640981434
0.47139655004300896
0.49556851460702667
0.5171288866613227
0.5354796919475967
0.549930870607445
0.5598215361574159
0.5646471508394458
0.5641510347467286
0.5583596924427094
0.5475815942759044
0.532356169894156
0.5133602098659643
0.49127556824421376
0.46667191753985576
0.439942539512902
0.4112792900141986
0.38069851956257345
0.34806650356367264
0.3131534860029045
0.27568247825865677
0.23541651000477712
0.1922268189468507
0.14620274731467292
0.09771560687749793
0.04741952720197776
-0.0037979912798853503
-0.05493988366995517
-0.10501834263738155
-0.15317718439744774
-0.19879636585204444
-0.2415511891761562
-0.2813928507927973
-0.3184665509105723
-0.3530264394339715
-0.38534222935986023
-0.41563293805529006
-0.44401473961533666
-0.47044513363432344
-0.4947063558512212
-0.5163714910093822
-0.5348538881849707
-0.5494610842281114
-0.5595305640325758
-0.564549717433611
-0.5642524274459814
-0.5586525270746201
-0.5480496835303699
-0.5329779415371753
-0.5141085847543141
-0.4921278347416233
-0.46760850004242294
-0.44095391834415637
-0.41236110059681585
-0.38185290517391274
-0.34929996346461956
-0.314475726691249
-0.27710392724986876
-0.23694382558742927
-0.19386306124675493
-0.1479398030069989
-0.09953264500348634
-0.049289664142980825
0.0019111906938443619
0.05307465650264435
0.10320787360836983
0.15145040840346535
0.19717120696768733
0.2400356812922724
0.27998424172956476
0.31715626933494434
0.3518033362649751
0.384198183207534
0.41456231630653667
0.44301395369949287
0.4695219998552073
0.4938675680530775
0.5156394517164765
0.5342516700871909
0.5490148905486772
0.5592627296949083
0.5644771805419729
0.5643771066540015
0.5589704273119829
0.5485452214067355
0.5336269896115362
0.5148871802221621
0.4930087294609795
0.46857754205281626
0.44199460114453026
0.41347461657940504
0.3830386055998691
0.3505643133719791
0.3158291765421708
0.2785580751785847
0.2385036394528435
0.1955309280446537
0.149709840763702
0.10138608879185576
0.05119503399952875
0.000013361373401916519
-0.05116947862271694
-0.10135823858900343
-0.1496823663388409
-0.19550529235771266
-0.2384780071077165
-0.2785301436261355
-0.3158014823663932
-0.35053804539243005
-0.3830104399143205
-0.4134464773134857
-0.44196782782040245
-0.46854938006815156
-0.4929823238036213
-0.5148595229587707
-0.5335984964395534
-0.5485177181690729
-0.5589429854902928
-0.564348782978414
-0.5644482986365856
-0.5592345586280718
-0.5489853975465371
-0.5342236227754766
-0.5156119051466552
-0.4938387550715089
-0.46949261404858894
-0.4429843629061719
-0.414534035558138
-0.3841700576207661
-0.35177496328364527
-0.31712749676201785
-0.27995520703805554
-0.24000735575316878
-0.19714167372711164
-0.1514214447148534
-0.1031791949956388
-0.053043476529020916
-0.0018802447241013074
0.04932119919627621
0.09956342230689791
0.14797136109679315
0.19389440310677647
0.23697457022775087
0.27713612778953745
0.3145078650471929
0.3493332864406441
0.38188524768301
0.41239473921324177
0.4409860990177962
0.46764288899998774
0.4921612012798373
0.514143671387015
0.5330115432199025
0.5480847380632041
0.5586871948649078
0.5642850239213961
0.5645861937485491
0.5595657824748487
0.549496657430012
0.5348902840335827
0.5164081728807103
0.49474228989561836
0.47048267108658903
0.44405238255338314
0.4156705517989687
0.3853796641960051
0.35306430883867257
0.3185057366035681
0.2814320145850964
0.24159164123638316
0.19883667755605508
0.15321728179254224
0.10505961475981798
0.054981548841192183
0.0038409304636073355
-0.047377951821178044
-0.09767075278273961
-0.14615981957069735
-0.19218168419344178
-0.23537086825179157
-0.27563724563129394
-0.3131068908204699
-0.3480195919436702
-0.38065076397031755
-0.4112316923437719
-0.43989552768524703
-0.46662454987619817
-0.49122652658460414
-0.5133096965198439
-0.5323051691314663
-0.5475303352354792
-0.5583075798432796
-0.5640977425849771
-0.5645938752657109
-0.5597666589782441
-0.5498755030558865
-0.5354250146086744
-0.5170726565290164
-0.49551109752745254
-0.47133991875389675
-0.44498038869611867
-0.41666939848500373
-0.3864502287077428
-0.35421100053469357
-0.3197402490549668
-0.2827624433404073
-0.2430259732830433
-0.20037766327704934
-0.15485900175569092
-0.10678478957104881
-0.05676142889850016
-0.005641442277775585
0.04559353457883655
0.09593996281351783
0.14451126758591368
0.19063464383874829
0.2339342240968451
0.27430995958987764
0.31187926890029577
0.3468846204149907
0.3795987074761958
0.4102542817913713
0.4389887142574173
0.465793308278859
0.4904834110246953
0.5126722898682752
0.5317945326229039
0.5471741377522646
0.5581317912330516
0.5641158803752917
0.5648109802265737
0.5601818693409717
0.5504725238048198
0.5361827868380715
0.5179645024885476
0.49651482996354107
0.47243129998316036
0.4461528296284352
0.41791430312240513
0.38776957959880426
0.35561140483622244
0.3212305389941022
0.284354958893095
0.24472895409227524
0.20219080909725892
0.1567794802645052
0.1087937025679709
0.05883357064291332
0.00773886569851636
-0.04350568783233475
-0.09389806289223472
-0.14254232291220487
-0.18876210392529907
-0.23216535936487553
-0.2726444912429566
-0.31030858941444095
-0.3453993288823286
-0.37818886434098237
-0.40891396997436497
-0.43771136813303174
-0.46458646396248254
-0.4893537053122702
-0.5116379969006608
-0.5308813375473918
-0.5464057852902904
-0.5575319244526554
-0.5637010725624982
-0.5645894262390505
-0.5601475807006376
-0.5506131483656834
-0.5364731628586933
-0.5183832110304095
-0.49703312099998026
-0.47303282396929275
-0.44682144973727045
-0.4186470425355031
-0.38856534970502726
-0.35647637912110375
-0.3221726164973933
-0.28538694075171284
-0.24585659483976371
-0.20341951687416318
-0.15810132090508341
-0.11019257449684852
-0.06028068161535673
-0.009200243491124095
0.042065421834176976
0.09251744011279148
0.14125338054888292
0.1875832850953536
0.2311064476272485
0.2717046893716779
0.30948506078625515
0.34467977321473664
0.3775624573637564
0.40837279524635317
0.4372581381853396
0.46421981343691576
0.48908831050976803
0.5114886697639367
0.5308732523742725
0.5465674373162898
0.5578833912150916
0.5642625278547676
0.5653688018064819
0.5611423678860625
0.5518114731332945
0.5378518387906618
0.5199171183996605
0.4986984742763894
0.4748100448927063
0.4487007381264475
0.42062246708571305
0.390638389609443
0.358655971760566
0.32446666762925386
0.28780576208402764
0.248411947512093
0.20611490373811786
0.16093178287978618
0.11314483561098108
0.06333032699752006
0.012312974258577443
-0.03892677153598125
-0.08938665054814865
-0.13815748116833282
-0.18454298413851233
-0.22812680266509974
-0.26878456989838484
-0.30661638105313443
-0.3418514527569033
-0.3747622781657402
-0.4055917262419518
-0.4344885852588199
-0.46146434582294804
-0.48635150385494935
-0.5087872531954033
-0.5282256732170676
-0.5439955475741685
-0.5554100590361511
-0.5619007536258498
-0.5631211621557543
-0.5590044476379123
-0.5497657480299267
-0.5358704996265227
-0.5179723215671123
-0.49676129799124086
-0.47285138292776896
-0.44670477862054053
-0.41857502321053375
-0.3885366330991846
-0.35649970033200434
-0.32225736658077186
-0.28554501423897816
-0.2461038127541964
-0.20375453064695237
-0.15850532002735665
-0.11062859812996508
-0.06068823205359776
-0.009501059284996177
0.041956584799350945
0.09268354966835775
0.14176198532017542
0.18848834237329545
0.23243916066282175
0.2734818145745815
0.3117024227115198
0.34733513076666905
0.38065256560700006
0.411900254370801
0.4412300440313027
0.46866646549795393
0.4940462942172676
0.5170228608305666
0.5370478485412009
0.5534665198262934
0.5655854949334305
0.5728338482483664
0.5748596993271345
0.5715828417332898
0.5632160749585843
0.5502209441882313
0.533249241832582
0.5129941031228801
0.490086304926645
0.4649853122515448
0.43797172458817046
0.4091243819427114
0.3783649072061614
0.34549616962272917
0.3102667597061713
0.27241422097985807
0.23177290045249963
0.1883468568641051
0.14240900313660196
0.09452261782553326
0.0455118751301731
-0.003640229800034092
-0.05191090507045244
-0.09835994137126912
-0.1422554869521465
-0.18313573306079176
-0.22083816998232567
-0.2554229272961094
-0.28708971858007715
-0.3160801669799594
-0.3426062931394227
-0.36679333824060967
-0.3886169628652275
-0.4078761783359154
-0.4241870137862241
-0.43698241780589636
-0.44558991990074087
-0.44935738987958906
-0.44780104958204514
-0.44070642809773947
-0.42821685240779755
-0.41084265413684773
-0.38945071582213536
-0.3652001080188044
-0.33936586131920315
-0.3131143784792809
-0.2872588793442712
-0.26210810682879343
-0.23745552239201478
-0.2127711190898864
-0.1874835573307644
-0.16121344576248495
-0.13390336764437238
-0.10576702883821423
-0.0771156748287399
-0.04819043361409376
-0.01918579308475546
0.009615552500717597
0.03763848093032504
0.06391614841281233
0.08725896378134747
0.10657967966293172
0.12123582236119282
0.1311698091075915
0.1368712065931448
0.13923897462233353
0.13948748300129407
0.13907674237716622
0.139589258256595
0.14241085342529933
0.14839353551680246
0.15759833451639052
0.16927709016866627
0.18207577740644393
0.1944017667231616
0.20472083837927055
0.2117611950260637
0.21456334623829423
0.21242093454667318
0.2048875694585289
0.19178152060700782
0.17328281082358332
0.1500177491972482
0.12305398884917781
0.09380855269565302
0.06387123882530937
0.034816265661895364
0.008075368694242272
-0.015182486336088135
-0.034166204352745914
-0.04857234236671584
-0.058576706693695677
-0.06475012456075772
-0.06785560307220792
-0.06867022828250267
-0.06787083338832324
-0.06599876986637904
-0.06345075078269252
-0.06051175886830458
-0.05737789966178889
-0.05418198052837926
-0.05101655016893643
-0.04793356520538915
-0.044969206035464594
-0.04214809560174835
-0.039475106340899284
-0.036962614929597404
-0.034600318634220355
-0.03238801414929255
-0.030323341423021358
-0.02839697749545702
-0.02660068676599669
-0.02492754338837576
-0.023369163262363525
-0.02191889273727878
-0.020573997970769215
-0.01931772877095487
-0.01814890911864331
-0.01705767735258037
-0.01604823956755887
-0.015103288702114453
-0.014224839540634913
-0.013404143225595782
-0.012638640100555137
-0.011925450318634411
-0.0112578729772941
-0.010636937269453648
-0.010053580109917028
-0.009509210822653429
-0.008998695939616597
-0.00852263413052221
-0.008074031134041391
-0.007653253980675581
-0.007263761494921051
-0.0068910382747597735
-0.006542725256956054
-0.006220889146410622
-0.0059121788961205846
-0.005622300372262646
-0.005352513928878583
-0.0050935976554595
-0.004853285786148249
-0.004627346901005967
-0.0044108390230566735
-0.00420958373725083
-0.004016520647994117
-0.0038362346265299724
-0.0036653285653201373
-0.0035056038234948152
-0.0033511924311326216
-0.003207506097164779
-0.0030684936636776374
-0.0029405170893124426
-0.0028179971864301504
-0.002697611049047946
-0.002586928403430521
-0.0024793876443624106
-0.0023797692020460152
-0.0022842441712742417
-0.002193611361947492
-0.0021089293229394077
-0.0020246555297284505
-0.0019478953939132547
-0.0018719393892476645
-0.0018006449711281153
-0.0017322424951297538
-0.0016678544767406837
-0.0016061899641638543
-0.0015475575830588208
-0.0014923705581986783
-0.0014381294662937185
-0.001387079217582501
-0.0013362642655463603
-0.0012909870418346546
-0.0012444337773229444
-0.00120229627922609
-0.0011573083426117737
-0.0011231030553348574
-0.0010849080310446186
-0.0010467725435963865
-0.0010122093010392714
-0.0009796611943839924
-0.0009453996103856221
-0.0009159469231776605
-0.0008851941999108005
-0.000858678761037151
-0.0008309496106494058
-0.0008082358521934663
-0.0007815165607716906
-0.0007546305188462374
-0.0007332587041711349
-0.0007110918641727473
-0.0006879109897147647
-0.0006686737025107176
-0.0006476437810226523
-0.0006293747801689981
-0.0006097037291533804
-0.0005910727903322829
-0.0005743915919502818
-0.0005566642247453818
-0.0005443786975379035
-0.0005256742004363748
-0.0005098454436136783
-0.0004970883408473866
-0.0004843786523365504
-0.0004711755945760436
-0.00045709882454893685
-0.000444325629207014
-0.0004340958072028759
-0.00042068447538888077
-0.00041034440540401254
-0.00039984815780517714
-0.0003862991255460253
-0.00038116795192108164
-0.0003707006366499813
-0.00035819099822579064
-0.0003491114793214111
-0.00034044102200423576
-0.0003355710758138625
-0.00032392277851139395
-0.00031436558439510825
-0.00030911246511692713
-0.00030169674998460134
-0.00029207088704706754
-0.0002854189345505597
-0.0002809531142734887
-0.00027088729011596796
-0.0002648248825291796
-0.00025676254457454074
-0.00025254859884303685
-0.0002464216904265844
-0.00023861217747774956
-0.00023317992713242625
-0.0002295821346963869
-0.0002222788405138066
-0.0002186448777259755
-0.0002147374867351207
-0.00020711930464463837
-0.00020466960192868795
-0.00019541831189231294
-0.00019369662992810532
-0.00019085558641314051
-0.00018935235039228122
-0.00018402057221300825
-0.0001784453003722166
-0.0001749127636654896
-0.00017174937512588872
-0.000168359313788712
-0.00016436144425691166
-0.00016243260842179968
-0.00015615697001823868
-0.00015378226499873423
-0.00015123007821780452
-0.00014744477010806637
-0.0001454506179399932
-0.00014346132012917382
-0.000140698896086888
-0.0001352801422195935
-0.00013401978672387353
-0.00012897893063942232
-0.00012776556665726035
-0.0001230008080824171
-0.00012186278598372258
-0.00012096351289292321
-0.00011438964842699974
-0.000116882849925192
-0.00011246900980508231
-0.00010956524625803512
-0.00010814790085257307
-0.00010531669920614876
-0.000105957922258931
-0.00010302438699449416
-0.00010092273110517631
-0.00010064089949917116
-0.00009679095771194007
-0.00009502814729092264
-0.00009508451340407155
-0.00009232185248799988
-0.00009145542523997526
-0.00008719406416401475
-0.00008695120833720158
-0.00008404421485109961
-0.00008551478155771272
-0.00007904910093393991
-0.00008020973310255654
-0.00007712527521000369
-0.00007679652563715171
-0.00007646644405770328
-0.00007690890583656058
-0.00007149125262379684
-0.00007026250656374096
-0.00006982173208864115
-0.00007218292245873609
-0.00006836869950974663
-0.00006887221045081868
-0.00006842024711154981
-0.00006631766528995329
-0.00006366677981152171
-0.0000628811678627725
-0.00006200989387304395
-0.00006255153388376778
-0.00005982497347298488
-0.000060050662308558585
-0.00005719252169752493
-0.00005432043450981026
-0.0000574960688861451
-0.000055006142623184
-0.0000530369318470188
-0.00005308937176080893
-0.000054260907265527495
-0.000051447062253989904
-0.00005133518080869423
-0.00004921255227159226
-0.00004796170827370619
-0.000047190613397013454
-0.00004792986614029795
-0.00004707021208135075
-0.000049303609486389864
-0.000045951332896375147
-0.00004654121100615274
-0.00004317928772217514
-0.00004432756458159229
-0.00004210248941091294
-0.00004551622138718079
-0.00004065766390103375
