-0.00007188214156254263
-0.00007237569386171896
-0.0000740605977710643
-0.00007507032685255901
-0.0000798548373987496
-0.00007800466962122828
-0.00007811074475445703
-0.00008278540065501492
-0.00008486430231014684
-0.00008586090681581942
-0.00008744923177872415
-0.00008662937875320244
-0.00008951251882139319
-0.00009188924595185745
-0.00009389714110662794
-0.00009589206562922628
-0.00009618710555418295
-0.0000982609736934528
-0.00010186991538921881
-0.0001021193675084068
-0.00010431701722021433
-0.00010896924474210778
-0.00011209918107510657
-0.00011104991693617312
-0.00011137950822055978
-0.00011447592383019267
-0.00011557500808157727
-0.00012267888395310484
-0.0001217175358305157
-0.0001254312662487687
-0.00013032804984902603
-0.00013173130288207462
-0.00013223424718975465
-0.0001340609567334819
-0.0001402655532398431
-0.0001419703026060551
-0.00014619263349745275
-0.00015217490450420484
-0.00015354297187696213
-0.0001565106403700621
-0.00016042885653464673
-0.00016203395669952734
-0.00017143831447858902
-0.00017266327022173042
-0.00017414032845102304
-0.0001794757237129633
-0.00018506190905076962
-0.0001904549419538913
-0.0001910845147224692
-0.00019578049704855084
-0.00020292240531988976
-0.0002068410058450155
-0.00020988951115278887
-0.00021439091051808805
-0.0002248986927500223
-0.0002283537571927813
-0.0002321634024990685
-0.00023551692034767796
-0.00024361054948482435
-0.0002525819303013746
-0.0002581399971161255
-0.00026297417806017323
-0.0002746322188562107
-0.00027829809620233447
-0.0002866955649264602
-0.0002941021931686329
-0.00030130863444783343
-0.0003118352311864391
-0.0003196444611288514
-0.00032512033652132944
-0.00033796583169649983
-0.0003472724482151635
-0.00035258804374450274
-0.0003637448978598206
-0.0003753923809855026
-0.00038619095664832665
-0.00039394701368460815
-0.0004075279587265526
-0.00041545462291480394
-0.00042907471157870844
-0.0004425732573738482
-0.0004555632220084249
-0.00047035437777644677
-0.0004844930788514098
-0.0004963257109562128
-0.0005127978599105095
-0.0005281720344572819
-0.0005444281431012328
-0.0005623789872952009
-0.0005802318685457304
-0.0005977445519590672
-0.0006175243747226168
-0.0006365715089687696
-0.0006595249151999433
-0.0006795463665406141
-0.0007012871827384895
-0.0007253989654354587
-0.0007508334895425939
-0.0007704644295149391
-0.0007992173804296398
-0.000826215033132423
-0.0008558050496413387
-0.0008869189475009279
-0.000915849430169674
-0.0009487932591270609
-0.0009812215290518106
-0.0010195639698966717
-0.0010559093089059781
-0.0010925441874461035
-0.0011339608355671617
-0.0011750134458259794
-0.0012194737084549915
-0.001261945824767815
-0.0013151890735613033
-0.0013643702092051787
-0.0014159416557097747
-0.0014754303768427202
-0.0015325539068805584
-0.0015919203360160508
-0.0016535834440459505
-0.0017206936920612563
-0.0017941448996300984
-0.0018702879447049206
-0.0019476914862419587
-0.002028298248387459
-0.0021160186629728076
-0.0022062897570783147
-0.002301199721697177
-0.0024053066792242245
-0.0025075759150882896
-0.002621935208013888
-0.002739008043497194
-0.0028665865660891976
-0.002996219710505165
-0.0031379096201058316
-0.0032881441252805375
-0.00344191990544113
-0.0036096167125947843
-0.003783043223484868
-0.003966410195783708
-0.0041671864146094325
-0.0043744956128057046
-0.004597928828779623
-0.004835981640042446
-0.005086309794224424
-0.005353707303079246
-0.005634694324299639
-0.005937415519719362
-0.006260427952728735
-0.006600070995171568
-0.006968755007842017
-0.007358954715060537
-0.007776867211640677
-0.00822203744409401
-0.008702030568624446
-0.009207994033920155
-0.009752905577514992
-0.01033740903692257
-0.01096647866085362
-0.011635002044859464
-0.01235358119824366
-0.013128235957229424
-0.013951638552638462
-0.014840285034625556
-0.015796903901618742
-0.0168224818381871
-0.01792422534432714
-0.01910870297347026
-0.020386217452278248
-0.021754175894935612
-0.02322239469264579
-0.02479966333688186
-0.026486854027346896
-0.028302410701465205
-0.03023503105614313
-0.03230209317995033
-0.0344986641172047
-0.03682664497338197
-0.03927959914068797
-0.04184635572844642
-0.0445033051663075
-0.047212373421168796
-0.04992278443943764
-0.052550086390802164
-0.054961244301211964
-0.056973635631242206
-0.05831938987666104
-0.05863171531676889
-0.057424948675756274
-0.05407820194381169
-0.04789600635382803
-0.03818078753237192
-0.024412809307584372
-0.006405360700948182
0.015595704985898066
0.0408881666318957
0.06840478493216791
0.09682052564466577
0.12462873222682364
0.1502728980433436
0.1722867056519724
0.1894630240739553
0.20098048328888354
0.20647270170088114
0.20600689496271193
0.20002830727155058
0.1892864792558287
0.17473503311384977
0.15735314744699214
0.1379066164629532
0.1168258815441108
0.09407299939395086
0.06932009736583374
0.04212775109572412
0.012236298740039878
-0.020225000439880715
-0.05461891303039233
-0.08985646772561187
-0.12442323827415973
-0.15652173102366645
-0.18423253537085862
-0.2057582885646739
-0.21975920550843783
-0.22563947705470513
-0.2236750628616581
-0.214913691759941
-0.2009618951611375
-0.18368246092787618
-0.16493315885941273
-0.14627931282374937
-0.1288008339714709
-0.11295741596277077
-0.09862784636838688
-0.08522710399002478
-0.07190999533113854
-0.057814183009500364
-0.042343439148345347
-0.025365565186162557
-0.007284425447263545
0.011044441402481972
0.028532733682841586
0.044079310282228265
0.056827158151367935
0.06630523205453277
0.07248642412612315
0.07571326705663656
0.07651221782773071
0.07548314340042726
0.07315699843566183
0.06998022412601301
0.0663115196230076
0.062420784634629224
0.05851023737354811
0.05470860392740393
0.051102885236240306
0.04771280584171984
0.04455459450839082
0.041618578566819796
0.03889821845397295
0.036373514752185664
0.03403265881495788
0.03186995349622618
0.02985752096756702
0.027993276042882254
0.02625615315375582
0.024635746866680963
0.023115008562192764
0.021700318171002847
0.02036656422222143
0.019117232429204038
0.01794578159202048
0.016850337341358206
0.01581857578105765
0.014856316760135541
0.013955996414379135
0.013107528131070967
0.012321033900635815
0.01158487451126736
0.010897294558734307
0.010258317063052769
0.009661440756756519
0.009113881916456259
0.00860210960530539
0.008131414240728338
0.00769340965934782
0.007287169979005461
0.0069117818267098894
0.006559354982196542
0.00623417236770416
0.0059284183181790955
0.005642250380698525
0.005375766595725693
0.005126860611435739
0.004885398545522609
0.0046631989867209995
0.004449328348404728
0.0042455449791822236
0.004052406443081627
0.003866402324336962
0.003685854788151638
0.003521529942951916
0.003357401763417778
0.0032003345090255374
0.003057827741713198
0.0029134438886763894
0.0027830484807636084
0.0026534434157526906
0.0025324431709678355
0.0024202100805438766
0.0023162389831632682
0.0022111116803453026
0.0021175339564864478
0.002027997563544829
0.0019462439689389923
0.0018680847506290976
0.0017971437883578815
0.001727118615755573
0.0016629454408746316
0.0016005958671600389
0.0015431737423333355
0.0014893533742209172
0.0014366192729347543
0.0013866188063598724
0.001336042679559118
0.0012915324709697686
0.0012446773129467683
0.0012013964616744933
0.0011594168224888701
0.0011170137701631614
0.0010790301569415532
0.0010368812273609692
0.001001737151685016
0.0009663305208513399
0.0009277134523756449
0.000895881662753433
0.0008644196026329152
0.0008310218334662347
0.0008022208849180109
0.0007744933292052694
0.0007490589945567049
0.0007240366378641916
0.0006997370726682187
0.0006777776531547709
0.0006555903958242334
0.0006341724036222812
0.0006171019265459394
0.0005976332508248925
0.0005825181532534731
0.0005653153954410645
0.0005499383947213778
0.0005352178886766284
0.0005191717240830808
0.0005042477931091236
0.0004934452383869361
0.0004791974091446491
0.0004655268905447067
0.00045024180704598146
0.00043834606741769143
0.0004261929741730623
0.00041267378842989815
0.00040145984582822675
0.0003871205210569859
0.00037672846898487454
0.000364496760928043
0.0003558274547356768
0.00034551123130439914
0.00033179778296517896
0.0003252321014088399
0.0003159549448305858
0.0003083489715116177
0.00029842686998262665
0.0002927307336326445
0.00028391724125777907
0.0002754235862832822
0.00026821532149417935
0.00026381398539854553
0.0002590501711114047
0.0002494737337533568
0.00024269547739385876
0.00023937076177504157
0.00023434428611444525
0.00022874157291554606
0.0002238943929762791
0.00021681978826613364
0.00021440931102572448
0.0002085385314766192
0.00020346959716438436
0.00019833719429014095
0.00019269684641538612
0.0001896336008805642
0.00018408063777961302
0.00017940362723138507
0.00017439365904292964
0.00017122794914238332
0.00016573763080301413
0.00016253736623561858
0.00015930262444705206
0.00015474714493715142
0.00014949127859629937
0.00014729874658044644
0.00014424343901366706
0.00014202558978739007
0.00013931460863706466
0.00013590781413496043
0.00013186733388978014
0.00012915046102976373
0.00012845960838972766
0.00012585881596095078
0.0001265161772475194
0.00012180774642055021
0.0001193163429535982
0.00011652045809034324
0.00011410591372273817
0.00011215390795452738
0.00010793393287426755
0.00010949495131369877
0.00010604364982503235
0.0001031510680250325
0.00010128524348001938
0.00009831475822694473
0.00009653915402350572
0.00009293868254927498
0.00009363124743809207
0.00008942649871662066
0.00008793984794230673
0.0000839545149990364
0.00008349382401572467
0.00008243256331098546
0.00008245817395262145
0.00008152396879941273
0.00007768953347431173
0.00007790200117567397
0.00007649784769626434
0.00007392151639506196
0.00007370401534284185
0.00007178005939027225
0.00007045309612058908
0.00006856321198262342
0.00006825920641465816
0.00006700078346918435
0.0000652989308948101
0.00006532583878194347
0.00006229438593184406
0.00006276753636097738
0.00006320053803942935
0.000060556281298966096
0.00005947805281450999
0.000056155020724337374
0.00005723942285175052
0.00005501603413252773
0.00005452262328128845
0.000052143354169343225
0.00005255836528822732
0.00005262627373007296
0.00005158826256214448
0.00004793194266612324
0.000049364521076107925
0.00004861403874372254
0.0000459692830480315
0.00004780601214907109
0.00004680121761322354
0.0000465205591810907
0.00004543391059005811
0.00004343117361022751
0.0000453113256341227
0.000042269839854718165
0.000043551304014773354
0.000041288039487497895
0.000040671182350553376
0.00004099517050334545
0.000040965459463406
0.00004003895101822989
0.000040659907406887624
0.000037041269987238485
0.000037524024484431506
0.00003815705124232868
0.000036919433988669515
0.00003564344351434305
0.0000352322678860868
0.00003462607353847485
0.00003280482772474125
0.0000330800525516916
0.00003177641735182834
0.00003194709807763672
0.000030337845912712433
0.000031920005235195306
0.000030554515053769965
0.000030073114206922333
0.00003033121547475463
0.000030474889116395085
0.000029392036964352524
0.000027806876644452276
0.00002892847923949483
0.000026231029941366447
0.000027504578456705848
0.000026693488572344298
0.000026344172329599938
0.000027529709919382073
0.000024355045309154008
0.000026144852259132654
0.00002609860133162459
0.00002526290294152184
0.000022303069957026086
0.00002411131974397279
0.000022104839392243342
0.000023461299413202315
0.000022625451170837944
0.00002251802521702712
0.00002238886449033177
0.00002336227928276427
0.000020692543439074426
0.000021055264243948805
0.0000204420409676294
0.000019664487890009236
0.00001900171044845934
0.000019698575982178006
0.00002192994752701381
0.000018998658381862673
0.00001810291885996028
0.000018557374699469168
0.000018664515885952405
0.000019924417317897772
0.000017372389059771036
0.00001955096292833795
0.00001829518714321703
0.00001820475545715782
0.000017317704217370558
0.000018351100425725134
0.00001749622395130431
0.000017178839924815423
0.000016674387998546442
0.00001597055804694943
0.00001632082920745429
0.00001746558867032881
0.000017089908185589082
0.000015088937281281592
0.000016463259255453092
0.00001524825815895512
0.0000161067483992733
0.000015158360748769639
0.000016333068944975577
0.00001450299142705187
0.00001352005064151167
0.000015054660713568126
0.000015381496240247672
0.000013825294715520276
0.000013498059048469055
0.000013175289979027969
0.000012569659328264253
0.000012053254574444461
0.000013054668425031973
0.000014064756528993976
0.000013498340953584373
0.000012626318618868281
0.000012319231506550152
0.000010652053805684603
0.00001069851802225591
0.000011523313570389406
0.0000120233110857137
0.000012901531834145758
0.000011291579609199795
0.000010961959539976122
0.000012073840261506188
0.000010884395181376822
0.00001043115797058028
9.76514025742907e-6
0.000010698938218430206
9.688950625847503e-6
0.000012076868690843601
0.000010327124213855215
0.0000104525891558488
0.00001121752316817408
9.66547055886754e-6
0.000010086027605906396
9.287270867818878e-6
0.000010184479335985535
9.319645774274622e-6
7.793999113259026e-6
9.131957149025488e-6
9.65407025538576e-6
8.731676168106239e-6
8.402961651507352e-6
8.674050951286242e-6
8.140495491843536e-6
8.703029096132955e-6
8.521905624126145e-6
7.773060024550412e-6
8.057058017805652e-6
9.729019810446626e-6
7.90835017132704e-6
8.61084372009644e-6
9.122957615534165e-6
7.723854828080414e-6
8.273146955587661e-6
7.416746719067117e-6
8.448111070789149e-6
8.949454445942313e-6
7.448395054840842e-6
7.837443651293931e-6
6.817076815416342e-6
8.399034137177313e-6
7.736806607824663e-6
6.34837189530406e-6
8.078521621044521e-6
7.063914812465087e-6
8.527307173587722e-6
6.920238849884165e-6
7.29477843186835e-6
7.658763479028664e-6
8.112238272995631e-6
7.787900672823324e-6
7.398977550261991e-6
7.449520160014467e-6
6.593216215088713e-6
6.9999825778865145e-6
6.097817858038696e-6
7.507434542001287e-6
7.400660253318889e-6
7.19730556506812e-6
6.551480377571217e-6
6.482475876880554e-6
6.2209812142704086e-6
7.5797458559086584e-6
5.188915997253645e-6
7.977767182244155e-6
4.30783344344315e-6
5.539544616262989e-6
6.512819626188091e-6
5.6210113901295334e-6
4.872292292452317e-6
4.973880088148905e-6
5.813370254625183e-6
6.270801012362081e-6
5.711396680632984e-6
4.895782261680218e-6
6.022558171529249e-6
4.515776210715007e-6
5.036548995925444e-6
4.851819845095542e-6
4.9575481773994e-6
5.192877106441019e-6
4.782353172632526e-6
3.932637546538018e-6
5.083691437333088e-6
5.4603862051639645e-6
5.2853652376311525e-6
4.623743752046736e-6
4.400762551104623e-6
5.0508826318952965e-6
4.565448992088957e-6
5.360163681944491e-6
4.6968183049411e-6
5.291822913897363e-6
4.255736144293372e-6
4.6810888695832806e-6
4.5184080634068985e-6
2.989071430425151e-6
4.49926345444457e-6
3.7285282873093985e-6
4.381113295205529e-6
4.395834546683548e-6
4.050365336348386e-6
4.27619187532296e-6
3.7176215466329354e-6
4.667177222488958e-6
3.6955250734212225e-6
4.885975734728177e-6
4.121822045195374e-6
5.2419040832020955e-6
4.1070018602697124e-6
4.247436110620176e-6
2.9235498995046363e-6
4.318200038415948e-6
3.43481960577113e-6
2.450011469507799e-6
3.2446490365243666e-6
3.6836130988001595e-6
3.4571180604114994e-6
3.6678913228855028e-6
2.9697026637069648e-6
3.408914585625108e-6
3.116010774335444e-6
2.473977146655523e-6
3.6412261728166575e-6
2.8168216664823453e-6
2.3197412873083996e-6
3.0154499705980436e-6
3.3675808719211046e-6
4.1203807265393475e-6
2.5296437093255134e-6
2.318991117868106e-6
2.345151063800758e-6
2.5358009744168193e-6
3.188206679194673e-6
2.8810643299864143e-6
3.0277058947414493e-6
2.9473613768875156e-6
3.100624512868088e-6
2.5138586785086293e-6
3.312337471539303e-6
2.831270745050536e-6
3.5221263702944658e-6
2.8038654143678694e-6
2.25601080359187e-6
3.322875336413319e-6
3.2173471145307306e-6
2.813444126617392e-6
3.318301971582733e-6
2.4206798848458325e-6
3.446621392856122e-6
3.0887786356381352e-6
2.2721280332556584e-6
2.5385585596175233e-6
3.2346943712637683e-6
2.237050779971194e-6
3.6085916900743316e-6
2.3618381200659104e-6
2.3671960492492004e-6
2.279530102101382e-6
2.8119443873293814e-6
3.228154938896966e-6
2.7368048639555647e-6
2.063892973665415e-6
2.128793234694558e-6
1.6690349148179427e-6
2.890779097753293e-6
2.0018121338359727e-6
2.3794162917621005e-6
2.65019561238128e-6
2.386897166183616e-6
2.528469292988789e-6
2.2725779615883267e-6
2.666139913773716e-6
2.0177928510752402e-6
2.3421856568018254e-6
1.7791884782045468e-6
2.1737864799353438e-6
1.9764551926269993e-6
2.4977556514248597e-6
2.897524499536683e-6
1.4012234491954864e-6
1.5235457751612046e-6
1.8941817182813765e-6
2.3155990447174935e-6
2.697213282270833e-6
1.3634029028655886e-6
2.0849696708132586e-6
1.4684299743726393e-6
2.536459965870931e-6
2.0161253720298674e-6
2.1737744184913736e-6
2.420562984573856e-6
2.449169167112193e-6
1.8561005280996696e-6
2.2812132540822163e-6
1.8412421722355818e-6
2.692494005313727e-6
2.360442205578081e-6
3.1119999284906817e-6
1.672935174134886e-6
3.4914213738185354e-6
1.295850765375191e-6
1.8644928331480328e-6
2.4840322958826822e-6
2.2463023757923703e-6
7.512849986309214e-7
1.5624293511082152e-6
2.4666404656333794e-6
1.0115127852583112e-6
1.8470475871921966e-6
1.5290991206391515e-6
1.8703018239577747e-6
2.2749983613910037e-6
2.159150539529604e-6
2.216640981459521e-6
2.5537581652614145e-6
1.1286335206457562e-6
1.7126759054928536e-6
1.226479804956071e-6
1.992280433276058e-6
2.251466760735153e-6
2.3157142733536203e-6
1.93654978061217e-6
2.5418559228476493e-6
1.4187426653250467e-6
1.259719718391546e-6
1.155743602620133e-6
1.6239437853387053e-6
1.925495461025703e-6
9.730980778062788e-7
1.0513663319723779e-6
1.5379749881910223e-6
1.2535709402952604e-6
1.6437910828621327e-6
5.533666726787322e-7
6.50386161100539e-7
2.1734991653206594e-6
1.4776187475620296e-6
8.264582903568199e-7
3.0384474297609043e-7
1.5830171462240212e-6
3.1201193064406724e-7
1.6395551246389648e-6
7.218660656356682e-7
1.6529307209431648e-6
1.1838722490371943e-6
1.6409092677634472e-7
1.249415496399994e-6
1.8123614487448491e-6
6.286595834730387e-7
8.387605110692402e-7
1.3809670750639187e-6
1.4911779551047653e-6
7.46914490195984e-7
1.1938721091524992e-6
8.212321370984589e-7
1.6191673782400931e-6
1.8632405062726715e-6
1.2592861500429229e-6
1.192571114024429e-6
1.7769146293288052e-6
1.3427391666124572e-6
8.988415706475469e-7
1.1820192028767124e-6
1.072531026832068e-6
2.2895177214480364e-7
1.0461232623479435e-7
1.1751498521190846e-6
1.4064938811310603e-6
1.8909079151738673e-6
1.4692910285123826e-6
2.2916784393792034e-6
9.676758373734469e-7
1.5620922876147768e-6
6.945634490326982e-7
1.1272137370345271e-6
1.0765351538713292e-6
1.9473929358040758e-6
1.3471251339903537e-6
5.428229973166923e-7
1.3489034655380193e-6
7.1258159975242e-7
1.2649093528624096e-6
1.0096296208893163e-6
9.858143943148132e-7
1.5446544840572724e-6
3.4070154249788756e-7
6.74737018621156e-7
1.0897832956134598e-6
1.4866396688939247e-6
1.3504507736902182e-6
1.2024051628805016e-6
8.562149745422467e-7
1.3078184797257514e-6
1.2316632409977555e-6
1.1339029636394865e-6
7.265479953789653e-7
9.160843880245519e-7
6.5006359132636e-7
1.264233515058183e-6
9.55234614381268e-7
1.141156906097321e-6
1.5087667462416652e-6
1.1515287411339876e-6
1.292567032938797e-6
8.046438716686125e-7
4.859086162461548e-7
1.3579888878880621e-6
1.3520557822174118e-6
1.328346890377742e-6
6.810935069456124e-7
6.43878093432818e-7
1.116945012426869e-6
9.545522670028298e-7
7.136385604677988e-7
6.801457665193768e-7
1.3922663827246992e-6
1.5618697046681714e-6
6.476401579741495e-7
2.760923854427385e-7
1.130666055124425e-6
7.220409530241938e-7
4.025549191996596e-7
4.4019584760991196e-7
7.545877836937425e-7
2.6129979814355557e-7
3.675703641047469e-7
1.1136105563467532e-6
3.945166454021091e-7
5.841217686206287e-7
9.691999607189637e-7
1.4761297905054148e-6
6.46199067202145e-7
8.460367931547995e-7
1.0061518956567325e-6
1.0175599411888554e-6
1.841479248432899e-7
9.48291267639659e-7
6.318790730428816e-7
1.0814956704741505e-6
7.71299842453604e-7
1.0920182630290248e-6
5.833672531389587e-7
7.128206269081e-7
9.375819668252288e-7
4.311593750250992e-7
7.473436236007639e-7
1.3971782362475509e-6
1.1646714717802736e-6
7.985413957432725e-7
8.581424217818734e-7
5.793563415150121e-7
4.186094709163946e-7
8.367221932298898e-7
4.2597935680978716e-7
1.5246451284794192e-6
1.0682000440401351e-6
1.0832657778588706e-6
7.087578116799255e-7
1.4985791280586336e-6
9.483733557851806e-7
9.057053810708471e-7
8.932482601352276e-7
1.336984356248929e-6
9.765081451688487e-7
3.582958603326557e-7
9.908843799935382e-7
3.596711177281543e-7
9.204204783402183e-7
1.0204840390617326e-6
3.627873759215735e-7
1.2642982347147697e-6
1.097732793897933e-6
9.162118096464462e-7
9.30291891834871e-7
1.1745754679200508e-6
7.448819347431925e-7
1.012191864631451e-6
1.2321433956989227e-6
1.6786892264739069e-6
1.1670393721800139e-6
4.3358672108757434e-7
5.784286715514722e-8
6.877071415163373e-7
1.0178305264190405e-6
4.6242777143798804e-7
8.342993263717102e-7
9.395771873825452e-7
6.178519584755221e-7
9.216289992729392e-7
6.49899858925158e-7
1.8679358317226387e-9
6.875739717183453e-7
8.008088017874394e-7
5.564959499165565e-7
1.6376471261331072e-7
9.047595603023987e-7
1.1265574551686609e-6
5.579696125781406e-7
3.281118318324593e-7
3.657010602807997e-7
-2.2247342017497713e-8
6.50267799805845e-7
1.111274554390958e-6
5.252548096383545e-7
2.8509820899159234e-7
1.8082467768647478e-7
1.5105283389888298e-7
8.050836334050324e-7
9.125293732979963e-7
4.5858341409841455e-7
8.332341154818934e-7
6.087099744855556e-7
5.015040556449859e-7
7.109597015634426e-7
5.582243391885328e-7
-1.21774083837262e-7
8.814156528384259e-7
1.4138522336860545e-7
5.655032381209236e-7
6.369228524984865e-7
4.341722530639003e-7
7.5984156701771e-7
8.510263525191796e-7
4.6734363247814263e-7
3.7287743736337074e-7
7.740618597757804e-7
1.1778979984581552e-6
3.858432538730821e-7
3.2579807353381294e-7
1.0206805984525274e-7
8.498867307044913e-7
3.75927113458698e-7
1.0799852331001292e-6
5.280170333449594e-7
5.035836381296544e-7
7.45754388248309e-7
7.182332169297733e-7
9.39852269645413e-7
1.2604541471091853e-6
6.732871623388324e-7
6.160051956792459e-7
3.1871765947251555e-7
1.3228608701423807e-6
9.085052446787413e-7
7.123622312425894e-7
8.793648329296105e-7
5.062005255280395e-7
2.548957195728674e-7
1.1564209248239303e-6
6.31884143755367e-7
1.059611330507569e-6
8.202727849727526e-7
2.458812558900755e-7
1.095616052730284e-6
6.01840547188494e-7
8.781264873964135e-7
2.4109124489590803e-7
5.114409958829548e-7
5.681313718541714e-7
3.012539838880684e-7
1.049855930970715e-6
1.4135775650729276e-6
1.08864916931241e-6
5.375369754291514e-7
1.4163954287162596e-6
9.456562188942524e-7
1.0255661756239552e-6
1.207815904164618e-6
5.475944416669617e-7
1.0930187108089013e-6
8.043980303847958e-7
1.994400142600401e-7
7.592970500426506e-7
4.2724700214163613e-7
8.755080342596619e-7
1.114061552214133e-6
-1.109799989460001e-7
9.970120819476982e-7
9.423861853159698e-7
1.2610271206030222e-6
7.930966392737383e-7
3.107952118905561e-7
9.710370397888266e-7
7.50639779775922e-7
3.7811899965094643e-7
8.3617613439199e-7
1.301768976447495e-6
9.306370536667978e-7
1.2884859961585737e-6
6.033584794347728e-7
1.2454190546507261e-6
2.0863793764823559e-7
1.1462101633773697e-6
1.2848443614070534e-6
1.0394709710423828e-6
1.2423298237810108e-6
1.5441549116516828e-6
5.780999301606043e-7
1.3374986959075712e-6
1.0151609901752905e-6
1.0618648787080164e-6
1.0985278272395744e-6
8.111392558039687e-7
5.88451864581188e-7
2.8630636342600613e-7
1.4063469151495932e-6
9.420357955550736e-7
5.585940364872567e-7
9.425253746269235e-7
9.951496511451158e-7
9.156004600591486e-7
-2.135313698886105e-7
1.268745509700378e-6
1.3594540013050102e-6
5.335932318914163e-7
4.7113983190173337e-7
5.686612240645172e-7
9.812724837640693e-7
4.45631121149852e-7
2.2207477701482903e-7
1.4752099795401356e-7
2.6955339476084613e-7
1.0086547347265994e-6
1.9366539002371834e-7
7.862169838863697e-7
2.6560732121210454e-7
1.5683036908226794e-7
1.467783690671929e-7
9.046018279855592e-7
4.888975856762755e-7
1.3608597047103073e-6
7.139330667341305e-7
1.115529709322036e-6
1.034102338209672e-6
-4.721208397834395e-8
7.690073710784221e-7
1.4232380231734505e-6
3.391631129717446e-7
5.93410545046388e-7
8.424233067184535e-7
1.4228727155672226e-6
1.5648657075458059e-6
8.382601614768284e-7
1.0094606263013997e-6
1.1903410672924888e-6
8.360744217590475e-7
5.93981667362657e-7
6.502803782466489e-7
1.175045956231768e-6
6.825507744434664e-7
1.2640657805990694e-6
6.064240565310423e-7
5.331584212006107e-7
1.5218996967849083e-6
9.331903505569827e-7
3.738338845451954e-7
7.50727474422248e-7
1.1455912055571362e-6
1.2426757242639107e-6
1.0355432977376608e-6
-1.5513172163233604e-7
8.13752733028813e-7
2.0711189945419636e-7
8.320963805568153e-7
8.809620806204925e-7
1.913144581735231e-6
7.138306324519671e-7
2.3325459170209047e-7
9.245714670865561e-7
6.340077020259313e-7
4.775084754795006e-7
-3.6505356587542895e-7
1.8258034540683166e-7
5.324737164323675e-7
6.129546032003471e-7
4.6359082660537536e-7
4.707323845552792e-7
-7.2717846574779e-8
9.284120678466443e-7
5.47572566216649e-7
1.3215518459078329e-6
4.481172237745059e-7
4.3637577984902203e-7
1.0435372946845858e-6
9.350596155113894e-7
4.5837709739368885e-7
1.0115059491761492e-6
7.098738049360701e-7
2.6538289735250577e-7
8.397970498102623e-7
5.761002788187535e-7
9.815759084162255e-7
1.2836689671794972e-6
1.173670506894888e-6
6.239779032782398e-7
1.305815461842725e-6
1.4124901723861032e-7
1.4880867980548538e-6
9.474854198549644e-7
1.4048821857127922e-6
1.1762224778353348e-6
1.2296251481486225e-6
1.5681017732549356e-6
4.827495463159536e-7
1.119180206726401e-6
7.129980864853275e-7
1.0722469499136365e-6
7.771149345096327e-7
2.2776433638109542e-7
1.305973173095195e-6
8.361011409341157e-7
1.1784453251007967e-6
7.9422808785247e-7
1.128782385647284e-6
4.158555906290308e-7
1.4773178564930835e-6
1.4748168885410515e-6
1.1014771889785522e-6
7.648393315530402e-7
1.013191997868339e-6
1.2879469449716917e-6
1.4909322586910968e-6
1.1462384085884214e-6
9.666062770142992e-7
1.3423947825994617e-6
2.3052207563781505e-6
1.1584580791646034e-6
1.1103227144897583e-6
1.64120964178147e-6
1.602948477945307e-6
6.391723812493302e-7
1.0190354874500856e-6
2.320624673063185e-6
1.1841218748351647e-6
1.8067286501741751e-6
1.0838437792528599e-6
1.190555800185939e-6
1.6262541268687043e-6
1.090132255406181e-6
1.832511372880776e-6
1.317423765745085e-6
2.969169174123046e-6
1.7050900474867051e-6
9.351413682288808e-7
1.4050157006386356e-6
1.1295545316410344e-6
1.3012069773642484e-6
1.5516308361472168e-6
1.385762510021547e-6
1.1443501099972358e-6
1.0964869423568724e-6
8.949765961135741e-7
1.3207161693690305e-6
1.9674789783288982e-6
1.0516305427247604e-6
2.019021880295602e-6
9.784863860203152e-7
1.246394660273269e-6
9.972023627342108e-7
1.163713008759322e-6
2.8237160143802797e-6
1.893378540111391e-6
9.82597642938285e-7
1.4806294033863284e-6
2.1030741949320293e-6
1.7777951984079333e-6
1.7591976445548101e-6
1.4030054197795268e-6
1.5228874231122243e-6
1.1781282062855497e-6
1.120790924028228e-6
8.525829536561119e-7
1.4742187925113658e-6
1.3625575789424933e-6
8.303944460451864e-7
1.560550212358729e-6
9.69745821352489e-7
1.3684877831393716e-6
1.041369402477428e-6
1.5691354331905863e-6
1.1107374509322855e-6
2.079137112217184e-6
1.7734404541787945e-6
1.6197402377967112e-6
1.1221029458743612e-6
1.3819528674720094e-6
5.900507116805424e-7
1.8640714161673768e-6
1.0203671688470388e-6
1.5561921142153994e-6
1.407235483897467e-6
1.2454919118961562e-6
1.9357505090744607e-6
1.414573725937148e-6
2.0706203866991518e-6
1.3477477881117875e-6
1.366847082087882e-6
1.448430257854201e-6
1.4838938087396744e-6
1.3011548454175942e-6
1.4877059615221804e-6
1.8097027362613287e-6
2.76947969204466e-6
2.358340755802124e-6
1.6146334768466883e-6
2.9030512084051492e-6
1.8392233954968271e-6
2.3689292414873133e-6
2.170192649596576e-6
1.6037594155522609e-6
1.3333323853745737e-6
1.1165264188687057e-6
1.8952848557726782e-6
2.1507656391222974e-6
1.4116084118975922e-6
1.5967509112736196e-6
1.7844653533891202e-6
2.40361202045122e-6
1.1396872619142555e-6
3.818808694036151e-7
2.3728773456492186e-6
3.0827518925312763e-6
2.810708450392423e-6
1.8451915379365741e-6
1.5159049979903253e-6
1.6923007881256865e-6
2.1489156108134637e-6
1.804716247862394e-6
2.118536173355282e-6
2.3518528616794495e-6
3.239714831856964e-6
2.4031030823202033e-6
1.7961863898548383e-6
3.9135813622835215e-6
1.8492454984852608e-6
2.615275914486078e-6
2.562165153946928e-6
3.343500683798451e-6
2.6146092543134706e-6
2.6749370373518914e-6
2.975697923511878e-6
3.2161806910649053e-6
3.2229360060269065e-6
2.955799258987158e-6
2.4010262282807527e-6
2.100495403556938e-6
2.3148899546485526e-6
2.8662613688415387e-6
2.490994062742216e-6
2.890087889446618e-6
2.6440822199206467e-6
1.8857964470744935e-6
2.3729441496871124e-6
2.635942176237651e-6
3.7574384365610555e-6
3.0405965366633787e-6
3.0185356831392907e-6
2.378322980723269e-6
3.7782280615857336e-6
3.7844643045947692e-6
2.3501914111526703e-6
1.7342609149846637e-6
3.1019542913446073e-6
3.3523791908826752e-6
3.0187880164588656e-6
2.968551469463217e-6
3.064238820914245e-6
4.5466384814914375e-6
2.833266535334805e-6
4.29560115086145e-6
1.9491621833336353e-6
2.8854889772661347e-6
3.938988865045304e-6
2.9567391274635788e-6
2.960178150042712e-6
3.4904474760322096e-6
2.4180695127012363e-6
2.664072151505792e-6
3.36132089481452e-6
3.1841426773297985e-6
3.556161223603054e-6
4.13853503235492e-6
3.1397200758115654e-6
3.4845169228931035e-6
3.0161195588127067e-6
4.587851469291336e-6
3.244218835982375e-6
3.939881385408136e-6
2.3930130883812383e-6
4.044089029394605e-6
3.685829441916643e-6
3.1726682902218736e-6
3.4614243396138603e-6
4.1530311538694765e-6
4.6358893090558585e-6
4.0615444778755994e-6
3.918962231719025e-6
3.7228389255642538e-6
5.7655496208633545e-6
3.5663435684016894e-6
4.760567682827268e-6
5.173904764539058e-6
3.849851895300779e-6
4.464217742505086e-6
4.183161270463053e-6
4.087248180193424e-6
4.090390489657324e-6
5.21333870574832e-6
4.996452745640904e-6
3.4880616333854777e-6
4.32956992326726e-6
4.809840873538576e-6
5.870443831002827e-6
4.9619575189360726e-6
4.259518937811809e-6
4.871673291228024e-6
5.764406972702822e-6
5.196822517435104e-6
4.741054031515288e-6
4.403879364762188e-6
3.6630838191012048e-6
3.6140989847989727e-6
3.968628010949846e-6
4.062805081842884e-6
4.33910604919344e-6
4.898147989304552e-6
5.0939526776313504e-6
5.001445725566473e-6
4.334745315410706e-6
3.3306416661329055e-6
5.518845902896541e-6
5.214054957773745e-6
4.7105492062261155e-6
3.1493884183918243e-6
5.688886977689339e-6
5.48718554080782e-6
4.498896110734954e-6
5.087840031148321e-6
4.24540059743046e-6
4.6855816383107994e-6
6.4412633013424845e-6
5.375856276252611e-6
5.6643805194224455e-6
5.57046449034659e-6
6.867979645623438e-6
5.62272736004985e-6
5.203829452877315e-6
5.403057357964454e-6
6.021057930007176e-6
5.752937125618739e-6
6.470842174320935e-6
5.1383896167977045e-6
7.4565449721142255e-6
6.320125551182999e-6
7.670035940176312e-6
6.76474924431304e-6
6.6526042746959186e-6
6.907828778583257e-6
6.8241654880286e-6
7.443138925616503e-6
6.8828568497950466e-6
6.498847546810477e-6
7.95017151826512e-6
5.801502763471798e-6
7.020840739501246e-6
7.124910569270624e-6
7.218015157010479e-6
6.622548668825215e-6
7.320482428279904e-6
7.58923684983433e-6
6.552162416319346e-6
7.466981058488324e-6
7.768741795418994e-6
7.175275083711234e-6
8.34911361357004e-6
7.996490931754284e-6
8.328637946114738e-6
6.891182101611426e-6
9.132363864068953e-6
7.765879347242657e-6
6.569425365786241e-6
8.560394234142267e-6
7.940187103527426e-6
8.183189980595952e-6
9.487097341183952e-6
8.6133640611269e-6
7.285439928255855e-6
7.689852326254299e-6
8.305280383968002e-6
8.473398119414995e-6
7.648746278941332e-6
9.221392161974574e-6
9.09267921820118e-6
9.599085723364224e-6
9.893645711096032e-6
9.163293050190046e-6
0.000010266775281814854
8.731120524857366e-6
8.924439270667502e-6
9.338320288273069e-6
0.00001025281688991228
0.000010674341600554024
0.00001097348440056225
0.000010317030514086029
0.000011228654256680643
0.000011096691326427686
0.000011530063114968079
0.000011402420771172649
0.000010655849234769043
0.00001281610450166455
0.000013051299047012811
0.000012992399472916304
0.000012094595631208784
0.00001185784163307288
0.000013238603530875925
0.000014034699038796528
0.00001362460416489355
0.000012865221145806313
0.000013053809121809235
0.00001386929919262757
0.000013102166779140365
0.000012818907296550488
0.000013087843650397184
0.000013678966370525358
0.000013960952767931059
0.00001363697551290615
0.000013755449637059818
0.000014455824631588952
0.000016158192098654783
0.000013612131605752134
0.00001579913837808845
0.000014838156406105047
0.000015250580800816656
0.00001536103903189032
0.00001598537382080632
0.000016584555311394276
0.000017309777925410975
0.00001688576035470244
0.000017060365481631842
0.00001782812885043971
0.00001818715417849338
0.000015833337592569814
0.00001647799400934227
0.000017550032919408965
0.00001743834585372856
0.000017701202912399077
0.000016877812502304286
0.000019413356800531556
0.000019020637602390113
0.000019828566196392553
0.000019170457584572485
0.00001989381279402896
0.000019660818594575508
0.000019778977392192354
0.000019685799741847143
0.000019641562568112876
0.00002034203318530973
0.00001941931974220468
0.000021417454495317902
0.00002134219338262666
0.000024027325874834687
0.00002181845212645986
0.00002261382903784801
0.000024371698776371362
0.000024785468642889395
0.000023618469754888678
0.00002662363093283576
0.000026178756411288147
0.000025288498800139172
0.00002507765602220647
0.000024998282584778823
0.00002696893392213353
0.00002701021447976682
0.000027978199861200115
0.000026720299100188625
0.000026875113421723937
0.00002766319085524074
0.000027219276324682135
0.000028593086844231783
0.000028311620651192912
0.000028170775673686536
0.00002976505908529345
0.000029151154785867645
0.000030161078436880412
0.000032598711191710275
0.000032304564327916626
0.000033573444526923956
0.00003290372942217406
0.00003434197172304026
0.0000328499202555145
0.00003317728921870399
0.000036553966689869246
0.000034267557308632154
0.00003869242529341303
0.00003753410674828877
0.00003683986083071169
0.00003857115040406175
0.00003909944792249567
0.000040710769387027885
0.00004094384651412044
0.00004088404573859942
0.00004204400856721901
0.000042805137879510104
0.00004343001175635328
0.0000421968262255711
0.000043683544929124754
0.00004696601662669029
0.000044784556885998493
0.00004552636633756005
0.000047258727673230544
0.00004861378185237397
0.00004776972915871772
0.000048692839515965806
0.0000498246515857106
0.000052314517157858476
0.00005115279723000756
0.0000518687398641333
0.000055453574714472395
0.000054511140884017506
0.00005771965877960051
0.00005523188667601749
0.00005679449015188388
0.00006145585062042804
0.00005796481672181946
0.0000615277467788453
0.00006167892407902111
0.0000653274008987285
0.00006394574165042082
0.00006546776785541959
0.00006805288015229849
0.00006705337999370441
0.0000699323455315802
0.00007078273481034374
0.00007207024829518505
0.00007405564847767306
0.00007458421388659881
0.0000766544807937046
0.00007729773076311578
0.0000769213804215239
0.00008082113142988773
0.00008137252496416336
0.00008419639208702762
0.0000853179646477585
0.00008652196882993485
0.00008759728092527284
0.0000900437780428885
0.00009347562305303791
0.00009476347008589207
0.00009918499517891991
0.00010098960794031385
0.00010117819268362626
0.00010398302423403584
0.00010689712546992493
0.00010751408033218375
0.00010990052292488372
0.00011538531223526388
0.00011496807944237426
0.00011683147954761015
0.0001189688356159537
0.00012023019165568708
0.00012455185710654365
0.00012581510075006935
0.00012996703466541825
0.00013097854480551282
0.00013330034366022762
0.0001390276926524757
0.00014199530496060352
0.0001456093456509538
0.00014676811890696056
0.0001502493139260571
0.0001533506696825437
0.00015651168515521202
0.00016016132563205284
0.00016200084559411226
0.00016902302557916045
0.00017170850647457822
0.00017733127380408138
0.0001812271198111349
0.00018930473869745298
0.0001915899932168349
0.0001971752368343145
0.0002001622679376478
0.00020633952189064218
0.00020992862307073703
0.00021686897648165993
0.0002195466663228093
0.0002257663509509004
0.00023257825577263695
0.0002373928863347958
0.00024312189286093417
0.00024645258079052985
0.0002531895503366931
0.0002587217556275916
0.00026582578236528467
0.0002719293478629162
0.0002758655294718369
0.0002855780038263688
0.00029370017288716475
0.00030131868456755544
0.00031089449109642723
0.0003198279657358281
0.0003288697314454145
0.0003391235322072254
0.0003513182672263249
0.00036058733466960355
0.0003721902944134696
0.0003817881921637227
0.0003932664991273313
0.0004075647543694416
0.00041722537279029784
0.00043174167058366
0.00044354111198468345
0.0004583778504270272
0.00047125649466879066
0.00048391513472911195
0.00049800633726393
0.0005118969146442188
0.0005262292640248641
0.0005412041279108978
0.0005577179075250203
0.0005738728938373319
0.0005874325664101837
0.0006064801959503264
0.0006235551831767104
0.0006448900377459762
0.0006652711861393209
0.0006882078484513667
0.0007113090767685981
0.0007351550482148328
0.000759772438645971
0.0007886249910991889
0.000815974866239839
0.0008458426741654482
0.0008771411004500002
0.000910772024016007
0.0009470569647743045
0.0009834453739035725
0.0010187102985762151
0.001056691860817816
0.0010964110003049375
0.0011364280124800945
0.0011771061503290318
0.0012193842890339274
0.0012656924932808824
0.0013118589543356768
0.0013586723298356273
0.0014075134239508408
0.0014575012166423598
0.0015135864333217094
0.0015684422521307973
0.0016236858859814327
0.0016922338249135867
0.0017552490156438382
0.001825197590762764
0.001903628334442196
0.0019816830439299362
0.0020654691987873394
0.002157414427749322
0.0022570509274137027
0.002356648691210666
0.0024668553492491973
0.0025837592704436793
0.002707368440471427
0.002837878519863325
0.002975146222922628
0.003116939007828283
0.0032670385085753705
0.0034242167387666562
0.0035881512376139
0.003762303308191487
0.003942501998661553
0.004131405497518974
0.004334744644777289
0.004537828179366322
0.004754667611141555
0.00498635798665047
0.0052287413799773
0.005486303146009852
0.005764961718159655
0.0060566419191288145
0.006372689560932427
0.00670792903985375
0.0070708700132757546
0.007457544476168939
0.007877318477312562
0.008331325556544051
0.008818428669869982
0.00934548914441729
0.009912287052789175
0.010527069954791928
0.011186241788514883
0.011895871372321324
0.01265340048284617
0.013466181061272916
0.014332418109164767
0.015259656089492047
0.016254031492604324
0.017311232442491255
0.018440294360962943
0.019645180690945157
0.020926767487274397
0.022295956352326063
0.023758034659106572
0.025317489040472332
0.0269882062650028
0.02877888311160394
0.030704074170485242
0.03277829785729635
0.035016479980846116
0.03743374350782682
0.04003885632783858
0.04284979484246729
0.04588046069730853
0.049137508675001364
0.0526222022998249
0.056323450652610456
0.06017972890105494
0.06410304405449502
0.0679254125861414
0.07142014656856814
0.07428117488009223
0.07611061700914466
0.0764261377998737
0.07466024111625094
0.07022804677466364
0.0626551884334336
0.05174879459847397
0.03771762247831924
0.02121572777718048
0.003225306932351351
-0.015125021283127817
-0.03281174244638711
-0.049162505814359124
-0.06399948735789293
-0.07766659730876284
-0.09090786683661616
-0.10461316779549222
-0.11953685115261961
-0.1361049260313066
-0.15417947131490783
-0.17303705806814754
-0.19137118719131918
-0.2074572302931125
-0.21940436373310224
-0.22542589527558518
-0.2241146148234178
-0.21473729380619822
-0.1973913228638587
-0.1730197020344596
-0.14319038049169175
-0.10979875807533852
-0.07474264508936211
-0.03970298876684139
-0.0060246288401202925
0.02537828737995585
0.05410355602119155
0.08020416988924789
0.10404443250590213
0.12605265047174494
0.14645830880097685
0.16508852488401216
0.18136983438229215
0.1944140420863613
0.20322237235927043
0.20691173537196547
0.2048602711257266
0.1967722299044931
0.1827559534049478
0.16338539598914328
0.1396454249189005
0.11288274596816941
0.08462579316453149
0.05641622302620381
0.029708066986094548
0.005710627636567385
-0.01463888116976849
-0.030833200068471643
-0.04281569652264298
-0.050935115667294695
-0.05581869174119884
-0.05816805599911433
-0.05865454028824714
-0.057845666038907215
-0.05617114868827698
-0.05396659643894333
-0.051442326688520855
-0.048769940229083264
-0.04604572805768894
-0.043354138166168926
-0.04073288807332946
-0.03821272253299833
-0.035812932805550375
-0.03353901376774313
-0.03139953479966004
-0.029391456116731055
-0.027506826121074447
-0.025750094397511705
-0.02410812056740406
-0.022582592054449412
-0.02115469175755
-0.019829519071382088
-0.018592492759439163
-0.017443816202042266
-0.016375312512823367
-0.01537729962195889
-0.014452250388986775
-0.013588737925707573
-0.01278770798234788
-0.012036115134458984
-0.011339686979764686
-0.010688809439318834
-0.010081031284020147
-0.009513363800060475
-0.00898655707033536
-0.008493623029182376
-0.008026629423099715
-0.007591841181943801
-0.007188472692176462
-0.006806319433298425
-0.006453079946547786
-0.006118273315327378
-0.005804081884646664
-0.0055124960298678595
-0.0052366590047673925
-0.004974510752788984
-0.004730402849669753
-0.004500560465102004
-0.004281665661870677
-0.004078664276733772
-0.00389156204608987
-0.0037041740207538316
-0.0035364966403456386
-0.0033736881831327122
-0.0032220767178066704
-0.0030765603009894646
-0.002937670457170971
-0.002811107469169725
-0.0026879823526981825
-0.002570837573954747
-0.002461372442901385
-0.0023575360376485457
-0.0022572264204517123
-0.0021655657319046926
-0.002076168260523559
-0.0019949239745518086
-0.0019118179796999847
-0.0018340530864609456
-0.0017603296884209903
-0.0016931296788617002
-0.0016277082196362047
-0.0015638815501517866
-0.0015062019263162739
-0.00144799939281156
-0.0013930114740467456
-0.001337697044383959
-0.00129288751829167
-0.0012488355937748524
-0.0012004854205602854
-0.0011559144344870018
-0.001114418410717951
-0.0010753843701838493
-0.0010407366754982034
-0.0009981876752231777
-0.0009693645058869642
-0.0009366693659378839
-0.0009050164722948939
-0.0008720781363292605
-0.00084328069921598
-0.0008161863382695888
-0.0007893637460346242
-0.0007599616404154159
-0.0007416670257942962
-0.0007149267891849421
-0.0006912972087428777
-0.0006685616321360474
-0.000650335388710824
-0.0006308500976151733
-0.0006123224466461404
-0.0005879820504498207
-0.000571154782392438
-0.000554611737346437
-0.0005358739347779447
-0.0005194001459971889
-0.0005072311941458562
-0.0004951391716632122
-0.00047808249598913513
-0.0004621299116487369
-0.0004502194794618043
-0.00043744473585051057
-0.00042730751276532416
-0.0004160632960174696
-0.00040486057784580744
-0.0003917163030108604
-0.00038022414322460044
-0.00036958848271572976
-0.00036221766698325017
-0.00034935272448875353
-0.0003418395078947235
-0.0003330937962921032
-0.00032241213980090176
-0.000313692581106489
-0.0003078573539730065
-0.0002984332000363972
-0.0002889922186603763
-0.0002855621559313508
-0.0002738973543495889
-0.00027038235186959645
-0.00025983718999802877
-0.0002547352660740595
-0.00025119932241330386
-0.00024384122831875928
-0.0002397986110512404
-0.00022857589798244772
-0.00022264713099308115
-0.00022087801122013277
-0.0002138938429927321
-0.0002101246494791151
-0.00020537871984692728
-0.00019933852304560593
-0.00019647125036637345
-0.00018904530015696595
-0.00018353217618478633
-0.0001828271397456687
-0.00017704387963846983
-0.00017223621885729232
-0.0001678789094916531
-0.00017044922804759408
-0.00016215980875856372
-0.00015772626688321143
-0.0001538752510291845
-0.0001536774002252335
-0.00014843899818248616
-0.00014545272878986924
-0.0001459856492618896
-0.0001402214529023711
-0.00013515198055601575
-0.00013064845373864415
-0.00012651996485912187
-0.00012874934755977894
