-4.584740964406689e-7
-4.637178711420953e-7
-4.690345824350729e-7
-4.7442538528368503e-7
-4.798918179641426e-7
-4.854344963414612e-7
-4.910553029236387e-7
-4.967551466761591e-7
-5.02535633583592e-7
-5.083974400028131e-7
-5.143428635252896e-7
-5.203727933800213e-7
-5.264887467002188e-7
-5.326920386719607e-7
-5.389843134581326e-7
-5.453667435117926e-7
-5.518414028532785e-7
-5.584093155487423e-7
-5.650722957267126e-7
-5.718321126351508e-7
-5.786904405846985e-7
-5.856482997802824e-7
-5.9270825466451e-7
-5.998714671075638e-7
-6.071402518959475e-7
-6.145159011692319e-7
-6.220007941495533e-7
-6.295962950960727e-7
-6.37304833299869e-7
-6.451278701887872e-7
-6.530679005699123e-7
-6.611266625239812e-7
-6.693061492023687e-7
-6.776089274107974e-7
-6.860369448129467e-7
-6.945922981288361e-7
-7.032773638392663e-7
-7.120945781567188e-7
-7.210463966493453e-7
-7.301347641785862e-7
-7.393625280580519e-7
-7.487320791713354e-7
-7.582460792693478e-7
-7.679068539612918e-7
-7.777172443610983e-7
-7.876803015854316e-7
-7.977982876094635e-7
-8.080746181628006e-7
-8.185115124246745e-7
-8.29112408084436e-7
-8.398802653185802e-7
-8.508180775370314e-7
-8.61929080052437e-7
-8.732167676396182e-7
-8.846836680192563e-7
-8.963338501327055e-7
-9.081706634571285e-7
-9.201972356707293e-7
-9.324175924550024e-7
-9.448351681820396e-7
-9.574537402333619e-7
-9.702773919392432e-7
-9.83309456269619e-7
-9.965546997338812e-7
-1.0100165804273358e-6
-1.023699607393844e-6
-1.0376077674960987e-6
-1.0517458229849841e-6
-1.0661178326883576e-6
-1.0807287983365026e-6
-1.0955828803179193e-6
-1.1106853778286583e-6
-1.126040714771121e-6
-1.1416541866643085e-6
-1.157530832471747e-6
-1.1736756880950432e-6
-1.1900943649449272e-6
-1.2067920697529818e-6
-1.2237747467571472e-6
-1.2410476811493583e-6
-1.2586168726623521e-6
-1.276488410458413e-6
-1.2946683142282615e-6
-1.3131630641676738e-6
-1.331978875154768e-6
-1.3511220968548648e-6
-1.3705998233032115e-6
-1.3904190069767001e-6
-1.410586106032121e-6
-1.4311086224253976e-6
-1.4519943788400961e-6
-1.4732504979191428e-6
-1.494884629928326e-6
-1.5169046115328377e-6
-1.5393190859955647e-6
-1.5621358904213822e-6
-1.585363800557097e-6
-1.6090111945740875e-6
-1.6330872142956806e-6
-1.6576013230190386e-6
-1.6825625000562097e-6
-1.7079802590001644e-6
-1.7338643707404107e-6
-1.7602255303590672e-6
-1.787073537722266e-6
-1.8144189678153427e-6
-1.842272972284886e-6
-1.8706465492259593e-6
-1.8995511074174561e-6
-1.9289984533247006e-6
-1.9590003343267463e-6
-1.9895690919803654e-6
-2.020717232146041e-6
-2.05245807503936e-6
-2.084804837072299e-6
-2.117770824933058e-6
-2.1513703486017244e-6
-2.1856173146270998e-6
-2.2205268390600206e-6
-2.2561134494983987e-6
-2.2923934092103238e-6
-2.3293820538313553e-6
-2.367095712832682e-6
-2.4055510042467407e-6
-2.444765721675173e-6
-2.4847569769692786e-6
-2.525542746539027e-6
-2.567142095548162e-6
-2.6095737357018156e-6
-2.652857480548207e-6
-2.697013470095934e-6
-2.742062521297525e-6
-2.7880256185707695e-6
-2.8349244186928797e-6
-2.8827819454493702e-6
-2.9316207832700304e-6
-2.9814648591750087e-6
-3.032338454551004e-6
-3.084266693652984e-6
-3.1372749052244294e-6
-3.1913904356809956e-6
-3.246639793172264e-6
-3.303050784657521e-6
-3.3606527259053505e-6
-3.4194749054127777e-6
-3.479547753722244e-6
-3.540902972187992e-6
-3.6035721629719755e-6
-3.667588915341085e-6
-3.7329868635250223e-6
-3.7998019629424636e-6
-3.868069689496328e-6
-3.937827122625636e-6
-4.009113063654395e-6
-4.081966378543899e-6
-4.156428247073784e-6
-4.2325402008512205e-6
-4.310345259149827e-6
-4.389887840434904e-6
-4.471213372562845e-6
-4.5543692850357484e-6
-4.639403851540125e-6
-4.72636722432813e-6
-4.8153109234578385e-6
-4.90628784490812e-6
-4.9993529413537966e-6
-5.094562567340879e-6
-5.191974904386188e-6
-5.291650000276033e-6
-5.393649602203003e-6
-5.498037772368621e-6
-5.604880487264556e-6
-5.7142454896910345e-6
-5.826202905420366e-6
-5.940824996612997e-6
-6.058186843043636e-6
-6.178365434832162e-6
-6.301440290592403e-6
-6.4274935518613045e-6
-6.556610250897588e-6
-6.688878234733012e-6
-6.824387815330286e-6
-6.963232616046177e-6
-7.105509758653048e-6
-7.251318617696804e-6
-7.40076269836733e-6
-7.553948911549475e-6
-7.710987536028238e-6
-7.87199236304076e-6
-8.037081966983058e-6
-8.206378313355695e-6
-8.380007531357392e-6
-8.558100640230045e-6
-8.740792281007125e-6
-8.928222589857014e-6
-9.120536527062294e-6
-9.317884218184212e-6
-9.520420210414218e-6
-9.728305872921052e-6
-9.941707696541436e-6
-0.000010160797789583064
-0.000010385755300151663
-0.000010616764892013776
-0.00001085401885179766
-0.000011097716060170792
-0.000011348062556244168
-0.000011605272520616372
-0.000011869567180810135
-0.00001214117719130383
-0.000012420340845305986
-0.0000127073055615117
-0.000013002328738315095
-0.0000133056769788656
-0.000013617627342884131
-0.000013938467038429761
-0.000014268495075097758
-0.000014608021450328235
-0.000014957368425994403
-0.000015316871070144692
-0.000015686877491427514
-0.000016067749494127914
-0.00001645986300296519
-0.00001686360977098785
-0.000017279396402640342
-0.00001770764635208882
-0.000018148799870048312
-0.000018603316178506633
-0.00001907167181505182
-0.000019554364255429052
-0.000020051910837818514
-0.00002056485085186435
-0.000021093745755131283
-0.000021639180809393283
-0.00002220176650340052
-0.000022782138382727775
-0.000023380960339435127
-0.00002399892340846403
-0.000024636749704245163
-0.000025295192488323018
-0.00002597503745714243
-0.000026677105111392723
-0.000027402252997600605
-0.00002815137538745751
-0.000028925407741464587
-0.000029725326995652538
-0.000030552154323544776
-0.00003140695760287246
-0.000032290853454220304
-0.000033205009601487714
-0.000034150648547177445
-0.000035129048806449166
-0.000036141549496714276
-0.000037189552367636886
-0.000038274525852598844
-0.000039398008228412666
-0.00004056161131130527
-0.00004176702520651466
-0.00004301602177935258
-0.000044310459031336624
-0.000045652286774774855
-0.000047043550758244936
-0.00004848639849942524
-0.000049983084784505275
-0.00005153597799753624
-0.000053147566326302
-0.000054820464532894864
-0.000056557421508321486
-0.000058361327465983264
-0.00006023522294996164
-0.00006218230670687926
-0.00006420594528028013
-0.00006630968366865025
-0.0000684972540673005
-0.00007077258876884072
-0.00007313983165336044
-0.0000756033504309648
-0.00007816775003580779
-0.00008083788785262719
-0.00008361888868629666
-0.00008651616041442826
-0.00008953541271877557
-0.00009268267493224737
-0.00009596431510452215
-0.00009938706273779371
-0.00010295802971123418
-0.00010668473508892984
-0.00011057513050868116
-0.00011463762696937023
-0.00011888112371612888
-0.00012331504003779335
-0.00012794934550872358
-0.000132794598361665
-0.00013786197883778223
-0.00014316333034176588
-0.00014871120054526528
-0.00015451888533121668
-0.0001606004748700934
-0.0001669709029445502
-0.00017364599823587132
-0.00018064253898652266
-0.00018797830875588454
-0.00019567215635110216
-0.00020374405665072616
-0.00021221517392885645
-0.00022110792654382561
-0.0002304460538782266
-0.0002402546810503604
-0.0002505603858582592
-0.0002613912625557185
-0.0002727769814466303
-0.00028474884550724986
-0.0002973398362976321
-0.00031058465018612465
-0.00032451971953661844
-0.00033918321151843586
-0.00035461500205488075
-0.0003708566132567862
-0.0003879511043995901
-0.00040594290815516246
-0.0004248775890572529
-0.0004448015095232264
-0.00046576137747422687
-0.00048780364363647255
-0.000510973710310871
-0.000535314904918577
-0.0005608671551645216
-0.0005876652945143216
-0.0006157369019366575
-0.0006450995600313005
-0.0006757573864455764
-0.0007076966564998018
-0.0007408802916072467
-0.0007752409310804015
-0.0008106722383008446
-0.0008470180077336238
-0.0008840585362421302
-0.0009214935988435048
-0.000958921224525376
-0.0009958112901295969
-0.0010314727608826814
-0.0010650131902482584
-0.0010952888762435814
-0.0011208438838499549
-0.0011398360294301222
-0.001149947980096882
-0.001148281983627964
-0.0011312376481056679
-0.001094373966245767
-0.0010322599344131677
-0.0009383233048676966
-0.0008047150649995223
-0.0006222190058185981
-0.00038025165889468324
-0.00006701725803086192
0.0003300982206154887
0.000823798592649787
0.001425730799089162
0.00214489139840866
0.002985675271302429
0.003945835178742496
0.00501481766914722
0.006173056233524025
0.007392717820468824
0.008640058860024316
0.009879040835929342
0.011075406514262514
0.012200257467018099
0.013232384361252236
0.014159061195113478
0.014975486145642048
0.0156833407724027
0.016288992085996032
0.016801747015350185
0.017232394742841092
0.01759211969371571
0.017891769092569978
0.018141411708308023
0.01835011246800302
0.018525854473649805
0.018675554003733046
0.01880512879037455
0.01891959242331766
0.01902315732791031
0.019119335610993177
0.019211031681651863
0.019300623514330068
0.019390031222762817
0.019480772622710085
0.0195740059566004
0.019670560114156424
0.019770952632470817
0.019875395580332775
0.019983789148035273
0.020095702444986787
0.020210340623146705
0.020326497047631713
0.020442488817910713
0.02055607353291406
0.02066434483820839
0.02076360404177116
0.020849205057483354
0.020915370311712762
0.02095497629067082
0.020959309516705625
0.02091779749574475
0.020817725304207554
0.020643957874456532
0.020378701528605256
0.02000135628133125
0.01948853193245221
0.01881432228488093
0.017950944665064295
0.016869842195168065
0.015543295856795172
0.013946488548228124
0.012059811166083336
0.009871046484177361
0.0073769916575130365
0.004584161199708475
0.0015084543459842263
-0.0018260258758190525
-0.005388601160210599
-0.00914366497892238
-0.013052051401957587
-0.01707201720517095
-0.02115987903269955
-0.025270429512227795
-0.02935729040197367
-0.03337337501359749
-0.03727163432574482
-0.04100623743078306
-0.044534263419847904
-0.04781784334826549
-0.05082650277676282
-0.05353927869970629
-0.055946113845288595
-0.05804814003168439
-0.05985673699884575
-0.06139157881984352
-0.06267810905842014
-0.06374493593107781
-0.06462153210332791
-0.06533644675435803
-0.06591607357710574
-0.0663839102046578
-0.06676019561654412
-0.0670618056088971
-0.06730230254875923
-0.06749205951253533
-0.06763840214525244
-0.06774573072744935
-0.0678155994189838
-0.06784674034056021
-0.0678350284531041
-0.06777339067698686
-0.06765167096967753
-0.06745647370658148
-0.06717102211069488
-0.06677508749358156
-0.0662450681468744
-0.06555432039421835
-0.06467386017041499
-0.0635735467179514
-0.062223810641353544
-0.06059787992905817
-0.058674293043865726
-0.056439310588854645
-0.05388872982685604
-0.05102865585449134
-0.047875011964249516
-0.04445189757397042
-0.04078917799321276
-0.03691980201044252
-0.03287727865775845
-0.02869357917673061
-0.024397560937474652
-0.020013899976610097
-0.015562482501342297
-0.011058221045408798
-0.006511287254558116
-0.0019277498933600338
0.0026894450649329097
0.007339295222896617
0.012021562841422456
0.016735784436644936
0.02148057876638966
0.026253260963081206
0.031049693429652782
0.03586427332313452
0.040689963980327114
0.04551830348792113
0.05033935138800498
0.05514155653983761
0.05991154456585164
0.06463383444403847
0.06929050395161596
0.07386083577733217
0.07832099230495479
0.08264378786402864
0.08679865023462123
0.09075188114120725
0.09446732459054581
0.0979075132459799
0.1010352705124748
0.10381560333884278
0.10621756936387895
0.10821572002298341
0.10979078453864685
0.11092948023997129
0.1116236297596917
0.11186900042902122
0.11166435314458195
0.11101107879081983
0.1099135630841591
0.10838013899483702
0.10642424867330526
0.10406532762929066
0.10132899584256014
0.09824637525824714
0.09485264819261965
0.09118519167606148
0.0872816860126584
0.08317851376030218
0.07890961384058859
0.07450581266955271
0.06999456144600626
0.06539996975062423
0.06074302428007635
0.0560418988939719
0.05131228439011557
0.04656768632103121
0.04181965442612522
0.037077918618670325
0.032350416453210414
0.027643209182137016
0.022960301834855083
0.018303410003752407
0.013671750692963747
0.009061966736497788
0.004468303768941202
-0.00011687775975501664
-0.004702262855301969
-0.00929653713762269
-0.013907341999948006
-0.018540434889350834
-0.02319917730501393
-0.027884357847830627
-0.03259426782581417
-0.037324910437987927
-0.04207023402490767
-0.04682231203341991
-0.05157142701053853
-0.056306043193908965
-0.061012670590744764
-0.0656756356181506
-0.07027678337021026
-0.07479514793376242
-0.0792066424452955
-0.08348384046962486
-0.0875959425288579
-0.09150903895419008
-0.09518677891296827
-0.098591516473307
-0.101685911819729
-0.10443482291286672
-0.10680717139012533
-0.10877738443753808
-0.11032607760525656
-0.111439864047502
-0.11211047074451945
-0.112333577027307
-0.11210786267221876
-0.1114346436445734
-0.11031823634371507
-0.10876690949618195
-0.1067940456198222
-0.10441902479048237
-0.10166741539053921
-0.098570291280626
-0.09516278991784526
-0.09148224643942453
-0.0875663019929077
-0.08345130250510027
-0.07917115260390764
-0.07475664657685539
-0.07023520550374343
-0.0656309107123071
-0.06096472238239955
-0.05625478947264459
-0.05151677938585583
-0.046764175683983875
-0.042008507425926184
-0.03725948506958894
-0.03252502785781889
-0.027811179801076974
-0.023121929688207955
-0.018458977809037106
-0.013821526742504893
-0.009206205720537666
-0.004607247547871238
-0.00001700056701344369
0.004573231656082082
0.009172145533636385
0.013787392653921317
0.018424740098353622
0.02308755847409749
0.027776644994962494
0.032490299116906776
0.037224531748631204
0.04197329852848814
0.046728679813141986
0.05148096469411579
0.05621862360960825
0.06092817244281024
0.06559394318171333
0.07019778620283332
0.07471874060401706
0.0791327242764563
0.0834123152981771
0.08752671847612363
0.09144202821093161
0.0951218975367367
0.09852868419587775
0.10162505186612082
0.10437586182956161
0.10675003888340734
0.10872201321998076
0.11027240325025213
0.11138782485250626
0.11206000759987668
0.11228463329357104
0.11206038406305732
0.11138857811635429
0.11027353399052432
0.10872352245116479
0.10675192796067759
0.10437813245014388
0.10162770607275673
0.09853172437899992
0.09512532643894495
0.09144584893084277
0.0875309344731511
0.08341693039846096
0.07913774267805081
0.07472416688356061
0.07020362532284673
0.06560020049817808
0.060934853712981046
0.05622573500171244
0.05148851279646088
0.04673667164462617
0.04198174154943915
0.03723343387283386
0.03249966872411378
0.027786490943486626
0.023097890115180368
0.018435567290989743
0.013798725779306149
0.009183995511954738
0.004585609963050345
-4.081882387002025e-6
-0.004593775843268091
-0.009192167740581096
-0.01380690859568318
-0.018443764944480658
-0.023106106869762735
-0.02779473108102963
-0.032507936548997966
-0.03724173371532255
-0.04199007776982947
-0.046745048637299384
-0.0514969349941202
-0.056234206879387905
-0.060943379792537646
-0.0656087853523234
-0.07021227357998816
-0.07473288323192416
-0.07914653187078022
-0.08342579725784487
-0.08753988389566651
-0.09145488589165757
-0.0951344559970656
-0.09854095168158104
-0.10163703636039292
-0.10438757106162254
-0.10676148033804835
-0.10873319414565506
-0.11028333066749903
-0.11139850556231368
-0.11207044819182492
-0.1122948401526157
-0.1120703633776141
-0.11139833588487796
-0.11028307602807094
-0.10873285439524281
-0.10676105527757518
-0.10438706044048147
-0.10163643987708879
-0.09854026898363401
-0.0951336866811735
-0.09145402950426998
-0.0875389399331294
-0.08342476516639998
-0.07914541104635953
-0.07473167301993008
-0.07021097327434665
-0.06560739419507484
-0.06094189697276323
-0.05623263153235043
-0.05149526620016431
-0.04674328542086735
-0.04198821909870905
-0.037239778498871355
-0.0325058836377293
-0.027792579265533895
-0.02310385487916501
-0.01844141144610805
-0.013804452193776596
-0.009189606975422197
-0.004591109189838732
-1.3077491140655106e-6
0.004588493236025129
0.009186989654817871
0.013801832594722816
0.018438788656279584
0.023101227985288287
0.027789947352525594
0.032503245788236185
0.03723713379277347
0.04198556661218419
0.04674062422616573
0.051492595364633256
0.05622995011831296
0.060939204036532545
0.06560468878688468
0.07020825443764732
0.07472893979119122
0.07914266245408445
0.08342200023084698
0.08753615766577431
0.09145122890663925
0.0951308667440592
0.09853742868592787
0.10163357818436249
0.10438417630369151
0.1067581476316005
0.1087299221580754
0.11028011809942671
0.11139535114635987
0.11206735069179795
0.11229179836293099
0.11206737612196409
0.11139540201567953
0.11028019442535082
0.10873002396644109
0.10675827495606154
0.10438432918554148
0.10163375667265871
0.09853763283773659
0.0951310966256653
0.09145148459351121
0.08753643924363902
0.08342230779616974
0.07914299611435145
0.07472929966507519
0.07020864065514357
0.06560510148890819
0.06093964337511319
0.0562304162563128
0.05149308847564782
0.04674114449435961
0.041986114231732465
0.03723770896872983
0.032503848736023064
0.027790578298378485
0.023101887166962726
0.018439476323719874
0.013802549011255438
0.009187735098441238
0.004589268000521174
-5.033529157197041e-7
-0.004590274833460352
-0.009188742312752867
-0.013803556861335869
-0.018440485063892665
-0.023102897051750594
-0.027791589582543907
-0.03250486167481798
-0.037238723817801404
-0.041987131247421976
-0.04674216393377679
-0.05149411059690537
-0.05623144131845728
-0.06094067163826372
-0.06560613321457125
-0.07020967610593241
-0.07473033910513366
-0.07914403980918193
-0.08342335601306071
-0.0875374922514282
-0.09145254266297922
-0.09513216002972308
-0.09853870185165496
-0.10163483157404778
-0.10438541025506001
-0.10675936247755362
-0.10873111822691675
-0.1102812957155352
-0.11139651062977161
-0.11206849235788446
-0.1122929225222511
-0.11206848307993512
-0.11139649207276692
-0.1102812678774539
-0.10873108110572785
-0.10675931607139051
-0.10438535456300722
-0.10163476659561448
-0.09853862758641466
-0.09513207647650303
-0.09145244981882723
-0.08753739011073576
-0.08342324456703704
-0.0791439190452119
-0.07473020900686017
-0.0702095366533612
-0.0656059843840885
-0.06094051340327086
-0.05623127364923813
-0.05149393346165097
-0.04674197729834185
-0.04198693507619255
-0.037238518073212816
-0.03250464631802511
-0.027791364572564755
-0.023102662345121386
-0.018440240613579108
-0.013803302615428505
-0.009188478212897274
-0.004590000813027822
-2.1933589057435115e-7
0.004589562100075753
0.00918803937650168
0.01380286357284141
0.018439801281019883
0.02310222263812723
0.027790924405844426
0.032504205605203604
0.0372380767271478
0.04198649300877545
0.046741534420961205
0.05149348968458508
0.05623082888201473
0.060940067554368246
0.0656055373610011
0.07020908836238374
0.0747297593528984
0.07914346793173208
0.08342279189588628
0.08753693578228769
0.09145199373210207
0.09513161852916838
0.09853816767560541
0.10163430461799242
0.1043848904156716
0.10675884965234914
0.10873061231394089
0.11028079661321129
0.11139601823720471
0.11206800657486901
0.11229244324977447
0.11206801021997397
0.11139602552850736
0.11028080755302581
0.10873062690587373
0.10675886790145105
0.10438491232848031
0.10163433020238527
0.09853819694091863
0.09513165148604055
0.09145203039169027
0.08753697615680792
0.0834228359979612
0.07914351577458932
0.07472981095003525
0.07020914372770443
0.06560559650872032
0.06094013049915669
0.05623089563884604
0.05149356026878598
0.04674160884828429
0.04198657129537062
0.037238158889454503
0.032504291660053454
0.027791014370469828
0.023102316530358675
0.018439899118873778
0.013802965375362703
0.009188145163826888
0.004589671893583717
-1.0551336769854805e-7
-0.004589882936290607
-0.009188356254981862
-0.013803176547099689
-0.01844011040356163
-0.02310252796026845
-0.02779122597816294
-0.03250450347809463
-0.037238370950274886
-0.041986783631703516
-0.046741821492909626
-0.05149377325452974
-0.05623110899860558
-0.06094034426598476
-0.06560581071575919
-0.0702093584079942
-0.07473002613706685
-0.07914373150165566
-0.08342305229866925
-0.08753719306480186
-0.09145224794073668
-0.0951318697101653
-0.09853841587435336
-0.10163454987949946
-0.10438513278386795
-0.10675908917003349
-0.10873084902279263
-0.11028103055372944
-0.11139624944870692
-0.11206823509562461
-0.11229266911704706
-0.11206823347038507
-0.11139624619761031
-0.11028102567565613
-0.10873084251590732
-0.10675908103157578
-0.10438512301027882
-0.10163453846643684
-0.09853840281663713
-0.09513185500201012
-0.09145223157591831
-0.08753717503691161
-0.08342303260100406
-0.0791437101275914
-0.07473000307993848
-0.070209333661088
-0.06560578427214801
-0.06094031611875494
-0.05623107914086031
-0.051493741678986994
-0.04674178819226956
-0.041986748598451896
-0.037238334176524765
-0.03250446495564189
-0.027791185699134767
-0.023102485916038428
-0.018440066585806734
-0.013803130947419912
-0.009188308864849738
-0.0045898337474683075
-5.451752115196745e-8
0.004589724704607263
0.009188199798536061
0.013803021842301061
0.018439957427104043
0.023102376689345342
0.0277910763904699
0.03250435555173115
0.03723822466405698
0.04198663896496702
0.046741678425385264
0.051493631766695726
0.05623096907137865
0.060940205880802796
0.06560567385470932
0.07020922305375085
0.07472989227260061
0.07914359911102867
0.08342292136624135
0.08753706357562752
0.09145211988049547
0.09513174306485381
0.09853829063054376
0.10163442602366912
0.10438501030275085
0.10675896805001679
0.10873072925016274
0.11028091211431208
0.11139613232802398
0.11206811927905772
0.11229255458990087
0.11206812021780863
0.11139613420481331
0.11028091492773119
0.10873073299752979
0.10675897272731262
0.10438501590402448
0.101634432541625
0.09853829805656578
0.09513175138945841
0.09145212909386563
0.08753707366822457
0.08342293232888741
0.07914361093537046
0.07472990495118431
0.07020923657966426
0.06560568822203115
0.06094022108404336
0.05623098510532094
0.051493648626418045
0.046741696106050376
0.041986657461576364
0.03723824397147331
0.03250437566458481
0.02779109730345692
0.023102398397262112
0.018439979925145962
0.01380304512682077
0.009188223867217911
0.00458974955739434
-2.8878340077662378e-8
-0.004589807316928755
-0.009188281635673074
-0.013803102910163616
-0.018440037729928565
-0.023102456229878946
-0.0277911551710085
-0.0325044335740464
-0.03723830193032458
-0.04198671547741215
-0.04674175418676521
-0.051493706780089105
-0.05623104334023673
-0.06094027940889223
-0.0656057466459144
-0.07020929511192579
-0.07472996360172636
-0.07914366971462052
-0.08342299124764606
-0.08753713273794876
-0.09145218832635528
-0.09513181079684369
-0.09853835765092027
-0.10163449233494465
-0.10438507590764211
-0.10675903295184894
-0.10873079345288666
-0.11028097562260764
-0.11139619514730432
-0.11206818141523366
-0.11229261604912565
-0.11206818100668256
-0.11139619433003271
-0.11028097439647104
-0.10873079181735183
-0.10675903090629128
-0.1043850734512011
-0.10163448946651898
-0.09853835436932043
-0.09513180710061905
-0.09145218421411015
-0.08753712820813132
-0.08342298629872802
-0.07914366434514819
-0.0747299578103891
-0.07020928889731119
-0.06560574000669321
-0.06094027234383634
-0.05623103584811273
-0.05149369885971482
-0.04674174583698672
-0.0419867066971308
-0.03723829271841312
-0.03250442392938932
-0.02779114509253284
-0.02310244571654827
-0.018440026780570027
-0.013803091523747056
-0.009188269810955012
-0.004589795052776415
-1.6173290905058345e-8
0.004589762704828321
0.009188237458761992
0.013803059164240072
0.0184399944106602
0.02310241333295818
0.027791112691782905
0.032504391507897995
0.03723826027227801
0.04198667422238806
0.04674171332959616
0.05149366631525387
0.05623100326215479
0.060940239711714014
0.06560570732338912
0.07020925615759185
0.07472992500872902
0.07914363147559134
0.08342295335501146
0.08753709518352794
0.09145215110177732
0.09513177389339472
0.0985383210599156
0.10163445604800946
0.10438503991669519
0.10675899724963947
0.10873075803291725
0.11028094047931053
0.11139616027569307
0.11206814681114137
0.11229258170883687
0.11206814692679377
0.11139616050769521
0.11028094082924715
0.10873075850360535
0.10675899784525113
0.10438504064308625
0.10163445691243769
0.09853832207118235
0.09513177506092466
0.09145215243567842
0.08753709669395271
0.08342295505176081
0.07914363336818392
0.07472992710614246
0.07020925846859391
0.06560570985634755
0.06094024247495398
0.05623100626425566
0.05149366956499798
0.04674171683645265
0.041986677996488975
0.03723826432453143
0.0325043958501752
0.027791117336635206
0.023102418293361283
0.01843999969947318
0.01380306479355068
0.009188243438870168
0.004589769043512101
-9.471521938389477e-9
-0.004589787987314486
-0.009188262384843562
-0.0138030837432441
-0.018440018654301192
-0.023102437254734137
-0.027791136305927458
-0.03250441482876026
-0.037238283313758155
-0.04198669699773926
-0.0467417358509643
-0.05149368859407458
-0.05623102530911505
-0.06094026153670828
-0.06560572893603377
-0.07020927756726561
-0.07472994622478105
-0.07914365250748782
-0.08342297421249384
-0.08753711587681995
-0.09145217164117474
-0.09513179428959662
-0.09853834132353753
-0.10163447618902331
-0.10438505994463741
-0.10675901717281083
-0.10873077785810616
-0.11028096021209831
-0.11139617992039015
-0.11206816637093761
-0.1122926011862496
-0.11206816632364452
-0.11139617982517408
-0.11028096006781068
-0.10873077766279032
-0.10675901692322512
-0.10438505963660479
-0.10163447581702773
-0.09853834088108537
-0.09513179376969082
-0.09145217103628173
-0.08753711517926711
-0.08342297341493451
-0.07914365160252303
-0.07472994520533008
-0.07020927642651459
-0.0656057276670332
-0.06094026013235404
-0.05623102376217641
-0.051493686896748214
-0.046741733994698054
-0.04198669497313154
-0.03723828111057081
-0.032504412435659595
-0.027791133710879833
-0.023102434445204753
-0.018440015617694736
-0.013803080467834693
-0.009188258860497156
-0.004589784206451375
-5.4300735383041715e-9
0.0045897733459760205
0.009188247998729913
0.013803069604007696
0.01844000475101903
0.02310242357489877
0.02779112283623609
0.032504401555992345
0.03723827022517462
0.041986684081425016
0.04674172309612501
0.05149367599077271
0.05623101284828806
0.06094024921015083
0.06560571673607289
0.07020926548662124
0.0747299342562517
0.07914364064411514
0.08342296244726684
0.08753710420243697
0.09145216005034867
0.095131782774946
0.0985383298777495
0.10163446480527741
0.10438504861654596
0.10675900589487579
0.10873076662600714
0.11028094902224872
0.11139616877031518
0.11206815525888698
0.11229259011092935
0.11206815528428768
0.11139616882144941
0.11028094909995127
0.10873076673149194
0.10675900603030698
0.10438504878468048
0.10163446500956122
0.09853833012244384
0.0951317830646682
0.09145216038996003
0.0875371045967585
0.08342296290117371
0.07914364116228566
0.07472993484297115
0.07020926614622565
0.06560571747284319
0.06094025002818847
0.05623101375191318
0.05149367698458251
0.046741724184916164
0.04198668527056754
0.03723827152040706
0.03250440296349933
0.02779112436270146
0.02310242522723883
0.01844000653608542
0.01380307152809859
0.009188250067444224
0.004589775563263187
-3.0620342261857975e-9
-0.004589781687635217
-0.00918825619285797
-0.013803077655218963
-0.018440012665271368
-0.023102431359031048
-0.027791130497400427
-0.032504409101228336
-0.0372382776612821
-0.04198669141467118
-0.04674173033219712
-0.05149368313485238
-0.05623101990500528
-0.06094025618377051
-0.06560572363045768
-0.07020927230535487
-0.07472994100291738
-0.07914364732215157
-0.08342296905996927
-0.08753711075324909
-0.09145216654280616
-0.09513178921252986
-0.09853833626386235
-0.10163447114322313
-0.10438505490928382
-0.1067590121449932
-0.10873077283550812
-0.11028095519297022
-0.11139617490335783
-0.11206816135514888
-0.11229259617101686
-0.11206816130859426
-0.1113961748102117
-0.11028095505311183
-0.10873077264887508
-0.1067590119110808
-0.10438505462780817
-0.10163447081361951
-0.09853833588554675
-0.09513178878482142
-0.09145216606497236
-0.08753711022445256
-0.08342296847940069
-0.07914364668900832
-0.07472994031634517
-0.07020927156446095
-0.06560572283418746
-0.06094025533107339
-0.056231018994750755
-0.05149368216554422
-0.04674172930231558
-0.0419866903224317
-0.03723827650468349
-0.03250440787797672
-0.02779112920496404
-0.023102429994815144
-0.018440011226699367
-0.013803076139576827
-0.009188254597984375
-0.004589780011747935
-1.3040739117220675e-9
0.004589777403489916
0.009188251989362408
0.013803073530414335
0.018440008616697208
0.02310242738380653
0.027791126592730406
0.03250440526433816
0.0372382738894544
0.041986687705443275
0.04674172668334017
0.05149367954441619
0.056231016371252975
0.06094025270505457
0.0656057202054673
0.07020926893272157
0.07472993768146917
0.07914364405066798
0.08342296583744394
0.08753710757852545
0.0914521634147993
0.09513178613018754
0.09853833322621244
0.10163446814923405
0.10438505195816425
0.10675900923589912
0.1087307699679796
0.11028095236636855
0.11139617211742926
0.11206815860967301
0.1122925934657389
0.11206815864345372
0.11139617218515281
0.11028095246812296
0.10873077010400779
0.10675900940658813
0.10438505216391418
0.10163446839070639
0.09853833350415318
0.09513178644543549
0.09145216376819633
0.08753710797086929
0.0834229662696108
0.07914364452357917
0.0747299381958035
0.07020926948936315
0.06560572080507963
0.060940253348492825
0.05623101705917169
0.05149368027769088
0.046741727462754255
0.04198668853191906
0.03723827476387637
0.03250440618766145
0.027791127565993487
0.023102428407857464
0.01844000969240522
0.01380307465848767
0.00918825317028258
0.004589778637424871
-1.730063276036834e-11
-0.004589778672704946
-0.009188253207383333
-0.013803074698479398
-0.01844000973614565
-0.023102428456112538
-0.027791127619196623
-0.032504406246171576
-0.037238274827822875
-0.041986688601341166
-0.04674172753754716
-0.0514936803576935
-0.0562310171441243
-0.06094025343808016
-0.06560572089895904
-0.07020926958717609
-0.07472993829706606
-0.07914364462768538
-0.08342296637596726
-0.0875371080787298
-0.09145216387673274
-0.09513178655369806
-0.09853833361115835
-0.10163446849541088
-0.10438505226519884
-0.10675900950341233
-0.10873077019529191
-0.1102809525530366
-0.11139617226284092
-0.11206815871316465
-0.11229259352675729
-0.11206815866141157
-0.11139617215932361
-0.1102809523979329
-0.10873076998878532
-0.10675900924572812
-0.10438505195691322
-0.10163446813698093
-0.098538333203308
-0.09513178609709273
-0.09145216337210856
-0.08753710752692187
-0.08342296577769344
-0.07914364398361166
-0.07472993760795862
-0.07020926885368954
-0.06560572012178231
-0.06094025261789356
-0.056231016281647596
-0.05149367945371658
-0.04674172659294943
-0.04198668761703622
-0.03723827380494538
-0.03250440518583598
-0.027791126522670975
-0.02310242732467512
-0.01844000857124782
-0.013803073501243298
-0.009188251978952167
-0.004589777413868878
1.2714905194893458e-9
0.004589779956237149
0.009188254519620812
0.013803076039161283
0.018440011105702682
0.023102429855070886
0.02779112904861976
0.03250440770729268
0.037238276321970624
0.041986690129862426
0.04674172910194768
0.05149368195935664
0.05623101878454533
0.06094025511866823
0.06560572262121932
0.07020927135257414
0.07472994010725109
0.07914364648448874
0.08342296828127718
0.08753711003462443
0.09145216588549314
0.09513178861775026
0.09853833573297065
0.10163447067747516
0.10438505450999824
0.10675901181313077
0.10873077257206329
0.11028095499849275
0.11139617477842002
0.11206816130014229
0.11229259618612586
0.11206816139405422
0.1113961749660201
0.11028095527920427
0.10873077294491501
0.10675901227675928
0.1043850550624164
0.10163447131620956
0.09853833645490112
0.09513178941970744
0.09145216676403041
0.08753711098624914
0.08342296930256227
0.07914364757211072
0.07472994125797831
0.07020927256330137
0.06560572388895027
0.060940256440219415
0.05623102015670168
0.051493683378740905
0.04674173056471026
0.041986691631916956
0.03723827785872578
0.0325044092738469
0.02779113063968495
0.023102431465086625
0.01844001272911958
0.01380307767107224
0.009188256155529538
0.004589781593134898
2.907827541249841e-9
-0.004589775777908596
-0.0091882503413752
-0.013803071858472833
-0.018440006918594428
-0.023102425656765426
-0.02779112483354986
-0.032504403469827345
-0.037238272056415854
-0.04198668583083902
-0.046741724764356576
-0.051493677578363276
-0.05623101435564605
-0.06094025063762037
-0.06560571808387465
-0.07020926675482368
-0.07472993544499935
-0.07914364175340204
-0.08342296347688082
-0.08753710515222676
-0.09145216092016963
-0.09513178356434804
-0.09853833058635153
-0.1016344654326035
-0.10438504916220023
-0.10675900635828424
-0.10873076700667753
-0.11028094931979938
-0.11139616898431065
-0.11206815538897971
-0.11229259015678732
-0.11206815524558478
-0.1113961686979171
-0.11028094889127442
-0.10873076643747513
-0.10675900565062434
-0.10438504831921985
-0.10163446445834157
-0.09853832948539637
-0.09513178234187508
-0.09145215958151605
-0.08753710370286168
-0.08342296192186881
-0.07914364009768492
-0.07472993369325348
-0.07020926491134284
-0.0656057161527503
-0.06094024862283772
-0.056231012261200725
-0.051493675408203994
-0.046741722522619954
-0.041986683521999184
-0.03723826968505462
-0.032504401040973394
-0.02779112235241873
-0.02310242312854705
-0.018440004348426412
-0.013803069250947247
-0.009188247700178781
-0.004589773105506942
5.610445204449489e-9
0.0045897843267995635
0.009188258922629268
0.013803080475311834
0.01844001557525933
0.023102434358440428
0.02779113358574817
0.03250441227798068
0.03723828092595701
0.04198669476683278
0.04674173377142316
0.05149368666072171
0.056231023517168334
0.060940259881836205
0.06560572741409496
0.07020927617412032
0.07472994495630225
0.07914365135961736
0.0834229731809017
0.08753711495694755
0.09145217082853493
0.0951317935793709
0.09853834071115256
0.10163447567009364
0.10438505951515427
0.10675901682939726
0.10873077759824583
0.11028096003389204
0.11139617982280432
0.11206816635344068
0.11229260124858963
0.11206816646606163
0.11139618004824427
0.11028096037244971
0.10873077805029849
0.10675901739575984
0.10438506019689477
0.10163447646853377
0.09853834162777658
0.0951317946158968
0.09145217198654404
0.08753711623807785
0.08342297458662189
0.07914365289119324
0.07472994661480249
0.07020927796036444
0.06560572932847705
0.06094026192468621
0.05623102568831538
0.05149368895968863
0.046741736197333975
0.041986697318572797
0.037238283601760104
0.032504415075830156
0.02779113650308611
0.02310243739239929
0.018440018722759948
0.013803083733154262
0.00918826228779777
0.004589787796873588
9.183684105915703e-9
-0.0045897694297927505
-0.009188243921506285
-0.013803065367804724
-0.01844000035830502
-0.02310241902820932
-0.02779111813801629
-0.032504396708522995
-0.0372382652303233
-0.0419866789407741
-0.04674171781078652
-0.05149367056168003
-0.056231007275898304
-0.06094024349463977
-0.06560571087743457
-0.07020925948446963
-0.07472992811011427
-0.07914363435319877
-0.08342295601055354
-0.08753709761873014
-0.09145215331829931
-0.09513177589289712
-0.09853832284406569
-0.10163445761819927
-0.10438504127424651
-0.10675899839555636
-0.10873075896793749
-0.1102809412038429
-0.11139616079005199
-0.11206814711545407
-0.11229258180294928
-0.1120681468105491
-0.11139616018070927
-0.11028094029104615
-0.10873075775333274
-0.10675899688188155
-0.10438503946515965
-0.10163445551837919
-0.09853832045900615
-0.09513177322858332
-0.09145215038110187
-0.08753709441492523
-0.08342295254625347
-0.07914363063421172
-0.07472992414174523
-0.070209255271795
-0.06560570642524013
-0.060940238807667496
-0.05623100235859553
-0.051493665418781975
-0.0467417124472747
-0.04198667336176452
-0.037238259441394875
-0.032504390715392545
-0.02779111194689929
-0.023102412645142862
-0.01843999378925302
-0.013803058617937704
-0.009188236994785598
-0.004589762328559484
1.645909829544746e-8
0.004589795248287412
0.009188269919212236
0.013803091550201022
0.018440026732311363
0.023102445602141555
0.027791144920770585
0.03250442370910406
0.03723829245789664
0.04198670640406468
0.046741745518205896
0.05149369852123662
0.056231035495350266
0.060940271981445124
0.06560573963888287
0.07020928852785345
0.0747299574427193
0.07914366398263828
0.08342298594456979
0.08753712786538904
0.09145218388594883
0.0951318067900373
0.09853835407916646
0.10163448919948416
0.1043850732096247
0.10675903069211508
0.10873079163200004
0.1102809742408492
0.11139619420472376
0.11206818091172335
0.11229261598447203
0.11206818138057863
0.11139619514217224
0.11028097564635284
0.10873079350450483
0.10675903303013659
0.10438507601098172
0.10163449246138583
0.09853835779825054
0.09513181096264194
0.09145218850820352
0.0875371329334257
0.08342299145443102
0.07914366993049923
0.07472996382474112
0.0702092953401755
0.06560574687763991
0.060940279642402666
0.05623104357386211
0.05149370701225331
0.04674175441574397
0.041986715701380274
0.03723830214735554
0.03250443378215322
0.02779115536793764
0.023102456413331824
0.018440037897613823
0.013803103059976538
0.009188281765507065
0.004589807425374097
2.8964347692786986e-8
-0.004589749494199904
-0.009188223826551226
-0.013803045107856746
-0.018439979926663824
-0.023102398417556427
-0.027791097340821365
-0.0325043757171019
-0.037238244037356184
-0.041986657539145315
-0.04674169619378964
-0.05149364872280262
-0.05623098520895797
-0.060940221193675335
-0.06560568833646054
-0.07020923669765411
-0.0747299050714731
-0.07914361105669165
-0.08342293244980939
-0.08753707378726848
-0.09145212920946737
-0.09513175149985048
-0.0985382981598832
-0.1016344326361138
-0.1043850159878084
-0.10675897279877875
-0.10873073305521572
-0.11028091497031065
-0.1113961342311988
-0.11206812022714975
-0.11229255458148549
-0.11206811925220216
-0.1113961322821812
-0.11028091204909327
-0.10873072916542638
-0.10675896794574631
-0.10438501017928857
-0.10163442588156418
-0.09853829047076107
-0.09513174288864332
-0.09145211968906586
-0.08753706337051798
-0.08342292114904129
-0.0791435988832879
-0.07472989203599419
-0.07020922280978929
-0.06560567360521924
-0.06094020562756044
-0.05623096881628596
-0.05149363151189022
-0.046741678173359925
-0.04198663871831148
-0.037238224425791354
-0.032504355325144146
-0.027791076179361385
-0.023102376497498286
-0.018439957258446445
-0.013803021700616853
-0.0091881996870941
-0.004589724626117598
5.456145042451597e-8
0.0045898337564266615
0.009188308839430784
0.01380313088934264
0.01844006649781947
0.02310248580129726
0.027791185561046063
0.03250446479792595
0.03723833400249077
0.04198674841147988
0.0467417879953693
0.051493741474953725
0.05623107893208217
0.060940315907733016
0.06560578406099278
0.07020933345192895
0.07473000287486256
0.07914370992874077
0.08342303241043286
0.08753717485685077
0.09145223140860713
0.09513185484968738
0.09853840268168165
0.10163453835092147
0.10438512291617683
0.10675908096051272
0.10873084246918124
0.11028102565433019
0.11139624620227592
0.11206823350146398
0.1122926691747618
0.11206823518002922
0.11139624955970204
0.110281030690997
0.10873084918565575
0.10675908935754404
0.10438513299469653
0.10163455011181874
0.09853841612611403
0.09513186997882372
0.09145224822374923
0.08753719335938018
0.08342305260186485
0.07914373181040496
0.07473002644805589
0.0702093587178305
0.06560581102052257
0.06094034456127253
0.056231109279354
0.05149377351504666
0.04674182172647028
0.041986783830480164
0.037238371105330556
0.032504503579267714
0.027791226014518743
0.023102527919749895
0.018440110274181624
0.013803176317200279
0.009188355914304227
0.004589882477094322
1.0493092523269339e-7
-0.004589672599987475
-0.009188145991171943
-0.013802966317008381
-0.01843990016527766
-0.0231023176699491
-0.02779101559101343
-0.03250429294874181
-0.037238160233684627
-0.04198657268313044
-0.046741610268513825
-0.05149356171093924
-0.05623089709314393
-0.060940131956133264
-0.06560559795921117
-0.0702091451624164
-0.07472981235960345
-0.07914351714908749
-0.08342283732689976
-0.08753697742922956
-0.09145203159582489
-0.09513165261004207
-0.09853819797296816
-0.10163433113100145
-0.10438491314355287
-0.10675886859433871
-0.10873062746994641
-0.1102808079835749
-0.11139602582250835
-0.11206801037599518
-0.11229244326720061
-0.11206800645414436
-0.11139601797941183
-0.11028079622066551
-0.10873061179027045
-0.10675884900290053
-0.10438488964760952
-0.10163430374021412
-0.09853816669865516
-0.09513161746463102
-0.09145199259159396
-0.08753693457771296
-0.08342279063842536
-0.07914346663218988
-0.07472975802095679
-0.07020908700714958
-0.06560553599085196
-0.060940066177315975
-0.05623082750562546
-0.05149348831640148
-0.04674153306862171
-0.041986491680122
-0.03723807543021968
-0.032504204348380646
-0.027790923197647234
-0.02310222148711551
-0.018439800195292174
-0.0138028625595476
-0.0091880384414621
-0.004589561246907042
2.2010602430358387e-7
0.004590001501352995
0.009188478823089062
0.01380330315313608
0.018440241085627546
0.02310266275912832
0.027791364936273256
0.03250464663872325
0.03723851835754004
0.04198693532993377
0.04674197752639087
0.05149393366800619
0.05623127383703576
0.06094051357486201
0.06560598454123374
0.07020953679704077
0.0747302091376371
0.07914391916295277
0.08342324467119053
0.08753739020063284
0.09145244989322313
0.09513207653411003
0.09853862762574608
0.10163476661526655
0.1043853545616465
0.10675931604806936
0.1087310810595557
0.11028126780799223
0.11139649197973613
0.11206848296336303
0.11229292238216124
0.11206849219461237
0.11139651044368563
0.11028129550726025
0.10873111799727757
0.10675936222777134
0.1043854099867009
0.10163483128904657
0.09853870155219885
0.09513215971812049
0.0914525423418568
0.08753749192313579
0.08342335568019478
0.07914403947428153
0.07473033877063696
0.07020967577454744
0.0656061328888851
0.06094067132138716
0.05623144101356819
0.05149411030787498
0.04674216366463213
0.041987131003204906
0.03723872360394044
0.03250486149765792
0.027791589448799482
0.02310289696866774
0.018440485038890543
0.013803556901386259
0.00918874242391568
0.004590275020496585
5.036185207696548e-7
-0.004589267656021657
-0.009187734676909377
-0.013802548516934163
-0.018439475762299314
-0.023101886545433364
-0.02779057762426219
-0.032503848017023884
-0.037237708212379754
-0.041986113445154204
-0.04674114368405955
-0.05149308764802995
-0.0562304154170372
-0.06093964252970538
-0.06560510064268398
-0.07020863981345808
-0.07472929883334418
-0.07914299529828374
-0.0834223070019162
-0.08753643847757075
-0.09145148386233426
-0.09513109593644392
-0.09853763219754055
-0.10163375608815474
-0.10438432866284744
-0.10675827450055798
-0.10873002358228391
-0.11028019411572033
-0.11139540178256625
-0.11206737596669374
-0.11229179828617943
-0.11206735069368597
-0.1113953512265854
-0.11028011825720352
-0.10872992239170867
-0.10675814793857244
-0.10438417668046668
-0.10163357862628732
-0.09853742918752804
-0.09513086729935077
-0.0914512295094832
-0.0875361583100248
-0.0834220009108267
-0.0791426631646606
-0.07472894052783613
-0.07020825519659878
-0.065604689564881
-0.06093920483110058
-0.0562299509276268
-0.05149259618759643
-0.04674062506220885
-0.041985567461162165
-0.03723713465532617
-0.03250324666561641
-0.02778994824630332
-0.02310122889780799
-0.01843878959013051
-0.013801833552766757
-0.009186990639857567
-0.004588494250808208
1.3067028171878135e-6
0.004591108110890871
0.009189605863912579
0.013804451050941205
0.018441410274026602
0.023103853681078992
0.0277925780450565
0.032505882399040426
0.03723977724650135
0.04198821783722185
0.04674328415506021
0.0514952649349469
0.05623263027280211
0.06094189572434743
0.06560739296362603
0.07021097206626975
0.07473167184239889
0.07914540990730534
0.08342476407465862
0.08753893889823883
0.09145402853666292
0.09513368579151991
0.09854026818287617
0.10163643917569426
0.10438705984775429
0.10676105480133896
0.10873285404183057
0.11028307580151135
0.11139833578805235
0.1120703634116624
0.11229484031802603
0.11207044848805676
0.11139850598838116
0.11028333122103205
0.10873319482303076
0.10676148113414208
0.10438757196936958
0.1016370373709667
0.09854095278487617
0.09513445718212891
0.09145488714713385
0.08753988521036248
0.08342579862134358
0.0791465332735622
0.07473288466531663
0.07021227503634711
0.0656087868249799
0.06094338127561186
0.05623420836779692
0.05149693648342034
0.046745050123559014
0.04199007924977735
0.03724173518596102
0.032507938007821
0.027794732526237743
0.023106108299972016
0.01844376635921205
0.0138069099951893
0.009192169125943497
0.004593777216323665
4.0832455344241945e-6
-0.004585608607077517
-0.009183994160552017
-0.013798724430170193
-0.018435565942373024
-0.02309788876614175
-0.027786489593709465
-0.03249966737409916
-0.03723343252377891
-0.04198174020305615
-0.04673667030338073
-0.05148851146318462
-0.05622573367998367
-0.06093485240698159
-0.0656001992126696
-0.07020362406342995
-0.07472416565672012
-0.07913774149120814
-0.08341692925990002
-0.08753093339221422
-0.09144584791741266
-0.09512532550367686
-0.09853172353234682
-0.10162770532506253
-0.10437813181061316
-0.1067519274369367
-0.10872352204945653
-0.11027353371504864
-0.1113885779698312
-0.11206038404679193
-0.11228463340800607
-0.11206000784458077
-0.1113878252264047
-0.11027240375109609
-0.1087220138441855
-0.1067500396258333
-0.10437586268306319
-0.10162505282182809
-0.09852868524348743
-0.09512189866495466
-0.09144202940793282
-0.08752671973009835
-0.08341231659762105
-0.07913272561042381
-0.07471874196188515
-0.07019778757463822
-0.06559394455767402
-0.06092817381303856
-0.056218624963963244
-0.05148096602201545
-0.046728681103277804
-0.041973299768373024
-0.037224532924705483
-0.032490300214577175
-0.027776645998542092
-0.023087559367520216
-0.018424740865579332
-0.01378739328017654
-0.009172146006460245
-0.004573231966627847
0.000017000423414402017
0.004607247570353236
0.0092062059035061
0.0138215270756576
0.018458978279079705
0.023121930279665748
0.027811180497515884
0.03252502864307994
0.037259485928065945
0.04200850834342036
0.04676417664742445
0.051516780383536444
0.05625479049392836
0.060964723417837006
0.06563091175316617
0.07023520654165974
0.07475664760367456
0.07917115361161245
0.08345130348571539
0.08756630293786022
0.09148224734038218
0.09516279076583949
0.09857029206736496
0.1016674161077553
0.10441902543086762
0.10679404617708727
0.10876690996534845
0.1103182367209544
0.11143464392756533
0.11210786285939196
0.11233357711782117
0.11211047073814825
0.11143986394448528
0.11032607740702641
0.1087773841461717
0.10680717100885281
0.10443482244645334
0.10168591127429216
0.09859151585578406
0.09518677823140254
0.09150903821706857
0.08759594174461675
0.08348383964648694
0.07920664159117559
0.07479514705660668
0.07027678247726492
0.06567563471675658
0.06101266968809672
0.05630604229773195
0.05157142612853621
0.046822311174298435
0.042070233197932586
0.03732490965312532
0.03259426709431874
0.027884357181495935
0.02319917671630894
0.01854043439031305
0.01390734160200362
0.00929653685056606
0.00470226268642747
0.00011687771266597261
-0.004468303694025148
-0.009061966543492355
-0.013671750388904044
-0.018303409598509013
-0.022960301339432825
-0.027643208608831116
-0.032350415814070714
-0.03707791792526119
-0.04181965368912544
-0.04656768555042111
-0.0513122835946405
-0.05604189808166824
-0.06074302345830031
-0.065399968926167
-0.0699945606252752
-0.07450581185899481
-0.07890961304644604
-0.08317851298882963
-0.08728168527071826
-0.09118519097020743
-0.09485264752988423
-0.09824637464516048
-0.10132899528561783
-0.10406532713414385
-0.10642424824477227
-0.10838013863667406
-0.10991356279910877
-0.11101107858047635
-0.11166435300993435
-0.11186900037066005
-0.11162362977715432
-0.11092948033298275
-0.10979078470582561
-0.10821572026265017
-0.10621756967288308
-0.10381560371356627
-0.10103527094802561
-0.09790751373651731
-0.09446732512987202
-0.09075188172281885
-0.08679865085207739
-0.0826437885108832
-0.07832099297564542
-0.07386083646608396
-0.0692905046535087
-0.06463383515421574
-0.05991154527980608
-0.05514155725312084
-0.05033935209613785
-0.045518304186341355
-0.04068996466460234
-0.03586427398809844
-0.031049694070324284
-0.02625326157415624
-0.02148057934262932
-0.01673578497287944
-0.012021563333019724
-0.00733929566631426
-0.0026894454576003525
0.0019277495520396105
0.0065112869640854484
0.011058220803385088
0.015562482304315686
0.020013899820159706
0.024397560816619597
0.028693579086769012
0.032877278593595675
0.03691980196765845
0.04078917796774204
0.04445189756241297
0.047875011963728925
0.051028655862582574
0.05388872984153682
0.05643931060833109
0.05867429306685805
0.06059787995463472
0.06222381066848028
0.06357354674609303
0.06467386019907008
0.06555432042291733
0.06624506817536557
0.06677508752157199
0.06717102213818144
0.06745647373313002
0.06765167099538844
0.06777339070189269
0.06783502847706879
0.06784674036359944
0.06781559944119349
0.0677457307486777
0.06763840216534993
0.06749205953182892
0.06730230256716849
0.06706180562642819
0.06676019563343562
0.06638391022053544
0.06591607359234514
0.06533644676898158
0.0646215321171453
0.06374493594430086
0.06267810907097583
0.06139157883190215
0.059856737010327433
0.0580481400424496
0.05594611385574595
0.05353927870962051
0.050826502786225115
0.04781784335731184
0.044534263428547355
0.04100623743897083
0.03727163433359589
0.033373375021172075
0.029357290409209622
0.0252704295191193
0.021159879039345356
0.01707201721147696
0.013052051408031395
0.009143664984745717
0.005388601165817622
0.0018260258811205491
-0.0015084543408430463
-0.004584161194816539
-0.007376991652809275
-0.009871046479663729
-0.012059811161809288
-0.013946488544052865
-0.015543295852855054
-0.016869842191340582
-0.01795094466128271
-0.01881432228133368
-0.019488531928998087
-0.020001356278067088
-0.020378701525473015
-0.02064395787140135
-0.020817725301217217
-0.020917797493073785
-0.020959309514129137
-0.0209549762880168
-0.020915370309233496
-0.020849205054974618
-0.020763604039482093
-0.020664344835967862
-0.0205560735305966
-0.020442488815724844
-0.020326497045719073
-0.020210340621194558
-0.020095702443088472
-0.019983789146329794
-0.01987539557862502
-0.019770952630749992
-0.01967056011246568
-0.019574005955082636
-0.019480772621133062
-0.019390031221173384
-0.019300623512938053
-0.019211031680174816
-0.019119335609747795
-0.019023157326702185
-0.018919592422237213
-0.018805128789218577
-0.01867555400261269
-0.018525854472536282
-0.018350112467008062
-0.018141411707368726
-0.017891769091611612
-0.017592119692719777
-0.017232394741957344
-0.01680174701440793
-0.016288992085257407
-0.015683340771506567
-0.01497548614480614
-0.014159061194302266
-0.01323238436046662
-0.012200257466169512
-0.011075406513374197
-0.009879040835404976
-0.00864005885924683
-0.007392717819718371
-0.006173056232866631
-0.005014817668618588
-0.00394583517812253
-0.0029856752708325766
-0.0021448913979003966
-0.0014257307985128856
-0.0008237985921727606
-0.0003300982202680083
0.00006701725837049779
0.0003802516593013085
0.0006222190061857107
0.0008047150652175336
0.0009383233052617246
0.0010322599348579799
0.0010943739665804017
0.001131237648488265
0.0011482819839192062
0.0011499479804191095
0.0011398360297616436
0.0011208438841815735
0.0010952888766423649
0.0010650131905599483
0.0010314727613893225
0.000995811290461691
0.0009589212248030259
0.0009214935990359026
0.0008840585363062703
0.0008470180080792156
0.0008106722385208615
0.0007752409311578261
0.0007408802918008264
0.0007076966567453901
0.0006757573867960411
0.000645099560307975
0.0006157369021045943
0.0005876652948101249
0.0005608671553456164
0.0005353149051670386
0.0005109737106021846
0.0004878036436658783
0.00046576137762651803
0.0004448015096665706
0.00042487758921005503
0.0004059429083758127
0.00038795110455028107
0.0003708566132550812
0.00035461500225302293
0.00033918321163647815
0.0003245197195730707
0.0003105846502496282
0.00029733983636116775
0.00028474884561468887
0.0002727769815445406
0.0002613912626216429
0.0002505603861028048
0.00024025468129078124
0.00023044605392299493
0.00022110792679532024
0.00021221517391040734
0.00020374405684207592
0.00019567215660755397
0.000187978308857949
0.00018064253913532664
0.00017364599833647465
0.00016697090309075307
0.00016060047510674675
0.00015451888548686577
0.00014871120075631125
0.00014316333026060733
0.00013786197887454427
0.0001327945984652076
0.0001279493457399729
0.00012331503989565786
0.00011888112384208293
0.00011463762693628601
0.00011057513061078124
0.00010668473529188398
0.00010295802971621381
0.00009938706278601485
0.00009596431511854923
0.00009268267507147798
0.00008953541292947993
0.00008651616059158373
0.0000836188887153475
0.00008083788798800938
0.00007816775001056965
0.00007560335038462831
0.00007313983180554302
0.00007077258874498331
0.00006849725405458235
0.00006630968372395716
0.00006420594548582765
0.00006218230671695893
0.000060235222965054495
0.00005836132767443387
0.00005655742152749113
0.00005482046464617309
0.000053147566418495045
0.000051535977965802484
0.000049983084889524784
0.000048486398479495246
0.00004704355086696545
0.00004565228679991238
0.00004431045896727803
0.00004301602182391687
0.00004176702521832482
0.000040561611171394154
0.00003939800820533488
0.000038274525861509414
0.00003718955237309018
0.000036141549482197324
0.000035129048902682544
0.000034150648441820926
0.000033205009702802775
0.000032290853462289655
0.00003140695744850034
0.000030552154259640355
0.000029725327035683626
0.000028925407836758043
0.000028151375517491745
0.00002740225282538924
0.000026677105276114814
0.000025975037476790017
0.00002529519229511624
0.000024636749730006335
0.000023998923482518032
0.000023380960280812763
0.000022782138415835312
0.00002220176651458844
0.000021639180936162185
0.000021093745794503217
0.00002056485083407587
0.00002005191106780387
0.000019554364179615646
0.000019071671881972002
0.000018603316155812086
0.000018148799923714286
0.000017707646045927813
0.00001727939641833349
0.000016863609679544396
0.000016459862858460544
0.000016067749419640894
0.00001568687761226735
0.000015316871067036433
0.000014957368343395518
0.000014608021545838938
0.0000142684950464863
0.00001393846708624404
0.000013617627350036532
0.000013305677198161902
0.00001300232869247
0.000012707305660719817
0.000012420340882486422
0.00001214117710859851
0.000011869567479410106
0.000011605272523774823
0.000011348062575848732
0.00001109771603625647
0.000010854018830269214
0.00001061676485537971
0.000010385755305399018
0.000010160797907082343
9.941707583752697e-6
9.728305885294096e-6
9.520420389284104e-6
9.317884031971737e-6
9.120536536877699e-6
8.928222668042418e-6
8.740792335349432e-6
8.558100610157394e-6
8.380007589262699e-6
8.206378375546805e-6
8.037082186926167e-6
7.871992464196606e-6
7.710987412087654e-6
7.553948729635502e-6
7.400762631364571e-6
7.251318596958286e-6
7.105509539220571e-6
6.963232787510054e-6
6.8243878407325465e-6
6.688878211778501e-6
6.5566102289230324e-6
6.427493491347563e-6
6.301440219748505e-6
6.178365529632503e-6
6.0581869491558785e-6
5.940825102965993e-6
5.826202900332367e-6
5.714245536426721e-6
5.604880511248355e-6
5.4980380025210796e-6
5.393649599265005e-6
5.291650044285182e-6
5.191974933048712e-6
5.09456239988937e-6
4.999353116910726e-6
4.906287865244378e-6
4.815310955107604e-6
4.7263672625776445e-6
4.63940390679741e-6
4.5543692863130606e-6
4.471213421145131e-6
4.38988762912861e-6
4.310345341826673e-6
4.232540378952434e-6
4.156428550427918e-6
4.081966539402385e-6
4.0091130468727035e-6
3.937827229955912e-6
3.868069718673256e-6
3.799802034962914e-6
3.7329870597623257e-6
3.667588941631866e-6
3.603572045049038e-6
3.5409029412071925e-6
3.479547880007433e-6
3.419474915248487e-6
3.3606527615369604e-6
3.303050959486541e-6
3.2466397209679804e-6
3.191390441083626e-6
3.13727515523072e-6
3.0842666929493775e-6
3.0323384860374886e-6
2.9814649131295438e-6
2.931620822440886e-6
2.882782054708008e-6
2.8349244845325068e-6
2.7880255961138695e-6
2.742062529490197e-6
2.6970136886574105e-6
2.6528575619094925e-6
2.609573780108219e-6
2.567142099143163e-6
2.525542862558336e-6
2.4847568996674187e-6
2.4447656693833702e-6
2.4055510008725376e-6
2.3670956403908735e-6
2.329381984857259e-6
2.292393354889457e-6
2.256113764990941e-6
2.220526770267667e-6
2.185617463057535e-6
2.1513703635293588e-6
2.117770996212576e-6
2.084804977113828e-6
2.052458243223857e-6
2.0207171722773864e-6
1.9895690135650977e-6
1.9590003987210234e-6
1.9289984327503076e-6
1.8995510010212817e-6
1.870646648009747e-6
1.8422729211111363e-6
1.8144190281952393e-6
1.787073546541702e-6
1.7602255808504979e-6
1.7338645580315384e-6
1.70798019750213e-6
1.6825623723505938e-6
1.6576014379926176e-6
1.6330873950704687e-6
1.609011350028811e-6
1.5853636864521266e-6
1.5621360027655575e-6
1.5393191075751047e-6
1.5169047597704237e-6
1.4948846891259035e-6
1.473250330666853e-6
1.451994553146734e-6
1.4311087554769603e-6
1.4105862238613395e-6
1.390418780527053e-6
1.370599990097199e-6
1.3511221282463954e-6
1.3319788618133977e-6
1.3131628996750376e-6
1.294668245876665e-6
1.2764882901724263e-6
1.2586168403785994e-6
1.241047559852231e-6
1.2237747057594583e-6
1.2067919314917108e-6
1.190094192133023e-6
1.1736757401111908e-6
1.1575309242973453e-6
1.1416541565231103e-6
1.1260408240841669e-6
1.1106853375202102e-6
1.0955829212283147e-6
1.080728878929758e-6
1.0661178849788354e-6
1.0517458868061181e-6
1.0376078415635801e-6
1.0236994635911141e-6
1.0100166237487495e-6
9.965546291226838e-7
9.833096012065684e-7
9.702773540009695e-7
9.57453824780108e-7
9.448353477200172e-7
9.32417551923307e-7
9.201973465316754e-7
9.081704722080598e-7
8.963338084000732e-7
8.846833793778988e-7
8.732165582221942e-7
8.61929219465434e-7
8.508182166722591e-7
8.398801572170167e-7
8.29112350762225e-7
8.185114967516766e-7
8.080743937972034e-7
7.977983889473876e-7
7.876802835933659e-7
7.777171515670244e-7
7.679068106639678e-7
7.582460469244697e-7
7.487320788700983e-7
7.393626424284774e-7
7.301349729672272e-7
7.210465148287848e-7
7.120947567551675e-7
7.032774927211704e-7
6.945923836490349e-7
6.860369646501636e-7
6.776089793736649e-7
6.69306062906381e-7
6.61126458832234e-7
6.530679053692925e-7
6.451279118044324e-7
6.373046359067757e-7
6.295963877986974e-7
6.220007039450845e-7
6.145162264245897e-7
6.071400939775422e-7
5.998715795356563e-7
5.927084290446059e-7
5.856485223931804e-7
5.78690156246077e-7
5.718321677081726e-7
5.650724425567705e-7
5.584092668324013e-7
5.518414556386879e-7
5.453667798593028e-7
5.389842034139296e-7
5.326918717543098e-7
5.264886285316451e-7
5.2037276013883e-7
5.143430373560203e-7
5.083976172970428e-7
5.025354451481126e-7
4.96755065406497e-7
4.910552112698305e-7
4.854346516016891e-7
4.798917457640943e-7
4.7442546798776177e-7
4.690344568998689e-7
4.637178601330116e-7
4.584741842791934e-7
