0
0
0
0
0
0
0
0
0
0
0
0.000224773571159934
0.0808079470683902
0.15940025711576
0.234065426859498
0.302963932307046
0.364398322635579
0.416855040247019
0.459041710250301
0.489918980670421
0.508726128938135
0.51499980379356
0.508585440860063
0.489641070643082
0.458633425136348
0.416326438957008
0.363762428306768
0.302236411452755
0.233264203393502
0.158545070761365
0.0799198670312238
-0.00134864108442242
-0.162503789793343
-0.319655336538591
-0.468931542439941
-0.606654693200134
-0.729431706863893
-0.834237729096287
-0.918490656446393
-0.980114751567998
-1.01759178311059
-1.02999843034878
-1.01702903101271
-0.979003111882136
-0.916857516612796
-0.832123324741754
-0.726888130517732
-0.603744610891633
-0.465726649796996
-0.316234592424222
-0.158951470998085
0.00224773399894016
0.163391561627419
0.320509915278955
0.469731873850638
0.607381059535496
0.730066212653915
0.834764742037099
0.918897192532837
0.980390794980284
1.01773053297381
1.02999646828587
1.01688640536299
0.978723336510293
0.916447484337948
0.831593137519203
0.726250850557336
0.603015938844462
0.464924537938763
0.315378802365501
0.158063086817985
-0.00314682520072501
-0.164279208962557
-0.321364249801385
-0.470531847341294
-0.608106963066652
-0.730700162157753
-0.835291118914927
-0.919303028450185
-0.980666091367375
-1.01786850736019
-1.0299937213999
-1.01674300487962
-0.978442815383803
-0.916036753760566
-0.831062316650324
-0.725613017217909
-0.602286807319191
-0.464122071823454
-0.314522771998616
-0.157174582199031
0.00404591400473366
0.165166731122435
0.32221833945494
0.471331462302292
0.60883240324052
0.731333554892383
0.835816859328692
0.919708163889168
0.980940640519506
1.01800570616461
1.02999018969295
1.01659882967189
0.978161548716413
0.915625325193645
0.830530862539588
0.72497463098551
0.601557216871395
0.463319252062588
0.313666501975836
0.156285957818306
-0.0049449997259251
-0.166054127430717
-0.32307218358883
-0.472130718124384
-0.609557379504362
-0.731966390375129
-0.836341962877812
-0.920112598541104
-0.981214442227487
-1.01814212928251
-1.02998587316772
-1.01645387984964
-0.977879536722431
-0.915213198950665
-0.829998775591923
-0.724335692346543
-0.600827168056969
-0.462516079267855
-0.312809992949574
-0.155397214352878
0.00584408167915455
0.166941397211278
0.323925781552491
0.472929614198563
0.610281891305716
0.732598668123819
0.836866429162141
0.920516332097826
0.981487496282672
1.01827777660996
1.02998077182749
1.01630815552333
0.977596779616758
0.914800375345634
0.829466056212801
0.723696201787858
0.60009666143224
0.461712554051213
0.311953245572527
0.154508352479939
-0.00674315917939168
-0.167828539788077
-0.324779132695443
-0.473728149916134
-0.611005938092558
-0.733230387656706
-0.837390257782072
-0.920919364251723
-0.981759802477012
-1.0184126480436
-1.02997488567615
-1.01616165680398
-0.977313277614837
-0.914386854693145
-0.828932704808121
-0.723056159796695
-0.599365697553806
-0.460908677024982
-0.311096260497481
-0.153619372876732
0.00764223154156203
0.168715554485071
0.325632236367489
0.474526324668566
0.611729519313185
0.733861548492383
0.83791344833846
0.921321694695659
0.982031360603019
1.01854674348066
1.02996821471819
1.01601438380323
0.977029030932688
0.91397263730827
0.828398721784253
0.722415566860805
0.598634276978633
0.460104448801665
0.310239038377391
0.152730276220709
-0.00854129808064258
-0.169602440626425
-0.326485091918631
-0.475324137847718
-0.612452634416282
-0.734492150149959
-0.838436000432678
-0.921723323123094
-0.982302170453785
-1.01868006281895
-1.02996075895868
-1.0158663366333
-0.976744039786886
-0.913557723506627
-0.827864107548118
-0.72177442346827
-0.597902400264015
-0.459299869994056
-0.309381579865498
-0.151841063189297
0.009440358111505
0.17048919753635
0.327337698698951
0.47612158884567
0.6131752828508
0.735122192148928
0.838957913666513
0.922124249228011
0.982572231822939
1.0188126059569
1.02995251840332
1.01571751540699
0.976458304394608
0.913142113604371
0.827328862507055
0.721132730107589
0.597170067967676
0.458494941215175
0.30852388561513
0.150951734460002
-0.010339410949121
-0.171375824539217
-0.32819005605883
-0.476918677054836
-0.613897464066142
-0.735751674009255
-0.83947918764231
-0.922524472704886
-0.982841544504719
-1.01894437279352
-1.02994349305838
-1.0155679202377
-0.976171824973559
-0.912725807918159
-0.8267929870689
-0.720490487267764
-0.596437280647591
-0.457689663078424
-0.307665956279814
-0.150062290710537
0.0112384559084936
0.172262320959367
0.329042163348796
0.477715401867794
0.614619177512053
0.736380595251239
0.839999821962873
0.922923993248784
0.983110108293925
1.01907536322839
1.02993368293073
1.01541755123941
0.975884601742019
0.91230880676524
0.826256481641978
0.719847695438139
0.595704038862095
0.45688403619737
0.306807792513239
0.149172732618594
-0.0121374923044997
-0.173148686121348
-0.3298940199196
-0.478511762677497
-0.615340422638547
-0.737008955395683
-0.840519816231512
-0.92332281055528
-0.983377922985897
-1.01920557716171
-1.02992308802786
-1.01526640852671
-0.975596634918868
-0.911891110463342
-0.825719346635058
-0.7192043551085
-0.594970343169961
-0.45607806118583
-0.305949394969353
-0.148283060861988
0.0130365194521328
0.174034919349829
0.330745625122099
0.479307758877144
0.616061198896101
0.737636753963835
0.841039170051975
0.923720924320488
0.983644988376584
1.01933501449427
1.02991170835783
1.01511449221475
0.97530792472351
0.911472719330711
0.825181582457467
0.71856046676903
0.594236194130198
0.455271738658001
0.305090764302198
0.147393276118589
-0.0139355366663789
-0.174921019969451
-0.331596978307427
-0.480103389860237
-0.6167815057355
-0.738263990477275
-0.84155788302855
-0.924118334241072
-0.983911304262489
-1.01946367512743
-1.02989954392931
-1.01496180241929
-0.975018471375938
-0.911053633686185
-0.824643189518923
-0.717916030910391
-0.593501592302215
-0.454465069228249
-0.304231901165996
-0.146503379066444
0.0148345432622019
0.17580698730507
0.332448078826908
0.480898655020482
0.61750134260789
0.738890664458097
0.84207595476601
0.924515040014192
0.984176870440686
1.01959155896316
1.02988659475158
1.01480833925668
0.974728275096689
0.910633853849076
0.824104168229701
0.717271048023603
0.592766538245712
0.453658053511209
0.303372806215226
0.145613370383593
-0.01573353855464
-0.176692820681595
-0.333298926031977
-0.481693553751932
-0.61822070896482
-0.739516775428785
-0.842593384869568
-0.924911041337601
-0.984441686708837
-1.01971866590401
-1.0298728608345
-1.01465410284385
-0.974437336106909
-0.910213380139249
-0.823564519000497
-0.716625518600105
-0.592031032520842
-0.452850692121832
-0.302513480104463
-0.144723250748173
0.0166325218586082
0.177578519424079
0.334149519274345
0.482488085448939
0.618939604258092
0.74014232291231
0.843110172944978
0.925306337909521
0.984705752865138
1.01984499585314
1.02985834218854
1.01449909329832
0.974145654628271
0.909792212877061
0.823024242242508
0.7159794431318
0.591295075688006
0.452042985675236
0.301653923488484
0.143833020838469
-0.0175314924891476
-0.17846408285767
-0.334999857905887
-0.483282249506038
-0.619658027939989
-0.740767306431963
-0.843626318598463
-0.925700929428778
-0.9849690687084
-1.01997054871429
-1.02984303882475
-1.01434331073822
-0.973853230883017
-0.909370352383467
-0.822483338367415
-0.71533282211096
-0.590558668307949
-0.451234934786945
-0.300794137022257
-0.142942681332785
0.0184304497613091
0.179349510307527
0.335849941278701
0.484076045318129
0.62037597946304
0.741391725511555
0.844141821436755
0.926094815594699
0.985231634037963
1.02009532439178
1.02982695075481
1.01418675528222
0.97356006509399
0.908947798979895
0.821941807787333
0.71468565603029
0.589821810941855
0.45042654007264
0.299934121360849
0.142052232909521
-0.0193293929900294
-0.180234801099048
-0.336699768744982
-0.484869472280365
-0.621093458280211
-0.742015579675322
-0.84465668106702
-0.926487996107161
-0.985493448653772
-1.02021932279055
-1.02981007799096
-1.01402942704964
-0.973266157484551
-0.908524552988299
-0.821399650914931
-0.714037945382903
-0.589084504151148
-0.449617802148246
-0.299073877159652
-0.141161676247164
0.0202283214904167
0.18111995455762
0.337549339657254
0.485662529788215
0.621810463844813
0.742638868447854
0.845170897096972
0.926880470666574
0.985754512356338
1.02034254381611
1.02979242054607
1.01387132616033
0.972971508278659
0.908100614731217
0.820856868163309
0.713389690662327
0.588346748497619
0.448808721630059
0.298213405074061
0.140271012024317
-0.0211272345774809
-0.18200497000878
-0.338398653368178
-0.486455217237322
-0.622526995610525
-0.743261591354256
-0.845684469134821
-0.927272238973868
-0.98601482494673
-1.02046498737457
-1.02977397843358
-1.01371245273479
-0.972676117700817
-0.907675984531653
-0.820313459946014
-0.712740892362543
-0.587608544543415
-0.447999299134573
-0.297352705759797
-0.139380240919636
0.0220261315663385
0.182889846778231
0.339247709230535
0.487247534023725
0.623243053031373
0.743883747920034
0.846197396789202
0.927663300730548
0.986274386226617
1.02058665337263
1.02975475166756
1.01355280689405
0.972379985976103
0.907250662713164
0.81976942667715
0.712091550977861
0.586869892851045
0.447189535278487
0.29649177987267
0.138489363611802
-0.0229250117719722
-0.183774584191684
-0.34009650659743
-0.488039479543743
-0.62395863556172
-0.744505337671134
-0.846709679669287
-0.928053655638643
-0.986533195998195
-1.02070754171759
-1.02973474026265
-1.01339238875977
-0.972083113330169
-0.906824649599822
-0.819224768771253
-0.711441667003111
-0.586130793983338
-0.446379430678854
-0.295630628068663
-0.13759838077972
0.023823874509509
0.184659181575056
0.340945044822064
0.488831053193876
0.624673742656353
0.745126360133937
0.847221317384744
0.928443303400685
0.986791254064282
1.02082765231733
1.02971394423409
1.01323119845417
0.971785499989213
0.906397945516228
0.818679486643297
0.710791240933471
0.585391248503427
0.445568985952895
0.294769251003945
0.136707293102231
-0.0247227190940893
-0.185543638254242
-0.341793323257936
-0.489622254370984
-0.625388373770313
-0.745746814835193
-0.847732309545721
-0.928832243719801
-0.987048560228232
-1.02094698508034
-1.02969236359775
-1.01306923610009
-0.97148714618002
-0.905970550787552
-0.818133580708796
-0.710140273264523
-0.584651256974856
-0.44475820171818
-0.293907649334815
-0.135816101258344
0.0256215448407356
0.186427953555373
0.342641341258686
0.490413082472223
0.626102528359146
0.746366701302197
0.848242655762884
0.929220476299616
0.987305114293988
1.02106553991569
1.02966999837005
1.01290650182093
0.971188052129912
0.905542465739412
0.817587051383677
0.709488764492316
0.583910819961476
0.443947078592527
0.293045823717854
0.134924805927102
-0.0265203510646312
-0.187312126804542
-0.343489098178082
-0.491203536894971
-0.626816205878653
-0.746986019062556
-0.848752355647325
-0.929608000844319
-0.987560916066071
-1.02118331673303
-1.02964684856804
-1.01274299574068
-0.970888218066798
-0.905113690698037
-0.817039899084404
-0.708836715113213
-0.583169938027449
-0.443135617193984
-0.292183774809689
-0.134033407787601
0.0274191370808862
0.188196157328127
0.344336593370246
0.491993617037003
0.627529405785061
0.7476047676444
0.849261408810702
0.929994817058648
0.987815965349562
1.02130031544264
1.02962291420936
1.01257871798393
0.970587644219132
0.904684225990119
0.816492124227906
0.708184125624118
0.582428611737328
0.442323818140806
0.291321503267243
0.133141907519141
-0.0283179022046848
-0.189080044452481
-0.345183826189344
-0.492783322296229
-0.62824212753491
-0.748222946576274
-0.849769814865093
-0.930380924647822
-0.988070261950124
-1.02141653595535
-1.02959819531225
-1.01241366867586
-0.970286330815937
-0.904254071942887
-0.815943727231561
-0.70753099652225
-0.581686841655941
-0.441511682051595
-0.290459009747496
-0.132250305800931
0.029216645751198
0.189963787504127
0.346030795989815
0.493572652070958
0.628954370585166
0.748840555387125
0.850277573423134
0.930766323317679
0.988323805674006
1.02153197818262
1.02957269189554
1.01224784794223
0.969984278086832
0.90382322888412
0.815394708513221
0.706877328305295
0.580944628348531
0.44069920954516
0.289596294907639
0.131358603312428
-0.0301153670355691
-0.190847385809696
-0.346877502126349
-0.494361605759721
-0.629666134393088
-0.749457593606367
-0.850784684097929
-0.93115101277452
-0.988576596328007
-1.02164664203649
-1.02954640397866
-1.0120812559094
-0.969681486261928
-0.903391697142077
-0.814845068491218
-0.706223121471324
-0.58020197238059
-0.439886401240525
-0.288733359405018
-0.130466800733021
0.0310140653730901
0.191730838695931
0.347723943953744
0.495150182761361
0.630377418416383
0.750074060763877
0.851291146503085
0.931534992725249
0.988828633719488
1.02176052742957
1.02951933158165
1.01191389270429
0.96937795557198
0.902959477045606
0.814294807584352
0.705568376518801
0.579458874318094
0.439073257757127
0.287870203897189
0.129574898742263
-0.0319127400788512
-0.192614145489611
-0.348570120827067
-0.495938382475035
-0.631088222112982
-0.750689956389867
-0.851796960252696
-0.931918262877275
-0.989079917656417
-1.0218736342751
-1.02949147472513
-1.01174575845443
-0.969073686248266
-0.902526568924023
-0.813743926211903
-0.704913093946641
-0.578715334727186
-0.438259779714477
-0.287006829041807
-0.128682898019726
0.0328113904681945
0.19349730551773
0.349416032101559
0.496726204300135
0.631798544941347
0.751305280015045
0.852302124961323
0.932300822938571
0.989330447947337
1.02198596248689
1.02946283343034
1.01157685328794
0.968768678522612
0.902092973107211
0.813192424793652
0.704257274254126
0.577971354174419
0.437445967732457
0.286143235496776
0.127790799245127
-0.0337100158563343
-0.194380318107305
-0.350261677132664
-0.497513647636406
-0.632508386360235
-0.751920031170586
-0.852806640244096
-0.932682672617638
-0.98958022440134
-1.02209751197935
-1.02943340771908
-1.01140717733351
-0.968462932627425
-0.901658689925535
-0.812640303749769
-0.703600917940968
-0.577226933226706
-0.436631822431165
-0.285279423920084
-0.126898603098129
0.0346086155585773
0.195263182585555
0.351107055275987
0.498300711883803
0.633217745828747
0.752534209388049
0.853310505716526
0.9330638116235
0.989829246828112
1.02220828266748
1.02940319761379
1.01123673072044
0.968156448795683
0.901223719709918
0.812087563501026
0.702944025507323
0.576482072451247
0.435817344430926
0.284415394969982
0.126006310258614
-0.035507188890235
-0.196145898279736
-0.351952165887392
-0.499087396442635
-0.633926622806433
-0.75314781419947
-0.853813720994725
-0.933444239665775
-0.990077515037911
-1.02231827446688
-1.02937220313749
-1.01106551357859
-0.967849227260891
-0.900788062791771
-0.811534204468546
-0.702286597453665
-0.575736772415587
-0.435002534352344
-0.283551149304818
-0.125113921406523
0.0364057351665659
0.197028464517291
0.352797008322961
0.499873700713424
0.634635016753048
0.753760845137284
0.854316285695236
0.933823956454539
0.99032502884154
1.02242748729374
1.02934042431378
1.01089352603844
0.967541268257187
0.900351719503073
0.810980227073989
0.701628634281009
0.574991033687683
0.434187392816319
0.282686687583091
0.124221437221768
-0.0373042537029368
-0.197910880625678
-0.353641581938923
-0.500659624097109
-0.635342927128912
-0.754373301734421
-0.854818199435153
-0.934202961700515
-0.990571788050431
-1.02253592106485
-1.02930786116689
-1.01072076823102
-0.96723257201919
-0.899914690176302
-0.81042563173945
-0.700970136490626
-0.574244856835701
-0.433371920443934
-0.281822010463518
-0.123328858384423
0.0382027438146918
0.198793145932581
0.354485886091756
0.501445165994778
0.636050353394563
0.754985183524149
0.855319461832027
0.934581255114878
0.99081779247654
1.02264357569757
1.02927451372162
1.01054724028797
0.966923138782122
0.899476975144438
0.80987041888751
0.700311104584301
0.573498242428228
0.432556117856526
0.280957118604915
0.122436185574558
-0.0391012048172553
-0.199675259765716
-0.355329920138155
-0.502230325807925
-0.636757295011012
-0.755596490040285
-0.855820072503905
-0.934958836409417
-0.991063041932438
-1.02275045110989
-1.0292403820034
-1.01037294234152
-0.966612968781765
-0.899038574741034
-0.809314588941252
-0.699651539064216
-0.572751191034183
-0.431739985675735
-0.280092012666354
-0.121543419472419
0.0399996360259713
0.200557221452912
0.356173683434967
0.50301510293826
0.637463751439547
0.756207220816995
0.85632003106932
0.935335705296378
0.991307536231243
1.02285654722036
1.02920546603821
1.01019787452448
0.966302062254469
0.898599489300109
0.808758142324182
0.698991440432917
0.57200370322277
0.430923524523454
0.279226693306964
0.120650560758205
-0.0408980367562943
-0.201439030322172
-0.357017175339245
-0.503799496787782
-0.638169722141918
-0.75681737538894
-0.856819337147339
-0.935711861488626
-0.991551275186651
-1.02296186394814
-1.02916976585268
-1.01002203697024
-0.965990419437125
-0.898159719156259
-0.808201079460274
-0.698330809193355
-0.571255779563551
-0.430106735021773
-0.278361161186143
-0.119757610112304
0.0417964063237022
0.202320685701588
0.357860395208304
0.504583506758861
0.638875206580174
0.757426953291224
0.857317990357522
0.936087304699553
0.991794258612958
1.02306640121299
1.029133281474
1.00984542981278
0.965678040567182
0.897719264644547
0.80764340077401
0.697669645848931
0.570507420626393
0.42928961779303
0.277495416963342
0.118864568215056
-0.0426947440436378
-0.203202186919395
-0.358703342399665
-0.505367132254056
-0.639580204216738
-0.758035954059349
-0.85781599031988
-0.93646203464306
-0.992036486325001
-1.02317015893525
-1.02909601292996
-1.00966805318668
-0.965364925882686
-0.897278126100612
-0.807085106690341
-0.697007950903451
-0.569758626981546
-0.428472173459897
-0.276629461298287
-0.117971435746988
0.0435930492315978
0.204083533303891
0.359546016271004
0.506150372676322
0.640284714514472
0.758644377229276
0.858313336655002
0.936836051033639
0.992277958138228
1.02327313703587
1.02905796024898
1.00948990722708
0.965051075622196
0.896836303860558
0.806526197634633
0.696345724861061
0.569009399199565
0.427654402645184
0.275763294850779
0.117078213388607
-0.044491321203045
-0.20496472418349
-0.360388416180204
-0.506933227428804
-0.640988736936491
-0.759252222337367
-0.858810028983845
-0.937209353586278
-0.992518673868629
-1.02337533543636
-1.02901912346003
-1.00931099206974
-0.964736490024868
-0.896393798261068
-0.805966674032792
-0.695682968226421
-0.568259737851363
-0.426836305972059
-0.27489691828075
-0.116184901820491
0.0453895592736429
0.205845758886783
0.361230541485438
0.507715695915019
0.641692270946447
0.759859488920524
0.859306066928028
0.937581942016545
0.992758633332803
1.02347675405888
1.02897950259273
1.00913130785097
0.964421169330416
0.895950609639303
0.805406536311119
0.69501968150442
0.56750964350813
0.426017884063806
0.274030332248464
0.115291501723341
-0.0462877627588762
-0.206726636742508
-0.36207239154498
-0.508497777538802
-0.642395316008225
-0.76046617651605
-0.859801450109538
-0.937953816040565
-0.992997836347892
-1.02357739282613
-1.02893909767725
-1.00895085470768
-0.964105113779092
-0.895506738332929
-0.804845784896458
-0.69435586520057
-0.566759116741415
-0.425199137544139
-0.273163537414175
-0.1143980137779
0.0471859309744023
0.207607357079351
0.362913965717396
0.509279471704132
0.643097871586103
0.761072284661591
0.860296178150941
0.938324975374933
0.99323628273164
1.02367725166144
1.02889790874438
1.00876963277739
0.963788323611711
0.895062184680218
0.804284420216046
0.693691519820611
0.566008158123069
0.424380067036865
0.272296534438323
0.113504438665005
-0.0480840632358176
-0.208487919226289
-0.363755263361462
-0.510060777815434
-0.643799937144805
-0.76167781289537
-0.860790250675255
-0.938695419736862
-0.993473972302366
-1.0237763304887
-1.02885593582551
-1.00858764219817
-0.963470799069677
-0.894616949019876
-0.80372244269766
-0.693026645870796
-0.565256768225322
-0.423560673166088
-0.271429323981592
-0.112610777065501
0.048982158858746
0.209368322512392
0.364596283836109
0.510841695277379
0.644501512149334
0.762282760755937
0.861283667305996
0.939065148844086
0.993710904878944
1.02387462923244
1.02881317895261
1.00840488310869
0.963152540394913
0.894171031691145
0.803159852769492
0.692361243857693
0.564504947620734
0.422740956556131
0.27056190670471
0.111717029660298
-0.0498802171588975
-0.210248566266793
-0.365437026500482
-0.51162222349496
-0.645202596065135
-0.762887127782439
-0.861776427667215
-0.939434162414908
-0.993947080280853
-1.02397214781775
-1.02876963815828
-1.00822135564822
-0.96283354782994
-0.893724433033827
-0.802596650860196
-0.69169531428836
-0.56375269688214
-0.421920917831618
-0.269694283268679
-0.110823197130462
0.0507782374519818
0.211128649818747
0.366277490713988
0.512402361873414
0.645903188358052
0.763490913514271
0.862268531383476
0.939802460168103
0.994182498328129
1.02406888617032
1.02872531347568
1.00803705995659
0.962513821617791
0.893277153388186
0.802032837398933
0.691028857670192
0.563000016582684
0.421100557617419
0.268826454334512
0.109929280157005
-0.0516762190537956
-0.212008572497689
-0.367117675836277
-0.513182109818277
-0.646603288494166
-0.764094117491408
-0.862759978079748
-0.940170041823066
-0.994417158841391
-1.02416484421644
-1.02868020493859
-1.00785199617424
-0.962193362002137
-0.892829193095063
-0.801468412815328
-0.690361874510984
-0.562246907296004
-0.420279876538593
-0.267958420563608
-0.10903527942112
0.0525741612799899
0.212888333633175
0.367957581227018
0.513961466735457
0.647302895940069
0.764696739254267
0.863250767381598
0.940536907099723
0.99465106164182
1.024260021883
1.02863431258138
1.00766616444216
0.961872169227118
0.892380552495762
0.800903377539436
0.689694365318977
0.561493369595822
0.419458875220446
0.267090182617267
0.108141195603947
-0.053472063446421
-0.213767932554827
-0.36879720624637
-0.51474043203106
-0.648002010162683
-0.765298778343593
-0.86374089891506
-0.94090305571851
-0.994884206551212
-1.02435441909747
-1.02858763643901
-1.00747956490196
-0.96155024353747
-0.891931231932159
-0.800337732001794
-0.689026330602814
-0.560739404056383
-0.41863755428858
-0.26622174115703
-0.107247029386808
0.0543699248689758
0.214647368592393
0.36963655025451
0.515519005111565
0.648700630629352
0.76590023430069
0.864230372306701
0.94126848740046
0.995116593391926
1.02444803578792
1.02854017654706
1.00729219769583
0.961227585178501
0.891481231746593
0.79977147663337
0.688357770871491
0.55998501125211
0.41781591436884
0.265353096844732
0.106352781450997
-0.0552677448633968
-0.215526641075799
-0.370475612611887
-0.51629718538375
-0.64939875680766
-0.766501106667269
-0.864719187183497
-0.9416332018671
-0.995348221986862
-1.02454087188303
-1.02849193294169
-1.00710406296653
-0.960904194396066
-0.891030552281978
-0.799204611865703
-0.687688686634408
-0.559230191757922
-0.416993956087237
-0.264484250342167
-0.105458452477873
0.0561655227456335
0.216405749335098
0.371314392679136
0.517074972254644
0.650096388165704
0.767101394985505
0.865207343173018
0.941997198840555
0.995579092159549
1.02463292731205
1.02844290565966
1.00691516085741
0.960580071436589
0.890579193881688
0.798637138130672
0.687019078401428
0.558474946148919
0.416171680070128
0.263615202311424
0.104564043148914
-0.0570632578316089
-0.217284692700381
-0.372152889817133
-0.517852365131572
-0.65079352417191
-0.767701098797978
-0.865694839903305
-0.942360478043447
-0.995809203734048
-1.02472420200484
-1.02839309473832
-1.00672549151241
-0.960255216547019
-0.890127156889673
-0.798069055860708
-0.686348946682728
-0.557719275000572
-0.415349086944034
-0.26274595341466
-0.103669554145659
0.057960949437308
0.218163470501981
0.372991103387054
0.518629363422213
0.651490164295108
0.768300217647716
0.866181677002918
0.942723039198982
0.996038556535052
1.02481469589185
1.02834250021563
1.00653505507605
0.959929629974917
0.889674441650354
0.797500365488655
0.685678291988968
0.556963178888653
0.414526177335716
0.261876504314214
0.102774986149651
-0.0588585968786612
-0.219042082070239
-0.373829032750154
-0.51940596653452
-0.652186308004435
-0.768898751078228
-0.866667854100872
-0.943084882030923
-0.99626715038778
-1.02490440890414
-1.02829112213014
-1.00634385169344
-0.959603311968327
-0.889221048508657
-0.796931067447833
-0.685007114831099
-0.556206658389332
-0.413702951872231
-0.261006855672549
-0.101880339842461
0.0597561994717202
0.21992052673577
0.374666677267931
0.520182173876797
0.652881954769477
0.769496698633491
0.867153370826731
0.943446006263512
0.996494985118066
1.02499334097333
1.028238960521
1.00615188151026
0.959276262775923
0.88876697781011
0.796361162172013
0.684335415720625
0.555449714079026
0.412879411180849
0.260137008152365
0.100985615905897
-0.0606537565325417
-0.220798803829113
-0.375504036302155
-0.5209579848575
-0.653577104060217
-0.770094059857811
-0.86763822681058
-0.943806411621618
-0.996722060552306
-1.02508149203167
-1.02818601542794
-1.00595914467281
-0.958948482646875
-0.888312229900657
-0.79579065009546
-0.683663195169312
-0.554692346534454
-0.412055555889108
-0.259266962416372
-0.100090815021651
0.0615512673772754
0.221676912681107
0.37634110921484
0.521733398885561
0.654271755346909
0.770690834296057
0.868122421682912
0.944166097830601
0.996948376517456
1.025168862012
1.02813228689133
1.00576564132793
0.958619971830983
0.887856805126829
0.795219531652886
0.682990453689372
0.553934556332803
0.411231386624731
0.258396719127629
0.0991959378715019
-0.0624487313219604
-0.222554852622663
-0.377177895368056
-0.522508415370091
-0.65496590810025
-0.771287021493527
-0.868605955074816
-0.944525064616405
-0.997173932841083
-1.02525545084773
-1.02807777495209
-1.00557137162306
-0.958290730578539
-0.887400703835631
-0.794647807279482
-0.682317191793389
-0.553176344051409
-0.410406904015708
-0.257526278949175
-0.098300985137375
0.0633461476827588
0.223432622984849
0.378014394124254
0.523283033720579
0.655659561791342
0.771882620995907
0.869088826617874
0.944883311705508
0.997398729351323
1.02534125847288
1.02802247965177
1.00537633570623
0.957960759140404
0.886943926374596
0.794075477410866
0.68164340999441
0.552417710268055
0.409582108690241
0.256655642544201
0.0974059575011652
-0.0642435157759569
-0.224310223098774
-0.378850604846105
-0.52405725334679
-0.656352715891689
-0.772477632349389
-0.869571035944137
-0.94524083882495
-0.997622765876903
-1.02542628482208
-1.02796640103248
-1.00518053372606
-0.957630057768016
-0.886486473091759
-0.793502542483096
-0.680969108805812
-0.551658655560721
-0.408757001276849
-0.255784810576217
-0.0965108556448538
0.0651408349176732
0.225187652295767
0.379686526896335
0.52483107365882
0.65704536987304
0.773072055100595
0.870052582686178
0.945597645702284
0.997846042247083
1.02551052983055
1.02790953913698
1.00498396583174
0.957298626713358
0.886028344335698
0.792929002932805
0.680294288741347
0.550899180507879
0.407931582404157
0.254913783708709
0.0956156802504205
-0.0660381044242387
-0.226064909907311
-0.38052215963808
-0.525604494067045
-0.657737523207662
-0.773665888796633
-0.870533466477057
-0.945953732065669
-0.998068558291758
-1.02559399343408
-1.02785189400857
-1.00478663217304
-0.956966466228981
-0.885569540455494
-0.792354859196972
-0.679618950315293
-0.550139285688174
-0.407105852701213
-0.254042562605344
-0.0947204320000464
0.066935323611964
0.226941995264852
0.381357502434562
0.526377513982067
0.658429175368178
0.774259132984943
0.871013686950375
0.946309097643733
0.998290313841349
1.02567667556908
1.02779346569119
1.00458853290033
0.956633576567969
0.885110061800753
0.791780111713058
0.678943094042169
0.549378971680623
0.406279812797143
0.25317114793002
0.0938251115758811
-0.0678324917972271
-0.227818907700136
-0.382192554649304
-0.527150132814921
-0.659120325827529
-0.774851787213553
-0.871493243740218
-0.946663742165723
-0.998511308726935
-1.02575857617255
-1.02773425422936
-1.00438966816455
-0.956299957983972
-0.884649908721569
-0.791204760919038
-0.678266720436999
-0.548618239064533
-0.405453463321362
-0.252299540346698
-0.0929297196600998
0.0687296082963571
0.228695646545015
0.383027315646025
0.527922349976899
0.659810974059102
0.775443851030839
0.871972136481195
0.947017665361434
0.998731542780083
1.02583969518209
1.02767425966819
1.00419003811723
0.955965610731187
0.884189081568532
0.790628807253293
0.677589830015091
0.547857088419607
0.404626804903466
0.251427740519512
0.0920342569349031
-0.0696266724258103
-0.229572211131414
-0.383861784788692
-0.528694164879645
-0.660501119536647
-0.776035323985727
-0.872450364808376
-0.947370866961143
-0.998951015833003
-1.02592003253588
-1.0276134820534
-1.00398964291049
-0.955630535064397
-0.883727580692838
-0.790052251154679
-0.676912423292347
-0.547095520325792
-0.403799838173476
-0.250555749112719
-0.0911387240827495
0.0705236835020537
0.230448600791362
0.384695961441412
0.529465576934938
0.66119076173434
0.776626205627419
0.872927928357413
0.947723346695733
0.999169727718457
1.0259995881727
1.02755192143129
1.00378848269703
0.955294731238884
0.883265406446121
0.789475093062476
0.676234500784772
0.546333535363328
0.402972563761407
0.249683566790745
0.0902431217858887
-0.0714206408416532
-0.231324814857166
-0.385529844968652
-0.530236585555087
-0.661879900126609
-0.777216495505817
-0.873404826764355
-0.948075104296649
-0.999387678269794
-1.02607836203195
-1.02748957784878
-1.0035865576301
-0.954958199510565
-0.882802559180511
-0.788897333416515
-0.675556063009009
-0.545571134112922
-0.402144982297639
-0.24881119421825
-0.0893474507267691
0.0723175437610401
0.232200852661208
0.386363434734911
0.531007190152635
0.662568534188418
0.777806193171083
0.873881059665855
0.948426139495875
0.999604867320936
1.0261563540536
1.02742645135336
1.00338386786357
0.954620940135844
0.882339039248667
0.78831897265703
0.67487711048194
0.544808317155448
0.40131709441271
0.247938632059896
0.0884517115878038
-0.0732143915768919
-0.233076713535862
-0.387196730105078
-0.531777390140306
-0.663256663395008
-0.778395298173885
-0.874356626699052
-0.948776452025889
-0.999821294706397
-1.02623356417822
-1.02736254199315
-1.0031804135519
-0.9542829533717
-0.881874847003822
-0.787740011224694
-0.674197643721014
-0.544045085072122
-0.40048890073755
-0.247065880980519
-0.087555905051633
0.0741111836057528
0.233952396813837
0.388029730444208
0.532547184931309
0.663944287222068
0.778983810065308
0.874831527501551
0.949126041619786
1.00003696026128
1.02630999234697
1.02729784981683
1.0029761948501
0.953944239475669
0.881409982799675
0.787160449560656
0.673517663243829
0.543281438444551
0.39966040190316
0.246192941645182
0.0866600318007732
-0.0750079191644431
-0.234827901827834
-0.388862435117582
-0.533316573939035
-0.664631405145653
-0.779571728397022
-0.875305761711507
-0.949474908011191
-1.00025186382123
-1.02638563850163
-1.0272323748737
-1.00277121191378
-0.95360479870584
-0.880944446990391
-0.786580288106523
-0.672837169568618
-0.542517377854585
-0.398831598540776
-0.245319814719007
-0.0857640925177916
0.075904597569534
0.235703227910834
0.389694843490708
0.53408555657731
0.665318016642202
0.780159052720954
0.875779328967571
0.949823050934301
1.00046600522251
1.02646050258456
1.02716611721365
1.00256546489912
0.953264631320832
0.880478239930754
0.785999527304359
0.672156163213807
0.541752903884412
0.398002491282027
0.244446500867289
0.0848680878854809
-0.0768012181378448
-0.236578374395752
-0.390526954929371
-0.534854132260096
-0.666004121188539
-0.780745782589662
-0.876252228908899
-0.9501704701238
-1.00067938430196
-1.0265345845387
-1.02709907688716
-1.00235895396292
-0.952923737579886
-0.880011361975968
-0.785418167596645
-0.671474644698388
-0.540988017116485
-0.39717308075861
-0.243573000755406
-0.0839720185865085
0.0776977801862389
0.237453340615814
0.391358768799477
0.535622300401814
0.666689718261921
0.781331917555999
0.876724461175189
0.950517165315009
1.00089200089699
1.02660788430762
1.02703125394532
1.00215167926252
0.952582117742709
0.879543813481778
0.784836209426436
0.670792614541612
0.540222718133724
0.396343367602454
0.242699315049051
0.0830758853036494
-0.078594283031449
-0.238328125904323
-0.392190284467157
-0.536390060417143
-0.667374807339854
-0.781917457173389
-0.877196025406554
-0.950863136243713
-1.00110385484558
-1.02668040183545
-1.02696264843981
-1.00194364095585
-0.952239772069646
-0.879075594804441
-0.784253653237087
-0.670110073263163
-0.539457007519209
-0.395513352445882
-0.241825444413886
-0.0821796887196691
0.0794907259904282
0.239202729594724
0.393021501298878
0.537157411721079
0.668059387900415
0.78250240099567
0.877666921243707
0.951208382646317
1.00131494598631
1.02675213706695
1.02689326042289
1.00173483920143
0.951896700821531
0.878606706300723
0.783670499472563
0.669427021383114
0.538690885856388
0.394683035921283
0.240951389515771
0.0812834295175561
-0.0803871083801166
-0.240077151020596
-0.39385241866128
-0.537924353728922
-0.668743459421886
-0.783086748577133
-0.878137148327874
-0.951552904259754
-1.00152527415835
-1.02682308994745
-1.02682308994745
-1.00152527415835
-0.951552904259753
-0.878137148327903
-0.783086748577131
-0.668743459421928
-0.53792435372897
-0.393852418661331
-0.24007715102065
-0.080387108380172
0.0812834295175591
0.240951389515717
0.394683035921286
0.538690885856291
0.669427021383116
0.783670499472527
0.878606706300694
0.95189670082151
1.00173483920142
1.02689326042289
1.02675213706695
1.00131494598633
0.951208382646316
0.877666921243767
0.782502400995668
0.668059387900458
0.537157411721126
0.39302150129893
0.239202729594778
0.0794907259904252
-0.0821796887196721
-0.241825444413889
-0.395513352445885
-0.539457007519162
-0.670110073263165
-0.784253653237089
-0.879075594804442
-0.952239772069647
-1.00194364095583
-1.02696264843981
-1.02668040183545
-1.00110385484558
-0.950863136243712
-0.877196025406583
-0.781917457173387
-0.667374807339897
-0.536390060417191
-0.392190284467155
-0.238328125904377
-0.078594283031446
0.0830758853035357
0.242699315049054
0.396343367602403
0.540222718133676
0.67079261454157
0.7848362094264
0.879543813481749
0.95258211774271
1.0021516792625
1.02703125394532
1.02660788430762
1.00089200089699
0.95051716531503
0.876724461175188
0.781331917556035
0.666689718261963
0.535622300401811
0.391358768799475
0.237453340615811
0.0776977801862359
-0.0839720185864532
-0.243573000755409
-0.397173080758559
-0.540988017116488
-0.671474644698391
-0.785418167596609
-0.88001136197597
-0.952923737579865
-1.00235895396292
-1.02709907688716
-1.02653458453871
-1.00067938430197
-0.950170470123821
-0.876252228908928
-0.78074578258966
-0.666004121188626
-0.534854132260094
-0.390526954929423
-0.236578374395749
-0.0768012181379002
0.0848680878854256
0.244446500867235
0.398002491281976
0.541752903884365
0.672156163213809
0.785999527304323
0.880478239930756
0.953264631320811
1.00256546489912
1.02716611721364
1.02646050258456
1.00046600522253
0.949823050934323
0.875779328967569
0.780159052720991
0.665318016642245
0.534085556577308
0.389694843490759
0.235703227910831
0.0759045975695309
-0.0857640925177947
-0.24531981471901
-0.398831598540725
-0.542517377854538
-0.672837169568576
-0.786580288106487
-0.880944446990393
-0.953604798705797
-1.00277121191377
-1.0272323748737
-1.02638563850164
-1.00025186382124
-0.949474908011235
-0.875305761711536
-0.779571728397058
-0.664631405145696
-0.533316573939082
-0.388862435117633
-0.234827901827888
-0.0750079191644984
0.0866600318007179
0.246192941645128
0.399660401903109
0.543281438444504
0.673517663243787
0.78716044956062
0.881409982799647
0.953944239475648
1.00297619485008
1.02729784981683
1.02630999234697
1.00003696026129
0.949126041619807
0.87483152750158
0.778983810065345
0.663944287222111
0.532547184931306
0.388029730444259
0.233952396813834
0.0741111836058666
-0.0875559050516361
-0.247065880980465
-0.400488900737498
-0.544045085072075
-0.674197643720972
-0.787740011224658
-0.881874847003824
-0.954282953371679
-1.0031804135519
-1.02736254199315
-1.02623356417822
-0.999821294706418
-0.948776452025887
-0.874356626699082
-0.778395298173902
-0.66325666339505
-0.531777390140329
-0.387196730105129
-0.233076713535887
-0.0732143915769181
0.0884517115878068
0.247938632059814
0.401317094412713
0.544808317155376
0.67487711048192
0.788318972657032
0.882339039248654
0.954620940135845
1.00338386786357
1.02742645135336
1.0261563540536
0.999604867320942
0.948426139495874
0.873881059665868
0.777806193171119
0.662568534188416
0.531007190152658
0.386363434734909
0.232200852661233
0.0723175437610955
-0.0893474507267138
-0.248811194218224
-0.402144982297588
-0.5455711341129
-0.67555606300899
-0.788897333416517
-0.882802559180467
-0.954958199510567
-1.00358655763009
-1.02748957784878
-1.02607836203196
-0.9993876782698
-0.948075104296671
-0.873404826764369
-0.777216495505834
-0.661879900126674
-0.53023658555516
-0.385529844968649
-0.231324814857249
-0.0714206408417085
0.0902431217857751
0.249683566790719
0.402972563761356
0.546333535363306
0.676234500784752
0.789475093062497
0.883265406446107
0.955294731238907
1.003788482697
1.02755192143128
1.02599958817271
0.999169727718471
0.947723346695754
0.872927928357395
0.776626205627455
0.661190761734271
0.529465576935011
0.384695961441517
0.230448600791445
0.0705236835021091
-0.0911387240826942
-0.250555749112693
-0.403799838173479
-0.54709552032582
-0.676912423292261
-0.790052251154587
-0.88372758069284
-0.955630535064376
-1.00398964291048
-1.0276134820534
-1.02592003253588
-0.998951015832995
-0.947370866961176
-0.872450364808421
-0.776035323985725
-0.660501119536712
-0.528694164879643
-0.383861784788689
-0.229572211131411
-0.0696266724258073
0.0920342569349936
0.251427740519402
0.404626804903442
0.547857088419535
0.677589830015094
0.790628807253276
0.884189081568534
0.955965610731188
1.00419003811725
1.02767425966818
1.02583969518209
0.998731542780097
0.947017665361445
0.871972136481209
0.775443851030837
0.659810974059122
0.527922349976896
0.383027315646158
0.228695646545098
0.0687296082964124
-0.0929297196600154
-0.252299540346701
-0.405453463321338
-0.548618239064511
-0.678266720437045
-0.791204760918984
-0.88464990872151
-0.956299957983941
-1.00438966816455
-1.02773425422936
-1.02575857617256
-0.998511308726935
-0.94666374216571
-0.871493243740278
-0.774851787213628
-0.659120325827594
-0.527150132814969
-0.382192554649328
-0.22781890770019
-0.067832491797224
0.0938251115759133
0.253171147930023
0.406279812797065
0.549378971680576
0.678943094042127
0.791780111713041
0.885110061800754
0.956633576567959
1.00458853290033
1.0277934656912
1.02567667556909
0.998290313841377
0.946309097643767
0.871013686950373
0.774259132984961
0.658429175368198
0.526377513982014
0.381357502434532
0.226941995264963
0.0669353236120486
-0.0947204320000203
-0.254042562605347
-0.407105852701189
-0.550139285688177
-0.679618950315317
-0.792354859196974
-0.885569540455435
-0.956966466228949
-1.00478663217302
-1.02785189400857
-1.02559399343409
-0.998068558291758
-0.945953732065656
-0.870533466477056
-0.773665888796612
-0.657737523207705
-0.525604494067092
-0.380522159638104
-0.226064909907308
-0.0660381044242649
0.0956156802504235
0.254913783708741
0.407931582404186
0.550899180507832
0.680294288741283
0.792929002932769
0.886028344335685
0.957298626713348
1.00498396583174
1.02790953913698
1.02551052983055
0.997846042247104
0.945597645702318
0.870052582686207
0.773072055100651
0.657045369873038
0.524831073658818
0.379686526896332
0.225187652295764
0.0651408349177578
-0.0965108556447403
-0.255784810576135
-0.408757001276771
-0.551658655560723
-0.680969108805793
-0.793502542483098
-0.88648647309176
-0.957630057767995
-1.00518053372604
-1.02796640103248
-1.02542628482209
-0.997622765876909
-0.945240838824961
-0.86957103594412
-0.772477632349407
-0.656352715891641
-0.524057253346913
-0.378850604846157
-0.224310223098828
-0.0642435157759831
0.0974059575011682
0.256655642544233
0.409582108690217
0.552417710268107
0.681643409994347
0.794075477410793
0.886943926374553
0.957960759140394
1.00537633570623
1.02802247965177
1.02534125847288
0.997398729351315
0.944883311705554
0.869088826617936
0.771882620995963
0.655659561791385
0.523283033720601
0.378014394124306
0.223432622984846
0.0633461476827265
-0.0983009851372614
-0.257526278949093
-0.410406904015657
-0.553176344051362
-0.68231719179337
-0.794647807279484
-0.887400703835618
-0.95829073057854
-1.00557137162307
-1.02807777495209
-1.02525545084773
-0.997173932841105
-0.944525064616427
-0.868605955074831
-0.771287021493544
-0.654965908100202
-0.522508415370064
-0.377177895368162
-0.222554852622746
-0.0624487313219866
0.0991959378714467
0.258396719127603
0.411231386624734
0.55393455633283
0.682990453689375
0.795219531652813
0.887856805126786
0.958619971830962
1.00576564132791
1.02813228689133
1.025168862012
0.996948376517447
0.9441660978306
0.868122421682957
0.770690834296094
0.654271755346951
0.521733398885584
0.376341109214837
0.221676912681133
0.0615512673772724
-0.100090815021683
-0.259266962416403
-0.412055555889057
-0.554692346534383
-0.683663195169271
-0.795790650095443
-0.888312229900644
-0.958948482646898
-1.00595914467282
-1.02818601542794
-1.02508149203168
-0.996722060552313
-0.94380641162164
-0.867638226810594
-0.770094059857808
-0.653577104060192
-0.520957984857497
-0.375504036302152
-0.220798803829196
-0.0606537565326556
0.100985615905813
0.260137008152283
0.412879411180852
0.555449714079004
0.684335415720627
0.796361162172015
0.888766977810082
0.959276262775882
1.00615188151026
1.02823896052099
1.02499334097334
0.996494985118072
0.943446006263499
0.867153370826745
0.769496698633527
0.652881954769588
0.520182173876845
0.374666677267983
0.219920526735795
0.0597561994717756
-0.101880339842493
-0.261006855672524
-0.413702951872314
-0.55620665838926
-0.685007114831058
-0.79693106744778
-0.889221048508659
-0.959603311968307
-1.00634385169344
-1.02829112213014
-1.02490440890413
-0.996267150387809
-0.943084882030957
-0.866667854100917
-0.768898751078265
-0.652186308004501
-0.519405966534568
-0.373829032750151
-0.219042082070208
-0.0588585968787751
0.102774986149566
0.261876504314161
0.414526177335665
0.556963178888631
0.68567829198897
0.797500365488638
0.889674441650356
0.959929629974866
1.00653505507603
1.02834250021563
1.02481469589186
0.996038556535066
0.942723039198993
0.866181677002932
0.768300217647675
0.651490164295083
0.518629363422312
0.372991103387133
0.218163470502006
0.0579609494373634
-0.103669554145633
-0.262745953414663
-0.415349086944064
-0.557719275000575
-0.686348946682643
-0.798069055860655
-0.890127156889645
-0.960255216546999
-1.0067254915124
-1.02839309473832
-1.02472420200483
-0.995809203734055
-0.942360478043481
-0.865694839903335
-0.767701098798015
-0.650793524171953
-0.517852365131569
-0.372152889817185
-0.217284692700378
-0.0570632578315766
0.10456404314883
0.263615202311371
0.416171680070051
0.558474946148872
0.687019078401409
0.798637138130655
0.89057919388169
0.960580071436601
1.00691516085738
1.02844290565966
1.02463292731205
0.995579092159563
0.941997198840566
0.865207343173016
0.767101394985522
0.650096388165701
0.51707497225459
0.371314392679215
0.216405749335152
0.0561655227457181
-0.105458452477818
-0.26448425034217
-0.416993956087213
-0.559230191757925
-0.687688686634432
-0.799204611865631
-0.891030552281936
-0.960904194396057
-1.00710406296652
-1.02849193294169
-1.02454087188303
-0.995348221986854
-0.941633201867099
-0.864719187183559
-0.766501106667345
-0.649398756807703
-0.516297185383773
-0.370475612611912
-0.215526641075825
-0.0552677448633645
0.106352781450971
0.265353096844594
0.41781591436879
0.559985011252063
0.68835777087145
0.799771476633371
0.89148123174658
0.961227585178502
1.00729219769583
1.02854017654707
1.02444803578793
0.995116593391948
0.941268487400482
0.8642303723067
0.765900234300727
0.64870063062935
0.515519005111562
0.369636550254453
0.214647368592476
0.054369924869002
-0.107247029386782
-0.266221741157005
-0.418637554288582
-0.560739404056386
-0.689026330602816
-0.800337732001796
-0.891931231932102
-0.96155024353744
-1.00747956490195
-1.02858763643901
-1.02435441909747
-0.994884206551218
-0.940903055718521
-0.863740898915058
-0.76529877834363
-0.648002010162772
-0.514740432031108
-0.368797206246395
-0.213767932554853
-0.0534720634464472
0.10814119560398
0.267090182617242
0.419458875220368
0.561493369595727
0.689694365318936
0.800903377539401
0.892380552495734
0.961872169227098
1.00766616444216
1.02863431258138
1.02426002188299
0.994651061641841
0.940536907099757
0.863250767381628
0.764696739254265
0.647302895940066
0.513961466735455
0.367957581227016
0.212888333633114
0.0525741612800746
-0.109035279421007
-0.267958420563526
-0.420279876538542
-0.562246907295982
-0.690361874510965
-0.80146841281533
-0.892829193095079
-0.962193362002097
-1.00785199617421
-1.02868020493859
-1.02416484421645
-0.99441715884139
-0.940170041823065
-0.862759978079747
-0.764094117491406
-0.646603288494255
-0.513182109818351
-0.367117675836301
-0.212008572497772
-0.0516762190538218
0.109929280157008
0.268826454334515
0.421100557617421
0.563000016582735
0.691028857670108
0.802032837398898
0.893277153388172
0.962513821617802
1.00803705995659
1.02872531347568
1.02406888617031
0.994182498328121
0.93980246016815
0.862268531383507
0.763490913514309
0.64590318835805
0.512402361873437
0.366277490714012
0.211128649818716
0.050778237452008
-0.11082319713032
-0.269694283268625
-0.421920917831567
-0.563752696882094
-0.691695314288363
-0.80259665086018
-0.893724433033828
-0.962833547829952
-1.0082213556482
-1.02876963815827
-1.02397214781776
-0.993947080280868
-0.939434162414907
-0.861776427667246
-0.762887127782437
-0.645202596065133
-0.511622223495059
-0.365437026500561
-0.210248566266819
-0.0498802171589822
0.111717029660272
0.270561906704713
0.42274095655616
0.564504947620736
0.692361243857739
0.80315985276942
0.894171031691117
0.963152540394882
1.00840488310868
1.02881317895261
1.02387462923244
0.993710904878951
0.939065148844085
0.861283667306027
0.762282760756013
0.644501512149423
0.510841695277402
0.364596283836134
0.209368322512389
0.0489821588587137
-0.112610777065504
-0.27142932398151
-0.423560673165984
-0.565256768225276
-0.693026645870777
-0.803722442697626
-0.894616949019863
-0.963470799069679
-1.00858764219817
-1.0288559358255
-1.02377633048871
-0.993473972302389
-0.938695419736884
-0.860790250675253
-0.761677812895348
-0.643799937144803
-0.510060777815406
-0.363755263361404
-0.208487919226372
-0.0480840632359023
0.11350443866495
0.272296534438298
0.424380067036868
0.566008158123047
0.693691519820635
0.804284420216084
0.895062184680176
0.963788323611671
1.00876963277738
1.02889790874438
1.02367725166144
0.993236282731639
0.938324975374931
0.860296178150923
0.761072284661668
0.64309787158617
0.509279471704155
0.362913965717475
0.207607357079377
0.0471859309743993
-0.114398013777904
-0.273163537414178
-0.425199137544089
-0.56675911674132
-0.694355865200529
-0.804845784896442
-0.895506738332916
-0.964105113779083
-1.00895085470768
-1.02893909767725
-1.02357739282613
-0.992997836347922
-0.937953816040588
-0.859801450109536
-0.760466176516088
-0.642395316008245
-0.508497777538723
-0.362072391545004
-0.206726636742477
-0.0462877627590194
0.115291501723315
0.274030332248467
0.426017884063755
0.567509643508133
0.695019681504466
0.805406536311103
0.895950609639319
0.964421169330386
1.00913130785095
1.02897950259273
1.02347675405889
0.992758633332802
0.937581942016544
0.859306066928026
0.759859488920522
0.641692270946536
0.507715695915093
0.361230541485517
0.205845758886866
0.0453895592736691
-0.116184901820494
-0.274896918280753
-0.426836305972062
-0.568259737851268
-0.695682968226337
-0.805966674032721
-0.896393798261027
-0.964736490024859
-1.00931099206974
-1.02901912346003
-1.02337533543637
-0.992518673868605
-0.937209353586301
-0.858810028983924
-0.759252222337444
-0.640988736936512
-0.506933227428776
-0.360388416180256
-0.204964724183459
-0.0444913212029834
0.117078213388523
0.275763294850612
0.427654402645133
0.569009399199568
0.696345724861085
0.806526197634635
0.896836303860574
0.965051075622218
1.00948990722707
1.02905796024897
1.02327313703588
0.992277958138235
0.936836051033638
0.858313336655
0.758644377229254
0.640284714514423
0.506150372676396
0.359546016271111
0.204083533303974
0.043593049231624
-0.11797143574702
-0.276629461298234
-0.428472173459873
-0.569758626981621
-0.697007950903453
-0.807085106690252
-0.897278126100556
-0.965364925882676
-1.00966805318668
-1.02909601292996
-1.02317015893525
-0.992036486324984
-0.936462034643071
-0.857815990319975
-0.758035954059386
-0.639580204216759
-0.505367132254054
-0.35870334239969
-0.203202186919392
-0.0426947440435763
0.118864568215088
0.277495416963233
0.429289617792953
0.570507420626347
0.69766964584889
0.807643400773994
0.897719264644548
0.965678040567194
1.00984542981278
1.02913328147399
1.023066401213
0.991794258612972
0.936087304699588
0.857317990357553
0.757426953291242
0.638875206580103
0.504583506758859
0.357860395208466
0.202320685701728
0.0417964063237284
-0.119757610112191
-0.278361161186061
-0.430106735021775
-0.571255779563578
-0.698330809193336
-0.808201079460312
-0.898159719156218
-0.965990419437106
-1.01002203697022
-1.02916976585268
-1.02296186394814
-0.991551275186642
-0.935711861488625
-0.856819337147321
-0.756817375389018
-0.638169722141961
-0.503799496787856
-0.357017175339297
-0.201439030322198
-0.0408980367562913
0.120650560758208
0.279226693306995
0.430923524523351
0.5720037032227
0.698991440432833
0.808758142324129
0.898599489300096
0.966302062254491
1.01019787452448
1.02920546603821
1.02285654722037
0.99130753623125
0.935335705296426
0.856320031069368
0.756207220816993
0.637463751439522
0.503015102938283
0.356173683434909
0.200557221452823
0.0399996360260268
-0.121543419472276
-0.280092012666301
-0.431739985675738
-0.57275119103421
-0.699651539064219
-0.809314588941272
-0.899038574741064
-0.966612968781746
-1.01037294234151
-1.0292403820034
-1.02275045110989
-0.991063041932453
-0.934958836409415
-0.855820072503887
-0.755596490040244
-0.636757295011079
-0.502230325808025
-0.355329920138234
-0.199675259765742
-0.0391012048173108
0.122436185574532
0.280957118604918
0.432556117856608
0.573498242428206
0.700311104584218
0.809870418887458
0.899476975144439
0.966923138782093
1.01054724028796
1.02927451372163
1.02264357569756
0.990817792476564
0.93458125511495
0.855319461832058
0.754985183524167
0.636050353394653
0.501445165994801
0.354485886091753
0.198793145932521
0.0382027438146595
-0.12332885838431
-0.281822010463437
-0.433371920443884
-0.574244856835655
-0.700970136490607
-0.810425631739451
-0.899914690176317
-0.967232572019191
-1.01072076823099
-1.02930786116689
-1.02253592106485
-0.990571788050454
-0.934202961700538
-0.854818199435168
-0.754373301734359
-0.63534292712891
-0.500659624097234
-0.35364158193903
-0.197910880625704
-0.0373042537030215
0.124221437221713
0.282686687583122
0.434187392816375
0.574991033687661
0.701628634280883
0.810980227073946
0.90035171950306
0.967541268257143
1.01089352603843
1.02934042431378
1.02242748729374
0.990325028841539
0.933823956454525
0.854316285695291
0.753760845137331
0.634635016753115
0.499873700713473
0.352797008322958
0.197028464517317
0.0364057351665482
-0.12511392140657
-0.283551149304723
-0.435002534352294
-0.575736772415517
-0.702286597453635
-0.811534204468539
-0.900788062791752
-0.967849227260892
-1.0110655135786
-1.02937220313748
-1.02231827446688
-0.990077515037938
-0.933444239665799
-0.853813720994707
-0.753147814199518
-0.633926622806442
-0.499087396442569
-0.351952165887458
-0.19614589827979
-0.035507188890349
0.126006310258602
0.284415394969999
0.435817344430849
0.576482072451237
0.702944025507346
0.812087563500974
0.901223719709884
0.968156448795644
1.01123673072043
1.02940319761379
1.02220828266748
0.989829246828119
0.933063811623493
0.853310505716483
0.752534209388106
0.633217745828848
0.498300711883864
0.351107055275998
0.195263182585609
0.0346086155586182
-0.126898603098132
-0.285279423920199
-0.436631822431128
-0.577226933226588
-0.703600917940906
-0.812640303749789
-0.901658689925501
-0.968462932627406
-1.01140717733352
-1.02943340771908
-1.02209751197935
-0.989580224401383
-0.932682672617655
-0.852806640244086
-0.751920031170644
-0.632508386360244
-0.497513647636378
-0.350261677132579
-0.194380318107374
-0.0337100158564483
0.127790799245028
0.286143235496737
0.43744596773242
0.577971354174398
0.704257274254128
0.813192424793636
0.902092973107227
0.968768678522569
1.01157685328792
1.02946283343033
1.0219859624869
0.989330447947348
0.932300822938576
0.852302124961345
0.751305280015033
0.63179854494146
0.496726204300235
0.34941603210157
0.193497305517799
0.0328113904682499
-0.128682898019758
-0.287006829041754
-0.43825977971448
-0.578715334727055
-0.70491309394659
-0.813743926211887
-0.902526568923982
-0.969073686248262
-1.01174575845443
-1.02949147472513
-1.0218736342751
-0.989079917656449
-0.931918262877312
-0.851796960252719
-0.750689956389895
-0.631088222113003
-0.495938382475032
-0.348570120827106
-0.192614145489594
-0.0319127400789798
0.129574898742165
0.287870203897108
0.439073257757051
0.57945887431806
0.705568376518793
0.814294807584318
0.902959477045607
0.969377955572001
1.01191389270427
1.02951933158165
1.02176052742959
0.988828633719499
0.931534992725236
0.851291146503125
0.750074060763885
0.630377418416299
0.495150182761422
0.347723943953796
0.191730838696043
0.0310140653730871
-0.130466800733038
-0.288733359404936
-0.439886401240554
-0.580201972380665
-0.706223121471262
-0.814845068491175
-0.903391697142043
-0.969681486261924
-1.0120812559094
-1.02954640397866
-1.02164664203649
-0.988576596327985
-0.931151012774562
-0.850784684097977
-0.749457593606456
-0.629666134393144
-0.494361605759731
-0.346877502126401
-0.190847385809737
-0.030115367035566
0.131358603312431
0.289596294907599
0.440699209545031
0.580944628348461
0.706877328305318
0.815394708513178
0.903823228884093
0.969984278086848
1.01224784794223
1.02957269189554
1.02153197818264
0.988323805674017
0.930766323317671
0.850277573423181
0.748840555387133
0.62895437058514
0.493572652070981
0.346030795989881
0.189963787504239
0.0292166457512535
-0.132250305800934
-0.290459009747456
-0.441511682051572
-0.581686841655956
-0.707530996522263
-0.815943727231519
-0.904254071942833
-0.970286330815918
-1.01241366867586
-1.02959819531224
-1.02141653595536
-0.988070261950132
-0.930380924647833
-0.849769814865075
-0.748222946576362
-0.628242127535
-0.492783322296226
-0.345183826189397
-0.189080044452536
-0.0283179022046525
0.133141907519101
0.29132150326726
0.442323818140676
0.58242861173727
0.708184125624109
0.816492124227864
0.904684225990113
0.970587644219138
1.01257871798392
1.02962291420936
1.02130031544265
0.987815965349586
0.929994817058659
0.849261408810717
0.747604767644418
0.627529405785058
0.491993617037013
0.344336593370202
0.188196157328239
0.0274191370809855
-0.13403340778756
-0.29218377480965
-0.443135617193947
-0.583169938027439
-0.708836715113194
-0.817039899084424
-0.905113690697976
-0.97088821806676
-1.01274299574067
-1.02964684856804
-1.02118331673304
-0.987560916066062
-0.92960800084435
-0.848752355647332
-0.746986019062493
-0.626816205878709
-0.491203536895019
-0.34348909817819
-0.187312126804554
-0.0265203510646135
0.134924805927018
0.293045823717885
0.443947078592609
0.583910819961406
0.709488764492265
0.817587051383634
0.905542465739407
0.971188052129913
1.01290650182092
1.02966999837005
1.02106553991568
0.987305114294016
0.929220476299647
0.848242655762932
0.746366701302215
0.626102528359155
0.490413082472259
0.342641341258683
0.186427953555312
0.0256215448408497
-0.135816101258318
-0.29390764933472
-0.444758201718143
-0.584651256974883
-0.710140273264483
-0.818133580708762
-0.905970550787581
-0.971487146180016
-1.01306923610008
-1.02969236359774
-1.02094698508035
-0.987048560228227
-0.928832243719831
-0.847732309545728
-0.74574681483516
-0.625388373770334
-0.489622254371033
-0.34179332325803
-0.185543638254282
-0.0247227190940863
0.136707293102205
0.29476925100392
0.445568985952924
0.585391248503441
0.71079124093342
0.818679486643227
0.906397945516201
0.971785499989209
1.01323119845416
1.02971394423409
1.02082765231733
0.986791254064281
0.928443303400697
0.847221317384818
0.745126360133985
0.624673742656316
0.488831053193925
0.340945044822117
0.184659181574996
0.0238238745095499
-0.137598380779679
-0.295630628068526
-0.446379430678791
-0.586130793983329
-0.71144166700306
-0.819224768771245
-0.90682464959983
-0.972083113330155
-1.01339238875978
-1.02973474026265
-1.0207075417176
-0.986533195998203
-0.928053655638655
-0.846709679669294
-0.744505337671132
-0.623958635561718
-0.488039479543702
-0.340096506597523
-0.183774584191782
-0.0229250117720131
0.138489363611761
0.296491779872645
0.447189535278477
0.586869892851036
0.712091550977885
0.819769426677081
0.90725066271311
0.972379985976104
1.01355280689404
1.02975475166756
1.02058665337262
0.986274386226625
0.927663300730553
0.846197396789275
0.743883747920082
0.623243053031382
0.487247534023826
0.339247709230532
0.182889846778213
0.0220261315663794
-0.139380240919668
-0.297352705759884
-0.447999299134497
-0.587608544543393
-0.712740892362493
-0.820313459946007
-0.907675984531655
-0.972676117700808
-1.01371245273479
-1.02977397843358
-1.02046498737458
-0.986014824946751
-0.927272238973905
-0.845684469134836
-0.743261591354264
-0.622526995610558
-0.486455217237319
-0.338398653368119
-0.182004970008892
-0.0211272345775071
0.140271012024233
0.298213405074022
0.448808721630101
0.588346748497574
0.713389690662319
0.820856868163346
0.908100614731191
0.972971508278646
1.01387132616032
1.02979242054607
1.02034254381611
0.985754512356358
0.92688047066656
0.845170897096945
0.742638868447903
0.621810463844858
0.485662529788263
0.337549339657293
0.181119954557603
0.0202283214904429
-0.141161676247182
-0.299073877159683
-0.449617802148275
-0.589084504151042
-0.714037945382831
-0.821399650914897
-0.908524552988301
-0.973266157484538
-1.01402942704963
-1.02981007799096
-1.02021932279055
-0.985493448653813
-0.92648799610721
-0.84465668106706
-0.74201557967529
-0.621093458280255
-0.484869472280401
-0.336699768744924
-0.180234801099045
-0.0193293929901873
0.142052232909394
0.299934121360824
0.45042654007263
0.589821810941797
0.714685656030292
0.821941807787361
0.908947798979876
0.973560065093953
1.01418675528221
1.02982695075481
1.02009532439178
0.98523163403797
0.926094815594704
0.844141821436728
0.741391725511552
0.62037597946299
0.484076045318223
0.335849941278746
0.17934951030756
0.0184304497613427
-0.142942681332759
-0.300794137022246
-0.451234934786934
-0.590558668307988
-0.715332822110873
-0.822483338367351
-0.909370352383472
-0.973853230883001
-1.01434331073821
-1.02984303882476
-1.01997054871429
-0.984969068708391
-0.925700929428838
-0.843626318598491
-0.740767306431966
-0.619658027940039
-0.483282249506036
-0.334999857905856
-0.178464082857711
-0.017531492489108
0.143833020838378
0.301653923488424
0.452042985675219
0.591295075687961
0.715979443131792
0.823024242242519
0.909792212877062
0.974145654628279
1.01449909329831
1.02985834218854
1.01984499585315
0.984705752865159
0.925306337909533
0.843110172944976
0.740142322912318
0.618939604258083
0.482488085448891
0.334149519274432
0.17757851942422
0.0166325218586929
-0.144723250748133
-0.302513480104507
-0.452850692121775
-0.592031032520839
-0.716625518600176
-0.823564519000469
-0.910213380139175
-0.974437336106876
-1.01465410284385
-1.0298728608345
-1.01971866590402
-0.984441686708825
-0.924911041337558
-0.842593384869604
-0.739516775428865
-0.618220708964865
-0.481693553751968
-0.333298926031961
-0.176692820681628
-0.015733538554615
0.14561337038364
0.303372806215152
0.453658053511106
0.592766538245654
0.717271048023569
0.824104168229703
0.91063385384906
0.974728275096692
1.01480833925668
1.02988659475158
1.01959155896317
0.984176870440722
0.92451504001422
0.842075954765983
0.738890664458131
0.617501342607923
0.480898655020415
0.332448078826899
0.175806987305211
0.0148345432622793
-0.146503379066425
-0.304231901166027
-0.454465069228186
-0.593501592302169
-0.717916030910394
-0.824643189518956
-0.911053633686111
-0.975018471375889
-1.01496180241927
-1.02989954392931
-1.01946367512743
-0.98391130426249
-0.924118334241051
-0.841557883028577
-0.738263990477355
-0.61678150573558
-0.48010338986028
-0.331596978307563
-0.174921019969541
-0.0139355366663392
0.147393276118679
0.305090764302194
0.455271738658044
0.594236194130152
0.718560466769027
0.825181582457407
0.911472719330689
0.975307924723499
1.01511449221475
1.02991170835783
1.01933501449426
0.983644988376622
0.923720924320535
0.841039170052007
0.737636753963838
0.616061198896092
0.479307758877115
0.330745625122131
0.174034919349811
0.0130365194522176
-0.148283060861925
-0.30594939496923
-0.456078061185761
-0.59497034316991
-0.719204355108555
-0.825719346635064
-0.911891110463354
-0.975596634918817
-1.0152664085267
-1.02992308802786
-1.01920557716172
-0.983377922985903
-0.923322810555279
-0.840519816231548
-0.737008955395635
-0.615340422638638
-0.478511762677579
-0.329894019919749
-0.173148686121374
-0.0121374923044674
0.14917273261864
0.306807792513221
0.456884036197366
0.59570403886214
0.719847695438105
0.826256481641888
0.912308806765198
0.975884601742006
1.01541755123941
1.02993368293073
1.01907536322838
0.983110108293896
0.922923993248838
0.83999982196293
0.736380595251272
0.61461917751205
0.477715401867778
0.329042163348869
0.172262320959393
0.0112384559083515
-0.15006229071046
-0.307665956279649
-0.457689663078315
-0.596437280647599
-0.720490487267725
-0.82679298706888
-0.912725807918167
-0.97617182497357
-1.01556792023769
-1.02994349305838
-1.01894437279353
-0.982841544504738
-0.922524472704944
-0.839479187642304
-0.735751674009212
-0.61389746406608
-0.476918677054827
-0.32819005605891
-0.17137582453925
-0.01033941094914
0.150951734459918
0.30852388561507
0.458494941215165
0.597170067967678
0.721132730107628
0.827328862506961
0.913142113604304
0.976458304394578
1.01571751540698
1.02995251840332
1.0188126059569
0.982572231822925
0.922124249228016
0.838957913666579
0.735122192148998
0.613175282850839
0.476121588845801
0.327337698699038
0.170489197536311
0.00944035811140683
-0.151841063189289
-0.309381579865323
-0.459299869994006
-0.597902400264017
-0.721774423468196
-0.827864107548091
-0.913557723506615
-0.976744039786894
-1.01586633663331
-1.02996075895868
-1.01868006281897
-0.982302170453806
-0.921723323123117
-0.838436000432678
-0.734492150149947
-0.612452634416227
-0.475324137847744
-0.32648509191861
-0.169602440626501
-0.00854129808066882
0.152730276220586
0.310239038377321
0.460104448801615
0.598634276978698
0.722415566860815
0.828398721784292
0.913972637308201
0.977029030932684
1.01601438380322
1.02996821471819
1.01854674348066
0.982031360603052
0.921321694695686
0.837913448338416
0.733861548492458
0.611729519313256
0.474526324668703
0.325632236367507
0.168715554485039
0.00764223154162852
-0.153619372876721
-0.311096260497484
-0.460908677024929
-0.59936569755377
-0.723056159796619
-0.828932704808066
-0.914386854693128
-0.977313277614831
-1.01616165680398
-1.02997488567615
-1.01841264804359
-0.981759802477047
-0.920919364251751
-0.837390257782097
-0.733230387656701
-0.611005938092632
-0.47372814991617
-0.324779132695464
-0.167828539787933
-0.00674315917946183
0.154508352479769
0.311953245572415
0.461712554051258
0.6000966614322
0.723696201787834
0.829466056212814
0.914800375345669
0.977596779616749
1.0163081555233
1.02998077182749
1.01827777660997
0.981487496282709
0.920516332097822
0.836866429162103
0.732598668123763
0.610281891305796
0.472929614198638
0.323925781552519
0.16694139721129
0.00584408167923201
-0.15539721435282
-0.312809992949566
-0.462516079267864
-0.600827168056924
-0.724335692346433
-0.829998775591861
-0.915213198950626
-0.97787953672242
-1.01645387984964
-1.02998587316772
-1.01814212928251
-0.98121444222749
-0.920112598541153
-0.836341962877846
-0.731966390375158
-0.609557379504445
-0.472130718124462
-0.323072183588785
-0.166054127430736
-0.00494499972588913
0.156285957818128
0.31366650197579
0.463319252062594
0.601557216871318
0.724974630985481
0.830530862539573
0.915625325193605
0.978161548716428
1.01659882967186
1.02999018969295
1.01800570616462
0.980940640519521
0.919708163889167
0.835816859328679
0.731333554892414
0.608832403240541
0.471331462302374
0.32221833945501
0.165166731122457
0.00404591400485504
-0.157174582198963
-0.314522771998567
-0.464122071823455
-0.602286807319205
-0.725613017217959
-0.831062316650237
-0.916036753760577
-0.978442815383779
-1.01674300487961
-1.0299937213999
-1.0178685073602
-0.980666091367392
-0.919303028450133
-0.835291118914987
-0.730700162157813
-0.608106963066773
-0.470531847341275
-0.321364249801349
-0.164279208962619
-0.00314682520073478
0.158063086817992
0.315378802365447
0.464924537938727
0.603015938844377
0.726250850557274
0.831593137519182
0.91644748433794
0.978723336510304
1.016886405363
1.02999646828587
1.01773053297382
0.980390794980302
0.918897192532857
0.834764742037093
0.730066212653979
0.607381059535526
0.469731873850655
0.320509915279035
0.163391561627486
0.00224773399907252
-0.158951470997971
-0.316234592424275
-0.465726649796956
-0.603744610891639
-0.726888130517749
-0.832123324741731
-0.916857516612786
-0.979003111882109
-1.0170290310127
-1.02999843034878
-1.01759178311061
-0.980114751567982
-0.918490656446361
-0.834237729096284
-0.72943170686396
-0.606654693200197
-0.468931542439963
-0.319655336538598
-0.162503789793414
-0.000674320542238739
0.0799198670312226
0.158545070761372
0.23326420339348
0.302236411452694
0.363762428306734
0.416326438956984
0.458633425136342
0.48964107064308
0.508585440860067
0.51499980379356
0.508726128938135
0.489918980670437
0.459041710250312
0.416855040247029
0.364398322635614
0.302963932307079
0.234065426859459
0.159400257115766
0.0808079470683704
0
0
0
0
0
0
0
0
0
0
0
