0
0
0
0
0
0
0
0
0
0
0
0
0
0
0
0
0
0
0
0
0
0
0
0
0
0
0
0
0
0
0
0
0
0
0
0
0
0
0
0
0
0
0
0
0
0
0
0
0
0
0
0
0
0
0
0
0
0
0
0
0
0
0
0
0
0
0
0
0
0
0
0
0
0
0
0
0
0
0
0
0
0
0
0
0
0
0
0
0
0
0
0
0
0
0
0
0
0
0
0
0
0
0
0
0
0
0
0
0
0
0
0
0
0
0
0
0
0
0
0
0
0
0
0
0
0
0
0
0
0
0
0
0
0
0
0
0
0
0
0
0
0
0
0
0
0
0
0
0
0
0
0
0
0
0
0
0
0
0
0
0
0
0
0
0
0
0
0
0
0
0
0
0
0
0
0
0
0
0
0
0
0
0
0
0
0
0
0
0
0
0
0
0
0
0
0
0
0
0
0
0
2.4980018054066e-15
0.00431272372801949
0.0165821602734902
0.0358403623861453
0.0611655723677583
0.091681367832861
0.12655580746946
0.165000576799753
0.206270133940846
0.249660855365465
0.29451018166268
0.340195763298614
0.386134606377164
0.431782218400713
0.47663175403085
0.520213160849084
0.562092325117562
0.601870217539782
0.639182039021315
0.673696366430513
0.705114298359234
0.733168600883551
0.757622853324472
0.778270594008656
0.794934466029126
0.807465363005993
0.815741574847161
0.819667933509053
0.819174958757323
0.814218003927571
0.804776401686063
0.790852609790443
0.772471356850453
0.749678788088646
0.722541611101104
0.691146241618154
0.655597949265086
0.616020003322864
0.572552818488847
0.525353100637504
0.474592992581131
0.420459219830563
0.363152236355896
0.302885370347201
0.239883969975235
0.174384549152169
0.106633933292291
0.0368884050727324
-0.0345871498058209
-0.107520096858412
-0.181630907055096
-0.256634011060222
-0.332238653471721
-0.408149747060385
-0.484068727009156
-0.559694405152404
-0.634723824215216
-0.708853112052676
-0.78177833588915
-0.853196356557573
-0.922805682738727
-0.990307325200528
-1.05540565103731
-1.11780923790911
-1.17723172828095
-1.23339268366211
-1.28601843884544
-1.33484295614661
-1.37960867964344
-1.4200673894151
-1.45598105578151
-1.48712269354252
-1.51327721621724
-1.53424229028333
-1.54982918941628
-1.55986364872866
-1.56418671900946
-1.56265562096333
-1.55514459944987
-1.54154577772294
-1.52177001166991
-1.49574774405097
-1.4634298587384
-1.42478853495585
-1.37981810151765
-1.32853589106805
-1.27098309432054
-1.20722561429714
-1.13735492056762
-1.06148890348889
-0.979772728444171
-0.892379690082365
-0.799512066557286
-0.701401973766965
-0.59831221959295
-0.490537158139546
-0.378403543973143
-0.262271386361471
-0.142534803512902
-0.0196228768157134
0.105999494922592
0.233830741236062
0.363331765760943
0.493925091996438
0.624994009065425
0.755881717475159
0.885890474877964
1.01428074183201
1.14027032756199
1.2630335357198
1.38170031014537
1.49535538062724
1.60303740866337
1.70373813322184
1.79640151650154
1.87992288969291
1.95314809873864
2.01487265009438
2.06384085648951
2.09874498268778
2.11822439124812
2.12086468828529
2.11460035497342
2.09505682027946
2.05999897430387
2.00585635986927
1.92834803958367
1.82410223580701
1.69337868302683
1.54239118954991
1.38237779891806
1.22510038532716
1.07865561031081
0.946529484200885
0.828944474917995
0.724509219895641
0.631305089238848
0.547417745169824
0.471138121761999
0.401007527541425
0.335802561637632
0.274502278071418
0.216250386546111
0.160315258870578
0.106052695715492
0.0528761752100654
0.000234291857121816
-0.052407627547542
-0.10558426851547
-0.159847074946756
-0.215782643380305
-0.274035318353125
-0.335337011939223
-0.400544509226156
-0.47067947151611
-0.546966152792529
-0.630864078388051
-0.724082853892096
-0.828536482150985
-0.946141147316622
-1.07828130285783
-1.22471950705502
-1.38194352082597
-1.54182206812765
-1.69256712314376
-1.82295218842451
-1.92683288961213
-2.00406073666395
-2.05810198438971
-2.09324293408616
-2.11294417893103
-2.11928510278365
-2.11294233536406
-2.09323919465565
-2.05809623122274
-2.0040527479168
-1.92682226612491
-1.82293826218537
-1.69254890908759
-1.54179834074731
-1.381913022493
-1.22468116598112
-1.07823433244362
-0.946085021748905
-0.828470859788135
-0.724007504294636
-0.630778831700135
-0.546870870525122
-0.470574032812517
-0.400428806161006
-0.335210945971173
-0.273898789330494
-0.215635528491401
-0.159689204979256
-0.105415410068732
-0.0522274724335502
0.000426133568109562
0.0530801815680478
0.106269440740844
0.160545426525371
0.216494804511868
0.274761998450572
0.336079014706579
0.401302730912096
0.471454865218542
0.547759667668148
0.631676594566763
0.724915118657109
0.829389034523954
0.947014210399422
1.07917462550296
1.22563215645711
1.38287368710006
1.54276703963979
1.69352361496929
1.82391698367091
1.92780344173527
2.00503542048828
2.05907999054907
2.09422395522914
2.11392805766676
2.12086468828529
2.11460035497342
2.09505682027946
2.05999897430387
2.00585635986927
1.92834803958367
1.82410223580701
1.69337868302683
1.54239118954991
1.38237779891806
1.22510038532716
1.07865561031081
0.946529484200885
0.828944474917995
0.724509219895641
0.631305089238848
0.547417745169824
0.471138121761999
0.401007527541425
0.335802561637632
0.274502278071418
0.216250386546111
0.160315258870578
0.106052695715492
0.0528761752100654
0.000234291857121816
-0.052407627547542
-0.10558426851547
-0.159847074946756
-0.215782643380305
-0.274035318353125
-0.335337011939223
-0.400544509226156
-0.47067947151611
-0.546966152792529
-0.630864078388051
-0.724082853892096
-0.828536482150985
-0.946141147316622
-1.07828130285783
-1.22471950705502
-1.38194352082597
-1.54182206812765
-1.69256712314376
-1.82295218842451
-1.92683288961213
-2.00406073666395
-2.05810198438971
-2.09324293408616
-2.11294417893103
-2.11928510278365
-2.11294233536406
-2.09323919465565
-2.05809623122274
-2.0040527479168
-1.92682226612491
-1.82293826218537
-1.69254890908759
-1.54179834074731
-1.381913022493
-1.22468116598112
-1.07823433244362
-0.946085021748905
-0.828470859788135
-0.724007504294636
-0.630778831700135
-0.546870870525122
-0.470574032812517
-0.400428806161006
-0.335210945971173
-0.273898789330494
-0.215635528491401
-0.159689204979256
-0.105415410068732
-0.0522274724335502
0.000426133568109562
0.0530801815680478
0.106269440740844
0.160545426525371
0.216494804511868
0.274761998450572
0.336079014706579
0.401302730912096
0.471454865218542
0.547759667668148
0.631676594566763
0.724915118657109
0.829389034523954
0.947014210399422
1.07917462550296
1.22563215645711
1.38287368710006
1.54276703963979
1.69352361496929
1.82391698367091
1.92780344173527
2.00503542048828
2.05907999054907
2.09422395522914
2.11392805766676
2.12086468828529
2.11460035497342
2.09505682027946
2.05999897430387
2.00585635986927
1.92834803958367
1.82410223580701
1.69337868302683
1.54239118954991
1.38237779891806
1.22510038532716
1.07865561031081
0.946529484200885
0.828944474917995
0.724509219895641
0.631305089238848
0.547417745169824
0.471138121761999
0.401007527541425
0.335802561637632
0.274502278071418
0.216250386546111
0.160315258870578
0.106052695715492
0.0528761752100654
0.000234291857121816
-0.052407627547542
-0.10558426851547
-0.159847074946756
-0.215782643380305
-0.274035318353125
-0.335337011939223
-0.400544509226156
-0.47067947151611
-0.546966152792529
-0.630864078388051
-0.724082853892096
-0.828536482150985
-0.946141147316622
-1.07828130285783
-1.22471950705502
-1.38194352082597
-1.54182206812765
-1.69256712314376
-1.82295218842451
-1.92683288961213
-2.00406073666395
-2.05810198438971
-2.09324293408616
-2.11294417893103
-2.11928510278365
-2.11294233536406
-2.09323919465565
-2.05809623122274
-2.0040527479168
-1.92682226612491
-1.82293826218537
-1.69254890908759
-1.54179834074731
-1.381913022493
-1.22468116598112
-1.07823433244362
-0.946085021748905
-0.828470859788135
-0.724007504294636
-0.630778831700135
-0.546870870525122
-0.470574032812517
-0.400428806161006
-0.335210945971173
-0.273898789330494
-0.215635528491401
-0.159689204979256
-0.105415410068732
-0.0522274724335502
0.000426133568109562
0.0530801815680478
0.106269440740844
0.160545426525371
0.216494804511868
0.274761998450572
0.336079014706579
0.401302730912096
0.471454865218542
0.547759667668148
0.631676594566763
0.724915118657109
0.829389034523954
0.947014210399422
1.07917462550296
1.22563215645711
1.38287368710006
1.54276703963979
1.69352361496929
1.82391698367091
1.92780344173527
2.00503542048828
2.05907999054907
2.09422395522914
2.11392805766676
2.12086468828529
2.11460035497342
2.09505682027946
2.05999897430387
2.00585635986927
1.92834803958367
1.82410223580701
1.69337868302683
1.54239118954991
1.38237779891806
1.22510038532716
1.07865561031081
0.946529484200885
0.828944474917995
0.724509219895641
0.631305089238848
0.547417745169824
0.471138121761999
0.401007527541425
0.335802561637632
0.274502278071418
0.216250386546111
0.160315258870578
0.106052695715492
0.0528761752100654
0.000234291857121816
-0.052407627547542
-0.10558426851547
-0.159847074946756
-0.215782643380305
-0.274035318353125
-0.335337011939223
-0.400544509226156
-0.47067947151611
-0.546966152792529
-0.630864078388051
-0.724082853892096
-0.828536482150985
-0.946141147316622
-1.07828130285783
-1.22471950705502
-1.38194352082597
-1.54182206812765
-1.69256712314376
-1.82295218842451
-1.92683288961213
-2.00406073666395
-2.05810198438971
-2.09324293408616
-2.11294417893103
-2.11928510278365
-2.11294233536406
-2.09323919465565
-2.05809623122274
-2.0040527479168
-1.92682226612491
-1.82293826218537
-1.69254890908759
-1.54179834074731
-1.381913022493
-1.22468116598112
-1.07823433244362
-0.946085021748905
-0.828470859788135
-0.724007504294636
-0.630778831700135
-0.546870870525122
-0.470574032812517
-0.400428806161006
-0.335210945971173
-0.273898789330494
-0.215635528491401
-0.159689204979256
-0.105415410068732
-0.0522274724335502
0.000426133568109562
0.0530801815680478
0.106269440740844
0.160545426525371
0.216494804511868
0.274761998450572
0.336079014706579
0.401302730912096
0.471454865218542
0.547759667668148
0.631676594566763
0.724915118657109
0.829389034523954
0.947014210399422
1.07917462550296
1.22563215645711
1.38287368710006
1.54276703963979
1.69352361496929
1.82391698367091
1.92780344173527
2.00503542048828
2.05907999054907
2.09422395522914
2.11392805766676
2.12086468828529
2.11460035497342
2.09505682027946
2.05999897430387
2.00585635986927
1.92834803958367
1.82410223580701
1.69337868302683
1.54239118954991
1.38237779891806
1.22510038532716
1.07865561031081
0.946529484200885
0.828944474917995
0.724509219895641
0.631305089238848
0.547417745169824
0.471138121761999
0.401007527541425
0.335802561637632
0.274502278071418
0.216250386546111
0.160315258870578
0.106052695715492
0.0528761752100654
0.000234291857121816
-0.052407627547542
-0.10558426851547
-0.159847074946756
-0.215782643380305
-0.274035318353125
-0.335337011939223
-0.400544509226156
-0.47067947151611
-0.546966152792529
-0.630864078388051
-0.724082853892096
-0.828536482150985
-0.946141147316622
-1.07828130285783
-1.22471950705502
-1.38194352082597
-1.54182206812765
-1.69256712314376
-1.82295218842451
-1.92683288961213
-2.00406073666395
-2.05810198438971
-2.09324293408616
-2.11294417893103
-2.11928510278365
-2.11294233536406
-2.09323919465565
-2.05809623122274
-2.0040527479168
-1.92682226612491
-1.82293826218537
-1.69254890908759
-1.54179834074731
-1.381913022493
-1.22468116598112
-1.07823433244362
-0.946085021748905
-0.828470859788135
-0.724007504294636
-0.630778831700135
-0.546870870525122
-0.470574032812517
-0.400428806161006
-0.335210945971173
-0.273898789330494
-0.215635528491401
-0.159689204979256
-0.105415410068732
-0.0522274724335502
0.000426133568109562
0.0530801815680478
0.106269440740844
0.160545426525371
0.216494804511868
0.274761998450572
0.336079014706579
0.401302730912096
0.471454865218542
0.547759667668148
0.631676594566763
0.724915118657109
0.829389034523954
0.947014210399422
1.07917462550296
1.22563215645711
1.38287368710006
1.54276703963979
1.69352361496929
1.82391698367091
1.92780344173527
2.00503542048828
2.05907999054907
2.09422395522914
2.11392805766676
2.12086468828529
2.11460035497342
2.09505682027946
2.05999897430387
2.00585635986927
1.92834803958367
1.82410223580701
1.69337868302683
1.54239118954991
1.38237779891806
1.22510038532716
1.07865561031081
0.946529484200885
0.828944474917995
0.724509219895641
0.631305089238848
0.547417745169824
0.471138121761999
0.401007527541425
0.335802561637632
0.274502278071418
0.216250386546111
0.160315258870578
0.106052695715492
0.0528761752100654
0.000234291857121816
-0.052407627547542
-0.10558426851547
-0.159847074946756
-0.215782643380305
-0.274035318353125
-0.335337011939223
-0.400544509226156
-0.47067947151611
-0.546966152792529
-0.630864078388051
-0.724082853892096
-0.828536482150985
-0.946141147316622
-1.07828130285783
-1.22471950705502
-1.38194352082597
-1.54182206812765
-1.69256712314376
-1.82295218842451
-1.92683288961213
-2.00406073666395
-2.05810198438971
-2.09324293408616
-2.11294417893103
-2.11928510278365
-2.11294233536406
-2.09323919465565
-2.05809623122274
-2.0040527479168
-1.92682226612491
-1.82293826218537
-1.69254890908759
-1.54179834074731
-1.381913022493
-1.22468116598112
-1.07823433244362
-0.946085021748905
-0.828470859788135
-0.724007504294636
-0.630778831700135
-0.546870870525122
-0.470574032812517
-0.400428806161006
-0.335210945971173
-0.273898789330494
-0.215635528491401
-0.159689204979256
-0.105415410068732
-0.0522274724335502
0.000426133568109562
0.0530801815680478
0.106269440740844
0.160545426525371
0.216494804511868
0.274761998450572
0.336079014706579
0.401302730912096
0.471454865218542
0.547759667668148
0.631676594566763
0.724915118657109
0.829389034523954
0.947014210399422
1.07917462550296
1.22563215645711
1.38287368710006
1.54276703963979
1.69352361496929
1.82391698367091
1.92780344173527
2.00503542048828
2.05907999054907
2.09422395522914
2.11392805766676
2.12086468828529
2.11460035497342
2.09505682027946
2.05999897430387
2.00585635986927
1.92834803958367
1.82410223580701
1.69337868302683
1.54239118954991
1.38237779891806
1.22510038532716
1.07865561031081
0.946529484200885
0.828944474917995
0.724509219895641
0.631305089238848
0.547417745169824
0.471138121761999
0.401007527541425
0.335802561637632
0.274502278071418
0.216250386546111
0.160315258870578
0.106052695715492
0.0528761752100654
0.000234291857121816
-0.052407627547542
-0.10558426851547
-0.159847074946756
-0.215782643380305
-0.274035318353125
-0.335337011939223
-0.400544509226156
-0.47067947151611
-0.546966152792529
-0.630864078388051
-0.724082853892096
-0.828536482150985
-0.946141147316622
-1.07828130285783
-1.22471950705502
-1.38194352082597
-1.54182206812765
-1.69256712314376
-1.82295218842451
-1.92683288961213
-2.00406073666395
-2.05810198438971
-2.09324293408616
-2.11294417893103
-2.11928510278365
-2.11294233536406
-2.09323919465565
-2.05809623122274
-2.0040527479168
-1.92682226612491
-1.82293826218537
-1.69254890908759
-1.54179834074731
-1.381913022493
-1.22468116598112
-1.07823433244362
-0.946085021748905
-0.828470859788135
-0.724007504294636
-0.630778831700135
-0.546870870525122
-0.470574032812517
-0.400428806161006
-0.335210945971173
-0.273898789330494
-0.215635528491401
-0.159689204979256
-0.105415410068732
-0.0522274724335502
0.000426133568109562
0.0530801815680478
0.106269440740844
0.160545426525371
0.216494804511868
0.274761998450572
0.336079014706579
0.401302730912096
0.471454865218542
0.547759667668148
0.631676594566763
0.724915118657109
0.829389034523954
0.947014210399422
1.07917462550296
1.22563215645711
1.38287368710006
1.54276703963979
1.69352361496929
1.82391698367091
1.92780344173527
2.00503542048828
2.05907999054907
2.09422395522914
2.11392805766676
2.12086468828529
2.11460035497342
2.09505682027946
2.05999897430387
2.00585635986927
1.92834803958367
1.82410223580701
1.69337868302683
1.54239118954991
1.38237779891806
1.22510038532716
1.07865561031081
0.946529484200885
0.828944474917995
0.724509219895641
0.631305089238848
0.547417745169824
0.471138121761999
0.401007527541425
0.335802561637632
0.274502278071418
0.216250386546111
0.160315258870578
0.106052695715492
0.0528761752100654
0.000234291857121816
-0.052407627547542
-0.10558426851547
-0.159847074946756
-0.215782643380305
-0.274035318353125
-0.335337011939223
-0.400544509226156
-0.47067947151611
-0.546966152792529
-0.630864078388051
-0.724082853892096
-0.828536482150985
-0.946141147316622
-1.07828130285783
-1.22471950705502
-1.38194352082597
-1.54182206812765
-1.69256712314376
-1.82295218842451
-1.92683288961213
-2.00406073666395
-2.05810198438971
-2.09324293408616
-2.11294417893103
-2.11928510278365
-2.11294233536406
-2.09323919465565
-2.05809623122274
-2.0040527479168
-1.92682226612491
-1.82293826218537
-1.69254890908759
-1.54179834074731
-1.381913022493
-1.22468116598112
-1.07823433244362
-0.946085021748905
-0.828470859788135
-0.724007504294636
-0.630778831700135
-0.546870870525122
-0.470574032812517
-0.400428806161006
-0.335210945971173
-0.273898789330494
-0.215635528491401
-0.159689204979256
-0.105415410068732
-0.0522274724335502
0.000426133568109562
0.0530801815680478
0.106269440740844
0.160545426525371
0.216494804511868
0.274761998450572
0.336079014706579
0.401302730912096
0.471454865218542
0.547759667668148
0.631676594566763
0.724915118657109
0.829389034523954
0.947014210399422
1.07917462550296
1.22563215645711
1.38287368710006
1.54276703963979
1.69352361496929
1.82391698367091
1.92780344173527
2.00503542048828
2.05907999054907
2.09422395522914
2.11392805766676
2.12086468828529
2.11460035497342
2.09505682027946
2.05999897430387
2.00585635986927
1.92834803958367
1.82410223580701
1.69337868302683
1.54239118954991
1.38237779891806
1.22510038532716
1.07865561031081
0.946529484200885
0.828944474917995
0.724509219895641
0.631305089238848
0.547417745169824
0.471138121761999
0.401007527541425
0.335802561637632
0.274502278071418
0.216250386546111
0.160315258870578
0.106052695715492
0.0528761752100654
0.000234291857121816
-0.052407627547542
-0.10558426851547
-0.159847074946756
-0.215782643380305
-0.274035318353125
-0.335337011939223
-0.400544509226156
-0.47067947151611
-0.546966152792529
-0.630864078388051
-0.724082853892096
-0.828536482150985
-0.946141147316622
-1.07828130285783
-1.22471950705502
-1.38194352082597
-1.54182206812765
-1.69256712314376
-1.82295218842451
-1.92683288961213
-2.00406073666395
-2.05810198438971
-2.09324293408616
-2.11294417893103
-2.11928510278365
-2.11294233536406
-2.09323919465565
-2.05809623122274
-2.0040527479168
-1.92682226612491
-1.82293826218537
-1.69254890908759
-1.54179834074731
-1.381913022493
-1.22468116598112
-1.07823433244362
-0.946085021748905
-0.828470859788135
-0.724007504294636
-0.630778831700135
-0.546870870525122
-0.470574032812517
-0.400428806161006
-0.335210945971173
-0.273898789330494
-0.215635528491401
-0.159689204979256
-0.105415410068732
-0.0522274724335502
0.000426133568109562
0.0530801815680478
0.106269440740844
0.160545426525371
0.216494804511868
0.274761998450572
0.336079014706579
0.401302730912096
0.471454865218542
0.547759667668148
0.631676594566763
0.724915118657109
0.829389034523954
0.947014210399422
1.07917462550296
1.22563215645711
1.38287368710006
1.54276703963979
1.69352361496929
1.82391698367091
1.92780344173527
2.00503542048828
2.05907999054907
2.09422395522914
2.11392805766676
2.12086468828529
2.11460035497342
2.09505682027946
2.05999897430387
2.00585635986927
1.92834803958367
1.82410223580701
1.69337868302683
1.54239118954991
1.38237779891806
1.22510038532716
1.07865561031081
0.946529484200885
0.828944474917995
0.724509219895641
0.631305089238848
0.547417745169824
0.471138121761999
0.401007527541425
0.335802561637632
0.274502278071418
0.216250386546111
0.160315258870578
0.106052695715492
0.0528761752100654
0.000234291857121816
-0.052407627547542
-0.10558426851547
-0.159847074946756
-0.215782643380305
-0.274035318353125
-0.335337011939223
-0.400544509226156
-0.47067947151611
-0.546966152792529
-0.630864078388051
-0.724082853892096
-0.828536482150985
-0.946141147316622
-1.07828130285783
-1.22471950705502
-1.38194352082597
-1.54182206812765
-1.69256712314376
-1.82295218842451
-1.92683288961213
-2.00406073666395
-2.05810198438971
-2.09324293408616
-2.11294417893103
-2.11928510278365
-2.11294233536406
-2.09323919465565
-2.05809623122274
-2.0040527479168
-1.92682226612491
-1.82293826218537
-1.69254890908759
-1.54179834074731
-1.381913022493
-1.22468116598112
-1.07823433244362
-0.946085021748905
-0.828470859788135
-0.724007504294636
-0.630778831700135
-0.546870870525122
-0.470574032812517
-0.400428806161006
-0.335210945971173
-0.273898789330494
-0.215635528491401
-0.159689204979256
-0.105415410068732
-0.0522274724335502
0.000426133568109562
0.0530801815680478
0.106269440740844
0.160545426525371
0.216494804511868
0.274761998450572
0.336079014706579
0.401302730912096
0.471454865218542
0.547759667668148
0.631676594566763
0.724915118657109
0.829389034523954
0.947014210399422
1.07917462550296
1.22563215645711
1.38287368710006
1.54276703963979
1.69352361496929
1.82391698367091
1.92780344173527
2.00503542048828
2.05907999054907
2.09422395522914
2.11392805766676
2.12086468828529
2.11460035497342
2.09505682027946
2.05999897430387
2.00585635986927
1.92834803958367
1.82410223580701
1.69337868302683
1.54239118954991
1.38237779891806
1.22510038532716
1.07865561031081
0.946529484200885
0.828944474917995
0.724509219895641
0.631305089238848
0.547417745169824
0.471138121761999
0.401007527541425
0.335802561637632
0.274502278071418
0.216250386546111
0.160315258870578
0.106052695715492
0.0528761752100654
0.000234291857121816
-0.052407627547542
-0.10558426851547
-0.159847074946756
-0.215782643380305
-0.274035318353125
-0.335337011939223
-0.400544509226156
-0.47067947151611
-0.546966152792529
-0.630864078388051
-0.724082853892096
-0.828536482150985
-0.946141147316622
-1.07828130285783
-1.22471950705502
-1.38194352082597
-1.54182206812765
-1.69256712314376
-1.82295218842451
-1.92683288961213
-2.00406073666395
-2.05810198438971
-2.09324293408616
-2.11294417893103
-2.11928510278365
-2.11294233536406
-2.09323919465565
-2.05809623122274
-2.0040527479168
-1.92682226612491
-1.82293826218537
-1.69254890908759
-1.54179834074731
-1.381913022493
-1.22468116598112
-1.07823433244362
-0.946085021748905
-0.828470859788135
-0.724007504294636
-0.630778831700135
-0.546870870525122
-0.470574032812517
-0.400428806161006
-0.335210945971173
-0.273898789330494
-0.215635528491401
-0.159689204979256
-0.105415410068732
-0.0522274724335502
0.000426133568109562
0.0530801815680478
0.106269440740844
0.160545426525371
0.216494804511868
0.274761998450572
0.336079014706579
0.401302730912096
0.471454865218542
0.547759667668148
0.631676594566763
0.724915118657109
0.829389034523954
0.947014210399422
1.07917462550296
1.22563215645711
1.38287368710006
1.54276703963979
1.69352361496929
1.82391698367091
1.92780344173527
2.00503542048828
2.05907999054907
2.09422395522914
2.11392805766676
2.12086468828529
2.11460035497342
2.09505682027946
2.05999897430387
2.00585635986927
1.92834803958367
1.82410223580701
1.69337868302683
1.54239118954991
1.38237779891806
1.22510038532716
1.07865561031081
0.946529484200885
0.828944474917995
0.724509219895641
0.631305089238848
0.547417745169824
0.471138121761999
0.401007527541425
0.335802561637632
0.274502278071418
0.216250386546111
0.160315258870578
0.106052695715492
0.0528761752100654
0.000234291857121816
-0.052407627547542
-0.10558426851547
-0.159847074946756
-0.215782643380305
-0.274035318353125
-0.335337011939223
-0.400544509226156
-0.47067947151611
-0.546966152792529
-0.630864078388051
-0.724082853892096
-0.828536482150985
-0.946141147316622
-1.07828130285783
-1.22471950705502
-1.38194352082597
-1.54182206812765
-1.69256712314376
-1.82295218842451
-1.92683288961213
-2.00406073666395
-2.05810198438971
-2.09324293408616
-2.11294417893103
-2.11928510278365
-2.11294233536406
-2.09323919465565
-2.05809623122274
-2.0040527479168
-1.92682226612491
-1.82293826218537
-1.69254890908759
-1.54179834074731
-1.381913022493
-1.22468116598112
-1.07823433244362
-0.946085021748905
-0.828470859788135
-0.724007504294636
-0.630778831700135
-0.546870870525122
-0.470574032812517
-0.400428806161006
-0.335210945971173
-0.273898789330494
-0.215635528491401
-0.159689204979256
-0.105415410068732
-0.0522274724335502
0.000426133568109562
0.0530801815680478
0.106269440740844
0.160545426525371
0.216494804511868
0.274761998450572
0.336079014706579
0.401302730912096
0.471454865218542
0.547759667668148
0.631676594566763
0.724915118657109
0.829389034523954
0.947014210399422
1.07917462550296
1.22563215645711
1.38287368710006
1.54276703963979
1.69352361496929
1.82391698367091
1.92780344173527
2.00503542048828
2.05907999054907
2.09422395522914
2.11392805766676
2.12086468828529
2.11460035497342
2.09505682027946
2.05999897430387
2.00585635986927
1.92834803958367
1.82410223580701
1.69337868302683
1.54239118954991
1.38237779891806
1.22510038532716
1.07865561031081
0.946529484200885
0.828944474917995
0.724509219895641
0.631305089238848
0.547417745169824
0.471138121761999
0.401007527541425
0.335802561637632
0.274502278071418
0.216250386546111
0.160315258870578
0.106052695715492
0.0528761752100654
0.000234291857121816
-0.052407627547542
-0.10558426851547
-0.159847074946756
-0.215782643380305
-0.274035318353125
-0.335337011939223
-0.400544509226156
-0.47067947151611
-0.546966152792529
-0.630864078388051
-0.724082853892096
-0.828536482150985
-0.946141147316622
-1.07828130285783
-1.22471950705502
-1.38194352082597
-1.54182206812765
-1.69256712314376
-1.82295218842451
-1.92683288961213
-2.00406073666395
-2.05810198438971
-2.09324293408616
-2.11294417893103
-2.11928510278365
-2.11294233536406
-2.09323919465565
-2.05809623122274
-2.0040527479168
-1.92682226612491
-1.82293826218537
-1.69254890908759
-1.54179834074731
-1.381913022493
-1.22468116598112
-1.07823433244362
-0.946085021748905
-0.828470859788135
-0.724007504294636
-0.630778831700135
-0.546870870525122
-0.470574032812517
-0.400428806161006
-0.335210945971173
-0.273898789330494
-0.215635528491401
-0.159689204979256
-0.105415410068732
-0.0522274724335502
0.000426133568109562
0.0530801815680478
0.106269440740844
0.160545426525371
0.216494804511868
0.274761998450572
0.336079014706579
0.401302730912096
0.471454865218542
0.547759667668148
0.631676594566763
0.724915118657109
0.829389034523954
0.947014210399422
1.07917462550296
1.22563215645711
1.38287368710006
1.54276703963979
1.69352361496929
1.82391698367091
1.92780344173527
2.00503542048828
2.05907999054907
2.09422395522914
2.11392805766676
2.12086468828529
2.11460035497342
2.09505682027946
2.05999897430387
2.00585635986927
1.92834803958367
1.82410223580701
1.69337868302683
1.54239118954991
1.38237779891806
1.22510038532716
1.07865561031081
0.946529484200885
0.828944474917995
0.724509219895641
0.631305089238848
0.547417745169824
0.471138121761999
0.401007527541425
0.335802561637632
0.274502278071418
0.216250386546111
0.160315258870578
0.106052695715492
0.0528761752100654
0.000234291857121816
-0.052407627547542
-0.10558426851547
-0.159847074946756
-0.215782643380305
-0.274035318353125
-0.335337011939223
-0.400544509226156
-0.47067947151611
-0.546966152792529
-0.630864078388051
-0.724082853892096
-0.828536482150985
-0.946141147316622
-1.07828130285783
-1.22471950705502
-1.38194352082597
-1.54182206812765
-1.69256712314376
-1.82295218842451
-1.92683288961213
-2.00406073666395
-2.05810198438971
-2.09324293408616
-2.11294417893103
-2.11928510278365
-2.11294233536406
-2.09323919465565
-2.05809623122274
-2.0040527479168
-1.92682226612491
-1.82293826218537
-1.69254890908759
-1.54179834074731
-1.381913022493
-1.22468116598112
-1.07823433244362
-0.946085021748905
-0.828470859788135
-0.724007504294636
-0.630778831700135
-0.546870870525122
-0.470574032812517
-0.400428806161006
-0.335210945971173
-0.273898789330494
-0.215635528491401
-0.159689204979256
-0.105415410068732
-0.0522274724335502
0.000426133568109562
0.0530801815680478
0.106269440740844
0.160545426525371
0.216494804511868
0.274761998450572
0.336079014706579
0.401302730912096
0.471454865218542
0.547759667668148
0.631676594566763
0.724915118657109
0.829389034523954
0.947014210399422
1.07917462550296
1.22563215645711
1.38287368710006
1.54276703963979
1.69352361496929
1.82391698367091
1.92780344173527
2.00503542048828
2.05907999054907
2.09422395522914
2.11392805766676
2.12086468828529
2.11460035497342
2.09505682027946
2.05999897430387
2.00585635986927
1.92834803958367
1.82410223580701
1.69337868302683
1.54239118954991
1.38237779891806
1.22510038532716
1.07865561031081
0.946529484200885
0.828944474917995
0.724509219895641
0.631305089238848
0.547417745169824
0.471138121761999
0.401007527541425
0.335802561637632
0.274502278071418
0.216250386546111
0.160315258870578
0.106052695715492
0.0528761752100654
0.000234291857121816
-0.052407627547542
-0.10558426851547
-0.159847074946756
-0.215782643380305
-0.274035318353125
-0.335337011939223
-0.400544509226156
-0.47067947151611
-0.546966152792529
-0.630864078388051
-0.724082853892096
-0.828536482150985
-0.946141147316622
-1.07828130285783
-1.22471950705502
-1.38194352082597
-1.54182206812765
-1.69256712314376
-1.82295218842451
-1.92683288961213
-2.00406073666395
-2.05810198438971
-2.09324293408616
-2.11294417893103
-2.11928510278365
-2.11294233536406
-2.09323919465565
-2.05809623122274
-2.0040527479168
-1.92682226612491
-1.82293826218537
-1.69254890908759
-1.54179834074731
-1.381913022493
-1.22468116598112
-1.07823433244362
-0.946085021748905
-0.828470859788135
-0.724007504294636
-0.630778831700135
-0.546870870525122
-0.470574032812517
-0.400428806161006
-0.335210945971173
-0.273898789330494
-0.215635528491401
-0.159689204979256
-0.105415410068732
-0.0522274724335502
0.000426133568109562
0.0530801815680478
0.106269440740844
0.160545426525371
0.216494804511868
0.274761998450572
0.336079014706579
0.401302730912096
0.471454865218542
0.547759667668148
0.631676594566763
0.724915118657109
0.829389034523954
0.947014210399422
1.07917462550296
1.22563215645711
1.38287368710006
1.54276703963979
1.69352361496929
1.82391698367091
1.92780344173527
2.00503542048828
2.05907999054907
2.09422395522914
2.11392805766676
2.12086468828529
2.11460035497342
2.09505682027946
2.05999897430387
2.00585635986927
1.92834803958367
1.82410223580701
1.69337868302683
1.54239118954991
1.38237779891806
1.22510038532716
1.07865561031081
0.946529484200885
0.828944474917995
0.724509219895641
0.631305089238848
0.547417745169824
0.471138121761999
0.401007527541425
0.335802561637632
0.274502278071418
0.216250386546111
0.160315258870578
0.106052695715492
0.0528761752100654
0.000234291857121816
-0.052407627547542
-0.10558426851547
-0.159847074946756
-0.215782643380305
-0.274035318353125
-0.335337011939223
-0.400544509226156
-0.47067947151611
-0.546966152792529
-0.630864078388051
-0.724082853892096
-0.828536482150985
-0.946141147316622
-1.07828130285783
-1.22471950705502
-1.38194352082597
-1.54182206812765
-1.69256712314376
-1.82295218842451
-1.92683288961213
-2.00406073666395
-2.05810198438971
-2.09324293408616
-2.11294417893103
-2.11928510278365
-2.11294233536406
-2.09323919465565
-2.05809623122274
-2.0040527479168
-1.92682226612491
-1.82293826218537
-1.69254890908759
-1.54179834074731
-1.381913022493
-1.22468116598112
-1.07823433244362
-0.946085021748905
-0.828470859788135
-0.724007504294636
-0.630778831700135
-0.546870870525122
-0.470574032812517
-0.400428806161006
-0.335210945971173
-0.273898789330494
-0.215635528491401
-0.159689204979256
-0.105415410068732
-0.0522274724335502
0.000426133568109562
0.0530801815680478
0.106269440740844
0.160545426525371
0.216494804511868
0.274761998450572
0.336079014706579
0.401302730912096
0.471454865218542
0.547759667668148
0.631676594566763
0.724915118657109
0.829389034523954
0.947014210399422
1.07917462550296
1.22563215645711
1.38287368710006
1.54276703963979
1.69352361496929
1.82391698367091
1.92780344173527
2.00503542048828
2.05907999054907
2.09422395522914
2.1139282733202
2.12388463318348
2.11538514494896
2.08994360268116
2.0490183532238
1.99401044845581
1.92626644670963
1.84707728028297
1.75768156349659
1.65926493704319
1.55296126008034
1.43985287845135
1.32097406685352
1.19730859994888
1.06979188323021
0.939313799142838
0.806716620922089
0.672797277569771
0.538309380412102
0.403961405158043
0.270420894026756
0.138311475515366
0.00821827352046967
-0.119315400719643
-0.243784099817276
-0.364721179008484
-0.481696799397469
-0.594318002462387
-0.702226564288139
-0.805098950862885
-0.902645587921143
-0.994609624147415
-1.08076559007168
-1.16091930866241
-1.23490613698959
-1.30259108543396
-1.36386711895466
-1.41865403950214
-1.46689879894257
-1.50857344269753
-1.54367451369762
-1.57222251594067
-1.59426017105579
-1.60985270142555
-1.61908628046513
-1.62206588685513
-1.61891780793667
-1.6097846031189
-1.59482721984386
-1.57422225177288
-1.54816311597824
-1.51685656607151
-1.48052403330803
-1.43939881026745
-1.39372682571411
-1.34376481175423
-1.28977946937084
-1.23204696178436
-1.17085227370262
-1.10648569464684
-1.039246276021
-0.969437763094902
-0.897368371486664
-0.823350951075554
-0.747699558734894
-0.670732513070107
-0.592766866087914
-0.514121666550636
-0.435114189982414
-0.356059953570366
-0.277273133397102
-0.199062958359718
-0.121735259890556
-0.0455899387598038
0.0290787369012833
0.101983621716499
0.172845497727394
0.241394624114037
0.307370707392693
0.370523542165756
0.43061575293541
0.487421318888664
0.540727958083153
0.590338289737701
0.636069536209106
0.677755177021027
0.715245366096497
0.748408913612366
0.77713280916214
0.801324516534805
0.820911258459091
0.835842281579971
0.846089154481888
0.851646840572357
0.852535307407379
0.848798125982285
0.840505719184876
0.827755928039551
0.81067419052124
0.789413690567017
0.764159440994263
0.735125005245209
0.702556312084198
0.66673156619072
0.627962499856949
0.586594820022583
0.543009161949158
0.497622519731522
0.450888901948929
0.403299450874329
0.355384707450867
0.307714700698853
0.260899662971497
0.215591847896576
0.172485083341599
0.132317125797272
0.0958695411682129
0.0639691054821014
0.0374883413314819
0.0173472166061401
0.00451222062110901
0
0
0
0
0
0
0
0
0
0
0
0
0
0
0
0
0
0
0
0
0
0
0
0
0
0
0
0
0
0
0
0
0
0
0
0
0
0
0
0
0
0
0
0
0
0
0
0
0
0
0
0
0
0
0
0
0
0
0
0
0
0
0
0
0
0
0
0
0
0
0
0
0
0
0
0
0
0
0
0
0
0
0
0
0
0
0
0
0
0
0
0
0
0
0
0
0
0
0
0
0
0
0
0
0
0
0
0
0
0
0
0
0
0
0
0
0
0
0
0
0
0
0
0
0
0
0
0
0
0
0
0
0
0
0
0
0
0
0
0
0
0
0
0
0
0
0
0
0
0
0
0
0
0
0
0
0
0
0
0
0
0
0
0
0
0
0
0
0
0
0
0
0
0
0
0
0
0
0
0
0
0
0
0
0
0
0
0
0
0
0
0
0
0
0
0
0
0
0
0
0
0
