0.000426133568109562
0.0530801815680478
0.106269440740844
0.160545426525371
0.216494804511868
0.274761998450572
0.336079014706579
0.401302730912096
0.471454865218542
0.547759667668148
0.631676594566763
0.724915118657109
0.829389034523954
0.947014210399422
1.07917462550296
1.22563215645711
1.38287368710006
1.54276703963979
1.69352361496929
1.82391698367091
1.92780344173527
2.00503542048828
2.05907999054907
2.09422395522914
2.11392805766676
2.12086468828529
2.11460035497342
2.09505682027946
2.05999897430387
2.00585635986927
1.92834803958367
1.82410223580701
1.69337868302683
1.54239118954991
1.38237779891806
1.22510038532716
1.07865561031081
0.946529484200885
0.828944474917995
0.724509219895641
0.631305089238848
0.547417745169824
0.471138121761999
0.401007527541425
0.335802561637632
0.274502278071418
0.216250386546111
0.160315258870578
0.106052695715492
0.0528761752100654
0.000234291857121816
-0.052407627547542
-0.10558426851547
-0.159847074946756
-0.215782643380305
-0.274035318353125
-0.335337011939223
-0.400544509226156
-0.47067947151611
-0.546966152792529
-0.630864078388051
-0.724082853892096
-0.828536482150985
-0.946141147316622
-1.07828130285783
-1.22471950705502
-1.38194352082597
-1.54182206812765
-1.69256712314376
-1.82295218842451
-1.92683288961213
-2.00406073666395
-2.05810198438971
-2.09324293408616
-2.11294417893103
-2.11928510278365
-2.11294233536406
-2.09323919465565
-2.05809623122274
-2.0040527479168
-1.92682226612491
-1.82293826218537
-1.69254890908759
-1.54179834074731
-1.381913022493
-1.22468116598112
-1.07823433244362
-0.946085021748905
-0.828470859788135
-0.724007504294636
-0.630778831700135
-0.546870870525122
-0.470574032812517
-0.400428806161006
-0.335210945971173
-0.273898789330494
-0.215635528491401
-0.159689204979256
-0.105415410068732
-0.0522274724335502