0.006554
0.007676
0.009089
0.010927
0.013285
0.0163
0.020186
0.02522
0.031599
0.039281
0.048311
0.058407
0.069726
0.082201
0.095798
0.110569
0.126502
0.143651
0.162078
0.181888
0.203287
0.22643
0.251569
0.278938
0.308927
0.341975
0.378724
0.41983
0.466116
0.518631
0.578441
0.64664
0.72366
0.809854
0.904428
1.006
1.11346
1.2249
1.33762
1.44525
1.53718
1.60346
1.64376
1.66501
1.67523
1.67994
1.68227
1.68375
1.68503
1.68626
1.68736
1.68825
1.68879
1.68895
1.68891
1.68897
1.68935
1.68992
1.69047
1.69093
1.69145
1.69205
1.69274
1.69354
1.6944
1.69525
1.69606
1.69678
1.6974
1.69787
1.6982
1.69841
1.69851
1.69854
1.69849
1.6985
1.69859
1.69877
1.69894
1.6991
1.69926
1.69945
1.69968
1.69992
1.70014
1.70037
1.70056
1.70073
1.70096
1.70126
1.70155
1.70179
1.70198
1.70218
1.70234
1.7025
1.70265
1.70287
1.70311
1.70338
1.70365
1.70396
1.70427
1.70451
1.70466
1.70467
1.70455
1.70435
1.70412
1.7039
1.70378
1.70378
1.70385
1.70397
1.70404
1.70402
1.70393
1.70395
1.70409
1.70429
1.70443
1.70449
1.70454
1.70462
1.70474
1.70487
1.70502
1.70515
1.70522
1.70521
1.70524
1.70534
1.70551
1.70574
1.70604
1.70635
1.70659
1.7067
1.70669
1.70655
1.70625
1.70577
1.70524
1.70476
1.7044
1.70416
1.70403
1.70403
1.70409
1.70416
1.70423
1.70429
1.70433
1.70436
1.70437
1.70436
1.70433
1.70431
1.70432
1.70434
1.70437
1.70441
1.70445
1.70453
1.70465
1.70475
1.70481
1.70486
1.70497
1.70506
1.70509
1.70504
1.70485
1.70459
1.70427
1.70395
1.70366
1.70338
1.7031
1.70284
1.7026
1.70238
1.70214
1.70193
1.70172
1.7015
1.70129
1.7011
1.70096
1.70081
1.70064
1.70045
1.70031
1.70016
1.69999
1.69982
1.69962
1.69944
1.69933
1.69927
1.69929
1.69933
1.69929
1.69917
1.69892
1.69853
1.69804
1.6974
1.6967
1.69601
1.69533
1.69468
1.69401
1.69339
1.69286
1.69237
1.69185
1.69119
1.69045
1.68985
1.6896
1.68972
1.68989
1.68979
1.6893
1.68849
1.68747
1.68628
1.68481
1.68271
1.67897
1.6713
1.65522
1.62344
1.56785
1.48529
1.3825
1.27076
1.15848
1.04926
0.945506
0.848142
0.758712
0.678148
0.606602
0.544072
0.489028
0.44057
0.397753
0.359517
0.325141
0.294045
0.26571
0.239672
0.215727
0.193581
0.173052
0.153954
0.136097
0.11947
0.103953
0.089541
0.076257
0.064121
0.053125
0.043321
0.034797
0.027638
0.021886
0.017457
0.014082
0.011478
0.009489
0.007945
0.006737