0
-0.000292018
-0.000582876
-0.000582891
-0.000582905
-0.000582919
-0.000582933
-0.000582947
-0.000582962
-0.000582976
-0.00058299
-0.000583004
-0.000583018
-0.000583032
-0.000583047
-0.000583061
-0.000583075
-0.000583089
-0.000583103
-0.000583117
-0.000583132
-0.000583146
-0.00058316
-0.000583174
-0.000583188
-0.000583202
-0.000583217
-0.000583231
-0.000583245
-0.000583259
-0.000583273
-0.000583288
-0.000583302
-0.000583316
-0.00058333
-0.000583344
-0.000583358
-0.000583373
-0.000583387
-0.000583401
-0.000583407
-0.000583407
-0.000583406
-0.000583405
-0.000583405
-0.000583404
-0.000583403
-0.000583403
-0.000583402
-0.000583402
-0.000583401
-0.0005834
-0.0005834
-0.000583399
-0.000583399
-0.000583398
-0.000583397
-0.000583397
-0.000583396
-0.000583396
-0.000583395
-0.000583394
-0.000583394
-0.000583393
-0.000583392
-0.000583392
-0.000583391
-0.000583391
-0.00058339
-0.000583389
-0.000583389
-0.000583388
-0.000583388
-0.000583387
-0.000583386
-0.000583386
-0.000583385
-0.000583385
-0.000583384
-0.000583383
-0.000583288
-0.000583123
-0.000582959
-0.000582794
-0.000582629
-0.000582465
-0.0005823
-0.000582136
-0.000581971
-0.000581807
-0.000581642
-0.000581478
-0.000581313
-0.000581148
-0.000580984
-0.000580819
-0.000580655
-0.00058049
-0.000580326
-0.000580161
-0.000579996
-0.000579832
-0.000579667
-0.000579503
-0.000579338
-0.000579174
-0.000579009
-0.000578844
-0.00057868
-0.000578515
-0.000578351
-0.000578186
-0.000578022
-0.000577857
-0.000577693
-0.000577528
-0.000577363
-0.000577199
-0.000577034
-0.00057687
-0.0005764
-0.000575743
-0.000575086
-0.000574429
-0.000573772
-0.000573115
-0.000572457
-0.0005718
-0.000571143
-0.000570486
-0.000569829
-0.000569172
-0.000568515
-0.000567858
-0.000567201
-0.000566544
-0.000565886
-0.000565229
-0.000564572
-0.000563915
-0.000563258
-0.000562601
-0.000561944
-0.000561287
-0.00056063
-0.000559973
-0.000559315
-0.000558658
-0.000558001
-0.000557344
-0.000556687
-0.00055603
-0.000555373
-0.000554716
-0.000554059
-0.000553402
-0.000552745
-0.000552087
-0.00055143
-0.000550773
-0.000549362
-0.000547561
-0.00054576
-0.000543959
-0.000542158
-0.000540356
-0.000538555
-0.000536754
-0.000534953
-0.000533152
-0.000531351
-0.00052955
-0.000527749
-0.000525948
-0.000524147
-0.000522346
-0.000520545
-0.000518744
-0.000516943
-0.000515142
-0.000513341
-0.00051154
-0.000509739
-0.000507937
-0.000506136
-0.000504335
-0.000502534
-0.000500733
-0.000498932
-0.000497131
-0.00049533
-0.000493529
-0.000491728
-0.000489927
-0.000488126
-0.000486325
-0.000484524
-0.000482723
-0.000480922
-0.000479121
-0.000476363
-0.000473193
-0.000470024
-0.000466855
-0.000463686
-0.000460517
-0.000457347
-0.000454178
-0.000451009
-0.00044784
-0.000444671
-0.000441502
-0.000438332
-0.000435017
-0.000431174
-0.000427142
-0.000423109
-0.000419077
-0.000415045
-0.000411012
-0.00040698
-0.000402948
-0.000398916
-0.000394883
-0.000390851
-0.000386819
-0.000382786
-0.000378321
-0.000373211
-0.000367921
-0.000362631
-0.000357341
-0.000352051
-0.000346761
-0.000341471
-0.000336181
-0.000330891
-0.000325601
-0.000320311
-0.00031502
-0.00030973
-0.000303593
-0.000296814
-0.000289915
-0.000283016
-0.000276117
-0.000269218
-0.000262319
-0.00025542
-0.000248521
-0.000241622
-0.000234723
-0.000227824
-0.000220925
-0.000214026
-0.000205582
-0.00019655
-0.000187491
-0.000178433
-0.000169374
-0.000160315
-0.000151256
-0.000142197
-0.000133139
-0.00012408
-0.000115021
-0.000105962
-9.69032e-05
-8.73995e-05
-7.5798e-05
-6.36053e-05
-5.14127e-05
-3.922e-05
-2.70273e-05
-1.48346e-05
-2.6419e-06
9.55079e-06
2.17435e-05
3.39362e-05
4.61289e-05
5.83216e-05
7.05142e-05
8.44114e-05
0.000101123
0.000118484
0.000135845
0.000153206
0.000170567
0.000187929
0.00020529
0.000222651
0.000240012
0.000257373
0.000274734
0.000292095
0.000309457
0.000332215
0.000359156
0.000386812
0.000414469
0.000442125
0.000469781
0.000497437
0.000525093
0.000552749
0.000580405
0.000608061
0.000635717
0.000663374
0.00069103
0.000737374
0.000790288
0.00084371
0.000897132
0.000950554
0.00100398
0.0010574
0.00111082
0.00116424
0.00121766
0.00127109
0.00132451
0.00137793
0.00145588
0.0016992
0.00197683
0.00225445
0.00253208
0.00280971
0.00308734
0.00336497
0.0036426
0.00392023
0.00419785
0.00447548
0.00475311
0.00503074
0.00544846
0.0061324
0.00687033
0.00762281
0.00839687
0.00920709
0.0101591
0.0113795
0.0126624
0.0139659
0.0152898
0.0166343
0.0179993
0.0193849
0.020791
0.0222176
0.0239448
0.025787
0.0276619
0.0295623
0.0314884
0.0334399
0.0354171
0.0374197
0.039448
0.0415504
0.0437687
0.0460254
0.0483074
0.0506147
0.0529473
0.0553051
0.0576881
0.0600965
0.06253
0.0650979
0.0677188
0.0703618
0.0730245
0.0757069
0.0784089
0.0811306
0.083872
0.086633
0.0894801
0.0924649
0.095478
0.098504
0.101543
0.104595
0.107659
0.110737
0.113827
0.11693
0.120271
0.123681
0.127102
0.13053
0.133965
0.137408
0.140857
0.144314
0.147778
0.151385
0.155241
0.159125
0.163012
0.166901
0.170793
0.174688
0.178585
0.182485
0.186388
0.190734
0.195189
0.199649
0.204108
0.208565
0.213021
0.217475
0.221928
0.22638
0.231091
0.236265
0.241473
0.246675
0.251871
0.257062
0.262246
0.267425
0.272598
0.277765
0.283784
0.289986
0.296187
0.302377
0.308556
0.314724
0.32088
0.327026
0.33316
0.339798
0.347332
0.354906
0.362463
0.370001
0.377522
0.385025
0.392511
0.399979
0.407429
0.416571
0.426039
0.435497
0.444931
0.454341
0.463727
0.473089
0.482427
0.491741
0.50203
0.514044
0.526108
0.538145
0.550157
0.562142
0.5741
0.586033
0.59794
0.60982
0.624604
0.639904
0.655197
0.670468
0.685716
0.700942
0.716146
0.731327
0.746487
0.762866
0.781378
0.799924
0.818455
0.836969
0.855467
0.873949
0.892415
0.910865
0.929299
0.949955
0.970968
0.991974
1.01297
1.03396
1.05493
1.07589
1.09685
1.11779
1.13923
1.16152
1.18381
1.2061
1.22838
1.25065
1.27292
1.29517
1.31743
1.33966
1.359
1.37791
1.39681
1.41572
1.43461
1.4535
1.47239
1.49127
1.51011
1.5257
1.53926
1.55249
1.56465
1.57584
1.58606
1.59524
1.60314
1.611
1.61758
1.62334
1.62906
1.63331
1.63747
1.64128
1.64428
1.64726
1.64972
1.65188
1.65402
1.65562
1.6572
1.65865
1.65983
1.66101
1.66202
1.66294
1.66385
1.66459
1.66533
1.66603
1.66665
1.66727
1.66787
1.66846
1.66905
1.66944
1.66984
1.67024
1.67064
1.67104
1.67143
1.67183
1.67223
1.67263
1.67303
1.67342
1.67382
1.67422
1.67461
1.67501
1.67541
1.67581
1.6762
1.6766
1.677
1.67739
1.67779
1.67813
1.67843
1.67872
1.67902
1.67932
1.67961
1.67991
1.68021
1.68051
1.68081
1.68111
1.68141
1.68171
1.68201
1.68231
1.68261
1.68291
1.68321
1.68351
1.68381
1.68412
1.68442
1.68471
1.68496
1.6852
1.68544
1.68568
1.68593
1.68617
1.68641
1.68666
1.6869
1.68715
1.68739
1.68764
1.68789
1.68813
1.68838
1.68863
1.68888
1.68912
1.68937
1.68962
1.68987
1.69012
1.69034
1.69053
1.69073
1.69093
1.69112
1.69132
1.69152
1.69172
1.69192
1.69211
1.69231
1.69251
1.69271
1.69292
1.69312
1.69332
1.69352
1.69372
1.69393
1.69413
1.69433
1.69454
1.69474
1.69489
1.69505
1.69521
1.69537
1.69553
1.69569
1.69585
1.69601
1.69617
1.69633
1.69649
1.69665
1.69682
1.69698
1.69714
1.6973
1.69747
1.69763
1.6978
1.69796
1.69813
1.69829
1.69843
1.69856
1.69869
1.69882
1.69894
1.69907
1.6992
1.69933
1.69946
1.69959
1.69972
1.69985
1.69998
1.70011
1.70024
1.70037
1.7005
1.70064
1.70077
1.7009
1.70103
1.70117
1.7013
1.7014
1.7015
1.7016
1.7017
1.70181
1.70191
1.70201
1.70211
1.70222
1.70232
1.70243
1.70253
1.70264
1.70274
1.70285
1.70295
1.70306
1.70316
1.70327
1.70338
1.70348
1.70359
1.70368
1.70376
1.70384
1.70392
1.70401
1.70409
1.70417
1.70425
1.70434
1.70442
1.7045
1.70459
1.70467
1.70476
1.70484
1.70492
1.70501
1.70509
1.70518
1.70527
1.70535
1.70544
1.70552
1.70559
1.70565
1.70572
1.70578
1.70585
1.70591
1.70598
1.70605
1.70611
1.70618
1.70625
1.70632
1.70638
1.70645
1.70652
1.70659
1.70666
1.70673
1.7068
1.70687
1.70694
1.707
1.70706
1.70711
1.70717
1.70722
1.70727
1.70733
1.70738
1.70744
1.70749
1.70754
1.7076
1.70765
1.70771
1.70776
1.70782
1.70788
1.70793
1.70799
1.70804
1.7081
1.70816
1.70821
1.70827
1.70831
1.70835
1.7084
1.70844
1.70848
1.70853
1.70857
1.70861
1.70866
1.7087
1.70875
1.70879
1.70884
1.70888
1.70893
1.70897
1.70902
1.70906
1.70911
1.70916
1.7092
1.70925
1.70929
1.70932
1.70936
1.70939
1.70943
1.70946
1.7095
1.70954
1.70957
1.70961
1.70964
1.70968
1.70972
1.70975
1.70979
1.70983
1.70987
1.7099
1.70994
1.70998
1.71002
1.71005
1.71009
1.71012
1.71015
1.71018
1.7102
1.71023
1.71026
1.71029
1.71032
1.71035
1.71038
1.71041
1.71044
1.71047
1.7105
1.71053
1.71056
1.71059
1.71062
1.71065
1.71068
1.71071
1.71074
1.71077
1.71079
1.71082
1.71084
1.71086
1.71089
1.71091
1.71093
1.71096
1.71098
1.711
1.71103
1.71105
1.71108
1.7111
1.71113
1.71115
1.71118
1.7112
1.71123
1.71125
1.71128
1.7113
1.71132
1.71134
1.71135
1.71137
1.71139
1.71141
1.71143
1.71145
1.71147
1.71149
1.7115
1.71152
1.71154
1.71156
1.71158
1.7116
1.71162
1.71164
1.71166
1.71168
1.7117
1.71172
1.71174
1.71175
1.71177
1.71178
1.71179
1.71181
1.71182
1.71184
1.71185
1.71187
1.71188
1.7119
1.71191
1.71193
1.71194
1.71196
1.71197
1.71199
1.71201
1.71202
1.71204
1.71205
1.71207
1.71208
1.71209
1.7121
1.71211
1.71212
1.71213
1.71214
1.71215
1.71216
1.71217
1.71219
1.7122
1.71221
1.71222
1.71223
1.71224
1.71225
1.71227
1.71228
1.71229
1.7123
1.71231
1.71232
1.71233
1.71234
1.71234
1.71235
1.71236
1.71237
1.71237
1.71238
1.71239
1.7124
1.7124
1.71241
1.71242
1.71243
1.71244
1.71244
1.71245
1.71246
1.71247
1.71248
1.71249
1.71249
1.7125
1.7125
1.7125
1.71251
1.71251
1.71252
1.71252
1.71253
1.71253
1.71253
1.71254
1.71254
1.71255
1.71255
1.71256
1.71256
1.71257
1.71257
1.71258
1.71258
1.71259
1.71259
1.71259
1.7126
1.7126
1.7126
1.7126
1.7126
1.7126
1.7126
1.7126
1.7126
1.71261
1.71261
1.71261
1.71261
1.71261
1.71261
1.71262
1.71262
1.71262
1.71262
1.71262
1.71263
1.71263
1.71263
1.71262
1.71262
1.71262
1.71262
1.71262
1.71261
1.71261
1.71261
1.71261
1.71261
1.71261
1.7126
1.7126
1.7126
1.7126
1.7126
1.7126
1.7126
1.7126
1.7126
1.71259
1.71259
1.71259
1.71258
1.71258
1.71257
1.71257
1.71256
1.71256
1.71255
1.71255
1.71254
1.71254
1.71253
1.71253
1.71253
1.71252
1.71252
1.71251
1.71251
1.7125
1.7125
1.7125
1.71249
1.71249
1.71248
1.71247
1.71246
1.71245
1.71244
1.71244
1.71243
1.71242
1.71241
1.7124
1.7124
1.71239
1.71238
1.71237
1.71237
1.71236
1.71235
1.71234
1.71234
1.71233
1.71232
1.71231
1.7123
1.71229
1.71228
1.71227
1.71225
1.71224
1.71223
1.71222
1.71221
1.7122
1.71219
1.71217
1.71216
1.71215
1.71214
1.71213
1.71212
1.71211
1.7121
1.71209
1.71208
1.71207
1.71205
1.71204
1.71202
1.71201
1.71199
1.71197
1.71196
1.71194
1.71193
1.71191
1.7119
1.71188
1.71187
1.71185
1.71184
1.71182
1.71181
1.71179
1.71178
1.71177
1.71175
1.71174
1.71172
1.7117
1.71168
1.71166
1.71164
1.71162
1.7116
1.71158
1.71156
1.71154
1.71152
1.7115
1.71149
1.71147
1.71145
1.71143
1.71141
1.71139
1.71137
1.71135
1.71134
1.71132
1.7113
1.71128
1.71125
1.71123
1.7112
1.71118
1.71115
1.71113
1.7111
1.71108
1.71105
1.71103
1.711
1.71098
1.71096
1.71093
1.71091
1.71089
1.71086
1.71084
1.71082
1.71079
1.71077
1.71074
1.71071
1.71068
1.71065
1.71062
1.71059
1.71056
1.71053
1.7105
1.71047
1.71044
1.71041
1.71038
1.71035
1.71032
1.71029
1.71026
1.71023
1.7102
1.71018
1.71015
1.71012
1.71009
1.71005
1.71002
1.70998
1.70994
1.7099
1.70987
1.70983
1.70979
1.70975
1.70972
1.70968
1.70964
1.70961
1.70957
1.70954
1.7095
1.70946
1.70943
1.70939
1.70936
1.70932
1.70929
1.70925
1.7092
1.70916
1.70911
1.70906
1.70902
1.70897
1.70893
1.70888
1.70884
1.70879
1.70875
1.7087
1.70866
1.70861
1.70857
1.70853
1.70848
1.70844
1.7084
1.70835
1.70831
1.70827
1.70821
1.70816
1.7081
1.70804
1.70799
1.70793
1.70788
1.70782
1.70776
1.70771
1.70765
1.7076
1.70754
1.70749
1.70744
1.70738
1.70733
1.70727
1.70722
1.70717
1.70711
1.70706
1.707
1.70694
1.70687
1.7068
1.70673
1.70666
1.70659
1.70652
1.70645
1.70638
1.70632
1.70625
1.70618
1.70611
1.70605
1.70598
1.70591
1.70585
1.70578
1.70572
1.70565
1.70559
1.70552
1.70544
1.70535
1.70527
1.70518
1.70509
1.70501
1.70492
1.70484
1.70476
1.70467
1.70459
1.7045
1.70442
1.70434
1.70425
1.70417
1.70409
1.70401
1.70392
1.70384
1.70376
1.70368
1.70359
1.70348
1.70338
1.70327
1.70316
1.70306
1.70295
1.70285
1.70274
1.70264
1.70253
1.70243
1.70232
1.70222
1.70211
1.70201
1.70191
1.70181
1.7017
1.7016
1.7015
1.7014
1.7013
1.70117
1.70103
1.7009
1.70077
1.70064
1.7005
1.70037
1.70024
1.70011
1.69998
1.69985
1.69972
1.69959
1.69946
1.69933
1.6992
1.69907
1.69894
1.69882
1.69869
1.69856
1.69843
1.69829
1.69813
1.69796
1.6978
1.69763
1.69747
1.6973
1.69714
1.69698
1.69682
1.69665
1.69649
1.69633
1.69617
1.69601
1.69585
1.69569
1.69553
1.69537
1.69521
1.69505
1.69489
1.69474
1.69454
1.69433
1.69413
1.69393
1.69372
1.69352
1.69332
1.69312
1.69292
1.69271
1.69251
1.69231
1.69211
1.69192
1.69172
1.69152
1.69132
1.69112
1.69093
1.69073
1.69053
1.69034
1.69012
1.68987
1.68962
1.68937
1.68912
1.68888
1.68863
1.68838
1.68813
1.68789
1.68764
1.68739
1.68715
1.6869
1.68666
1.68641
1.68617
1.68593
1.68568
1.68544
1.6852
1.68496
1.68471
1.68442
1.68412
1.68381
1.68351
1.68321
1.68291
1.68261
1.68231
1.68201
1.68171
1.68141
1.68111
1.68081
1.68051
1.68021
1.67991
1.67961
1.67932
1.67902
1.67872
1.67843
1.67813
1.67779
1.67739
1.677
1.6766
1.6762
1.67581
1.67541
1.67501
1.67461
1.67422
1.67382
1.67342
1.67303
1.67263
1.67223
1.67183
1.67143
1.67104
1.67064
1.67024
1.66984
1.66944
1.66905
1.66846
1.66787
1.66727
1.66665
1.66603
1.66533
1.66459
1.66385
1.66294
1.66202
1.66101
1.65983
1.65865
1.6572
1.65562
1.65402
1.65188
1.64972
1.64726
1.64428
1.64128
1.63747
1.63331
1.62906
1.62334
1.61758
1.611
1.60314
1.59524
1.58606
1.57584
1.56465
1.55249
1.53926
1.5257
1.51011
1.49127
1.47239
1.4535
1.43461
1.41572
1.39681
1.37791
1.359
1.33966
1.31743
1.29517
1.27292
1.25065
1.22838
1.2061
1.18381
1.16152
1.13923
1.11779
1.09685
1.07589
1.05493
1.03396
1.01297
0.991974
0.970968
0.949955
0.929299
0.910865
0.892415
0.873949
0.855467
0.836969
0.818455
0.799924
0.781378
0.762866
0.746487
0.731327
0.716146
0.700942
0.685716
0.670468
0.655197
0.639904
0.624604
0.60982
0.59794
0.586033
0.5741
0.562142
0.550157
0.538145
0.526108
0.514044
0.50203
0.491741
0.482427
0.473089
0.463727
0.454341
0.444931
0.435497
0.426039
0.416571
0.407429
0.399979
0.392511
0.385025
0.377522
0.370001
0.362463
0.354906
0.347332
0.339798
0.33316
0.327026
0.32088
0.314724
0.308556
0.302377
0.296187
0.289986
0.283784
0.277765
0.272598
0.267425
0.262246
0.257062
0.251871
0.246675
0.241473
0.236265
0.231091
0.22638
0.221928
0.217475
0.213021
0.208565
0.204108
0.199649
0.195189
0.190734
0.186388
0.182485
0.178585
0.174688
0.170793
0.166901
0.163012
0.159125
0.155241
0.151385
0.147778
0.144314
0.140857
0.137408
0.133965
0.13053
0.127102
0.123681
0.120271
0.11693
0.113827
0.110737
0.107659
0.104595
0.101543
0.098504
0.095478
0.0924649
0.0894801
0.086633
0.083872
0.0811306
0.0784089
0.0757069
0.0730245
0.0703618
0.0677188
0.0650979
0.06253
0.0600965
0.0576881
0.0553051
0.0529473
0.0506147
0.0483074
0.0460254
0.0437687
0.0415504
0.039448
0.0374197
0.0354171
0.0334399
0.0314884
0.0295623
0.0276619
0.025787
0.0239448
0.0222176
0.020791
0.0193849
0.0179993
0.0166343
0.0152898
0.0139659
0.0126624
0.0113795
0.0101591
0.00920709
0.00839687
0.00762281
0.00687033
0.0061324
0.00544846
0.00503074
0.00475311
0.00447548
0.00419785
0.00392023
0.0036426
0.00336497
0.00308734
0.00280971
0.00253208
0.00225445
0.00197683
0.0016992
0.00145588
0.00137793
0.00132451
0.00127109
0.00121766
0.00116424
0.00111082
0.0010574
0.00100398
0.000950554
0.000897132
0.00084371
0.000790288
0.000737374
0.00069103
0.000663374
0.000635717
0.000608061
0.000580405
0.000552749
0.000525093
0.000497437
0.000469781
0.000442125
0.000414469
0.000386812
0.000359156
0.000332215
0.000309457
0.000292095
0.000274734
0.000257373
0.000240012
0.000222651
0.00020529
0.000187929
0.000170567
0.000153206
0.000135845
0.000118484
0.000101123
8.44114e-05
7.05142e-05
5.83216e-05
4.61289e-05
3.39362e-05
2.17435e-05
9.55079e-06
-2.6419e-06
-1.48346e-05
-2.70273e-05
-3.922e-05
-5.14127e-05
-6.36053e-05
-7.5798e-05
-8.73995e-05
-9.69032e-05
-0.000105962
-0.000115021
-0.00012408
-0.000133139
-0.000142197
-0.000151256
-0.000160315
-0.000169374
-0.000178433
-0.000187491
-0.00019655
-0.000205582
-0.000214026
-0.000220925
-0.000227824
-0.000234723
-0.000241622
-0.000248521
-0.00025542
-0.000262319
-0.000269218
-0.000276117
-0.000283016
-0.000289915
-0.000296814
-0.000303593
-0.00030973
-0.00031502
-0.000320311
-0.000325601
-0.000330891
-0.000336181
-0.000341471
-0.000346761
-0.000352051
-0.000357341
-0.000362631
-0.000367921
-0.000373211
-0.000378321
-0.000382786
-0.000386819
-0.000390851
-0.000394883
-0.000398916
-0.000402948
-0.00040698
-0.000411012
-0.000415045
-0.000419077
-0.000423109
-0.000427142
-0.000431174
-0.000435017
-0.000438332
-0.000441502
-0.000444671
-0.00044784
-0.000451009
-0.000454178
-0.000457347
-0.000460517
-0.000463686
-0.000466855
-0.000470024
-0.000473193
-0.000476363
-0.000479121
-0.000480922
-0.000482723
-0.000484524
-0.000486325
-0.000488126
-0.000489927
-0.000491728
-0.000493529
-0.00049533
-0.000497131
-0.000498932
-0.000500733
-0.000502534
-0.000504335
-0.000506136
-0.000507937
-0.000509739
-0.00051154
-0.000513341
-0.000515142
-0.000516943
-0.000518744
-0.000520545
-0.000522346
-0.000524147
-0.000525948
-0.000527749
-0.00052955
-0.000531351
-0.000533152
-0.000534953
-0.000536754
-0.000538555
-0.000540356
-0.000542158
-0.000543959
-0.00054576
-0.000547561
-0.000549362
-0.000550773
-0.00055143
-0.000552087
-0.000552745
-0.000553402
-0.000554059
-0.000554716
-0.000555373
-0.00055603
-0.000556687
-0.000557344
-0.000558001
-0.000558658
-0.000559315
-0.000559973
-0.00056063
-0.000561287
-0.000561944
-0.000562601
-0.000563258
-0.000563915
-0.000564572
-0.000565229
-0.000565886
-0.000566544
-0.000567201
-0.000567858
-0.000568515
-0.000569172
-0.000569829
-0.000570486
-0.000571143
-0.0005718
-0.000572457
-0.000573115
-0.000573772
-0.000574429
-0.000575086
-0.000575743
-0.0005764
-0.00057687
-0.000577034
-0.000577199
-0.000577363
-0.000577528
-0.000577693
-0.000577857
-0.000578022
-0.000578186
-0.000578351
-0.000578515
-0.00057868
-0.000578844
-0.000579009
-0.000579174
-0.000579338
-0.000579503
-0.000579667
-0.000579832
-0.000579996
-0.000580161
-0.000580326
-0.00058049
-0.000580655
-0.000580819
-0.000580984
-0.000581148
-0.000581313
-0.000581478
-0.000581642
-0.000581807
-0.000581971
-0.000582136
-0.0005823
-0.000582465
-0.000582629
-0.000582794
-0.000582959
-0.000583123
-0.000583288
-0.000583383
-0.000583384
-0.000583385
-0.000583385
-0.000583386
-0.000583386
-0.000583387
-0.000583388
-0.000583388
-0.000583389
-0.000583389
-0.00058339
-0.000583391
-0.000583391
-0.000583392
-0.000583392
-0.000583393
-0.000583394
-0.000583394
-0.000583395
-0.000583396
-0.000583396
-0.000583397
-0.000583397
-0.000583398
-0.000583399
-0.000583399
-0.0005834
-0.0005834
-0.000583401
-0.000583402
-0.000583402
-0.000583403
-0.000583403
-0.000583404
-0.000583405
-0.000583405
-0.000583406
-0.000583407
-0.000583407
-0.000583401
-0.000583387
-0.000583373
-0.000583358
-0.000583344
-0.00058333
-0.000583316
-0.000583302
-0.000583288
-0.000583273
-0.000583259
-0.000583245
-0.000583231
-0.000583217
-0.000583202
-0.000583188
-0.000583174
-0.00058316
-0.000583146
-0.000583132
-0.000583117
-0.000583103
-0.000583089
-0.000583075
-0.000583061
-0.000583047
-0.000583032
-0.000583018
-0.000583004
-0.00058299
-0.000582976
-0.000582962
-0.000582947
-0.000582933
-0.000582919
-0.000582905
-0.000582891
-0.000582876
-0.000292018
0