-3.800000e-001 	 0
-3.795000e-001 	 1.386460e-010
-3.790000e-001 	 2.413713e-010
-3.785000e-001 	 3.318321e-010
-3.780000e-001 	 4.006621e-010
-3.775000e-001 	 4.397878e-010
-3.770000e-001 	 4.658593e-010
-3.765000e-001 	 4.716308e-010
-3.760000e-001 	 4.555821e-010
-3.755000e-001 	 4.208511e-010
-3.750000e-001 	 3.992766e-010
-3.745000e-001 	 3.761442e-010
-3.740000e-001 	 3.569629e-010
-3.735000e-001 	 3.407638e-010
-3.730000e-001 	 3.402282e-010
-3.725000e-001 	 3.307934e-010
-3.720000e-001 	 3.270290e-010
-3.715000e-001 	 3.274569e-010
-3.710000e-001 	 3.159858e-010
-3.705000e-001 	 3.128178e-010
-3.700000e-001 	 3.095799e-010
-3.695000e-001 	 3.055513e-010
-3.690000e-001 	 3.057309e-010
-3.685000e-001 	 3.098308e-010
-3.680000e-001 	 3.105519e-010
-3.675000e-001 	 2.976644e-010
-3.670000e-001 	 2.826954e-010
-3.665000e-001 	 2.727847e-010
-3.660000e-001 	 2.579493e-010
-3.655000e-001 	 2.415119e-010
-3.650000e-001 	 2.316116e-010
-3.645000e-001 	 2.189425e-010
-3.640000e-001 	 2.177969e-010
-3.635000e-001 	 2.139565e-010
-3.630000e-001 	 2.149265e-010
-3.625000e-001 	 2.221981e-010
-3.620000e-001 	 2.415043e-010
-3.615000e-001 	 2.547719e-010
-3.610000e-001 	 2.694914e-010
-3.605000e-001 	 2.850089e-010
-3.600000e-001 	 2.997423e-010
-3.595000e-001 	 3.165340e-010
-3.590000e-001 	 3.325907e-010
-3.585000e-001 	 3.524375e-010
-3.580000e-001 	 3.662394e-010
-3.575000e-001 	 3.822054e-010
-3.570000e-001 	 3.841148e-010
-3.565000e-001 	 3.731116e-010
-3.560000e-001 	 3.616410e-010
-3.555000e-001 	 3.421103e-010
-3.550000e-001 	 3.171376e-010
-3.545000e-001 	 2.907618e-010
-3.540000e-001 	 2.596563e-010
-3.535000e-001 	 2.138857e-010
-3.530000e-001 	 1.575515e-010
-3.525000e-001 	 8.831107e-011
-3.520000e-001 	 1.304684e-011
-3.515000e-001 	 -5.969053e-011
-3.510000e-001 	 -1.240937e-010
-3.505000e-001 	 -1.889374e-010
-3.500000e-001 	 -2.489240e-010
-3.495000e-001 	 -3.000382e-010
-3.490000e-001 	 -3.430819e-010
-3.485000e-001 	 -3.789643e-010
-3.480000e-001 	 -3.895929e-010
-3.475000e-001 	 -4.072529e-010
-3.470000e-001 	 -4.048360e-010
-3.465000e-001 	 -3.886101e-010
-3.460000e-001 	 -3.616320e-010
-3.455000e-001 	 -3.348339e-010
-3.450000e-001 	 -3.059264e-010
-3.445000e-001 	 -2.703728e-010
-3.440000e-001 	 -2.394846e-010
-3.435000e-001 	 -2.026258e-010
-3.430000e-001 	 -1.678925e-010
-3.425000e-001 	 -1.290307e-010
-3.420000e-001 	 -9.775797e-011
-3.415000e-001 	 -7.187498e-011
-3.410000e-001 	 -4.892569e-011
-3.405000e-001 	 -2.143041e-011
-3.400000e-001 	 -3.144205e-013
-3.395000e-001 	 1.494295e-011
-3.390000e-001 	 2.867054e-011
-3.385000e-001 	 3.482673e-011
-3.380000e-001 	 3.996811e-011
-3.375000e-001 	 4.886771e-011
-3.370000e-001 	 6.674351e-011
-3.365000e-001 	 8.392232e-011
-3.360000e-001 	 9.089982e-011
-3.355000e-001 	 8.580241e-011
-3.350000e-001 	 8.037804e-011
-3.345000e-001 	 6.680260e-011
-3.340000e-001 	 4.807158e-011
-3.335000e-001 	 2.746815e-011
-3.330000e-001 	 5.272221e-012
-3.325000e-001 	 -1.610937e-011
-3.320000e-001 	 -4.531265e-011
-3.315000e-001 	 -7.381631e-011
-3.310000e-001 	 -1.028734e-010
-3.305000e-001 	 -1.309338e-010
-3.300000e-001 	 -1.539199e-010
-3.295000e-001 	 -1.663797e-010
-3.290000e-001 	 -1.725182e-010
-3.285000e-001 	 -1.768421e-010
-3.280000e-001 	 -1.821292e-010
-3.275000e-001 	 -1.839707e-010
-3.270000e-001 	 -1.861476e-010
-3.265000e-001 	 -1.887884e-010
-3.260000e-001 	 -1.967923e-010
-3.255000e-001 	 -2.001013e-010
-3.250000e-001 	 -2.018293e-010
-3.245000e-001 	 -1.911043e-010
-3.240000e-001 	 -1.758076e-010
-3.235000e-001 	 -1.603512e-010
-3.230000e-001 	 -1.507335e-010
-3.225000e-001 	 -1.469594e-010
-3.220000e-001 	 -1.419967e-010
-3.215000e-001 	 -1.493266e-010
-3.210000e-001 	 -1.630888e-010
-3.205000e-001 	 -1.817078e-010
-3.200000e-001 	 -2.093017e-010
-3.195000e-001 	 -2.411301e-010
-3.190000e-001 	 -2.629677e-010
-3.185000e-001 	 -2.727740e-010
-3.180000e-001 	 -2.766352e-010
-3.175000e-001 	 -2.684530e-010
-3.170000e-001 	 -2.498542e-010
-3.165000e-001 	 -2.245709e-010
-3.160000e-001 	 -1.998965e-010
-3.155000e-001 	 -1.757014e-010
-3.150000e-001 	 -1.517849e-010
-3.145000e-001 	 -1.298625e-010
-3.140000e-001 	 -1.145129e-010
-3.135000e-001 	 -9.716425e-011
-3.130000e-001 	 -7.990314e-011
-3.125000e-001 	 -7.759831e-011
-3.120000e-001 	 -7.034767e-011
-3.115000e-001 	 -6.196667e-011
-3.110000e-001 	 -7.086329e-011
-3.105000e-001 	 -9.062300e-011
-3.100000e-001 	 -1.201395e-010
-3.095000e-001 	 -1.542200e-010
-3.090000e-001 	 -1.956635e-010
-3.085000e-001 	 -2.426445e-010
-3.080000e-001 	 -2.912791e-010
-3.075000e-001 	 -3.308325e-010
-3.070000e-001 	 -3.701738e-010
-3.065000e-001 	 -4.026786e-010
-3.060000e-001 	 -4.305202e-010
-3.055000e-001 	 -4.507483e-010
-3.050000e-001 	 -4.655856e-010
-3.045000e-001 	 -4.749024e-010
-3.040000e-001 	 -4.799794e-010
-3.035000e-001 	 -4.811756e-010
-3.030000e-001 	 -4.707659e-010
-3.025000e-001 	 -4.650629e-010
-3.020000e-001 	 -4.587795e-010
-3.015000e-001 	 -4.517865e-010
-3.010000e-001 	 -4.396585e-010
-3.005000e-001 	 -4.209295e-010
-3.000000e-001 	 -4.045502e-010
-2.995000e-001 	 -3.904411e-010
-2.990000e-001 	 -3.772040e-010
-2.985000e-001 	 -3.750093e-010
-2.980000e-001 	 -3.702532e-010
-2.975000e-001 	 -3.532040e-010
-2.970000e-001 	 -3.253422e-010
-2.965000e-001 	 -3.069106e-010
-2.960000e-001 	 -3.040152e-010
-2.955000e-001 	 -3.103161e-010
-2.950000e-001 	 -3.109514e-010
-2.945000e-001 	 -2.965159e-010
-2.940000e-001 	 -2.812048e-010
-2.935000e-001 	 -2.649796e-010
-2.930000e-001 	 -2.414510e-010
-2.925000e-001 	 -2.183464e-010
-2.920000e-001 	 -1.998788e-010
-2.915000e-001 	 -1.827886e-010
-2.910000e-001 	 -1.668363e-010
-2.905000e-001 	 -1.469102e-010
-2.900000e-001 	 -1.368977e-010
-2.895000e-001 	 -1.386172e-010
-2.890000e-001 	 -1.370314e-010
-2.885000e-001 	 -1.354171e-010
-2.880000e-001 	 -1.384945e-010
-2.875000e-001 	 -1.453176e-010
-2.870000e-001 	 -1.493592e-010
-2.865000e-001 	 -1.568452e-010
-2.860000e-001 	 -1.703005e-010
-2.855000e-001 	 -1.869797e-010
-2.850000e-001 	 -1.985608e-010
-2.845000e-001 	 -2.116547e-010
-2.840000e-001 	 -2.175248e-010
-2.835000e-001 	 -2.174675e-010
-2.830000e-001 	 -2.261566e-010
-2.825000e-001 	 -2.256997e-010
-2.820000e-001 	 -2.165966e-010
-2.815000e-001 	 -2.048975e-010
-2.810000e-001 	 -1.871928e-010
-2.805000e-001 	 -1.794933e-010
-2.800000e-001 	 -1.686123e-010
-2.795000e-001 	 -1.571071e-010
-2.790000e-001 	 -1.503993e-010
-2.785000e-001 	 -1.375511e-010
-2.780000e-001 	 -1.213721e-010
-2.775000e-001 	 -1.000457e-010
-2.770000e-001 	 -8.411395e-011
-2.765000e-001 	 -6.183866e-011
-2.760000e-001 	 -3.240425e-011
-2.755000e-001 	 2.062837e-012
-2.750000e-001 	 3.424569e-011
-2.745000e-001 	 6.960898e-011
-2.740000e-001 	 1.049511e-010
-2.735000e-001 	 1.272369e-010
-2.730000e-001 	 1.440999e-010
-2.725000e-001 	 1.500663e-010
-2.720000e-001 	 1.466582e-010
-2.715000e-001 	 1.366696e-010
-2.710000e-001 	 1.253684e-010
-2.705000e-001 	 1.176415e-010
-2.700000e-001 	 1.097931e-010
-2.695000e-001 	 1.002258e-010
-2.690000e-001 	 8.907123e-011
-2.685000e-001 	 9.066516e-011
-2.680000e-001 	 9.238124e-011
-2.675000e-001 	 9.885954e-011
-2.670000e-001 	 1.080318e-010
-2.665000e-001 	 1.075579e-010
-2.660000e-001 	 1.125899e-010
-2.655000e-001 	 1.223907e-010
-2.650000e-001 	 1.333295e-010
-2.645000e-001 	 1.478948e-010
-2.640000e-001 	 1.703527e-010
-2.635000e-001 	 1.896387e-010
-2.630000e-001 	 2.048351e-010
-2.625000e-001 	 2.200472e-010
-2.620000e-001 	 2.353993e-010
-2.615000e-001 	 2.537093e-010
-2.610000e-001 	 2.700127e-010
-2.605000e-001 	 2.790421e-010
-2.600000e-001 	 2.835458e-010
-2.595000e-001 	 2.847932e-010
-2.590000e-001 	 2.726682e-010
-2.585000e-001 	 2.462146e-010
-2.580000e-001 	 2.116929e-010
-2.575000e-001 	 1.685749e-010
-2.570000e-001 	 1.270092e-010
-2.565000e-001 	 9.785996e-011
-2.560000e-001 	 6.277649e-011
-2.555000e-001 	 2.145348e-011
-2.550000e-001 	 -2.899763e-012
-2.545000e-001 	 -3.607663e-011
-2.540000e-001 	 -6.061183e-011
-2.535000e-001 	 -8.485770e-011
-2.530000e-001 	 -9.881386e-011
-2.525000e-001 	 -1.048599e-010
-2.520000e-001 	 -1.102097e-010
-2.515000e-001 	 -1.220996e-010
-2.510000e-001 	 -1.289231e-010
-2.505000e-001 	 -1.324522e-010
-2.500000e-001 	 -1.310194e-010
-2.495000e-001 	 -1.191074e-010
-2.490000e-001 	 -1.059617e-010
-2.485000e-001 	 -8.620115e-011
-2.480000e-001 	 -6.600875e-011
-2.475000e-001 	 -3.817460e-011
-2.470000e-001 	 -1.647420e-011
-2.465000e-001 	 4.099644e-012
-2.460000e-001 	 8.457900e-012
-2.455000e-001 	 4.808319e-012
-2.450000e-001 	 -9.717680e-012
-2.445000e-001 	 -2.299678e-011
-2.440000e-001 	 -3.214527e-011
-2.435000e-001 	 -4.143235e-011
-2.430000e-001 	 -4.828856e-011
-2.425000e-001 	 -5.060571e-011
-2.420000e-001 	 -4.862188e-011
-2.415000e-001 	 -5.704646e-011
-2.410000e-001 	 -7.071071e-011
-2.405000e-001 	 -8.908798e-011
-2.400000e-001 	 -1.097444e-010
-2.395000e-001 	 -1.299934e-010
-2.390000e-001 	 -1.493793e-010
-2.385000e-001 	 -1.695865e-010
-2.380000e-001 	 -1.973277e-010
-2.375000e-001 	 -2.252967e-010
-2.370000e-001 	 -2.487514e-010
-2.365000e-001 	 -2.730106e-010
-2.360000e-001 	 -2.871046e-010
-2.355000e-001 	 -2.851430e-010
-2.350000e-001 	 -2.780762e-010
-2.345000e-001 	 -2.646804e-010
-2.340000e-001 	 -2.407523e-010
-2.335000e-001 	 -2.203123e-010
-2.330000e-001 	 -1.981448e-010
-2.325000e-001 	 -1.811986e-010
-2.320000e-001 	 -1.642092e-010
-2.315000e-001 	 -1.494639e-010
-2.310000e-001 	 -1.499651e-010
-2.305000e-001 	 -1.458986e-010
-2.300000e-001 	 -1.549182e-010
-2.295000e-001 	 -1.670686e-010
-2.290000e-001 	 -1.905533e-010
-2.285000e-001 	 -2.049561e-010
-2.280000e-001 	 -2.208335e-010
-2.275000e-001 	 -2.343098e-010
-2.270000e-001 	 -2.420944e-010
-2.265000e-001 	 -2.527349e-010
-2.260000e-001 	 -2.584614e-010
-2.255000e-001 	 -2.671835e-010
-2.250000e-001 	 -2.819232e-010
-2.245000e-001 	 -2.972858e-010
-2.240000e-001 	 -3.012185e-010
-2.235000e-001 	 -3.085123e-010
-2.230000e-001 	 -3.079076e-010
-2.225000e-001 	 -2.931984e-010
-2.220000e-001 	 -2.796141e-010
-2.215000e-001 	 -2.707540e-010
-2.210000e-001 	 -2.555575e-010
-2.205000e-001 	 -2.286753e-010
-2.200000e-001 	 -2.110736e-010
-2.195000e-001 	 -1.956982e-010
-2.190000e-001 	 -1.705697e-010
-2.185000e-001 	 -1.451833e-010
-2.180000e-001 	 -1.147322e-010
-2.175000e-001 	 -8.348957e-011
-2.170000e-001 	 -4.964518e-011
-2.165000e-001 	 -2.203611e-011
-2.160000e-001 	 -2.397887e-012
-2.155000e-001 	 1.700036e-011
-2.150000e-001 	 4.238198e-011
-2.145000e-001 	 7.032568e-011
-2.140000e-001 	 9.868322e-011
-2.135000e-001 	 1.237040e-010
-2.130000e-001 	 1.413692e-010
-2.125000e-001 	 1.593068e-010
-2.120000e-001 	 1.768061e-010
-2.115000e-001 	 2.057026e-010
-2.110000e-001 	 2.309991e-010
-2.105000e-001 	 2.426619e-010
-2.100000e-001 	 2.486320e-010
-2.095000e-001 	 2.529585e-010
-2.090000e-001 	 2.542116e-010
-2.085000e-001 	 2.526924e-010
-2.080000e-001 	 2.484642e-010
-2.075000e-001 	 2.474970e-010
-2.070000e-001 	 2.442790e-010
-2.065000e-001 	 2.436860e-010
-2.060000e-001 	 2.373565e-010
-2.055000e-001 	 2.270059e-010
-2.050000e-001 	 2.193587e-010
-2.045000e-001 	 2.069091e-010
-2.040000e-001 	 1.942786e-010
-2.035000e-001 	 1.845691e-010
-2.030000e-001 	 1.717991e-010
-2.025000e-001 	 1.566590e-010
-2.020000e-001 	 1.426196e-010
-2.015000e-001 	 1.243152e-010
-2.010000e-001 	 9.820017e-011
-2.005000e-001 	 7.395882e-011
-2.000000e-001 	 4.347290e-011
-1.995000e-001 	 1.575231e-011
-1.990000e-001 	 -1.216101e-011
-1.985000e-001 	 -3.146021e-011
-1.980000e-001 	 -4.648050e-011
-1.975000e-001 	 -6.814224e-011
-1.970000e-001 	 -7.945925e-011
-1.965000e-001 	 -9.129067e-011
-1.960000e-001 	 -1.000809e-010
-1.955000e-001 	 -1.071357e-010
-1.950000e-001 	 -1.026991e-010
-1.945000e-001 	 -9.800434e-011
-1.940000e-001 	 -8.843114e-011
-1.935000e-001 	 -6.832272e-011
-1.930000e-001 	 -4.426862e-011
-1.925000e-001 	 -2.165127e-011
-1.920000e-001 	 -1.198627e-012
-1.915000e-001 	 2.363964e-011
-1.910000e-001 	 4.002531e-011
-1.905000e-001 	 5.761458e-011
-1.900000e-001 	 6.764642e-011
-1.895000e-001 	 8.290841e-011
-1.890000e-001 	 1.018468e-010
-1.885000e-001 	 1.213722e-010
-1.880000e-001 	 1.457022e-010
-1.875000e-001 	 1.725294e-010
-1.870000e-001 	 1.983400e-010
-1.865000e-001 	 2.092017e-010
-1.860000e-001 	 2.160407e-010
-1.855000e-001 	 2.177483e-010
-1.850000e-001 	 2.193224e-010
-1.845000e-001 	 2.287558e-010
-1.840000e-001 	 2.481196e-010
-1.835000e-001 	 2.713534e-010
-1.830000e-001 	 2.945873e-010
-1.825000e-001 	 3.167277e-010
-1.820000e-001 	 3.410441e-010
-1.815000e-001 	 3.697217e-010
-1.810000e-001 	 3.915999e-010
-1.805000e-001 	 4.189911e-010
-1.800000e-001 	 4.466572e-010
-1.795000e-001 	 4.756500e-010
-1.790000e-001 	 4.971121e-010
-1.785000e-001 	 5.110335e-010
-1.780000e-001 	 5.267658e-010
-1.775000e-001 	 5.387172e-010
-1.770000e-001 	 5.419830e-010
-1.765000e-001 	 5.465385e-010
-1.760000e-001 	 5.392246e-010
-1.755000e-001 	 5.185343e-010
-1.750000e-001 	 4.907118e-010
-1.745000e-001 	 4.563329e-010
-1.740000e-001 	 4.198140e-010
-1.735000e-001 	 3.860571e-010
-1.730000e-001 	 3.664737e-010
-1.725000e-001 	 3.501845e-010
-1.720000e-001 	 3.244078e-010
-1.715000e-001 	 3.077810e-010
-1.710000e-001 	 3.007537e-010
-1.705000e-001 	 2.907681e-010
-1.700000e-001 	 2.839750e-010
-1.695000e-001 	 2.847139e-010
-1.690000e-001 	 2.784764e-010
-1.685000e-001 	 2.659019e-010
-1.680000e-001 	 2.504679e-010
-1.675000e-001 	 2.400038e-010
-1.670000e-001 	 2.296139e-010
-1.665000e-001 	 2.224847e-010
-1.660000e-001 	 2.095835e-010
-1.655000e-001 	 2.001408e-010
-1.650000e-001 	 1.921749e-010
-1.645000e-001 	 1.771701e-010
-1.640000e-001 	 1.650329e-010
-1.635000e-001 	 1.602383e-010
-1.630000e-001 	 1.680916e-010
-1.625000e-001 	 1.706776e-010
-1.620000e-001 	 1.837893e-010
-1.615000e-001 	 1.998299e-010
-1.610000e-001 	 2.221225e-010
-1.605000e-001 	 2.423986e-010
-1.600000e-001 	 2.605438e-010
-1.595000e-001 	 2.864670e-010
-1.590000e-001 	 3.084377e-010
-1.585000e-001 	 3.245072e-010
-1.580000e-001 	 3.365664e-010
-1.575000e-001 	 3.479940e-010
-1.570000e-001 	 3.516804e-010
-1.565000e-001 	 3.495801e-010
-1.560000e-001 	 3.496132e-010
-1.555000e-001 	 3.500976e-010
-1.550000e-001 	 3.519956e-010
-1.545000e-001 	 3.528510e-010
-1.540000e-001 	 3.553676e-010
-1.535000e-001 	 3.576105e-010
-1.530000e-001 	 3.563880e-010
-1.525000e-001 	 3.577699e-010
-1.520000e-001 	 3.639333e-010
-1.515000e-001 	 3.794884e-010
-1.510000e-001 	 4.030466e-010
-1.505000e-001 	 4.287468e-010
-1.500000e-001 	 4.563245e-010
-1.495000e-001 	 4.826202e-010
-1.490000e-001 	 5.109021e-010
-1.485000e-001 	 5.345852e-010
-1.480000e-001 	 5.469670e-010
-1.475000e-001 	 5.528282e-010
-1.470000e-001 	 5.438955e-010
-1.465000e-001 	 5.271747e-010
-1.460000e-001 	 5.024101e-010
-1.455000e-001 	 4.753200e-010
-1.450000e-001 	 4.417670e-010
-1.445000e-001 	 4.035720e-010
-1.440000e-001 	 3.669603e-010
-1.435000e-001 	 3.266012e-010
-1.430000e-001 	 2.832689e-010
-1.425000e-001 	 2.353374e-010
-1.420000e-001 	 1.818954e-010
-1.415000e-001 	 1.265009e-010
-1.410000e-001 	 7.923671e-011
-1.405000e-001 	 3.507939e-011
-1.400000e-001 	 -3.385087e-012
-1.395000e-001 	 -4.163180e-011
-1.390000e-001 	 -8.535739e-011
-1.385000e-001 	 -1.308290e-010
-1.380000e-001 	 -1.582769e-010
-1.375000e-001 	 -1.751168e-010
-1.370000e-001 	 -1.827876e-010
-1.365000e-001 	 -1.828721e-010
-1.360000e-001 	 -1.882963e-010
-1.355000e-001 	 -1.923695e-010
-1.350000e-001 	 -1.873339e-010
-1.345000e-001 	 -1.856346e-010
-1.340000e-001 	 -1.883973e-010
-1.335000e-001 	 -1.909994e-010
-1.330000e-001 	 -1.885367e-010
-1.325000e-001 	 -1.901192e-010
-1.320000e-001 	 -1.985120e-010
-1.315000e-001 	 -2.132712e-010
-1.310000e-001 	 -2.242066e-010
-1.305000e-001 	 -2.327689e-010
-1.300000e-001 	 -2.399652e-010
-1.295000e-001 	 -2.359765e-010
-1.290000e-001 	 -2.303384e-010
-1.285000e-001 	 -2.236697e-010
-1.280000e-001 	 -2.214179e-010
-1.275000e-001 	 -2.196642e-010
-1.270000e-001 	 -2.161592e-010
-1.265000e-001 	 -2.085271e-010
-1.260000e-001 	 -2.002051e-010
-1.255000e-001 	 -1.862268e-010
-1.250000e-001 	 -1.756534e-010
-1.245000e-001 	 -1.705250e-010
-1.240000e-001 	 -1.652362e-010
-1.235000e-001 	 -1.614479e-010
-1.230000e-001 	 -1.666401e-010
-1.225000e-001 	 -1.745086e-010
-1.220000e-001 	 -1.871210e-010
-1.215000e-001 	 -2.061124e-010
-1.210000e-001 	 -2.307658e-010
-1.205000e-001 	 -2.571687e-010
-1.200000e-001 	 -2.830530e-010
-1.195000e-001 	 -3.026770e-010
-1.190000e-001 	 -3.218757e-010
-1.185000e-001 	 -3.345400e-010
-1.180000e-001 	 -3.450029e-010
-1.175000e-001 	 -3.473335e-010
-1.170000e-001 	 -3.489855e-010
-1.165000e-001 	 -3.444690e-010
-1.160000e-001 	 -3.285472e-010
-1.155000e-001 	 -3.179919e-010
-1.150000e-001 	 -3.020057e-010
-1.145000e-001 	 -2.889039e-010
-1.140000e-001 	 -2.832773e-010
-1.135000e-001 	 -2.778890e-010
-1.130000e-001 	 -2.736006e-010
-1.125000e-001 	 -2.728039e-010
-1.120000e-001 	 -2.751447e-010
-1.115000e-001 	 -2.796512e-010
-1.110000e-001 	 -2.834288e-010
-1.105000e-001 	 -2.919355e-010
-1.100000e-001 	 -3.044437e-010
-1.095000e-001 	 -3.148799e-010
-1.090000e-001 	 -3.205666e-010
-1.085000e-001 	 -3.279007e-010
-1.080000e-001 	 -3.381264e-010
-1.075000e-001 	 -3.372680e-010
-1.070000e-001 	 -3.341373e-010
-1.065000e-001 	 -3.301751e-010
-1.060000e-001 	 -3.288155e-010
-1.055000e-001 	 -3.250502e-010
-1.050000e-001 	 -3.242968e-010
-1.045000e-001 	 -3.189179e-010
-1.040000e-001 	 -3.076507e-010
-1.035000e-001 	 -2.882541e-010
-1.030000e-001 	 -2.692959e-010
-1.025000e-001 	 -2.541513e-010
-1.020000e-001 	 -2.412893e-010
-1.015000e-001 	 -2.319273e-010
-1.010000e-001 	 -2.300920e-010
-1.005000e-001 	 -2.363235e-010
-1.000000e-001 	 -2.364616e-010
-9.950000e-002 	 -2.351618e-010
-9.900000e-002 	 -2.413160e-010
-9.850000e-002 	 -2.566767e-010
-9.800000e-002 	 -2.731660e-010
-9.750000e-002 	 -2.914095e-010
-9.700000e-002 	 -3.092104e-010
-9.650000e-002 	 -3.294508e-010
-9.600000e-002 	 -3.508985e-010
-9.550000e-002 	 -3.755350e-010
-9.500000e-002 	 -4.061056e-010
-9.450000e-002 	 -4.322943e-010
-9.400000e-002 	 -4.534658e-010
-9.350000e-002 	 -4.724372e-010
-9.300000e-002 	 -4.850608e-010
-9.250000e-002 	 -4.965471e-010
-9.200000e-002 	 -5.084115e-010
-9.150000e-002 	 -5.167391e-010
-9.100000e-002 	 -5.186788e-010
-9.050000e-002 	 -5.171379e-010
-9.000000e-002 	 -5.172086e-010
-8.950000e-002 	 -5.162722e-010
-8.900000e-002 	 -5.116586e-010
-8.850000e-002 	 -5.066823e-010
-8.800000e-002 	 -4.890256e-010
-8.750000e-002 	 -4.676709e-010
-8.700000e-002 	 -4.425057e-010
-8.650000e-002 	 -4.217123e-010
-8.600000e-002 	 -4.044768e-010
-8.550000e-002 	 -3.904659e-010
-8.500000e-002 	 -3.805238e-010
-8.450000e-002 	 -3.658988e-010
-8.400000e-002 	 -3.576626e-010
-8.350000e-002 	 -3.501310e-010
-8.300000e-002 	 -3.469037e-010
-8.250000e-002 	 -3.422278e-010
-8.200000e-002 	 -3.320859e-010
-8.150000e-002 	 -3.341163e-010
-8.100000e-002 	 -3.318892e-010
-8.050000e-002 	 -3.284413e-010
-8.000000e-002 	 -3.213704e-010
-7.950000e-002 	 -3.210150e-010
-7.900000e-002 	 -3.233329e-010
-7.850000e-002 	 -3.267496e-010
-7.800000e-002 	 -3.320564e-010
-7.750000e-002 	 -3.310749e-010
-7.700000e-002 	 -3.303980e-010
-7.650000e-002 	 -3.281687e-010
-7.600000e-002 	 -3.232713e-010
-7.550000e-002 	 -3.219358e-010
-7.500000e-002 	 -3.169936e-010
-7.450000e-002 	 -3.098771e-010
-7.400000e-002 	 -3.019649e-010
-7.350000e-002 	 -2.947648e-010
-7.300000e-002 	 -2.854846e-010
-7.250000e-002 	 -2.712572e-010
-7.200000e-002 	 -2.479617e-010
-7.150000e-002 	 -2.197753e-010
-7.100000e-002 	 -1.921562e-010
-7.050000e-002 	 -1.676937e-010
-7.000000e-002 	 -1.528039e-010
-6.950000e-002 	 -1.386109e-010
-6.900000e-002 	 -1.227324e-010
-6.850000e-002 	 -1.072857e-010
-6.800000e-002 	 -9.757357e-011
-6.750000e-002 	 -9.763237e-011
-6.700000e-002 	 -9.494425e-011
-6.650000e-002 	 -1.043235e-010
-6.600000e-002 	 -1.097835e-010
-6.550000e-002 	 -1.182660e-010
-6.500000e-002 	 -1.277027e-010
-6.450000e-002 	 -1.382628e-010
-6.400000e-002 	 -1.510369e-010
-6.350000e-002 	 -1.633186e-010
-6.300000e-002 	 -1.808299e-010
-6.250000e-002 	 -1.901253e-010
-6.200000e-002 	 -1.900481e-010
-6.150000e-002 	 -1.871972e-010
-6.100000e-002 	 -1.751741e-010
-6.050000e-002 	 -1.627805e-010
-6.000000e-002 	 -1.499823e-010
-5.950000e-002 	 -1.396595e-010
-5.900000e-002 	 -1.197987e-010
-5.850000e-002 	 -1.034246e-010
-5.800000e-002 	 -8.899466e-011
-5.750000e-002 	 -7.858960e-011
-5.700000e-002 	 -7.520130e-011
-5.650000e-002 	 -7.651340e-011
-5.600000e-002 	 -8.003446e-011
-5.550000e-002 	 -7.430033e-011
-5.500000e-002 	 -7.327885e-011
-5.450000e-002 	 -6.986945e-011
-5.400000e-002 	 -5.867495e-011
-5.350000e-002 	 -5.337925e-011
-5.300000e-002 	 -4.842077e-011
-5.250000e-002 	 -4.785958e-011
-5.200000e-002 	 -4.959642e-011
-5.150000e-002 	 -3.925809e-011
-5.100000e-002 	 -3.054918e-011
-5.050000e-002 	 -2.762099e-011
-5.000000e-002 	 -2.414592e-011
-4.950000e-002 	 -9.108089e-012
-4.900000e-002 	 9.505277e-012
-4.850000e-002 	 2.533596e-011
-4.800000e-002 	 4.423485e-011
-4.750000e-002 	 6.695094e-011
-4.700000e-002 	 8.556482e-011
-4.650000e-002 	 1.039917e-010
-4.600000e-002 	 1.186587e-010
-4.550000e-002 	 1.285095e-010
-4.500000e-002 	 1.258442e-010
-4.450000e-002 	 1.216030e-010
-4.400000e-002 	 1.195939e-010
-4.350000e-002 	 1.151937e-010
-4.300000e-002 	 1.100813e-010
-4.250000e-002 	 1.029425e-010
-4.200000e-002 	 9.928870e-011
-4.150000e-002 	 9.521419e-011
-4.100000e-002 	 8.848347e-011
-4.050000e-002 	 8.384710e-011
-4.000000e-002 	 7.914626e-011
-3.950000e-002 	 8.493865e-011
-3.900000e-002 	 8.259034e-011
-3.850000e-002 	 9.472508e-011
-3.800000e-002 	 1.159359e-010
-3.750000e-002 	 1.435109e-010
-3.700000e-002 	 1.832042e-010
-3.650000e-002 	 2.228217e-010
-3.600000e-002 	 2.650042e-010
-3.550000e-002 	 3.104590e-010
-3.500000e-002 	 3.508183e-010
-3.450000e-002 	 3.888767e-010
-3.400000e-002 	 4.302791e-010
-3.350000e-002 	 4.644149e-010
-3.300000e-002 	 4.887506e-010
-3.250000e-002 	 4.999808e-010
-3.200000e-002 	 5.070269e-010
-3.150000e-002 	 5.046104e-010
-3.100000e-002 	 4.914008e-010
-3.050000e-002 	 4.778176e-010
-3.000000e-002 	 4.617080e-010
-2.950000e-002 	 4.425885e-010
-2.900000e-002 	 4.205162e-010
-2.850000e-002 	 4.019624e-010
-2.800000e-002 	 3.881834e-010
-2.750000e-002 	 3.778039e-010
-2.700000e-002 	 3.746565e-010
-2.650000e-002 	 3.727841e-010
-2.600000e-002 	 3.740364e-010
-2.550000e-002 	 3.821088e-010
-2.500000e-002 	 3.825197e-010
-2.450000e-002 	 3.866649e-010
-2.400000e-002 	 3.875309e-010
-2.350000e-002 	 3.881201e-010
-2.300000e-002 	 3.887806e-010
-2.250000e-002 	 3.873398e-010
-2.200000e-002 	 3.823898e-010
-2.150000e-002 	 3.795735e-010
-2.100000e-002 	 3.758273e-010
-2.050000e-002 	 3.716582e-010
-2.000000e-002 	 3.646739e-010
-1.950000e-002 	 3.527018e-010
-1.900000e-002 	 3.460864e-010
-1.850000e-002 	 3.366976e-010
-1.800000e-002 	 3.217050e-010
-1.750000e-002 	 3.067922e-010
-1.700000e-002 	 2.941136e-010
-1.650000e-002 	 2.850539e-010
-1.600000e-002 	 2.819382e-010
-1.550000e-002 	 2.833815e-010
-1.500000e-002 	 2.917619e-010
-1.450000e-002 	 2.981125e-010
-1.400000e-002 	 3.003408e-010
-1.350000e-002 	 3.028189e-010
-1.300000e-002 	 3.012416e-010
-1.250000e-002 	 3.010185e-010
-1.200000e-002 	 3.080260e-010
-1.150000e-002 	 3.212507e-010
-1.100000e-002 	 3.270737e-010
-1.050000e-002 	 3.353641e-010
-1.000000e-002 	 3.524022e-010
-9.500000e-003 	 3.683797e-010
-9.000000e-003 	 3.903672e-010
-8.500000e-003 	 4.117961e-010
-8.000000e-003 	 4.340055e-010
-7.500000e-003 	 4.579467e-010
-7.000000e-003 	 4.783994e-010
-6.500000e-003 	 5.034491e-010
-6.000000e-003 	 5.262373e-010
-5.500000e-003 	 5.537805e-010
-5.000000e-003 	 5.865894e-010
-4.500000e-003 	 6.136131e-010
-4.000000e-003 	 6.480409e-010
-3.500000e-003 	 6.877509e-010
-3.000000e-003 	 7.262384e-010
-2.500000e-003 	 7.710991e-010
-2.000000e-003 	 8.184777e-010
-1.500000e-003 	 8.713680e-010
-1.000000e-003 	 9.218835e-010
-5.000000e-004 	 9.634417e-010
0 	 9.956789e-010
5.000000e-004 	 1.020704e-009
1.000000e-003 	 1.038840e-009
1.500000e-003 	 1.043114e-009
2.000000e-003 	 1.033485e-009
2.500000e-003 	 1.012238e-009
3.000000e-003 	 9.903148e-010
3.500000e-003 	 9.552478e-010
4.000000e-003 	 9.082550e-010
4.500000e-003 	 8.544018e-010
5.000000e-003 	 8.005619e-010
5.500000e-003 	 7.498546e-010
6.000000e-003 	 6.952295e-010
6.500000e-003 	 6.498505e-010
7.000000e-003 	 6.007229e-010
7.500000e-003 	 5.538178e-010
8.000000e-003 	 5.177548e-010
8.500000e-003 	 4.898745e-010
9.000000e-003 	 4.615916e-010
9.500000e-003 	 4.364419e-010
1.000000e-002 	 4.264613e-010
1.050000e-002 	 4.182025e-010
1.100000e-002 	 4.172711e-010
1.150000e-002 	 4.257280e-010
1.200000e-002 	 4.330602e-010
1.250000e-002 	 4.361239e-010
1.300000e-002 	 4.402836e-010
1.350000e-002 	 4.530031e-010
1.400000e-002 	 4.630795e-010
1.450000e-002 	 4.798081e-010
1.500000e-002 	 4.985612e-010
1.550000e-002 	 5.205969e-010
1.600000e-002 	 5.391697e-010
1.650000e-002 	 5.426406e-010
1.700000e-002 	 5.326929e-010
1.750000e-002 	 5.280936e-010
1.800000e-002 	 5.198825e-010
1.850000e-002 	 5.139224e-010
1.900000e-002 	 5.114742e-010
1.950000e-002 	 5.081585e-010
2.000000e-002 	 5.149390e-010
2.050000e-002 	 5.224862e-010
2.100000e-002 	 5.306742e-010
2.150000e-002 	 5.411533e-010
2.200000e-002 	 5.535269e-010
2.250000e-002 	 5.636961e-010
2.300000e-002 	 5.688067e-010
2.350000e-002 	 5.760595e-010
2.400000e-002 	 5.847165e-010
2.450000e-002 	 5.935005e-010
2.500000e-002 	 5.982671e-010
2.550000e-002 	 6.008628e-010
2.600000e-002 	 5.996994e-010
2.650000e-002 	 5.898883e-010
2.700000e-002 	 5.802291e-010
2.750000e-002 	 5.647391e-010
2.800000e-002 	 5.498994e-010
2.850000e-002 	 5.389471e-010
2.900000e-002 	 5.142830e-010
2.950000e-002 	 4.929167e-010
3.000000e-002 	 4.691734e-010
3.050000e-002 	 4.368640e-010
3.100000e-002 	 4.094202e-010
3.150000e-002 	 3.848515e-010
3.200000e-002 	 3.581376e-010
3.250000e-002 	 3.246626e-010
3.300000e-002 	 2.941243e-010
3.350000e-002 	 2.595585e-010
3.400000e-002 	 2.298678e-010
3.450000e-002 	 2.001978e-010
3.500000e-002 	 1.687959e-010
3.550000e-002 	 1.399019e-010
3.600000e-002 	 1.165854e-010
3.650000e-002 	 9.334736e-011
3.700000e-002 	 7.724252e-011
3.750000e-002 	 6.864666e-011
3.800000e-002 	 6.416612e-011
3.850000e-002 	 5.909491e-011
3.900000e-002 	 5.232652e-011
3.950000e-002 	 4.630658e-011
4.000000e-002 	 3.896068e-011
4.050000e-002 	 2.584433e-011
4.100000e-002 	 1.847691e-011
4.150000e-002 	 1.530325e-011
4.200000e-002 	 7.221944e-012
4.250000e-002 	 1.969500e-012
4.300000e-002 	 4.346460e-012
4.350000e-002 	 1.022723e-011
4.400000e-002 	 1.641340e-011
4.450000e-002 	 1.947889e-011
4.500000e-002 	 2.416535e-011
4.550000e-002 	 2.978535e-011
4.600000e-002 	 3.016757e-011
4.650000e-002 	 2.214915e-011
4.700000e-002 	 1.634726e-011
4.750000e-002 	 1.325801e-011
4.800000e-002 	 9.526829e-012
4.850000e-002 	 -4.696040e-012
4.900000e-002 	 -1.838090e-011
4.950000e-002 	 -3.327560e-011
5.000000e-002 	 -5.844468e-011
5.050000e-002 	 -8.784864e-011
5.100000e-002 	 -1.216113e-010
5.150000e-002 	 -1.554095e-010
5.200000e-002 	 -1.904341e-010
5.250000e-002 	 -2.212376e-010
5.300000e-002 	 -2.445814e-010
5.350000e-002 	 -2.543287e-010
5.400000e-002 	 -2.675280e-010
5.450000e-002 	 -2.785031e-010
5.500000e-002 	 -2.815580e-010
5.550000e-002 	 -2.793120e-010
5.600000e-002 	 -2.757074e-010
5.650000e-002 	 -2.781407e-010
5.700000e-002 	 -2.870430e-010
5.750000e-002 	 -2.979256e-010
5.800000e-002 	 -3.146781e-010
5.850000e-002 	 -3.351087e-010
5.900000e-002 	 -3.591277e-010
5.950000e-002 	 -3.745905e-010
6.000000e-002 	 -3.885074e-010
6.050000e-002 	 -3.976502e-010
6.100000e-002 	 -4.051211e-010
6.150000e-002 	 -4.168115e-010
6.200000e-002 	 -4.310922e-010
6.250000e-002 	 -4.445043e-010
6.300000e-002 	 -4.557540e-010
6.350000e-002 	 -4.644144e-010
6.400000e-002 	 -4.742617e-010
6.450000e-002 	 -4.811913e-010
6.500000e-002 	 -4.842984e-010
6.550000e-002 	 -4.866826e-010
6.600000e-002 	 -4.811399e-010
6.650000e-002 	 -4.694054e-010
6.700000e-002 	 -4.537539e-010
6.750000e-002 	 -4.420688e-010
6.800000e-002 	 -4.411403e-010
6.850000e-002 	 -4.453048e-010
6.900000e-002 	 -4.586568e-010
6.950000e-002 	 -4.733322e-010
7.000000e-002 	 -4.860395e-010
7.050000e-002 	 -5.033468e-010
7.100000e-002 	 -5.234091e-010
7.150000e-002 	 -5.385109e-010
7.200000e-002 	 -5.485048e-010
7.250000e-002 	 -5.581054e-010
7.300000e-002 	 -5.682345e-010
7.350000e-002 	 -5.751964e-010
7.400000e-002 	 -5.829665e-010
7.450000e-002 	 -5.945924e-010
7.500000e-002 	 -6.031141e-010
7.550000e-002 	 -6.023254e-010
7.600000e-002 	 -6.017533e-010
7.650000e-002 	 -5.980116e-010
7.700000e-002 	 -5.924320e-010
7.750000e-002 	 -5.799148e-010
7.800000e-002 	 -5.618495e-010
7.850000e-002 	 -5.423618e-010
7.900000e-002 	 -5.155694e-010
7.950000e-002 	 -4.844096e-010
8.000000e-002 	 -4.564373e-010
8.050000e-002 	 -4.362827e-010
8.100000e-002 	 -4.187708e-010
8.150000e-002 	 -4.018007e-010
8.200000e-002 	 -3.735021e-010
8.250000e-002 	 -3.472746e-010
8.300000e-002 	 -3.280121e-010
8.350000e-002 	 -3.051337e-010
8.400000e-002 	 -2.790951e-010
8.450000e-002 	 -2.577024e-010
8.500000e-002 	 -2.452954e-010
8.550000e-002 	 -2.330173e-010
8.600000e-002 	 -2.260515e-010
8.650000e-002 	 -2.242923e-010
8.700000e-002 	 -2.148634e-010
8.750000e-002 	 -1.978952e-010
8.800000e-002 	 -1.728523e-010
8.850000e-002 	 -1.510957e-010
8.900000e-002 	 -1.339317e-010
8.950000e-002 	 -1.240179e-010
9.000000e-002 	 -1.177768e-010
9.050000e-002 	 -1.135716e-010
9.100000e-002 	 -1.185921e-010
9.150000e-002 	 -1.173155e-010
9.200000e-002 	 -1.241407e-010
9.250000e-002 	 -1.294006e-010
9.300000e-002 	 -1.251300e-010
9.350000e-002 	 -1.203731e-010
9.400000e-002 	 -1.120023e-010
9.450000e-002 	 -9.986984e-011
9.500000e-002 	 -8.810300e-011
9.550000e-002 	 -8.201528e-011
9.600000e-002 	 -8.656425e-011
9.650000e-002 	 -9.444346e-011
9.700000e-002 	 -9.618394e-011
9.750000e-002 	 -9.429798e-011
9.800000e-002 	 -8.847426e-011
9.850000e-002 	 -7.275110e-011
9.900000e-002 	 -5.426991e-011
9.950000e-002 	 -3.000199e-011
1.000000e-001 	 -7.596048e-012
1.005000e-001 	 1.156676e-011
1.010000e-001 	 2.800919e-011
1.015000e-001 	 3.355945e-011
1.020000e-001 	 3.237294e-011
1.025000e-001 	 2.438702e-011
1.030000e-001 	 1.595203e-011
1.035000e-001 	 -3.313882e-012
1.040000e-001 	 -3.318172e-011
1.045000e-001 	 -5.397248e-011
1.050000e-001 	 -6.898880e-011
1.055000e-001 	 -8.948255e-011
1.060000e-001 	 -1.091972e-010
1.065000e-001 	 -1.356693e-010
1.070000e-001 	 -1.673972e-010
1.075000e-001 	 -2.009601e-010
1.080000e-001 	 -2.296078e-010
1.085000e-001 	 -2.533718e-010
1.090000e-001 	 -2.732794e-010
1.095000e-001 	 -2.863538e-010
1.100000e-001 	 -2.860282e-010
1.105000e-001 	 -2.811447e-010
1.110000e-001 	 -2.719938e-010
1.115000e-001 	 -2.665788e-010
1.120000e-001 	 -2.567071e-010
1.125000e-001 	 -2.478167e-010
1.130000e-001 	 -2.394686e-010
1.135000e-001 	 -2.295404e-010
1.140000e-001 	 -2.184623e-010
1.145000e-001 	 -2.050006e-010
1.150000e-001 	 -1.907513e-010
1.155000e-001 	 -1.758968e-010
1.160000e-001 	 -1.577065e-010
1.165000e-001 	 -1.427784e-010
1.170000e-001 	 -1.342092e-010
1.175000e-001 	 -1.288344e-010
1.180000e-001 	 -1.315784e-010
1.185000e-001 	 -1.407099e-010
1.190000e-001 	 -1.491138e-010
1.195000e-001 	 -1.575070e-010
1.200000e-001 	 -1.670197e-010
1.205000e-001 	 -1.753731e-010
1.210000e-001 	 -1.807761e-010
1.215000e-001 	 -1.750199e-010
1.220000e-001 	 -1.673568e-010
1.225000e-001 	 -1.569309e-010
1.230000e-001 	 -1.454044e-010
1.235000e-001 	 -1.382953e-010
1.240000e-001 	 -1.314675e-010
1.245000e-001 	 -1.268902e-010
1.250000e-001 	 -1.193526e-010
1.255000e-001 	 -1.058750e-010
1.260000e-001 	 -8.810123e-011
1.265000e-001 	 -6.784147e-011
1.270000e-001 	 -4.647457e-011
1.275000e-001 	 -3.155019e-011
1.280000e-001 	 -9.655805e-012
1.285000e-001 	 1.234713e-012
1.290000e-001 	 6.849660e-012
1.295000e-001 	 6.703841e-012
1.300000e-001 	 5.366395e-014
1.305000e-001 	 -7.633206e-012
1.310000e-001 	 -1.994512e-011
1.315000e-001 	 -3.687292e-011
1.320000e-001 	 -5.870342e-011
1.325000e-001 	 -8.617790e-011
1.330000e-001 	 -1.107529e-010
1.335000e-001 	 -1.401877e-010
1.340000e-001 	 -1.759691e-010
1.345000e-001 	 -2.154512e-010
1.350000e-001 	 -2.434925e-010
1.355000e-001 	 -2.706453e-010
1.360000e-001 	 -3.025348e-010
1.365000e-001 	 -3.345749e-010
1.370000e-001 	 -3.649437e-010
1.375000e-001 	 -3.922143e-010
1.380000e-001 	 -4.158638e-010
1.385000e-001 	 -4.387001e-010
1.390000e-001 	 -4.577058e-010
1.395000e-001 	 -4.748540e-010
1.400000e-001 	 -4.902322e-010
1.405000e-001 	 -4.983477e-010
1.410000e-001 	 -5.097901e-010
1.415000e-001 	 -5.131199e-010
1.420000e-001 	 -5.074199e-010
1.425000e-001 	 -5.001107e-010
1.430000e-001 	 -4.918157e-010
1.435000e-001 	 -4.794327e-010
1.440000e-001 	 -4.521660e-010
1.445000e-001 	 -4.290887e-010
1.450000e-001 	 -4.011406e-010
1.455000e-001 	 -3.627080e-010
1.460000e-001 	 -3.201886e-010
1.465000e-001 	 -2.752189e-010
1.470000e-001 	 -2.300673e-010
1.475000e-001 	 -1.801921e-010
1.480000e-001 	 -1.307711e-010
1.485000e-001 	 -7.975702e-011
1.490000e-001 	 -3.516772e-011
1.495000e-001 	 1.394607e-011
1.500000e-001 	 5.280129e-011
1.505000e-001 	 9.130291e-011
1.510000e-001 	 1.204196e-010
1.515000e-001 	 1.414294e-010
1.520000e-001 	 1.593974e-010
1.525000e-001 	 1.666473e-010
1.530000e-001 	 1.683388e-010
1.535000e-001 	 1.597210e-010
1.540000e-001 	 1.430045e-010
1.545000e-001 	 1.207923e-010
1.550000e-001 	 9.578002e-011
1.555000e-001 	 7.482466e-011
1.560000e-001 	 5.555921e-011
1.565000e-001 	 3.751849e-011
1.570000e-001 	 1.559118e-011
1.575000e-001 	 -3.982772e-012
1.580000e-001 	 -2.975591e-011
1.585000e-001 	 -6.039516e-011
1.590000e-001 	 -9.062771e-011
1.595000e-001 	 -1.195451e-010
1.600000e-001 	 -1.531178e-010
1.605000e-001 	 -1.852432e-010
1.610000e-001 	 -2.228069e-010
1.615000e-001 	 -2.486003e-010
1.620000e-001 	 -2.680068e-010
1.625000e-001 	 -2.877590e-010
1.630000e-001 	 -3.104211e-010
1.635000e-001 	 -3.392376e-010
1.640000e-001 	 -3.687800e-010
1.645000e-001 	 -4.058438e-010
1.650000e-001 	 -4.402211e-010
1.655000e-001 	 -4.773343e-010
1.660000e-001 	 -5.120922e-010
1.665000e-001 	 -5.518602e-010
1.670000e-001 	 -5.925383e-010
1.675000e-001 	 -6.250334e-010
1.680000e-001 	 -6.572762e-010
1.685000e-001 	 -6.865115e-010
1.690000e-001 	 -7.152287e-010
1.695000e-001 	 -7.474089e-010
1.700000e-001 	 -7.681301e-010
1.705000e-001 	 -7.871625e-010
1.710000e-001 	 -7.965482e-010
1.715000e-001 	 -7.938803e-010
1.720000e-001 	 -7.804444e-010
1.725000e-001 	 -7.513780e-010
1.730000e-001 	 -7.105828e-010
1.735000e-001 	 -6.674010e-010
1.740000e-001 	 -6.290777e-010
1.745000e-001 	 -5.947081e-010
1.750000e-001 	 -5.641473e-010
1.755000e-001 	 -5.341705e-010
1.760000e-001 	 -4.989133e-010
1.765000e-001 	 -4.487948e-010
1.770000e-001 	 -3.963526e-010
1.775000e-001 	 -3.425341e-010
1.780000e-001 	 -2.892120e-010
1.785000e-001 	 -2.350894e-010
1.790000e-001 	 -1.895539e-010
1.795000e-001 	 -1.513563e-010
1.800000e-001 	 -1.162754e-010
1.805000e-001 	 -9.170522e-011
1.810000e-001 	 -7.709068e-011
1.815000e-001 	 -6.527092e-011
1.820000e-001 	 -5.538002e-011
1.825000e-001 	 -4.255198e-011
1.830000e-001 	 -2.788268e-011
1.835000e-001 	 -1.769551e-011
1.840000e-001 	 -1.175433e-011
1.845000e-001 	 -1.479368e-011
1.850000e-001 	 -2.205937e-011
1.855000e-001 	 -1.981999e-011
1.860000e-001 	 -2.094700e-011
1.865000e-001 	 -1.536274e-011
1.870000e-001 	 -5.421843e-012
1.875000e-001 	 4.096520e-013
1.880000e-001 	 1.004938e-011
1.885000e-001 	 1.265719e-011
1.890000e-001 	 2.390137e-011
1.895000e-001 	 3.260298e-011
1.900000e-001 	 4.724521e-011
1.905000e-001 	 5.665443e-011
1.910000e-001 	 6.302854e-011
1.915000e-001 	 7.158284e-011
1.920000e-001 	 8.036250e-011
1.925000e-001 	 9.359077e-011
1.930000e-001 	 1.069847e-010
1.935000e-001 	 1.242271e-010
1.940000e-001 	 1.406894e-010
1.945000e-001 	 1.476802e-010
1.950000e-001 	 1.514024e-010
1.955000e-001 	 1.513211e-010
1.960000e-001 	 1.409791e-010
1.965000e-001 	 1.215457e-010
1.970000e-001 	 9.906966e-011
1.975000e-001 	 7.501123e-011
1.980000e-001 	 4.859883e-011
1.985000e-001 	 3.127614e-011
1.990000e-001 	 1.987495e-011
1.995000e-001 	 9.280645e-012
2.000000e-001 	 -4.900295e-012
2.005000e-001 	 -1.829085e-011
2.010000e-001 	 -3.579099e-011
2.015000e-001 	 -6.173702e-011
2.020000e-001 	 -8.548415e-011
2.025000e-001 	 -1.214708e-010
2.030000e-001 	 -1.481417e-010
2.035000e-001 	 -1.630772e-010
2.040000e-001 	 -1.792193e-010
2.045000e-001 	 -1.837959e-010
2.050000e-001 	 -1.826381e-010
2.055000e-001 	 -1.772291e-010
2.060000e-001 	 -1.744823e-010
2.065000e-001 	 -1.689801e-010
2.070000e-001 	 -1.560360e-010
2.075000e-001 	 -1.443265e-010
2.080000e-001 	 -1.290510e-010
2.085000e-001 	 -1.163757e-010
2.090000e-001 	 -9.618132e-011
2.095000e-001 	 -7.993187e-011
2.100000e-001 	 -5.955714e-011
2.105000e-001 	 -3.717309e-011
2.110000e-001 	 -1.413882e-011
2.115000e-001 	 9.862732e-012
2.120000e-001 	 3.058929e-011
2.125000e-001 	 5.587543e-011
2.130000e-001 	 7.296146e-011
2.135000e-001 	 9.243287e-011
2.140000e-001 	 1.163270e-010
2.145000e-001 	 1.362134e-010
2.150000e-001 	 1.597615e-010
2.155000e-001 	 1.820461e-010
2.160000e-001 	 1.977724e-010
2.165000e-001 	 2.102282e-010
2.170000e-001 	 2.165776e-010
2.175000e-001 	 2.106216e-010
2.180000e-001 	 1.992125e-010
2.185000e-001 	 1.842857e-010
2.190000e-001 	 1.640538e-010
2.195000e-001 	 1.407019e-010
2.200000e-001 	 1.057954e-010
2.205000e-001 	 6.014007e-011
2.210000e-001 	 9.163968e-012
2.215000e-001 	 -4.744346e-011
2.220000e-001 	 -1.005010e-010
2.225000e-001 	 -1.500557e-010
2.230000e-001 	 -2.010104e-010
2.235000e-001 	 -2.503685e-010
2.240000e-001 	 -2.974244e-010
2.245000e-001 	 -3.406105e-010
2.250000e-001 	 -3.717770e-010
2.255000e-001 	 -3.951898e-010
2.260000e-001 	 -4.104913e-010
2.265000e-001 	 -4.193975e-010
2.270000e-001 	 -4.168526e-010
2.275000e-001 	 -4.129654e-010
2.280000e-001 	 -4.098488e-010
2.285000e-001 	 -4.024336e-010
2.290000e-001 	 -3.974718e-010
2.295000e-001 	 -3.903685e-010
2.300000e-001 	 -3.807663e-010
2.305000e-001 	 -3.685169e-010
2.310000e-001 	 -3.549150e-010
2.315000e-001 	 -3.415481e-010
2.320000e-001 	 -3.281401e-010
2.325000e-001 	 -3.192472e-010
2.330000e-001 	 -3.136307e-010
2.335000e-001 	 -3.142379e-010
2.340000e-001 	 -3.054253e-010
2.345000e-001 	 -2.965288e-010
2.350000e-001 	 -2.813558e-010
2.355000e-001 	 -2.641441e-010
2.360000e-001 	 -2.481760e-010
2.365000e-001 	 -2.186262e-010
2.370000e-001 	 -1.852920e-010
2.375000e-001 	 -1.458820e-010
2.380000e-001 	 -1.032727e-010
2.385000e-001 	 -6.123321e-011
2.390000e-001 	 -1.760600e-011
2.395000e-001 	 2.857508e-011
2.400000e-001 	 7.870883e-011
2.405000e-001 	 1.229286e-010
2.410000e-001 	 1.609173e-010
2.415000e-001 	 1.975173e-010
2.420000e-001 	 2.493613e-010
2.425000e-001 	 2.954611e-010
2.430000e-001 	 3.420746e-010
2.435000e-001 	 3.911152e-010
2.440000e-001 	 4.378390e-010
2.445000e-001 	 4.866869e-010
2.450000e-001 	 5.296348e-010
2.455000e-001 	 5.766536e-010
2.460000e-001 	 6.177797e-010
2.465000e-001 	 6.541853e-010
2.470000e-001 	 6.777735e-010
2.475000e-001 	 6.895569e-010
2.480000e-001 	 6.998893e-010
2.485000e-001 	 6.954278e-010
2.490000e-001 	 6.808876e-010
2.495000e-001 	 6.618395e-010
2.500000e-001 	 6.394147e-010
2.505000e-001 	 6.233075e-010
2.510000e-001 	 6.025201e-010
2.515000e-001 	 5.868575e-010
2.520000e-001 	 5.696639e-010
2.525000e-001 	 5.471209e-010
2.530000e-001 	 5.193159e-010
2.535000e-001 	 4.881798e-010
2.540000e-001 	 4.573898e-010
2.545000e-001 	 4.241335e-010
2.550000e-001 	 3.993132e-010
2.555000e-001 	 3.761923e-010
2.560000e-001 	 3.627898e-010
2.565000e-001 	 3.564825e-010
2.570000e-001 	 3.609596e-010
2.575000e-001 	 3.725488e-010
2.580000e-001 	 3.832374e-010
2.585000e-001 	 4.024088e-010
2.590000e-001 	 4.160546e-010
2.595000e-001 	 4.283567e-010
2.600000e-001 	 4.324424e-010
2.605000e-001 	 4.294804e-010
2.610000e-001 	 4.132407e-010
2.615000e-001 	 3.811687e-010
2.620000e-001 	 3.370723e-010
2.625000e-001 	 2.902002e-010
2.630000e-001 	 2.385625e-010
2.635000e-001 	 1.854706e-010
2.640000e-001 	 1.367295e-010
2.645000e-001 	 8.403896e-011
2.650000e-001 	 3.038196e-011
2.655000e-001 	 -1.816223e-011
2.660000e-001 	 -7.418288e-011
2.665000e-001 	 -1.290529e-010
2.670000e-001 	 -1.865461e-010
2.675000e-001 	 -2.448157e-010
2.680000e-001 	 -3.027163e-010
2.685000e-001 	 -3.526556e-010
2.690000e-001 	 -4.001717e-010
2.695000e-001 	 -4.495389e-010
2.700000e-001 	 -5.013612e-010
2.705000e-001 	 -5.644416e-010
2.710000e-001 	 -6.256873e-010
2.715000e-001 	 -6.896974e-010
2.720000e-001 	 -7.450955e-010
2.725000e-001 	 -7.958653e-010
2.730000e-001 	 -8.419567e-010
2.735000e-001 	 -8.806234e-010
2.740000e-001 	 -9.050630e-010
2.745000e-001 	 -9.266575e-010
2.750000e-001 	 -9.411186e-010
2.755000e-001 	 -9.463251e-010
2.760000e-001 	 -9.394890e-010
2.765000e-001 	 -9.275177e-010
2.770000e-001 	 -9.050935e-010
2.775000e-001 	 -8.682537e-010
2.780000e-001 	 -8.251365e-010
2.785000e-001 	 -7.684766e-010
2.790000e-001 	 -7.084515e-010
2.795000e-001 	 -6.385379e-010
2.800000e-001 	 -5.587195e-010
2.805000e-001 	 -4.671262e-010
2.810000e-001 	 -3.718120e-010
2.815000e-001 	 -2.752176e-010
2.820000e-001 	 -1.762338e-010
2.825000e-001 	 -7.944958e-011
2.830000e-001 	 1.304406e-011
2.835000e-001 	 9.791978e-011
2.840000e-001 	 1.830910e-010
2.845000e-001 	 2.738444e-010
2.850000e-001 	 3.696884e-010
2.855000e-001 	 4.673616e-010
2.860000e-001 	 5.533494e-010
2.865000e-001 	 5.998306e-010
2.870000e-001 	 5.954392e-010
2.875000e-001 	 5.638986e-010
2.880000e-001 	 5.275402e-010
2.885000e-001 	 4.935309e-010
2.890000e-001 	 4.665326e-010
2.895000e-001 	 4.590584e-010
2.900000e-001 	 4.661074e-010
2.905000e-001 	 4.838233e-010
2.910000e-001 	 5.145657e-010
2.915000e-001 	 5.542779e-010
2.920000e-001 	 6.039961e-010
2.925000e-001 	 6.455994e-010
2.930000e-001 	 6.802202e-010
2.935000e-001 	 6.986900e-010
2.940000e-001 	 7.057628e-010
2.945000e-001 	 7.128526e-010
2.950000e-001 	 7.079938e-010
2.955000e-001 	 6.948143e-010
2.960000e-001 	 6.819455e-010
2.965000e-001 	 6.646871e-010
2.970000e-001 	 6.521163e-010
2.975000e-001 	 6.393820e-010
2.980000e-001 	 6.259905e-010
2.985000e-001 	 6.051545e-010
2.990000e-001 	 5.744010e-010
2.995000e-001 	 5.403348e-010
3.000000e-001 	 5.067110e-010
3.005000e-001 	 4.814051e-010
3.010000e-001 	 4.547531e-010
3.015000e-001 	 4.308867e-010
3.020000e-001 	 4.213399e-010
3.025000e-001 	 4.179082e-010
3.030000e-001 	 4.246319e-010
3.035000e-001 	 4.326984e-010
3.040000e-001 	 4.406266e-010
3.045000e-001 	 4.503427e-010
3.050000e-001 	 4.469367e-010
3.055000e-001 	 4.442038e-010
3.060000e-001 	 4.408244e-010
3.065000e-001 	 4.355884e-010
3.070000e-001 	 4.285962e-010
3.075000e-001 	 4.224798e-010
3.080000e-001 	 4.235003e-010
3.085000e-001 	 4.278337e-010
3.090000e-001 	 4.343525e-010
3.095000e-001 	 4.455617e-010
3.100000e-001 	 4.529314e-010
3.105000e-001 	 4.665761e-010
3.110000e-001 	 4.719656e-010
3.115000e-001 	 4.875118e-010
3.120000e-001 	 5.025590e-010
3.125000e-001 	 5.200600e-010
3.130000e-001 	 5.389743e-010
3.135000e-001 	 5.443854e-010
3.140000e-001 	 5.530889e-010
3.145000e-001 	 5.539866e-010
3.150000e-001 	 5.633570e-010
3.155000e-001 	 5.697551e-010
3.160000e-001 	 5.813356e-010
3.165000e-001 	 5.862565e-010
3.170000e-001 	 5.784397e-010
3.175000e-001 	 5.607565e-010
3.180000e-001 	 5.264073e-010
3.185000e-001 	 4.869387e-010
3.190000e-001 	 4.296492e-010
3.195000e-001 	 3.686877e-010
3.200000e-001 	 3.082185e-010
3.205000e-001 	 2.541909e-010
3.210000e-001 	 2.040738e-010
3.215000e-001 	 1.603489e-010
3.220000e-001 	 1.261003e-010
3.225000e-001 	 9.449793e-011
3.230000e-001 	 6.793949e-011
3.235000e-001 	 5.119626e-011
3.240000e-001 	 4.602168e-011
3.245000e-001 	 5.771522e-011
3.250000e-001 	 8.122878e-011
3.255000e-001 	 1.093391e-010
3.260000e-001 	 1.420621e-010
3.265000e-001 	 1.805950e-010
3.270000e-001 	 2.162280e-010
3.275000e-001 	 2.589914e-010
3.280000e-001 	 3.124804e-010
3.285000e-001 	 3.613980e-010
3.290000e-001 	 4.000447e-010
3.295000e-001 	 4.203887e-010
3.300000e-001 	 4.315727e-010
3.305000e-001 	 4.285881e-010
3.310000e-001 	 4.099964e-010
3.315000e-001 	 3.751375e-010
3.320000e-001 	 3.302882e-010
3.325000e-001 	 2.904633e-010
3.330000e-001 	 2.467969e-010
3.335000e-001 	 1.958201e-010
3.340000e-001 	 1.507372e-010
3.345000e-001 	 1.145773e-010
3.350000e-001 	 7.997079e-011
3.355000e-001 	 4.475295e-011
3.360000e-001 	 1.157661e-011
3.365000e-001 	 -1.595793e-011
3.370000e-001 	 -3.956751e-011
3.375000e-001 	 -5.547216e-011
3.380000e-001 	 -5.883903e-011
3.385000e-001 	 -5.006723e-011
3.390000e-001 	 -3.700655e-011
3.395000e-001 	 -2.540214e-011
3.400000e-001 	 -2.704677e-012
3.405000e-001 	 2.518683e-011
3.410000e-001 	 5.628912e-011
3.415000e-001 	 9.935809e-011
3.420000e-001 	 1.586195e-010
3.425000e-001 	 2.239550e-010
3.430000e-001 	 2.853267e-010
3.435000e-001 	 3.637206e-010
3.440000e-001 	 4.376748e-010
3.445000e-001 	 5.030463e-010
3.450000e-001 	 5.569469e-010
3.455000e-001 	 5.956705e-010
3.460000e-001 	 6.262347e-010
3.465000e-001 	 6.613784e-010
3.470000e-001 	 6.818976e-010
3.475000e-001 	 6.977514e-010
3.480000e-001 	 7.000148e-010
3.485000e-001 	 6.924918e-010
3.490000e-001 	 6.763006e-010
3.495000e-001 	 6.483656e-010
3.500000e-001 	 6.086239e-010
3.505000e-001 	 5.658574e-010
3.510000e-001 	 5.184138e-010
3.515000e-001 	 4.746688e-010
3.520000e-001 	 4.278422e-010
3.525000e-001 	 3.926429e-010
3.530000e-001 	 3.655022e-010
3.535000e-001 	 3.452554e-010
3.540000e-001 	 3.325077e-010
3.545000e-001 	 3.199649e-010
3.550000e-001 	 3.004114e-010
3.555000e-001 	 2.844095e-010
3.560000e-001 	 2.640243e-010
3.565000e-001 	 2.382196e-010
3.570000e-001 	 2.060035e-010
3.575000e-001 	 1.719321e-010
3.580000e-001 	 1.422777e-010
3.585000e-001 	 1.139124e-010
3.590000e-001 	 8.336775e-011
3.595000e-001 	 4.258132e-011
3.600000e-001 	 -1.576447e-011
3.605000e-001 	 -8.198850e-011
3.610000e-001 	 -1.503419e-010
3.615000e-001 	 -2.187252e-010
3.620000e-001 	 -2.861265e-010
3.625000e-001 	 -3.612856e-010
3.630000e-001 	 -4.332085e-010
3.635000e-001 	 -5.056087e-010
3.640000e-001 	 -5.777270e-010
3.645000e-001 	 -6.262840e-010
3.650000e-001 	 -6.768298e-010
3.655000e-001 	 -7.188949e-010
3.660000e-001 	 -7.652878e-010
3.665000e-001 	 -8.112757e-010
3.670000e-001 	 -8.475368e-010
3.675000e-001 	 -8.864870e-010
3.680000e-001 	 -9.071998e-010
3.685000e-001 	 -9.158732e-010
3.690000e-001 	 -9.143365e-010
3.695000e-001 	 -9.090769e-010
3.700000e-001 	 -8.917785e-010
3.705000e-001 	 -8.761627e-010
3.710000e-001 	 -8.737570e-010
3.715000e-001 	 -8.664435e-010
3.720000e-001 	 -8.691107e-010
3.725000e-001 	 -8.725945e-010
3.730000e-001 	 -8.796256e-010
3.735000e-001 	 -8.688126e-010
3.740000e-001 	 -8.711844e-010
3.745000e-001 	 -8.748398e-010
3.750000e-001 	 -8.800003e-010
3.755000e-001 	 -8.839595e-010
3.760000e-001 	 -8.800805e-010
3.765000e-001 	 -8.739850e-010
3.770000e-001 	 -8.564076e-010
3.775000e-001 	 -8.377455e-010
3.780000e-001 	 -8.011759e-010
3.785000e-001 	 -7.440198e-010
3.790000e-001 	 -6.816955e-010
3.795000e-001 	 -6.049476e-010
3.800000e-001 	 -5.239960e-010
3.805000e-001 	 -4.341747e-010
3.810000e-001 	 -3.451744e-010
3.815000e-001 	 -2.522755e-010
3.820000e-001 	 -1.542628e-010
3.825000e-001 	 -4.907027e-011
3.830000e-001 	 4.647204e-011
3.835000e-001 	 1.309800e-010
3.840000e-001 	 2.084585e-010
3.845000e-001 	 2.831448e-010
3.850000e-001 	 3.474879e-010
3.855000e-001 	 4.055207e-010
3.860000e-001 	 4.647787e-010
3.865000e-001 	 5.066054e-010
3.870000e-001 	 5.339913e-010
3.875000e-001 	 5.519123e-010
3.880000e-001 	 5.518229e-010
3.885000e-001 	 5.480214e-010
3.890000e-001 	 5.175007e-010
3.895000e-001 	 4.793022e-010
3.900000e-001 	 4.341139e-010
3.905000e-001 	 3.859289e-010
3.910000e-001 	 3.325777e-010
3.915000e-001 	 2.815091e-010
3.920000e-001 	 2.268747e-010
3.925000e-001 	 1.646331e-010
3.930000e-001 	 9.797787e-011
3.935000e-001 	 3.538751e-011
3.940000e-001 	 -1.145659e-011
3.945000e-001 	 -5.811109e-011
3.950000e-001 	 -9.704138e-011
3.955000e-001 	 -1.353950e-010
3.960000e-001 	 -1.729116e-010
3.965000e-001 	 -1.985928e-010
3.970000e-001 	 -2.259991e-010
3.975000e-001 	 -2.511498e-010
3.980000e-001 	 -2.719884e-010
3.985000e-001 	 -2.929140e-010
3.990000e-001 	 -3.071246e-010
3.995000e-001 	 -3.176238e-010
4.000000e-001 	 -3.248638e-010
4.005000e-001 	 -3.285917e-010
4.010000e-001 	 -3.151140e-010
4.015000e-001 	 -2.899608e-010
4.020000e-001 	 -2.620080e-010
4.025000e-001 	 -2.370265e-010
4.030000e-001 	 -2.060648e-010
4.035000e-001 	 -1.714031e-010
4.040000e-001 	 -1.463961e-010
4.045000e-001 	 -1.504796e-010
4.050000e-001 	 -1.587685e-010
4.055000e-001 	 -1.678778e-010
4.060000e-001 	 -1.911243e-010
4.065000e-001 	 -1.943035e-010
4.070000e-001 	 -1.978394e-010
4.075000e-001 	 -2.023395e-010
4.080000e-001 	 -2.015876e-010
4.085000e-001 	 -2.093339e-010
4.090000e-001 	 -2.068347e-010
4.095000e-001 	 -1.865938e-010
4.100000e-001 	 -1.267204e-010
