# Author : Radia User
# 2nd Order Kick of EPU49 in Helical Mode
# Undulator Length [m]
1.8696
# Number of Horizontal Points
41
# Number of Vertical Points
17
# Horizontal 2nd Order Kick [T2m2]
START
               -2.00000e-002 -1.90000e-002 -1.80000e-002 -1.70000e-002 -1.60000e-002 -1.50000e-002 -1.40000e-002 -1.30000e-002 -1.20000e-002 -1.10000e-002 -1.00000e-002 -9.00000e-003 -8.00000e-003 -7.00000e-003 -6.00000e-003 -5.00000e-003 -4.00000e-003 -3.00000e-003 -2.00000e-003 -1.00000e-003  0.00000e+000  1.00000e-003  2.00000e-003  3.00000e-003  4.00000e-003  5.00000e-003  6.00000e-003  7.00000e-003  8.00000e-003  9.00000e-003  1.00000e-002  1.10000e-002  1.20000e-002  1.30000e-002  1.40000e-002  1.50000e-002  1.60000e-002  1.70000e-002  1.80000e-002  1.90000e-002  2.00000e-002
  4.00000e-003 -1.14853e-004 -1.09286e-004 -1.07142e-004 -1.08344e-004 -1.13003e-004 -1.21292e-004 -1.34380e-004 -1.59556e-004 -2.23415e-004 -3.23445e-004 -4.12930e-004 -5.03931e-004 -6.12379e-004 -7.45976e-004 -9.30529e-004 -1.21754e-003 -1.55273e-003 -1.85080e-003 -1.90770e-003 -1.19291e-003 -5.72909e-007  1.19221e-003  1.90753e-003  1.85072e-003  1.55270e-003  1.21752e-003  9.30510e-004  7.45999e-004  6.12372e-004  5.03923e-004  4.12934e-004  3.23463e-004  2.23379e-004  1.59553e-004  1.34390e-004  1.21317e-004  1.12983e-004  1.08325e-004  1.07131e-004  1.09320e-004  1.14877e-004
  3.50000e-003 -1.31384e-004 -1.22981e-004 -1.18765e-004 -1.18780e-004 -1.23277e-004 -1.32959e-004 -1.49753e-004 -1.79721e-004 -2.35042e-004 -3.13956e-004 -3.99359e-004 -4.92659e-004 -6.02232e-004 -7.34925e-004 -9.04582e-004 -1.12438e-003 -1.35545e-003 -1.50950e-003 -1.41790e-003 -8.59117e-004 -8.52012e-008  8.58999e-004  1.41785e-003  1.50948e-003  1.35542e-003  1.12438e-003  9.04548e-004  7.34908e-004  6.02203e-004  4.92678e-004  3.99376e-004  3.13972e-004  2.35024e-004  1.79723e-004  1.49724e-004  1.32949e-004  1.23288e-004  1.18771e-004  1.18751e-004  1.22983e-004  1.31389e-004
  3.00000e-003 -1.45061e-004 -1.34443e-004 -1.28657e-004 -1.27825e-004 -1.32287e-004 -1.42917e-004 -1.61690e-004 -1.93018e-004 -2.43022e-004 -3.11685e-004 -3.92978e-004 -4.86587e-004 -5.96494e-004 -7.26751e-004 -8.82136e-004 -1.05966e-003 -1.22295e-003 -1.29346e-003 -1.14795e-003 -6.83065e-004 -4.86731e-009  6.83043e-004  1.14793e-003  1.29345e-003  1.22291e-003  1.05964e-003  8.82148e-004  7.26749e-004  5.96522e-004  4.86596e-004  3.92979e-004  3.11690e-004  2.43007e-004  1.93003e-004  1.61688e-004  1.42927e-004  1.32284e-004  1.27834e-004  1.28645e-004  1.34412e-004  1.45057e-004
  2.50000e-003 -1.56125e-004 -1.43746e-004 -1.36834e-004 -1.35409e-004 -1.39850e-004 -1.51073e-004 -1.70832e-004 -2.02296e-004 -2.49164e-004 -3.12604e-004 -3.90975e-004 -4.84267e-004 -5.94152e-004 -7.21879e-004 -8.66390e-004 -1.01682e-003 -1.13746e-003 -1.16023e-003 -9.94259e-004 -5.83259e-004 -2.81966e-008  5.83244e-004  9.94224e-004  1.16022e-003  1.13746e-003  1.01682e-003  8.66397e-004  7.21852e-004  5.94127e-004  4.84247e-004  3.90970e-004  3.12585e-004  2.49144e-004  2.02297e-004  1.70833e-004  1.51063e-004  1.39855e-004  1.35401e-004  1.36825e-004  1.43748e-004  1.56128e-004
  2.00000e-003 -1.64760e-004 -1.51131e-004 -1.43395e-004 -1.41544e-004 -1.45958e-004 -1.57500e-004 -1.77720e-004 -2.09016e-004 -2.54114e-004 -3.14765e-004 -3.91389e-004 -4.84296e-004 -5.94024e-004 -7.19812e-004 -8.56895e-004 -9.90136e-004 -1.08421e-003 -1.07929e-003 -9.04355e-004 -5.24350e-004 -1.17980e-008  5.24335e-004  9.04338e-004  1.07928e-003  1.08423e-003  9.90128e-004  8.56878e-004  7.19812e-004  5.94031e-004  4.84282e-004  3.91392e-004  3.14779e-004  2.54121e-004  2.08990e-004  1.77719e-004  1.57494e-004  1.45947e-004  1.41549e-004  1.43373e-004  1.51121e-004  1.64762e-004
  1.50000e-003 -1.71202e-004 -1.56674e-004 -1.48355e-004 -1.46245e-004 -1.50617e-004 -1.62338e-004 -1.82733e-004 -2.13820e-004 -2.58004e-004 -3.17270e-004 -3.92861e-004 -4.85538e-004 -5.95199e-004 -7.19708e-004 -8.52006e-004 -9.74562e-004 -1.05234e-003 -1.03090e-003 -8.51149e-004 -4.89044e-004  4.80646e-009  4.89039e-004  8.51140e-004  1.03088e-003  1.05233e-003  9.74564e-004  8.51997e-004  7.19699e-004  5.95192e-004  4.85531e-004  3.92876e-004  3.17249e-004  2.57998e-004  2.13824e-004  1.82729e-004  1.62313e-004  1.50613e-004  1.46227e-004  1.48377e-004  1.56667e-004  1.71178e-004
  1.00000e-003 -1.75592e-004 -1.60524e-004 -1.51870e-004 -1.49537e-004 -1.53898e-004 -1.65673e-004 -1.86159e-004 -2.17135e-004 -2.60828e-004 -3.19397e-004 -3.94505e-004 -4.87072e-004 -5.96746e-004 -7.20524e-004 -8.49967e-004 -9.66170e-004 -1.03420e-003 -1.00297e-003 -8.20301e-004 -4.68321e-004  1.30310e-009  4.68314e-004  8.20311e-004  1.00299e-003  1.03420e-003  9.66163e-004  8.49955e-004  7.20521e-004  5.96751e-004  4.87080e-004  3.94506e-004  3.19389e-004  2.60810e-004  2.17142e-004  1.86164e-004  1.65686e-004  1.53897e-004  1.49538e-004  1.51873e-004  1.60539e-004  1.75596e-004
  5.00000e-004 -1.78155e-004 -1.62809e-004 -1.53934e-004 -1.51502e-004 -1.55835e-004 -1.67653e-004 -1.88157e-004 -2.19075e-004 -2.62552e-004 -3.20800e-004 -3.95715e-004 -4.88275e-004 -5.97964e-004 -7.21390e-004 -8.49358e-004 -9.62197e-004 -1.02507e-003 -9.88617e-004 -8.04256e-004 -4.57424e-004  1.25641e-009  4.57422e-004  8.04267e-004  9.88619e-004  1.02506e-003  9.62199e-004  8.49355e-004  7.21402e-004  5.97967e-004  4.88258e-004  3.95714e-004  3.20805e-004  2.62548e-004  2.19079e-004  1.88169e-004  1.67652e-004  1.55840e-004  1.51504e-004  1.53934e-004  1.62800e-004  1.78153e-004
  0.00000e+000 -1.78995e-004 -1.63550e-004 -1.54615e-004 -1.52158e-004 -1.56485e-004 -1.68301e-004 -1.88825e-004 -2.19712e-004 -2.63117e-004 -3.21303e-004 -3.96140e-004 -4.88699e-004 -5.98437e-004 -7.21755e-004 -8.49262e-004 -9.61051e-004 -1.02230e-003 -9.84182e-004 -7.99284e-004 -4.54013e-004  0.00000e+000  4.54013e-004  7.99284e-004  9.84182e-004  1.02230e-003  9.61051e-004  8.49260e-004  7.21755e-004  5.98437e-004  4.88699e-004  3.96140e-004  3.21303e-004  2.63117e-004  2.19716e-004  1.88820e-004  1.68311e-004  1.56485e-004  1.52158e-004  1.54615e-004  1.63550e-004  1.78995e-004
 -5.00000e-004 -1.78153e-004 -1.62800e-004 -1.53934e-004 -1.51504e-004 -1.55840e-004 -1.67652e-004 -1.88170e-004 -2.19079e-004 -2.62547e-004 -3.20800e-004 -3.95711e-004 -4.88259e-004 -5.97967e-004 -7.21402e-004 -8.49355e-004 -9.62200e-004 -1.02506e-003 -9.88619e-004 -8.04267e-004 -4.57422e-004 -1.25636e-009  4.57424e-004  8.04256e-004  9.88617e-004  1.02507e-003  9.62197e-004  8.49358e-004  7.21390e-004  5.97964e-004  4.88275e-004  3.95716e-004  3.20801e-004  2.62552e-004  2.19075e-004  1.88153e-004  1.67649e-004  1.55840e-004  1.51502e-004  1.53934e-004  1.62809e-004  1.78155e-004
 -1.00000e-003 -1.75596e-004 -1.60534e-004 -1.51868e-004 -1.49537e-004 -1.53901e-004 -1.65686e-004 -1.86163e-004 -2.17142e-004 -2.60809e-004 -3.19393e-004 -3.94507e-004 -4.87080e-004 -5.96751e-004 -7.20521e-004 -8.49955e-004 -9.66163e-004 -1.03420e-003 -1.00299e-003 -8.20311e-004 -4.68314e-004 -1.30310e-009  4.68321e-004  8.20301e-004  1.00297e-003  1.03419e-003  9.66170e-004  8.49967e-004  7.20524e-004  5.96746e-004  4.87072e-004  3.94502e-004  3.19397e-004  2.60832e-004  2.17136e-004  1.86153e-004  1.65673e-004  1.53892e-004  1.49537e-004  1.51870e-004  1.60524e-004  1.75598e-004
 -1.50000e-003 -1.71184e-004 -1.56667e-004 -1.48377e-004 -1.46227e-004 -1.50613e-004 -1.62313e-004 -1.82729e-004 -2.13824e-004 -2.57997e-004 -3.17249e-004 -3.92876e-004 -4.85532e-004 -5.95192e-004 -7.19698e-004 -8.51997e-004 -9.74564e-004 -1.05232e-003 -1.03088e-003 -8.51140e-004 -4.89039e-004 -4.80666e-009  4.89049e-004  8.51149e-004  1.03090e-003  1.05234e-003  9.74562e-004  8.52006e-004  7.19705e-004  5.95197e-004  4.85544e-004  3.92874e-004  3.17257e-004  2.58004e-004  2.13834e-004  1.82727e-004  1.62332e-004  1.50617e-004  1.46242e-004  1.48355e-004  1.56674e-004  1.71202e-004
 -2.00000e-003 -1.64762e-004 -1.51116e-004 -1.43373e-004 -1.41533e-004 -1.45951e-004 -1.57500e-004 -1.77719e-004 -2.08991e-004 -2.54120e-004 -3.14779e-004 -3.91393e-004 -4.84282e-004 -5.94037e-004 -7.19811e-004 -8.56878e-004 -9.90128e-004 -1.08423e-003 -1.07928e-003 -9.04338e-004 -5.24331e-004  1.17980e-008  5.24350e-004  9.04355e-004  1.07929e-003  1.08422e-003  9.90137e-004  8.56895e-004  7.19812e-004  5.94024e-004  4.84296e-004  3.91389e-004  3.14764e-004  2.54115e-004  2.09016e-004  1.77722e-004  1.57501e-004  1.45958e-004  1.41544e-004  1.43395e-004  1.51131e-004  1.64760e-004
 -2.50000e-003 -1.56128e-004 -1.43756e-004 -1.36825e-004 -1.35401e-004 -1.39862e-004 -1.51063e-004 -1.70833e-004 -2.02296e-004 -2.49145e-004 -3.12585e-004 -3.90970e-004 -4.84247e-004 -5.94120e-004 -7.21852e-004 -8.66399e-004 -1.01682e-003 -1.13746e-003 -1.16022e-003 -9.94224e-004 -5.83244e-004  2.81967e-008  5.83259e-004  9.94259e-004  1.16023e-003  1.13746e-003  1.01682e-003  8.66390e-004  7.21880e-004  5.94151e-004  4.84268e-004  3.90976e-004  3.12606e-004  2.49179e-004  2.02295e-004  1.70847e-004  1.51074e-004  1.39849e-004  1.35409e-004  1.36834e-004  1.43746e-004  1.56125e-004
 -3.00000e-003 -1.45057e-004 -1.34412e-004 -1.28630e-004 -1.27834e-004 -1.32284e-004 -1.42912e-004 -1.61689e-004 -1.93004e-004 -2.42988e-004 -3.11690e-004 -3.92977e-004 -4.86596e-004 -5.96523e-004 -7.26764e-004 -8.82148e-004 -1.05964e-003 -1.22291e-003 -1.29345e-003 -1.14793e-003 -6.83043e-004  4.86779e-009  6.83066e-004  1.14795e-003  1.29346e-003  1.22295e-003  1.05966e-003  8.82136e-004  7.26751e-004  5.96494e-004  4.86586e-004  3.92994e-004  3.11669e-004  2.43022e-004  1.93033e-004  1.61690e-004  1.42916e-004  1.32270e-004  1.27825e-004  1.28657e-004  1.34443e-004  1.45061e-004
 -3.50000e-003 -1.31388e-004 -1.22983e-004 -1.18753e-004 -1.18774e-004 -1.23290e-004 -1.32949e-004 -1.49724e-004 -1.79720e-004 -2.35024e-004 -3.13972e-004 -3.99376e-004 -4.92677e-004 -6.02204e-004 -7.34908e-004 -9.04548e-004 -1.12438e-003 -1.35542e-003 -1.50947e-003 -1.41785e-003 -8.58999e-004  8.52032e-008  8.59117e-004  1.41790e-003  1.50950e-003  1.35545e-003  1.12438e-003  9.04581e-004  7.34925e-004  6.02234e-004  4.92659e-004  3.99359e-004  3.13955e-004  2.35042e-004  1.79720e-004  1.49752e-004  1.32959e-004  1.23277e-004  1.18780e-004  1.18765e-004  1.22981e-004  1.31367e-004
 -4.00000e-003 -1.14877e-004 -1.09318e-004 -1.07131e-004 -1.08325e-004 -1.12983e-004 -1.21317e-004 -1.34373e-004 -1.59555e-004 -2.23397e-004 -3.23464e-004 -4.12933e-004 -5.03923e-004 -6.12357e-004 -7.45998e-004 -9.30511e-004 -1.21752e-003 -1.55269e-003 -1.85071e-003 -1.90753e-003 -1.19221e-003  5.72909e-007  1.19290e-003  1.90768e-003  1.85080e-003  1.55273e-003  1.21754e-003  9.30525e-004  7.45995e-004  6.12379e-004  5.03931e-004  4.12930e-004  3.23444e-004  2.23414e-004  1.59538e-004  1.34380e-004  1.21292e-004  1.13003e-004  1.08344e-004  1.07142e-004  1.09286e-004  1.14836e-004
# Vertical 2nd Order Kick [T2m2]
START
               -2.00000e-002 -1.90000e-002 -1.80000e-002 -1.70000e-002 -1.60000e-002 -1.50000e-002 -1.40000e-002 -1.30000e-002 -1.20000e-002 -1.10000e-002 -1.00000e-002 -9.00000e-003 -8.00000e-003 -7.00000e-003 -6.00000e-003 -5.00000e-003 -4.00000e-003 -3.00000e-003 -2.00000e-003 -1.00000e-003  0.00000e+000  1.00000e-003  2.00000e-003  3.00000e-003  4.00000e-003  5.00000e-003  6.00000e-003  7.00000e-003  8.00000e-003  9.00000e-003  1.00000e-002  1.10000e-002  1.20000e-002  1.30000e-002  1.40000e-002  1.50000e-002  1.60000e-002  1.70000e-002  1.80000e-002  1.90000e-002  2.00000e-002
  4.00000e-003 -4.92858e-003 -4.89573e-003 -4.86848e-003 -4.84504e-003 -4.82331e-003 -4.80044e-003 -4.77171e-003 -4.72943e-003 -4.68263e-003 -4.68655e-003 -4.72368e-003 -4.75597e-003 -4.78276e-003 -4.80795e-003 -4.83839e-003 -4.95914e-003 -5.30133e-003 -5.94223e-003 -7.02822e-003 -8.29522e-003 -8.66751e-003 -8.29968e-003 -7.03409e-003 -5.94848e-003 -5.30776e-003 -4.96567e-003 -4.84499e-003 -4.81462e-003 -4.78948e-003 -4.76271e-003 -4.73043e-003 -4.69325e-003 -4.68937e-003 -4.73620e-003 -4.77847e-003 -4.80721e-003 -4.83008e-003 -4.85178e-003 -4.87520e-003 -4.90248e-003 -4.93527e-003
  3.50000e-003 -4.14774e-003 -4.12023e-003 -4.09711e-003 -4.07672e-003 -4.05745e-003 -4.03719e-003 -4.01299e-003 -3.98274e-003 -3.95482e-003 -3.95113e-003 -3.96733e-003 -3.98553e-003 -4.00145e-003 -4.01810e-003 -4.04863e-003 -4.14459e-003 -4.38025e-003 -4.80931e-003 -5.45402e-003 -6.09492e-003 -6.31695e-003 -6.09541e-003 -5.45470e-003 -4.81003e-003 -4.38098e-003 -4.14538e-003 -4.04944e-003 -4.01892e-003 -4.00224e-003 -3.98630e-003 -3.96815e-003 -3.95194e-003 -3.95563e-003 -3.98354e-003 -4.01379e-003 -4.03800e-003 -4.05823e-003 -4.07752e-003 -4.09791e-003 -4.12106e-003 -4.14852e-003
  3.00000e-003 -3.43424e-003 -3.41168e-003 -3.39241e-003 -3.37515e-003 -3.35866e-003 -3.34146e-003 -3.32200e-003 -3.30013e-003 -3.28125e-003 -3.27475e-003 -3.27970e-003 -3.28780e-003 -3.29546e-003 -3.30500e-003 -3.32796e-003 -3.39595e-003 -3.55245e-003 -3.82777e-003 -4.20864e-003 -4.55864e-003 -4.68906e-003 -4.55868e-003 -4.20875e-003 -3.82788e-003 -3.55259e-003 -3.39608e-003 -3.32807e-003 -3.30512e-003 -3.29557e-003 -3.28791e-003 -3.27983e-003 -3.27488e-003 -3.28136e-003 -3.30026e-003 -3.32211e-003 -3.34160e-003 -3.35880e-003 -3.37528e-003 -3.39251e-003 -3.41181e-003 -3.43437e-003
  2.50000e-003 -2.77802e-003 -2.75997e-003 -2.74438e-003 -2.73026e-003 -2.71665e-003 -2.70262e-003 -2.68741e-003 -2.67136e-003 -2.65760e-003 -2.65036e-003 -2.64951e-003 -2.65119e-003 -2.65308e-003 -2.65686e-003 -2.67094e-003 -2.71488e-003 -2.81454e-003 -2.98608e-003 -3.21234e-003 -3.41343e-003 -3.49121e-003 -3.41346e-003 -3.21238e-003 -2.98613e-003 -2.81457e-003 -2.71493e-003 -2.67098e-003 -2.65690e-003 -2.65314e-003 -2.65124e-003 -2.64954e-003 -2.65041e-003 -2.65764e-003 -2.67140e-003 -2.68744e-003 -2.70266e-003 -2.71671e-003 -2.73027e-003 -2.74441e-003 -2.76001e-003 -2.77805e-003
  2.00000e-003 -2.16829e-003 -2.15443e-003 -2.14230e-003 -2.13120e-003 -2.12047e-003 -2.10952e-003 -2.09801e-003 -2.08629e-003 -2.07598e-003 -2.06910e-003 -2.06571e-003 -2.06392e-003 -2.06235e-003 -2.06209e-003 -2.06892e-003 -2.09482e-003 -2.15543e-003 -2.25970e-003 -2.39462e-003 -2.51354e-003 -2.56059e-003 -2.51355e-003 -2.39464e-003 -2.25974e-003 -2.15545e-003 -2.09483e-003 -2.06892e-003 -2.06214e-003 -2.06236e-003 -2.06394e-003 -2.06575e-003 -2.06916e-003 -2.07602e-003 -2.08631e-003 -2.09804e-003 -2.10956e-003 -2.12050e-003 -2.13124e-003 -2.14233e-003 -2.15446e-003 -2.16833e-003
  1.50000e-003 -1.59499e-003 -1.58496e-003 -1.57608e-003 -1.56789e-003 -1.55997e-003 -1.55196e-003 -1.54370e-003 -1.53537e-003 -1.52789e-003 -1.52214e-003 -1.51819e-003 -1.51506e-003 -1.51201e-003 -1.50973e-003 -1.51176e-003 -1.52556e-003 -1.56052e-003 -1.62190e-003 -1.70141e-003 -1.77186e-003 -1.80018e-003 -1.77187e-003 -1.70143e-003 -1.62193e-003 -1.56055e-003 -1.52559e-003 -1.51180e-003 -1.50976e-003 -1.51204e-003 -1.51511e-003 -1.51823e-003 -1.52218e-003 -1.52793e-003 -1.53541e-003 -1.54370e-003 -1.55198e-003 -1.56001e-003 -1.56793e-003 -1.57613e-003 -1.58500e-003 -1.59502e-003
  1.00000e-003 -1.04857e-003 -1.04208e-003 -1.03628e-003 -1.03090e-003 -1.02568e-003 -1.02044e-003 -1.01506e-003 -1.00973e-003 -1.00479e-003 -1.00069e-003 -9.97428e-004 -9.94533e-004 -9.91566e-004 -9.88961e-004 -9.88743e-004 -9.95223e-004 -1.01379e-003 -1.04753e-003 -1.09183e-003 -1.13145e-003 -1.14754e-003 -1.13146e-003 -1.09183e-003 -1.04756e-003 -1.01381e-003 -9.95257e-004 -9.88776e-004 -9.88989e-004 -9.91605e-004 -9.94558e-004 -9.97453e-004 -1.00072e-003 -1.00483e-003 -1.00975e-003 -1.01510e-003 -1.02046e-003 -1.02571e-003 -1.03092e-003 -1.03631e-003 -1.04212e-003 -1.04860e-003
  5.00000e-004 -5.19875e-004 -5.16682e-004 -5.13821e-004 -5.11157e-004 -5.08579e-004 -5.05989e-004 -5.03336e-004 -5.00720e-004 -4.98260e-004 -4.96135e-004 -4.94311e-004 -4.92635e-004 -4.90875e-004 -4.89230e-004 -4.88628e-004 -4.91035e-004 -4.98973e-004 -5.13860e-004 -5.33666e-004 -5.51535e-004 -5.58849e-004 -5.51538e-004 -5.33668e-004 -5.13874e-004 -4.98989e-004 -4.91059e-004 -4.88661e-004 -4.89253e-004 -4.90907e-004 -4.92660e-004 -4.94348e-004 -4.96159e-004 -4.98289e-004 -5.00746e-004 -5.03379e-004 -5.05998e-004 -5.08606e-004 -5.11182e-004 -5.13863e-004 -5.16727e-004 -5.19902e-004
  0.00000e+000  1.69098e-008  2.13926e-008  1.41415e-008  1.00500e-008  2.28983e-008  1.03370e-008  1.14123e-008  1.79691e-008  1.82761e-008  9.48488e-009  1.41768e-008  1.90945e-008  2.01654e-008  1.88265e-008  0.00000e+000  8.35430e-009  1.06225e-008  4.67549e-009 -9.05332e-009  7.94765e-009  0.00000e+000 -7.94765e-009  9.05332e-009 -4.67549e-009 -1.06225e-008 -8.35430e-009  0.00000e+000 -1.88263e-008 -2.01654e-008 -1.90942e-008 -1.41771e-008 -8.83825e-009 -1.82766e-008 -1.22363e-008 -1.13768e-008 -1.45501e-008 -2.30382e-008 -1.00080e-008 -1.41407e-008 -1.72356e-008 -1.68891e-008
 -5.00000e-004  5.19907e-004  5.16727e-004  5.13863e-004  5.11182e-004  5.08606e-004  5.05998e-004  5.03379e-004  5.00747e-004  4.98289e-004  4.96160e-004  4.94349e-004  4.92660e-004  4.90902e-004  4.89253e-004  4.88662e-004  4.91059e-004  4.98989e-004  5.13874e-004  5.33668e-004  5.51538e-004  5.58849e-004  5.51535e-004  5.33666e-004  5.13860e-004  4.98974e-004  4.91035e-004  4.88628e-004  4.89234e-004  4.90876e-004  4.92630e-004  4.94311e-004  4.96131e-004  4.98255e-004  5.00720e-004  5.03336e-004  5.05990e-004  5.08567e-004  5.11157e-004  5.13821e-004  5.16686e-004  5.19881e-004
 -1.00000e-003  1.04860e-003  1.04212e-003  1.03631e-003  1.03092e-003  1.02571e-003  1.02046e-003  1.01510e-003  1.00975e-003  1.00483e-003  1.00072e-003  9.97453e-004  9.94558e-004  9.91605e-004  9.88989e-004  9.88771e-004  9.95257e-004  1.01381e-003  1.04756e-003  1.09183e-003  1.13146e-003  1.14754e-003  1.13145e-003  1.09183e-003  1.04753e-003  1.01379e-003  9.95223e-004  9.88743e-004  9.88961e-004  9.91566e-004  9.94527e-004  9.97444e-004  1.00069e-003  1.00479e-003  1.00973e-003  1.01506e-003  1.02044e-003  1.02568e-003  1.03090e-003  1.03628e-003  1.04208e-003  1.04858e-003
 -1.50000e-003  1.59502e-003  1.58500e-003  1.57613e-003  1.56793e-003  1.56001e-003  1.55198e-003  1.54370e-003  1.53541e-003  1.52793e-003  1.52218e-003  1.51823e-003  1.51511e-003  1.51204e-003  1.50976e-003  1.51180e-003  1.52559e-003  1.56056e-003  1.62192e-003  1.70143e-003  1.77187e-003  1.80018e-003  1.77186e-003  1.70141e-003  1.62190e-003  1.56052e-003  1.52556e-003  1.51176e-003  1.50973e-003  1.51201e-003  1.51506e-003  1.51820e-003  1.52214e-003  1.52789e-003  1.53538e-003  1.54370e-003  1.55196e-003  1.55997e-003  1.56789e-003  1.57608e-003  1.58497e-003  1.59499e-003
 -2.00000e-003  2.16833e-003  2.15446e-003  2.14233e-003  2.13124e-003  2.12050e-003  2.10956e-003  2.09805e-003  2.08631e-003  2.07602e-003  2.06916e-003  2.06575e-003  2.06394e-003  2.06236e-003  2.06214e-003  2.06892e-003  2.09483e-003  2.15545e-003  2.25974e-003  2.39464e-003  2.51355e-003  2.56059e-003  2.51354e-003  2.39462e-003  2.25970e-003  2.15543e-003  2.09482e-003  2.06892e-003  2.06209e-003  2.06235e-003  2.06392e-003  2.06572e-003  2.06910e-003  2.07598e-003  2.08628e-003  2.09801e-003  2.10954e-003  2.12047e-003  2.13120e-003  2.14230e-003  2.15444e-003  2.16830e-003
 -2.50000e-003  2.77805e-003  2.76001e-003  2.74441e-003  2.73027e-003  2.71670e-003  2.70266e-003  2.68744e-003  2.67140e-003  2.65764e-003  2.65041e-003  2.64956e-003  2.65124e-003  2.65314e-003  2.65690e-003  2.67098e-003  2.71493e-003  2.81457e-003  2.98613e-003  3.21238e-003  3.41346e-003  3.49121e-003  3.41343e-003  3.21235e-003  2.98608e-003  2.81454e-003  2.71488e-003  2.67094e-003  2.65685e-003  2.65308e-003  2.65122e-003  2.64951e-003  2.65035e-003  2.65761e-003  2.67137e-003  2.68741e-003  2.70264e-003  2.71665e-003  2.73026e-003  2.74438e-003  2.75997e-003  2.77802e-003
 -3.00000e-003  3.43437e-003  3.41181e-003  3.39252e-003  3.37529e-003  3.35880e-003  3.34160e-003  3.32211e-003  3.30026e-003  3.28136e-003  3.27488e-003  3.27983e-003  3.28791e-003  3.29557e-003  3.30512e-003  3.32807e-003  3.39608e-003  3.55258e-003  3.82788e-003  4.20875e-003  4.55868e-003  4.68906e-003  4.55864e-003  4.20864e-003  3.82776e-003  3.55245e-003  3.39595e-003  3.32796e-003  3.30500e-003  3.29546e-003  3.28778e-003  3.27970e-003  3.27475e-003  3.28125e-003  3.30013e-003  3.32200e-003  3.34146e-003  3.35866e-003  3.37515e-003  3.39241e-003  3.41168e-003  3.43424e-003
 -3.50000e-003  4.14852e-003  4.12105e-003  4.09791e-003  4.07753e-003  4.05823e-003  4.03800e-003  4.01379e-003  3.98354e-003  3.95563e-003  3.95196e-003  3.96815e-003  3.98630e-003  4.00224e-003  4.01890e-003  4.04944e-003  4.14538e-003  4.38098e-003  4.81003e-003  5.45470e-003  6.09541e-003  6.31695e-003  6.09492e-003  5.45402e-003  4.80931e-003  4.38026e-003  4.14459e-003  4.04863e-003  4.01810e-003  4.00145e-003  3.98552e-003  3.96733e-003  3.95114e-003  3.95483e-003  3.98274e-003  4.01300e-003  4.03719e-003  4.05745e-003  4.07672e-003  4.09711e-003  4.12023e-003  4.14774e-003
 -4.00000e-003  4.93526e-003  4.90248e-003  4.87520e-003  4.85178e-003  4.83008e-003  4.80721e-003  4.77847e-003  4.73620e-003  4.68937e-003  4.69325e-003  4.73043e-003  4.76271e-003  4.78948e-003  4.81461e-003  4.84499e-003  4.96565e-003  5.30776e-003  5.94848e-003  7.03409e-003  8.29968e-003  8.66751e-003  8.29522e-003  7.02822e-003  5.94223e-003  5.30133e-003  4.95914e-003  4.83839e-003  4.80795e-003  4.78276e-003  4.75597e-003  4.72368e-003  4.68655e-003  4.68261e-003  4.72943e-003  4.77171e-003  4.80042e-003  4.82331e-003  4.84506e-003  4.86848e-003  4.89573e-003  4.92858e-003
# Longitudinally Integrated Squared Transverse Magnetic Field [T2m]
START
               -2.00000e-002 -1.90000e-002 -1.80000e-002 -1.70000e-002 -1.60000e-002 -1.50000e-002 -1.40000e-002 -1.30000e-002 -1.20000e-002 -1.10000e-002 -1.00000e-002 -9.00000e-003 -8.00000e-003 -7.00000e-003 -6.00000e-003 -5.00000e-003 -4.00000e-003 -3.00000e-003 -2.00000e-003 -1.00000e-003  0.00000e+000  1.00000e-003  2.00000e-003  3.00000e-003  4.00000e-003  5.00000e-003  6.00000e-003  7.00000e-003  8.00000e-003  9.00000e-003  1.00000e-002  1.10000e-002  1.20000e-002  1.30000e-002  1.40000e-002  1.50000e-002  1.60000e-002  1.70000e-002  1.80000e-002  1.90000e-002  2.00000e-002
  4.00000e-003  6.33285e-001  6.36929e-001  6.40447e-001  6.43951e-001  6.47550e-001  6.51359e-001  6.55510e-001  6.60241e-001  6.66328e-001  6.75229e-001  6.87265e-001  7.02179e-001  7.20317e-001  7.42364e-001  7.69439e-001  8.04096e-001  8.49095e-001  9.04492e-001  9.66458e-001  1.01901e+000  1.03756e+000  1.01904e+000  9.66505e-001  9.04542e-001  8.49147e-001  8.04149e-001  7.69492e-001  7.42419e-001  7.20372e-001  7.02235e-001  6.87320e-001  6.75285e-001  6.66383e-001  6.60297e-001  6.55566e-001  6.51415e-001  6.47606e-001  6.44007e-001  6.40503e-001  6.36984e-001  6.33341e-001
  3.50000e-003  5.57242e-001  5.61377e-001  5.65307e-001  5.69169e-001  5.73103e-001  5.77265e-001  5.81850e-001  5.87169e-001  5.93847e-001  6.02761e-001  6.14383e-001  6.28895e-001  6.46692e-001  6.68409e-001  6.94985e-001  7.27894e-001  7.68290e-001  8.15175e-001  8.63588e-001  9.01684e-001  9.15698e-001  9.01688e-001  8.63595e-001  8.15183e-001  7.68299e-001  7.27903e-001  6.94994e-001  6.68418e-001  6.46701e-001  6.28904e-001  6.14393e-001  6.02771e-001  5.93856e-001  5.87178e-001  5.81859e-001  5.77275e-001  5.73112e-001  5.69178e-001  5.65317e-001  5.61387e-001  5.57252e-001
  3.00000e-003  4.94374e-001  4.98918e-001  5.03194e-001  5.07362e-001  5.11589e-001  5.16058e-001  5.20998e-001  5.26739e-001  5.33792e-001  5.42795e-001  5.54257e-001  5.68562e-001  5.86172e-001  6.07683e-001  6.33829e-001  6.65427e-001  7.02707e-001  7.44020e-001  7.84432e-001  8.14954e-001  8.26277e-001  8.14955e-001  7.84434e-001  7.44023e-001  7.02710e-001  6.65430e-001  6.33833e-001  6.07687e-001  5.86176e-001  5.68565e-001  5.54260e-001  5.42799e-001  5.33796e-001  5.26743e-001  5.21002e-001  5.16062e-001  5.11593e-001  5.07366e-001  5.03198e-001  4.98922e-001  4.94378e-001
  2.50000e-003  4.43191e-001  4.48066e-001  4.52626e-001  4.57051e-001  4.61523e-001  4.66247e-001  4.71469e-001  4.77517e-001  4.84833e-001  4.93952e-001  5.05387e-001  5.19618e-001  5.37156e-001  5.58564e-001  5.84417e-001  6.15125e-001  6.50376e-001  6.88165e-001  7.23840e-001  7.50113e-001  7.59834e-001  7.50114e-001  7.23841e-001  6.88167e-001  6.50378e-001  6.15127e-001  5.84419e-001  5.58567e-001  5.37158e-001  5.19620e-001  5.05389e-001  4.93954e-001  4.84836e-001  4.77519e-001  4.71472e-001  4.66249e-001  4.61525e-001  4.57053e-001  4.52629e-001  4.48069e-001  4.43194e-001
  2.00000e-003  4.02598e-001  4.07732e-001  4.12519e-001  4.17149e-001  4.21819e-001  4.26747e-001  4.32187e-001  4.38459e-001  4.45971e-001  4.55206e-001  4.66680e-001  4.80916e-001  4.98456e-001  5.19841e-001  5.45531e-001  5.75689e-001  6.09674e-001  6.45293e-001  6.78143e-001  7.01929e-001  7.10681e-001  7.01929e-001  6.78143e-001  6.45294e-001  6.09676e-001  5.75690e-001  5.45533e-001  5.19842e-001  4.98458e-001  4.80918e-001  4.66682e-001  4.55208e-001  4.45973e-001  4.38461e-001  4.32189e-001  4.26749e-001  4.21821e-001  4.17151e-001  4.12521e-001  4.07735e-001  4.02600e-001
  1.50000e-003  3.71787e-001  3.77116e-001  3.82074e-001  3.86861e-001  3.91684e-001  3.96766e-001  4.02367e-001  4.08802e-001  4.16458e-001  4.25797e-001  4.37333e-001  4.51613e-001  4.69193e-001  4.90603e-001  5.16228e-001  5.46076e-001  5.79310e-001  6.13625e-001  6.44793e-001  6.67098e-001  6.75261e-001  6.67098e-001  6.44794e-001  6.13626e-001  5.79311e-001  5.46077e-001  5.16230e-001  4.90604e-001  4.69195e-001  4.51614e-001  4.37335e-001  4.25799e-001  4.16460e-001  4.08803e-001  4.02368e-001  3.96767e-001  3.91685e-001  3.86863e-001  3.82076e-001  3.77118e-001  3.71789e-001
  1.00000e-003  3.50175e-001  3.55639e-001  3.60716e-001  3.65614e-001  3.70543e-001  3.75733e-001  3.81445e-001  3.87991e-001  3.95749e-001  4.05169e-001  4.16765e-001  4.31096e-001  4.48728e-001  4.70180e-001  4.95796e-001  5.25487e-001  5.58302e-001  5.91868e-001  6.22063e-001  6.43503e-001  6.51316e-001  6.43503e-001  6.22063e-001  5.91869e-001  5.58303e-001  5.25488e-001  4.95797e-001  4.70181e-001  4.48729e-001  4.31097e-001  4.16766e-001  4.05170e-001  3.95750e-001  3.87992e-001  3.81446e-001  3.75734e-001  3.70544e-001  3.65615e-001  3.60717e-001  3.55640e-001  3.50176e-001
  5.00000e-004  3.37363e-001  3.42905e-001  3.48053e-001  3.53016e-001  3.58009e-001  3.63263e-001  3.69041e-001  3.75651e-001  3.83469e-001  3.92940e-001  4.04579e-001  4.18948e-001  4.36620e-001  4.58109e-001  4.83734e-001  5.13358e-001  5.45966e-001  5.79150e-001  6.08839e-001  6.29825e-001  6.37454e-001  6.29825e-001  6.08839e-001  5.79150e-001  5.45966e-001  5.13359e-001  4.83734e-001  4.58109e-001  4.36620e-001  4.18948e-001  4.04579e-001  3.92940e-001  3.83469e-001  3.75652e-001  3.69041e-001  3.63264e-001  3.58010e-001  3.53017e-001  3.48054e-001  3.42906e-001  3.37364e-001
  0.00000e+000  3.33118e-001  3.38686e-001  3.43857e-001  3.48842e-001  3.53856e-001  3.59131e-001  3.64930e-001  3.71562e-001  3.79400e-001  3.88888e-001  4.00542e-001  4.14925e-001  4.32612e-001  4.54115e-001  4.79746e-001  5.09353e-001  5.41899e-001  5.74965e-001  6.04498e-001  6.25343e-001  6.32914e-001  6.25343e-001  6.04498e-001  5.74965e-001  5.41899e-001  5.09353e-001  4.79746e-001  4.54115e-001  4.32612e-001  4.14925e-001  4.00542e-001  3.88888e-001  3.79400e-001  3.71562e-001  3.64930e-001  3.59131e-001  3.53856e-001  3.48842e-001  3.43857e-001  3.38686e-001  3.33118e-001
 -5.00000e-004  3.37364e-001  3.42906e-001  3.48054e-001  3.53017e-001  3.58010e-001  3.63264e-001  3.69041e-001  3.75652e-001  3.83469e-001  3.92940e-001  4.04579e-001  4.18948e-001  4.36620e-001  4.58109e-001  4.83734e-001  5.13359e-001  5.45966e-001  5.79150e-001  6.08839e-001  6.29825e-001  6.37454e-001  6.29825e-001  6.08839e-001  5.79150e-001  5.45966e-001  5.13358e-001  4.83734e-001  4.58109e-001  4.36620e-001  4.18948e-001  4.04579e-001  3.92940e-001  3.83469e-001  3.75651e-001  3.69041e-001  3.63263e-001  3.58009e-001  3.53016e-001  3.48053e-001  3.42905e-001  3.37363e-001
 -1.00000e-003  3.50176e-001  3.55640e-001  3.60717e-001  3.65615e-001  3.70544e-001  3.75734e-001  3.81446e-001  3.87992e-001  3.95750e-001  4.05170e-001  4.16766e-001  4.31097e-001  4.48729e-001  4.70181e-001  4.95797e-001  5.25488e-001  5.58303e-001  5.91869e-001  6.22063e-001  6.43503e-001  6.51316e-001  6.43503e-001  6.22063e-001  5.91868e-001  5.58302e-001  5.25487e-001  4.95796e-001  4.70180e-001  4.48728e-001  4.31096e-001  4.16765e-001  4.05169e-001  3.95749e-001  3.87991e-001  3.81445e-001  3.75733e-001  3.70543e-001  3.65614e-001  3.60716e-001  3.55639e-001  3.50175e-001
 -1.50000e-003  3.71789e-001  3.77118e-001  3.82076e-001  3.86863e-001  3.91685e-001  3.96767e-001  4.02368e-001  4.08803e-001  4.16460e-001  4.25799e-001  4.37335e-001  4.51614e-001  4.69195e-001  4.90604e-001  5.16230e-001  5.46077e-001  5.79311e-001  6.13626e-001  6.44794e-001  6.67098e-001  6.75261e-001  6.67098e-001  6.44793e-001  6.13625e-001  5.79310e-001  5.46076e-001  5.16228e-001  4.90603e-001  4.69193e-001  4.51613e-001  4.37333e-001  4.25797e-001  4.16458e-001  4.08802e-001  4.02367e-001  3.96766e-001  3.91684e-001  3.86861e-001  3.82074e-001  3.77116e-001  3.71787e-001
 -2.00000e-003  4.02600e-001  4.07735e-001  4.12521e-001  4.17151e-001  4.21821e-001  4.26749e-001  4.32189e-001  4.38461e-001  4.45973e-001  4.55208e-001  4.66682e-001  4.80918e-001  4.98458e-001  5.19842e-001  5.45533e-001  5.75690e-001  6.09676e-001  6.45294e-001  6.78143e-001  7.01929e-001  7.10681e-001  7.01929e-001  6.78143e-001  6.45293e-001  6.09674e-001  5.75689e-001  5.45531e-001  5.19841e-001  4.98456e-001  4.80916e-001  4.66680e-001  4.55206e-001  4.45971e-001  4.38459e-001  4.32187e-001  4.26747e-001  4.21819e-001  4.17149e-001  4.12519e-001  4.07732e-001  4.02598e-001
 -2.50000e-003  4.43194e-001  4.48069e-001  4.52629e-001  4.57053e-001  4.61525e-001  4.66249e-001  4.71472e-001  4.77519e-001  4.84836e-001  4.93954e-001  5.05389e-001  5.19620e-001  5.37158e-001  5.58567e-001  5.84419e-001  6.15127e-001  6.50378e-001  6.88167e-001  7.23841e-001  7.50114e-001  7.59834e-001  7.50113e-001  7.23840e-001  6.88165e-001  6.50376e-001  6.15125e-001  5.84417e-001  5.58564e-001  5.37156e-001  5.19618e-001  5.05387e-001  4.93952e-001  4.84833e-001  4.77517e-001  4.71469e-001  4.66247e-001  4.61523e-001  4.57051e-001  4.52626e-001  4.48066e-001  4.43191e-001
 -3.00000e-003  4.94378e-001  4.98922e-001  5.03198e-001  5.07366e-001  5.11593e-001  5.16062e-001  5.21002e-001  5.26743e-001  5.33796e-001  5.42799e-001  5.54260e-001  5.68565e-001  5.86176e-001  6.07687e-001  6.33833e-001  6.65430e-001  7.02710e-001  7.44023e-001  7.84434e-001  8.14955e-001  8.26277e-001  8.14954e-001  7.84432e-001  7.44020e-001  7.02707e-001  6.65427e-001  6.33829e-001  6.07683e-001  5.86173e-001  5.68562e-001  5.54257e-001  5.42795e-001  5.33792e-001  5.26739e-001  5.20998e-001  5.16058e-001  5.11589e-001  5.07362e-001  5.03194e-001  4.98918e-001  4.94374e-001
 -3.50000e-003  5.57252e-001  5.61387e-001  5.65317e-001  5.69178e-001  5.73112e-001  5.77275e-001  5.81859e-001  5.87178e-001  5.93856e-001  6.02771e-001  6.14393e-001  6.28904e-001  6.46701e-001  6.68418e-001  6.94994e-001  7.27903e-001  7.68299e-001  8.15183e-001  8.63595e-001  9.01688e-001  9.15698e-001  9.01684e-001  8.63588e-001  8.15175e-001  7.68290e-001  7.27894e-001  6.94985e-001  6.68409e-001  6.46692e-001  6.28895e-001  6.14383e-001  6.02761e-001  5.93847e-001  5.87169e-001  5.81850e-001  5.77265e-001  5.73103e-001  5.69169e-001  5.65307e-001  5.61377e-001  5.57242e-001
 -4.00000e-003  6.33341e-001  6.36984e-001  6.40503e-001  6.44007e-001  6.47606e-001  6.51415e-001  6.55566e-001  6.60297e-001  6.66383e-001  6.75285e-001  6.87320e-001  7.02235e-001  7.20372e-001  7.42419e-001  7.69492e-001  8.04149e-001  8.49147e-001  9.04542e-001  9.66505e-001  1.01904e+000  1.03756e+000  1.01901e+000  9.66458e-001  9.04492e-001  8.49095e-001  8.04096e-001  7.69439e-001  7.42364e-001  7.20317e-001  7.02179e-001  6.87265e-001  6.75229e-001  6.66328e-001  6.60241e-001  6.55510e-001  6.51359e-001  6.47550e-001  6.43951e-001  6.40447e-001  6.36929e-001  6.33285e-001
