-0.000235757
-0.000239283
-0.000242882
-0.000246555
-0.000250302
-0.000254126
-0.000258031
-0.000262015
-0.000266084
-0.000270239
-0.000274481
-0.000278813
-0.000283237
-0.000287757
-0.000292373
-0.000297091
-0.000301911
-0.000306836
-0.00031187
-0.000317015
-0.000322275
-0.000327651
-0.00033315
-0.000338772
-0.000344521
-0.000350402
-0.000356418
-0.000362573
-0.00036887
-0.000375314
-0.000381908
-0.000388659
-0.000395569
-0.000402643
-0.000409887
-0.000417305
-0.000424903
-0.000432685
-0.000440658
-0.000448827
-0.000457197
-0.000465776
-0.000474569
-0.000483583
-0.000492825
-0.000502301
-0.00051202
-0.000521988
-0.000532214
-0.000542705
-0.000553471
-0.000564519
-0.000575859
-0.0005875
-0.000599452
-0.000611725
-0.00062433
-0.000637277
-0.000650578
-0.000664245
-0.000678289
-0.000692723
-0.000707561
-0.000722816
-0.000738503
-0.000754636
-0.00077123
-0.000788302
-0.000805868
-0.000823945
-0.000842552
-0.000861707
-0.000881429
-0.000901738
-0.000922657
-0.000944207
-0.00096641
-0.00098929
-0.00101287
-0.00103718
-0.00106225
-0.0010881
-0.00111476
-0.00114227
-0.00117065
-0.00119994
-0.00123017
-0.00126138
-0.00129361
-0.00132689
-0.00136128
-0.0013968
-0.00143351
-0.00147146
-0.00151069
-0.00155125
-0.0015932
-0.0016366
-0.00168149
-0.00172796
-0.00177605
-0.00182585
-0.00187741
-0.00193081
-0.00198614
-0.00204346
-0.00210288
-0.00216447
-0.00222834
-0.00229458
-0.00236329
-0.00243458
-0.00250857
-0.00258538
-0.00266513
-0.00274796
-0.00283401
-0.00292342
-0.00301634
-0.00311294
-0.00321339
-0.00331787
-0.00342657
-0.00353968
-0.00365743
-0.00378002
-0.0039077
-0.00404071
-0.00417931
-0.00432378
-0.0044744
-0.00463148
-0.00479536
-0.00496637
-0.00514487
-0.00533125
-0.00552592
-0.00572931
-0.00594188
-0.00616411
-0.00639652
-0.00663965
-0.0068941
-0.00716047
-0.00743943
-0.00773168
-0.00803796
-0.00835908
-0.00869588
-0.00904926
-0.00942022
-0.00980977
-0.010219
-0.0106492
-0.0111016
-0.0115775
-0.0120785
-0.0126061
-0.013162
-0.0137481
-0.0143665
-0.0150192
-0.0157087
-0.0164374
-0.0172082
-0.0180241
-0.0188884
-0.0198047
-0.020777
-0.0218097
-0.0229075
-0.0240759
-0.0253207
-0.0266486
-0.0280668
-0.0295835
-0.0312081
-0.032951
-0.0348241
-0.0368408
-0.0390167
-0.0413696
-0.0439202
-0.0466927
-0.0497152
-0.0530213
-0.0566505
-0.0606503
-0.0650779
-0.0700024
-0.0755079
-0.0816973
-0.0886963
-0.0966582
-0.105768
-0.116243
-0.128329
-0.142277
-0.158285
-0.176387
-0.196269
-0.217052
-0.237223
-0.255031
-0.269278
-0.279882
-0.287596
-0.293066
-0.296044
-0.295576
-0.291016
-0.282744
-0.271779
-0.258561
-0.241939
-0.219316
-0.188064
-0.147204
-0.0979435
-0.0427229
0.0161769
0.0774278
0.140719
0.206496
0.275694
0.349526
0.429295
0.51613
0.610512
0.711513
0.81593
0.917967
1.01042
1.08744
1.14697
1.1909
1.22263
1.24459
1.2574
1.26083
1.25468
1.23814
1.20819
1.15939
1.08624
0.986574
0.863715
0.725272
0.579804
0.433836
0.29079
0.151443
0.014864
-0.120805
-0.257868
-0.398751
-0.545709
-0.700406
-0.863199
-1.03206
-1.20149
-1.36251
-1.50473
-1.62021
-1.70641
-1.76607
-1.80435
-1.82578
-1.83289
-1.82648
-1.80592
-1.76876
-1.71052
-1.62615
-1.51317
-1.37439
-1.21792
-1.05413
-0.891933
-0.7368
-0.59083
-0.453829
-0.324421
-0.20074
-0.0807394
0.0377026
0.15674
0.278516
0.405122
0.538535
0.680438
0.831729
0.991593
1.15631
1.31853
1.46819
1.5956
1.6951
1.76673
1.8146
1.84369
1.85746
1.85743
1.84358
1.81441
1.76642
1.69462
1.59491
1.46724
1.31723
1.1546
0.98941
0.829016
0.677149
0.534626
0.400554
0.273251
0.150739
0.030922
-0.0883463
-0.209225
-0.33384
-0.46424
-0.602288
-0.749359
-0.905636
-1.06901
-1.23398
-1.39163
-1.53155
-1.64562
-1.73097
-1.79008
-1.82796
-1.84905
-1.85586
-1.84906
-1.82795
-1.79009
-1.7311
-1.64596
-1.53212
-1.39231
-1.23461
-1.0695
-0.906025
-0.749727
-0.602716
-0.464782
-0.334527
-0.210075
-0.0893741
0.0297015
0.149312
0.271605
0.398677
0.532509
0.674789
0.826446
0.986722
1.15197
1.31486
1.46526
1.59322
1.6929
1.7644
1.81201
1.84089
1.8546
1.8546
1.84089
1.81201
1.7645
1.69324
1.59384
1.46604
1.31552
1.1523
0.986706
0.826179
0.674403
0.532104
0.398313
0.271311
0.149108
0.0296055
-0.0893492
-0.20992
-0.334241
-0.464372
-0.602209
-0.749202
-0.905669
-1.06965
-1.23571
-1.39475
-1.53602
-1.65098
-1.73657
-1.7951
-1.83162
-1.85122
-1.85616
-1.84936
-1.82827
-1.79041
-1.73132
-1.646
-1.53197
-1.3921
-1.23451
-1.06961
-0.906322
-0.750135
-0.603162
-0.465217
-0.334927
-0.210426
-0.0896654
0.0294809
0.149173
0.271562
0.398746
0.53271
0.675143
0.826949
0.987317
1.15253
1.31527
1.46551
1.59361
1.69379
1.76575
1.8132
1.84121
1.85405
1.85405
1.84121
1.8132
1.76575
1.69379
1.59361
1.46551
1.31527
1.15253
0.987317
0.826949
0.675143
0.53271
0.398746
0.271562
0.149173
0.0294809
-0.0896654
-0.210426
-0.334927
-0.465217
-0.603162
-0.750135
-0.906322
-1.06961
-1.23451
-1.3921
-1.53197
-1.646
-1.73132
-1.79041
-1.82827
-1.84936
-1.85616
-1.84937
-1.82828
-1.79043
-1.73135
-1.64604
-1.53202
-1.39215
-1.23458
-1.06969
-0.906403
-0.750224
-0.603259
-0.465322
-0.335039
-0.210545
-0.0897917
0.0293476
0.149033
0.271416
0.398593
0.532551
0.674979
0.826779
0.987143
1.15235
1.31508
1.46533
1.59342
1.6936
1.76555
1.813
1.84102
1.85386
1.85386
1.84102
1.813
1.76555
1.6936
1.59342
1.46533
1.31508
1.15235
0.98714
0.826776
0.674974
0.532546
0.398588
0.271409
0.149026
0.0293392
-0.0898013
-0.210555
-0.335051
-0.465335
-0.603274
-0.750241
-0.906422
-1.06971
-1.2346
-1.39218
-1.53205
-1.64607
-1.73139
-1.79047
-1.82833
-1.84941
-1.85621
-1.84941
-1.82833
-1.79047
-1.73139
-1.64607
-1.53205
-1.39218
-1.2346
-1.06971
-0.906422
-0.750241
-0.603274
-0.465335
-0.335051
-0.210555
-0.0898013
0.0293392
0.149026
0.271409
0.398588
0.532546
0.674974
0.826776
0.98714
1.15235
1.31508
1.46533
1.59342
1.6936
1.76555
1.813
1.84101
1.85386
1.85386
1.84101
1.813
1.76555
1.6936
1.59342
1.46533
1.31508
1.15235
0.98714
0.826776
0.674974
0.532546
0.398588
0.271409
0.149026
0.0293392
-0.0898013
-0.210555
-0.335051
-0.465335
-0.603274
-0.750241
-0.906422
-1.06971
-1.2346
-1.39218
-1.53205
-1.64607
-1.73139
-1.79047
-1.82833
-1.84941
-1.85621
-1.84941
-1.82833
-1.79047
-1.73139
-1.64607
-1.53205
-1.39218
-1.2346
-1.06971
-0.906422
-0.750241
-0.603274
-0.465335
-0.335051
-0.210555
-0.0898013
0.0293392
0.149026
0.271409
0.398588
0.532546
0.674974
0.826776
0.98714
1.15235
1.31508
1.46533
1.59342
1.6936
1.76555
1.813
1.84101
1.85386
1.85386
1.84101
1.813
1.76555
1.6936
1.59342
1.46533
1.31508
1.15235
0.98714
0.826776
0.674974
0.532546
0.398588
0.271409
0.149026
0.0293392
-0.0898013
-0.210555
-0.335051
-0.465335
-0.603274
-0.750241
-0.906422
-1.06971
-1.2346
-1.39218
-1.53205
-1.64607
-1.73139
-1.79047
-1.82833
-1.84941
-1.85621
-1.84941
-1.82833
-1.79047
-1.73139
-1.64607
-1.53205
-1.39218
-1.2346
-1.06971
-0.906422
-0.750241
-0.603274
-0.465335
-0.335051
-0.210555
-0.0898013
0.0293392
0.149026
0.271409
0.398588
0.532546
0.674974
0.826776
0.98714
1.15235
1.31508
1.46533
1.59342
1.6936
1.76555
1.813
1.84101
1.85386
1.85386
1.84101
1.813
1.76555
1.6936
1.59342
1.46533
1.31508
1.15235
0.98714
0.826776
0.674974
0.532546
0.398588
0.271409
0.149026
0.0293392
-0.0898013
-0.210555
-0.335051
-0.465335
-0.603274
-0.750241
-0.906422
-1.06971
-1.2346
-1.39218
-1.53205
-1.64607
-1.73139
-1.79047
-1.82833
-1.84941
-1.85621
-1.84941
-1.82833
-1.79047
-1.73139
-1.64607
-1.53205
-1.39218
-1.2346
-1.06971
-0.906422
-0.750241
-0.603274
-0.465335
-0.335051
-0.210555
-0.0898013
0.0293392
0.149026
0.271409
0.398588
0.532546
0.674974
0.826776
0.98714
1.15235
1.31508
1.46533
1.59342
1.6936
1.76555
1.813
1.84101
1.85386
1.85386
1.84101
1.813
1.76555
1.6936
1.59342
1.46533
1.31508
1.15235
0.98714
0.826776
0.674974
0.532546
0.398588
0.271409
0.149026
0.0293392
-0.0898013
-0.210555
-0.335051
-0.465335
-0.603274
-0.750241
-0.906422
-1.06971
-1.2346
-1.39218
-1.53205
-1.64607
-1.73139
-1.79047
-1.82833
-1.84941
-1.85621
-1.84941
-1.82833
-1.79047
-1.73139
-1.64607
-1.53205
-1.39218
-1.2346
-1.06971
-0.906422
-0.750241
-0.603274
-0.465335
-0.335051
-0.210555
-0.0898013
0.0293392
0.149026
0.271409
0.398588
0.532546
0.674974
0.826776
0.98714
1.15235
1.31508
1.46533
1.59342
1.6936
1.76555
1.813
1.84101
1.85386
1.85386
1.84101
1.813
1.76555
1.6936
1.59342
1.46533
1.31508
1.15235
0.98714
0.826776
0.674974
0.532546
0.398588
0.271409
0.149026
0.0293392
-0.0898013
-0.210555
-0.335051
-0.465335
-0.603274
-0.750241
-0.906422
-1.06971
-1.2346
-1.39218
-1.53205
-1.64607
-1.73139
-1.79047
-1.82833
-1.84941
-1.85621
-1.84941
-1.82833
-1.79047
-1.73139
-1.64607
-1.53205
-1.39218
-1.2346
-1.06971
-0.906422
-0.750241
-0.603274
-0.465335
-0.335051
-0.210555
-0.0898013
0.0293392
0.149026
0.271409
0.398588
0.532546
0.674974
0.826776
0.98714
1.15235
1.31508
1.46533
1.59342
1.6936
1.76555
1.813
1.84101
1.85386
1.85386
1.84101
1.813
1.76555
1.6936
1.59342
1.46533
1.31508
1.15235
0.98714
0.826776
0.674974
0.532546
0.398588
0.271409
0.149026
0.0293392
-0.0898013
-0.210555
-0.335051
-0.465335
-0.603274
-0.750241
-0.906422
-1.06971
-1.2346
-1.39218
-1.53205
-1.64607
-1.73139
-1.79047
-1.82833
-1.84941
-1.85621
-1.84941
-1.82833
-1.79047
-1.73139
-1.64607
-1.53205
-1.39218
-1.2346
-1.06971
-0.906422
-0.750241
-0.603274
-0.465335
-0.335051
-0.210555
-0.0898013
0.0293392
0.149026
0.271409
0.398588
0.532546
0.674974
0.826776
0.98714
1.15235
1.31508
1.46533
1.59342
1.6936
1.76555
1.813
1.84101
1.85386
1.85386
1.84101
1.813
1.76555
1.6936
1.59342
1.46533
1.31508
1.15235
0.98714
0.826776
0.674974
0.532546
0.398588
0.271409
0.149026
0.0293392
-0.0898013
-0.210555
-0.335051
-0.465335
-0.603274
-0.750241
-0.906422
-1.06971
-1.2346
-1.39218
-1.53205
-1.64607
-1.73139
-1.79047
-1.82833
-1.84941
-1.85621
-1.84941
-1.82833
-1.79047
-1.73139
-1.64607
-1.53205
-1.39218
-1.2346
-1.06971
-0.906422
-0.750241
-0.603274
-0.465335
-0.335051
-0.210555
-0.0898013
0.0293392
0.149026
0.271409
0.398588
0.532546
0.674974
0.826776
0.98714
1.15235
1.31508
1.46533
1.59342
1.6936
1.76555
1.813
1.84101
1.85386
1.85386
1.84101
1.813
1.76555
1.6936
1.59342
1.46533
1.31508
1.15235
0.98714
0.826776
0.674974
0.532546
0.398588
0.271409
0.149026
0.0293392
-0.0898013
-0.210555
-0.335051
-0.465335
-0.603274
-0.750241
-0.906422
-1.06971
-1.2346
-1.39218
-1.53205
-1.64607
-1.73139
-1.79047
-1.82833
-1.84941
-1.85621
-1.84941
-1.82833
-1.79047
-1.73139
-1.64607
-1.53205
-1.39218
-1.2346
-1.06971
-0.906422
-0.750241
-0.603274
-0.465335
-0.335051
-0.210555
-0.0898013
0.0293392
0.149026
0.271409
0.398588
0.532546
0.674974
0.826776
0.98714
1.15235
1.31508
1.46533
1.59342
1.6936
1.76555
1.813
1.84101
1.85386
1.85386
1.84101
1.813
1.76555
1.6936
1.59342
1.46533
1.31508
1.15235
0.98714
0.826776
0.674974
0.532546
0.398588
0.271409
0.149026
0.0293392
-0.0898013
-0.210555
-0.335051
-0.465335
-0.603274
-0.750241
-0.906422
-1.06971
-1.2346
-1.39218
-1.53205
-1.64607
-1.73139
-1.79047
-1.82833
-1.84941
-1.85621
-1.84941
-1.82833
-1.79047
-1.73139
-1.64607
-1.53205
-1.39218
-1.2346
-1.06971
-0.906422
-0.750241
-0.603274
-0.465335
-0.335051
-0.210555
-0.0898013
0.0293392
0.149026
0.271409
0.398588
0.532546
0.674974
0.826776
0.98714
1.15235
1.31508
1.46533
1.59342
1.6936
1.76555
1.813
1.84101
1.85386
1.85386
1.84101
1.813
1.76555
1.6936
1.59342
1.46533
1.31508
1.15235
0.98714
0.826776
0.674974
0.532546
0.398588
0.271409
0.149026
0.0293392
-0.0898013
-0.210555
-0.335051
-0.465335
-0.603274
-0.750241
-0.906422
-1.06971
-1.2346
-1.39218
-1.53205
-1.64607
-1.73139
-1.79047
-1.82833
-1.84941
-1.85621
-1.84941
-1.82833
-1.79047
-1.73139
-1.64607
-1.53205
-1.39218
-1.2346
-1.06971
-0.906422
-0.750241
-0.603274
-0.465335
-0.335051
-0.210555
-0.0898013
0.0293392
0.149026
0.271409
0.398588
0.532546
0.674974
0.826776
0.98714
1.15235
1.31508
1.46533
1.59342
1.6936
1.76555
1.813
1.84101
1.85386
1.85386
1.84101
1.813
1.76555
1.6936
1.59342
1.46533
1.31508
1.15235
0.98714
0.826776
0.674974
0.532546
0.398588
0.271409
0.149026
0.0293392
-0.0898013
-0.210555
-0.335051
-0.465335
-0.603274
-0.750241
-0.906422
-1.06971
-1.2346
-1.39218
-1.53205
-1.64607
-1.73139
-1.79047
-1.82833
-1.84941
-1.85621
-1.84941
-1.82833
-1.79047
-1.73139
-1.64607
-1.53205
-1.39218
-1.2346
-1.06971
-0.906422
-0.750241
-0.603274
-0.465335
-0.335051
-0.210555
-0.0898013
0.0293392
0.149026
0.271409
0.398588
0.532546
0.674974
0.826776
0.98714
1.15235
1.31508
1.46533
1.59342
1.6936
1.76555
1.813
1.84101
1.85386
1.85386
1.84101
1.813
1.76555
1.6936
1.59342
1.46533
1.31508
1.15235
0.98714
0.826776
0.674974
0.532546
0.398588
0.271409
0.149026
0.0293392
-0.0898013
-0.210555
-0.335051
-0.465335
-0.603274
-0.750241
-0.906422
-1.06971
-1.2346
-1.39218
-1.53205
-1.64607
-1.73139
-1.79047
-1.82833
-1.84941
-1.85621
-1.84941
-1.82833
-1.79047
-1.73139
-1.64607
-1.53205
-1.39218
-1.2346
-1.06971
-0.906422
-0.750241
-0.603274
-0.465335
-0.335051
-0.210555
-0.0898013
0.0293392
0.149026
0.271409
0.398588
0.532546
0.674974
0.826776
0.98714
1.15235
1.31508
1.46533
1.59342
1.6936
1.76555
1.813
1.84101
1.85386
1.85386
1.84101
1.813
1.76555
1.6936
1.59342
1.46533
1.31508
1.15235
0.98714
0.826776
0.674974
0.532546
0.398588
0.271409
0.149026
0.0293392
-0.0898013
-0.210555
-0.335051
-0.465335
-0.603274
-0.750241
-0.906422
-1.06971
-1.2346
-1.39218
-1.53205
-1.64607
-1.73139
-1.79047
-1.82833
-1.84941
-1.85621
-1.84941
-1.82833
-1.79047
-1.73139
-1.64607
-1.53205
-1.39218
-1.2346
-1.06971
-0.906422
-0.750241
-0.603274
-0.465335
-0.335051
-0.210555
-0.0898013
0.0293392
0.149026
0.271409
0.398588
0.532546
0.674974
0.826776
0.98714
1.15235
1.31508
1.46533
1.59342
1.6936
1.76555
1.813
1.84101
1.85386
1.85386
1.84101
1.813
1.76555
1.6936
1.59342
1.46533
1.31508
1.15235
0.98714
0.826776
0.674974
0.532546
0.398588
0.271409
0.149026
0.0293392
-0.0898013
-0.210555
-0.335051
-0.465335
-0.603274
-0.750241
-0.906422
-1.06971
-1.2346
-1.39218
-1.53205
-1.64607
-1.73139
-1.79047
-1.82833
-1.84941
-1.85621
-1.84941
-1.82833
-1.79047
-1.73139
-1.64607
-1.53205
-1.39218
-1.2346
-1.06971
-0.906422
-0.750241
-0.603274
-0.465335
-0.335051
-0.210555
-0.0898013
0.0293392
0.149026
0.271409
0.398588
0.532546
0.674974
0.826776
0.98714
1.15235
1.31508
1.46533
1.59342
1.6936
1.76555
1.813
1.84101
1.85386
1.85386
1.84101
1.813
1.76555
1.6936
1.59342
1.46533
1.31508
1.15235
0.98714
0.826776
0.674974
0.532546
0.398588
0.271409
0.149026
0.0293392
-0.0898013
-0.210555
-0.335051
-0.465335
-0.603274
-0.750241
-0.906422
-1.06971
-1.2346
-1.39218
-1.53205
-1.64607
-1.73139
-1.79047
-1.82833
-1.84941
-1.85621
-1.84941
-1.82833
-1.79047
-1.73139
-1.64607
-1.53205
-1.39218
-1.2346
-1.06971
-0.906422
-0.750241
-0.603274
-0.465335
-0.335051
-0.210555
-0.0898013
0.0293392
0.149026
0.271409
0.398588
0.532546
0.674974
0.826776
0.98714
1.15235
1.31508
1.46533
1.59342
1.6936
1.76555
1.813
1.84101
1.85386
1.85386
1.84101
1.813
1.76555
1.6936
1.59342
1.46533
1.31508
1.15235
0.98714
0.826776
0.674974
0.532546
0.398588
0.271409
0.149026
0.0293392
-0.0898013
-0.210555
-0.335051
-0.465335
-0.603274
-0.750241
-0.906422
-1.06971
-1.2346
-1.39218
-1.53205
-1.64607
-1.73139
-1.79047
-1.82833
-1.84941
-1.85621
-1.84941
-1.82833
-1.79047
-1.73139
-1.64607
-1.53205
-1.39218
-1.2346
-1.06971
-0.906422
-0.750241
-0.603274
-0.465335
-0.335051
-0.210555
-0.0898013
0.0293392
0.149026
0.271409
0.398588
0.532546
0.674974
0.826776
0.98714
1.15235
1.31508
1.46533
1.59342
1.6936
1.76555
1.813
1.84101
1.85386
1.85386
1.84101
1.813
1.76555
1.6936
1.59342
1.46533
1.31508
1.15235
0.98714
0.826776
0.674974
0.532546
0.398588
0.271409
0.149026
0.0293392
-0.0898013
-0.210555
-0.335051
-0.465335
-0.603274
-0.750241
-0.906422
-1.06971
-1.2346
-1.39218
-1.53205
-1.64607
-1.73139
-1.79047
-1.82833
-1.84941
-1.85621
-1.84941
-1.82833
-1.79047
-1.73139
-1.64607
-1.53205
-1.39218
-1.2346
-1.06971
-0.906422
-0.750241
-0.603274
-0.465335
-0.335051
-0.210555
-0.0898013
0.0293392
0.149026
0.271409
0.398588
0.532546
0.674974
0.826776
0.98714
1.15235
1.31508
1.46533
1.59342
1.6936
1.76555
1.813
1.84101
1.85386
1.85386
1.84101
1.813
1.76555
1.6936
1.59342
1.46533
1.31508
1.15235
0.98714
0.826776
0.674974
0.532546
0.398588
0.271409
0.149026
0.0293392
-0.0898013
-0.210555
-0.335051
-0.465335
-0.603274
-0.750241
-0.906422
-1.06971
-1.2346
-1.39218
-1.53205
-1.64607
-1.73139
-1.79047
-1.82833
-1.84941
-1.85621
-1.84941
-1.82833
-1.79047
-1.73139
-1.64607
-1.53205
-1.39218
-1.2346
-1.06971
-0.906422
-0.750241
-0.603274
-0.465335
-0.335051
-0.210555
-0.0898013
0.0293392
0.149026
0.271409
0.398588
0.532546
0.674974
0.826776
0.98714
1.15235
1.31508
1.46533
1.59342
1.6936
1.76555
1.813
1.84101
1.85386
1.85386
1.84101
1.813
1.76555
1.6936
1.59342
1.46533
1.31508
1.15235
0.98714
0.826776
0.674974
0.532546
0.398588
0.271409
0.149026
0.0293392
-0.0898013
-0.210555
-0.335051
-0.465335
-0.603274
-0.750241
-0.906422
-1.06971
-1.2346
-1.39218
-1.53205
-1.64607
-1.73139
-1.79047
-1.82833
-1.84941
-1.85621
-1.84941
-1.82833
-1.79047
-1.73139
-1.64607
-1.53205
-1.39218
-1.2346
-1.06971
-0.906422
-0.750241
-0.603274
-0.465335
-0.335051
-0.210555
-0.0898013
0.0293392
0.149026
0.271409
0.398588
0.532546
0.674974
0.826776
0.98714
1.15235
1.31508
1.46533
1.59342
1.6936
1.76555
1.813
1.84101
1.85386
1.85386
1.84101
1.813
1.76555
1.6936
1.59342
1.46533
1.31508
1.15235
0.98714
0.826776
0.674974
0.532546
0.398588
0.271409
0.149026
0.0293392
-0.0898013
-0.210555
-0.335051
-0.465335
-0.603274
-0.750241
-0.906422
-1.06971
-1.2346
-1.39218
-1.53205
-1.64607
-1.73139
-1.79047
-1.82833
-1.84941
-1.85621
-1.84941
-1.82833
-1.79047
-1.73139
-1.64607
-1.53205
-1.39218
-1.2346
-1.06971
-0.906422
-0.750241
-0.603274
-0.465335
-0.335051
-0.210555
-0.0898013
0.0293392
0.149026
0.271409
0.398588
0.532546
0.674974
0.826776
0.98714
1.15235
1.31508
1.46533
1.59342
1.6936
1.76555
1.813
1.84101
1.85386
1.85386
1.84101
1.813
1.76555
1.6936
1.59342
1.46533
1.31508
1.15235
0.98714
0.826776
0.674974
0.532546
0.398588
0.271409
0.149026
0.0293392
-0.0898013
-0.210555
-0.335051
-0.465335
-0.603274
-0.750241
-0.906422
-1.06971
-1.2346
-1.39218
-1.53205
-1.64607
-1.73139
-1.79047
-1.82833
-1.84941
-1.85621
-1.84941
-1.82833
-1.79047
-1.73139
-1.64607
-1.53205
-1.39218
-1.2346
-1.06971
-0.906422
-0.750241
-0.603274
-0.465335
-0.335051
-0.210555
-0.0898013
0.0293392
0.149026
0.271409
0.398588
0.532546
0.674974
0.826776
0.98714
1.15235
1.31508
1.46533
1.59342
1.6936
1.76555
1.813
1.84101
1.85386
1.85386
1.84101
1.813
1.76555
1.6936
1.59342
1.46533
1.31508
1.15235
0.98714
0.826776
0.674974
0.532546
0.398588
0.271409
0.149026
0.0293392
-0.0898013
-0.210555
-0.335051
-0.465335
-0.603274
-0.750241
-0.906422
-1.06971
-1.2346
-1.39218
-1.53205
-1.64607
-1.73139
-1.79047
-1.82833
-1.84941
-1.85621
-1.84941
-1.82833
-1.79047
-1.73139
-1.64607
-1.53205
-1.39218
-1.2346
-1.06971
-0.906422
-0.750241
-0.603274
-0.465335
-0.335051
-0.210555
-0.0898013
0.0293392
0.149026
0.271409
0.398588
0.532546
0.674974
0.826776
0.98714
1.15235
1.31508
1.46533
1.59342
1.6936
1.76555
1.813
1.84101
1.85386
1.85386
1.84101
1.813
1.76555
1.6936
1.59342
1.46533
1.31508
1.15235
0.98714
0.826776
0.674974
0.532546
0.398588
0.271409
0.149026
0.0293392
-0.0898013
-0.210555
-0.335051
-0.465335
-0.603274
-0.750241
-0.906422
-1.06971
-1.2346
-1.39218
-1.53205
-1.64607
-1.73139
-1.79047
-1.82833
-1.84941
-1.85621
-1.84941
-1.82833
-1.79047
-1.73139
-1.64607
-1.53205
-1.39218
-1.2346
-1.06971
-0.906422
-0.750241
-0.603274
-0.465335
-0.335051
-0.210555
-0.0898013
0.0293392
0.149026
0.271409
0.398588
0.532546
0.674974
0.826776
0.98714
1.15235
1.31508
1.46533
1.59342
1.6936
1.76555
1.813
1.84101
1.85386
1.85386
1.84101
1.813
1.76555
1.6936
1.59342
1.46533
1.31508
1.15235
0.98714
0.826776
0.674974
0.532546
0.398588
0.271409
0.149026
0.0293392
-0.0898013
-0.210555
-0.335051
-0.465335
-0.603274
-0.750241
-0.906422
-1.06971
-1.2346
-1.39218
-1.53205
-1.64607
-1.73139
-1.79047
-1.82833
-1.84941
-1.85621
-1.84941
-1.82833
-1.79047
-1.73139
-1.64607
-1.53205
-1.39218
-1.2346
-1.06971
-0.906422
-0.750241
-0.603274
-0.465335
-0.335051
-0.210555
-0.0898013
0.0293392
0.149026
0.271409
0.398588
0.532546
0.674974
0.826776
0.98714
1.15235
1.31508
1.46533
1.59342
1.6936
1.76555
1.813
1.84101
1.85386
1.85386
1.84101
1.813
1.76555
1.6936
1.59342
1.46533
1.31508
1.15235
0.98714
0.826776
0.674974
0.532546
0.398588
0.271409
0.149026
0.0293392
-0.0898013
-0.210555
-0.335051
-0.465335
-0.603274
-0.750241
-0.906422
-1.06971
-1.2346
-1.39218
-1.53205
-1.64607
-1.73139
-1.79047
-1.82833
-1.84941
-1.85621
-1.84941
-1.82833
-1.79047
-1.73139
-1.64607
-1.53205
-1.39218
-1.2346
-1.06971
-0.906422
-0.750241
-0.603274
-0.465335
-0.335051
-0.210555
-0.0898012
0.0293392
0.149026
0.271409
0.398588
0.532546
0.674974
0.826776
0.98714
1.15235
1.31508
1.46533
1.59342
1.6936
1.76555
1.813
1.84102
1.85386
1.85386
1.84102
1.813
1.76555
1.6936
1.59342
1.46533
1.31508
1.15235
0.987144
0.82678
0.674979
0.532552
0.398594
0.271416
0.149034
0.0293486
-0.0897907
-0.210544
-0.335037
-0.46532
-0.603257
-0.750222
-0.906401
-1.06968
-1.23458
-1.39215
-1.53202
-1.64603
-1.73135
-1.79043
-1.82828
-1.84936
-1.85615
-1.84935
-1.82826
-1.7904
-1.73131
-1.64599
-1.53196
-1.39209
-1.23451
-1.0696
-0.906311
-0.750124
-0.60315
-0.465205
-0.334913
-0.210412
-0.0896508
0.0294962
0.149189
0.271579
0.398763
0.532727
0.675161
0.826967
0.987336
1.15255
1.31528
1.46553
1.59363
1.69381
1.76577
1.81322
1.84123
1.85407
1.85407
1.84123
1.81322
1.76577
1.69381
1.59363
1.46553
1.31528
1.15255
0.987336
0.826967
0.675161
0.532727
0.398763
0.271579
0.149189
0.0294962
-0.0896508
-0.210412
-0.334913
-0.465205
-0.60315
-0.750124
-0.906311
-1.0696
-1.23451
-1.39209
-1.53196
-1.64599
-1.73131
-1.7904
-1.82826
-1.84935
-1.85736
-1.85121
-1.83162
-1.79509
-1.73657
-1.65098
-1.53602
-1.39475
-1.2357
-1.06965
-0.905667
-0.7492
-0.602207
-0.46437
-0.33424
-0.209919
-0.0893482
0.0296064
0.149109
0.271312
0.398313
0.532105
0.674404
0.82618
0.986706
1.1523
1.31552
1.46604
1.59384
1.69324
1.7645
1.81201
1.84089
1.8546
1.8546
1.84089
1.81201
1.7644
1.6929
1.59322
1.46526
1.31486
1.15197
0.986722
0.826446
0.674789
0.532509
0.398677
0.271605
0.149312
0.0297015
-0.0893741
-0.210075
-0.334527
-0.464782
-0.602716
-0.749727
-0.906025
-1.0695
-1.23461
-1.39231
-1.53212
-1.64596
-1.7311
-1.79009
-1.82795
-1.84906
-1.85586
-1.84905
-1.82796
-1.79008
-1.73097
-1.64562
-1.53155
-1.39163
-1.23398
-1.06901
-0.905636
-0.749359
-0.602288
-0.46424
-0.33384
-0.209225
-0.0883463
0.030922
0.150739
0.273251
0.400554
0.534626
0.677149
0.829016
0.98941
1.1546
1.31723
1.46724
1.59491
1.69462
1.76642
1.81441
1.84358
1.85743
1.85746
1.84369
1.8146
1.76673
1.6951
1.5956
1.46819
1.31853
1.15631
0.991593
0.831729
0.680438
0.538535
0.405122
0.278516
0.15674
0.0377026
-0.0807394
-0.20074
-0.324421
-0.453829
-0.59083
-0.7368
-0.891933
-1.05413
-1.21792
-1.37439
-1.51317
-1.62615
-1.71052
-1.76876
-1.80592
-1.82648
-1.83289
-1.82578
-1.80435
-1.76607
-1.70641
-1.62021
-1.50473
-1.36251
-1.20149
-1.03206
-0.863199
-0.700406
-0.545709
-0.398751
-0.257868
-0.120805
0.014864
0.151443
0.29079
0.433836
0.579804
0.725272
0.863715
0.986574
1.08624
1.15939
1.20819
1.23814
1.25468
1.26083
1.2574
1.24459
1.22263
1.1909
1.14697
1.08744
1.01042
0.917967
0.81593
0.711513
0.610512
0.51613
0.429295
0.349526
0.275694
0.206496
0.140719
0.0774278
0.0161769
-0.0427229
-0.0979435
-0.147204
-0.188064
-0.219316
-0.241939
-0.258561
-0.271779
-0.282744
-0.291016
-0.295576
-0.296044
-0.293066
-0.287596
-0.279882
-0.269278
-0.255031
-0.237223
-0.217052
-0.196269
-0.176387
-0.158285
-0.142277
-0.128329
-0.116243
-0.105768
-0.0966582
-0.0886963
-0.0816973
-0.0755079
-0.0700024
-0.0650779
-0.0606503
-0.0566505
-0.0530213
-0.0497152
-0.0466927
-0.0439202
-0.0413696
-0.0390167
-0.0368408
-0.0348241
-0.032951
-0.0312081
-0.0295835
-0.0280668
-0.0266486
-0.0253207
-0.0240759
-0.0229075
-0.0218097
-0.020777
-0.0198047
-0.0188884
-0.0180241
-0.0172082
-0.0164374
-0.0157087
-0.0150192
-0.0143665
-0.0137481
-0.013162
-0.0126061
-0.0120785
-0.0115775
-0.0111016
-0.0106492
-0.010219
-0.00980977
-0.00942022
-0.00904926
-0.00869588
-0.00835908
-0.00803796
-0.00773168
-0.00743943
-0.00716047
-0.0068941
-0.00663965
-0.00639652
-0.00616411
-0.00594188
-0.00572931
-0.00552592
-0.00533125
-0.00514487
-0.00496637
-0.00479536
-0.00463148
-0.0044744
-0.00432378
-0.00417931
-0.00404071
-0.0039077
-0.00378002
-0.00365743
-0.00353968
-0.00342657
-0.00331787
-0.00321339
-0.00311294
-0.00301634
-0.00292342
-0.00283401
-0.00274796
-0.00266513
-0.00258538
-0.00250857
-0.00243458
-0.00236329
-0.00229458
-0.00222834
-0.00216447
-0.00210288
-0.00204346
-0.00198614
-0.00193081
-0.00187741
-0.00182585
-0.00177605
-0.00172796
-0.00168149
-0.0016366
-0.0015932
-0.00155125
-0.00151069
-0.00147146
-0.00143351
-0.0013968
-0.00136128
-0.00132689
-0.00129361
-0.00126138
-0.00123017
-0.00119994
-0.00117065
-0.00114227
-0.00111476
-0.0010881
-0.00106225
-0.00103718
-0.00101287
-0.00098929
-0.00096641
-0.000944207
-0.000922657
-0.000901738
-0.000881429
-0.000861707
-0.000842552
-0.000823945
-0.000805868
-0.000788302
-0.00077123
-0.000754636
-0.000738503
-0.000722816
-0.000707561
-0.000692723
-0.000678289
-0.000664245
-0.000650578
-0.000637277
-0.00062433
-0.000611725
-0.000599452
-0.0005875
-0.000575859
-0.000564519
-0.000553471
-0.000542705
-0.000532214
-0.000521988
-0.00051202
-0.000502301
-0.000492825
-0.000483583
-0.000474569
-0.000465776
-0.000457197
-0.000448827
-0.000440658
-0.000432685
-0.000424903
-0.000417305
-0.000409887
-0.000402643
-0.000395569
-0.000388659
-0.000381908
-0.000375314
-0.00036887
-0.000362573
-0.000356418
-0.000350402
-0.000344521
-0.000338772
-0.00033315
-0.000327651
-0.000322275
-0.000317015
-0.00031187
-0.000306836
-0.000301911
-0.000297091
-0.000292373
-0.000287757
-0.000283237
-0.000278813
-0.000274481
-0.000270239
-0.000266084
-0.000262015
-0.000258031
-0.000254126
-0.000250302
-0.000246555
-0.000242882
-0.000239283
2.5326e-106
