7.23811691529156e-06
7.33229484579192e-06
7.42793548994642e-06
7.52506524383449e-06
7.62371106605482e-06
7.72390045968824e-06
7.8256614939309e-06
7.92902283094376e-06
8.03401371007025e-06
8.14066399476234e-06
8.24900416683732e-06
8.35906534097822e-06
8.47087929060682e-06
8.58447844980799e-06
8.69989594226686e-06
8.81716559884908e-06
8.93632194059622e-06
9.05740025314758e-06
9.18043654449595e-06
9.30546760910916e-06
9.43253102939502e-06
9.56166517262302e-06
9.69290925964468e-06
9.82630333062063e-06
9.96188830775797e-06
1.0099705992628e-05
1.02397990947183e-05
1.03822112471727e-05
1.05269870508835e-05
1.06741720643532e-05
1.08238128624061e-05
1.09759570247332e-05
1.11306532012738e-05
1.12879510987591e-05
1.1447901533109e-05
1.16105564489941e-05
1.17759689478821e-05
1.19441933126823e-05
1.21152850521473e-05
1.22893009036891e-05
1.24662989015154e-05
1.26463383749569e-05
1.2829479995375e-05
1.30157858201919e-05
1.32053193091437e-05
1.33981453655299e-05
1.35943303951162e-05
1.3793942298254e-05
1.39970505564216e-05
1.42037262442713e-05
1.44140420772126e-05
1.46280724596714e-05
1.48458935154511e-05
1.50675831515526e-05
1.52932210792644e-05
1.55228888886041e-05
1.57566700804729e-05
1.59946501238222e-05
1.62369164973506e-05
1.64835587495523e-05
1.67346685622592e-05
1.69903397898742e-05
1.72506685306914e-05
1.75157531848131e-05
1.77856944884629e-05
1.80605956297116e-05
1.83405622711362e-05
1.86257026333318e-05
1.89161275524642e-05
1.92119505746686e-05
1.9513287989885e-05
1.98202589574717e-05
2.01329855345704e-05
2.04515927947334e-05
2.07762088840215e-05
2.11069651247964e-05
2.14439960726138e-05
2.17874396508249e-05
2.21374372092841e-05
2.24941336272145e-05
2.28576774173018e-05
2.32282208329175e-05
2.36059199349505e-05
2.39909347640823e-05
2.43834293898364e-05
2.47835720623479e-05
2.51915353100435e-05
2.56074960806932e-05
2.60316358431512e-05
2.64641407448879e-05
2.69052017098093e-05
2.7355014609435e-05
2.78137803879382e-05
2.82817052087352e-05
2.87590006104562e-05
2.92458836587108e-05
2.97425771062131e-05
3.02493095594079e-05
3.07663156561883e-05
3.12938362236566e-05
3.18321184867363e-05
3.23814162288909e-05
3.29419900135327e-05
3.35141073550468e-05
3.40980429453733e-05
3.46940788618824e-05
3.53025047963249e-05
3.59236182582741e-05
3.65577248337702e-05
3.72051384228741e-05
3.78661814810569e-05
3.85411852835581e-05
3.92304901947345e-05
3.99344459446229e-05
4.06534119116829e-05
4.13877574142962e-05
4.21378620121632e-05
4.29041158470886e-05
4.36869199339904e-05
4.44866865133806e-05
4.53038393921709e-05
4.61388143260085e-05
4.69920593491876e-05
4.78640352006727e-05
4.87552156874315e-05
4.96660881105363e-05
5.05971536972992e-05
5.1548928024435e-05
5.25219414692298e-05
5.35167396973896e-05
5.45338841318448e-05
5.55739524671491e-05
5.66375391753285e-05
5.77252560571074e-05
5.88377327820993e-05
5.99756174728075e-05
6.11395773155136e-05
6.2330299132582e-05
6.35484900704931e-05
6.47948782306176e-05
6.60702133471644e-05
6.73752675212393e-05
6.87108359277648e-05
7.00777375710075e-05
7.14768160983178e-05
7.29089405747561e-05
7.43750063484296e-05
7.5875935923366e-05
7.74126798306638e-05
7.8986217596147e-05
8.05975587002818e-05
8.22477435558465e-05
8.39378445836531e-05
8.56689672533957e-05
8.74422512071447e-05
8.92588714284051e-05
9.11200394107259e-05
9.30270044233977e-05
9.49810547610367e-05
9.69835191128686e-05
9.90357679036613e-05
0.000101139214730046
0.000103295317865442
0.000105505581748465
0.000107771558615248
0.000110094850107954
0.000112477109008259
0.000114920040992218
0.000117425406468367
0.000119995022479696
0.000122630764645997
0.000125334569269367
0.000128108435367676
0.00013095442694065
0.00013387467519736
0.000136871380921813
0.000139946816943342
0.000143103330639133
0.000146343346567956
0.000149669369187586
0.000153083985703148
0.000156589868944943
0.000160189780440085
0.000163886573536802
0.000167683196668144
0.000171582696715451
0.000175588222518544
0.000179703028493157
0.000183930478397136
0.000188274049207733
0.000192737335180612
0.000197324051999956
0.000202038041126922
0.00020688327429529
0.00021186385810659
0.000216984038921521
0.000222248207769681
0.000227660905555759
0.000233226828373404
0.000238950833049439
0.000244837942879236
0.000250893353511168
0.000257122439116096
0.000263530758686562
0.000270124062629509
0.000276908299520407
0.000283889623114548
0.00029107439958231
0.000298469214997201
0.000306080883065919
0.000313916453088097
0.00032198321820064
0.000330288723853486
0.000338840776606804
0.000347647453120645
0.000356717109466899
0.000366058390714788
0.000375680240793094
0.000385591912611694
0.000395802978512788
0.000406323340950115
0.000417163243500603
0.000428333282105621
0.000439844416646934
0.000451707982746967
0.000463935703847106
0.000476539703562437
0.000489532518247888
0.000502927109818754
0.000516736878785509
0.000530975677467816
0.000545657823387763
0.0005607981128193
0.000576411834424592
0.000592514782987877
0.000609123273152434
0.000626254153174051
0.000643924818578912
0.000662153225686116
0.000680957904907688
0.00070035797379634
0.000720373149633234
0.000741023761619449
0.000762330762367682
0.00078431573869558
0.000807000921544587
0.000830409194778277
0.000854564102797256
0.000879489856672381
0.000905211338568032
0.000931754104269037
0.000959144383400141
0.000987409077146823
0.00101657575301697
0.00104667263629357
0.00107772859768219
0.00110977313676665
0.00114283636058959
0.00117694895680482
0.00121214216078633
0.00124844771580644
0.00128589782557697
0.0013245250981097
0.00136436247998352
0.00140544317973891
0.00144780057925688
0.00149146813157226
0.00153647924367064
0.0015828671424444
0.00163066472186214
0.0016799043691687
0.00173061776777228
0.00178283567397631
0.00183658766471586
0.00189190185270688
0.00194880456548349
0.00200731998387775
0.00206746973535073
0.00212927243676773
0.00219274318070407
0.00225789295845697
0.00232472801225651
0.00239324910803972
0.00246345071904143
0.00253532010924415
0.00260883630414038
0.00268396893453664
0.00276067693717844
0.00283890709356452
0.00291859238571939
0.00299965014437758
0.00308197996151609
0.00316546133465575
0.00324995100536382
0.00333527994835532
0.00342124996041136
0.00350762978994398
0.00359415073804199
0.00368050164983667
0.00376632320067097
0.00385120136463993
0.00393465993234556
0.00401615192005707
0.00409504968260573
0.00417063350628149
0.00424207841422188
0.00430843886371516
0.00436863095032794
0.00442141165510269
0.00446535457528018
0.00449882146223779
0.00451992874783324
0.0045265080667141
0.00451605957100738
0.00448569657757309
0.00443207977845117
0.00435133887381981
0.00423897904515919
0.00408976916872631
0.00389760807456705
0.00365536449332183
0.00335468562959865
0.0029857686158191
0.00253708854621583
0.0019950765640342
0.00134374190360664
0.000564233398975885
-0.000365660431333387
-0.00147206684154705
-0.00278562238800475
-0.00434206856579913
-0.00618278588701924
-0.00835516403002344
-0.0109126562076545
-0.0139143105450578
-0.0174235232535903
-0.0215057426249766
-0.0262249054016792
-0.0316385451853157
-0.0377917909965948
-0.0447108327919901
-0.0523967563261278
-0.0608207844534291
-0.0699217899959117
-0.0796064887235383
-0.0897521572246712
-0.100211281400109
-0.110817365036175
-0.121391186724504
-0.13174695134361
-0.141697919451553
-0.151061194292038
-0.159661463967423
-0.16733368464513
-0.173924903718004
-0.179295540301466
-0.183320384941029
-0.185889399918449
-0.186908236423366
-0.18629834301691
-0.183996615196178
-0.179954637311477
-0.174137609509742
-0.166523018577314
-0.157099062369227
-0.145862864404194
-0.132818677326174
-0.117976539426893
-0.101352076247184
-0.0829681375382502
-0.062858611686442
-0.0410741328757602
-0.0176887343271908
0.00719391471338244
0.033436057503552
0.0608641653673641
0.0892703620519599
0.118416601719936
0.148040682295563
0.177862892463311
0.207592157930046
0.236930956049578
0.2655789048611
0.293235609834223
0.319603817510845
0.34439396733167
0.367330794154884
0.388161855175415
0.406667015306574
0.422667331558822
0.436031650538932
0.446679612582529
0.454580467790836
0.459747861956289
0.462231313102966
0.462105423049214
0.45945804892142
0.454378790918772
0.446949212475992
0.437236074205513
0.425288429842222
0.411138731016053
0.39480730322727
0.376308952790643
0.355660269125036
0.332886473262207
0.308027297151819
0.281142054377608
0.252314447894807
0.221657561370791
0.189318936134081
0.155484889136926
0.120382623309441
0.0842785365213726
0.0474716104872625
0.0102817760814121
-0.0269656047339232
-0.0639569452904633
-0.100406620318952
-0.136069614076326
-0.170748936081428
-0.204297284122426
-0.236613569808624
-0.267635684780052
-0.29733113499814
-0.325686982378208
-0.352700109207732
-0.378368367505731
-0.402682828915083
-0.42562116621349
-0.447142174382162
-0.467181548229895
-0.485649230014281
-0.502428860849069
-0.517380023051141
-0.530343930485987
-0.54115289806184
-0.549643255680497
-0.555670465110029
-0.559124318137526
-0.559941597862666
-0.558113749476424
-0.553687976389267
-0.546761526262873
-0.537470352874099
-0.525974400346254
-0.512442157041459
-0.497036820683801
-0.47990561847368
-0.46117288809021
-0.440936759384379
-0.419268838298102
-0.396216179584572
-0.371804944470202
-0.346045352500207
-0.318937751865849
-0.290479777141539
-0.260674587563949
-0.229540048694231
-0.197118423901326
-0.163485713534995
-0.128759326894687
-0.0931024823603303
-0.0567238194953791
-0.019871306130928
0.0171794281664093
0.0541409800384478
0.0907319230985801
0.126693602920103
0.161803395155446
0.195882702714244
0.228799161537158
0.260463668110064
0.290823606155784
0.31985389873663
0.347547323748276
0.37390510750905
0.39892835835063
0.422610555636633
0.44493112515822
0.465850109410356
0.485304052189005
0.503203416300344
0.519432076639466
0.533849586499612
0.546296885407619
0.55660578944687
0.564611936112138
0.570169944836221
0.573168670015139
0.573543923409031
0.571286205257523
0.566441852669138
0.559107363819321
0.549418080351238
0.53753347412354
0.523621688299091
0.50784567932906
0.490352509526948
0.471266401632754
0.450685399227493
0.428681036648728
0.405300305133046
0.380569309872937
0.354498224850284
0.327087367276323
0.298334358737064
0.268242365312846
0.236829279447016
0.204137410263221
0.170242820362792
0.13526299414617
0.09936123290353
0.0627462605382104
0.0256661232268304
-0.011603485191631
-0.0487751195828736
-0.0855673427952043
-0.121721528829959
-0.157015128023403
-0.191269669108078
-0.224352966724526
-0.256176147037306
-0.286686869019173
-0.315860368263546
-0.343689762223489
-0.370176632644854
-0.395322448265434
-0.419121044423716
-0.441552191663988
-0.462576262664427
-0.48213011720035
-0.500124523512136
-0.516443657249215
-0.530947374299872
-0.543476924097685
-0.553864442857293
-0.561945897793219
-0.56757624321575
-0.570644665900203
-0.571087297850196
-0.568894937399916
-0.564114188814198
-0.556841780194735
-0.547213242840746
-0.535388198348715
-0.521534903001831
-0.505816395105774
-0.488379793850593
-0.469349360017265
-0.448823161558193
-0.426872747236662
-0.403545114978289
-0.378866369872919
-0.352846679128363
-0.325486346261111
-0.296782971953411
-0.266739694000608
-0.235374369151687
-0.202729263549421
-0.168880389868837
-0.133945176334096
-0.0980868630008816
-0.0615141092394736
-0.0244748956885178
0.0127551476422281
0.0498886347500168
0.0866441798207642
0.122763197414869
0.158023165077062
0.192245623576054
0.225298383620736
0.257092551822336
0.287575753391556
0.316723178206766
0.344527888846904
0.370991406022439
0.39611513413404
0.419892843274331
0.442304239475152
0.463309632346944
0.482845819788359
0.500823508277267
0.517126810216244
0.531615515054512
0.544130801226873
0.554504728763214
0.562573183888481
0.568191036573715
0.571247388275212
0.571678287632268
0.569474454624632
0.56468242290388
0.557398859755931
0.547759246627093
0.535923166437739
0.522058847331393
0.506329308736873
0.488881658619199
0.469840152539075
0.449302857792362
0.42734132596159
0.404002560570929
0.379312674732215
0.353281845980781
0.325910390479317
0.297195923942978
0.267141601675384
0.235765300507932
0.203109309328178
0.169249666248322
0.134303827518038
0.0984350634918128
0.061852065540556
0.0248028471761883
-0.0124369288896657
-0.0495798453173666
-0.0863444875787281
-0.12247224536197
-0.157740576233332
-0.191971006628137
-0.225031338918592
-0.256832677289307
-0.287322649947303
-0.316476454394916
-0.344287164480106
-0.37075631478654
-0.395885325218015
-0.419667982206077
-0.44208400843442
-0.46309373028007
-0.482633962651703
-0.50061542968105
-0.516922262635499
-0.531414271631911
-0.543932658036395
-0.554309507264997
-0.562380733208685
-0.568001235219854
-0.571060144948946
-0.571493540928828
-0.569292171562454
-0.564502596388216
-0.557221505206201
-0.547584398079365
-0.535750872466201
-0.521889167106541
-0.506162308471281
-0.488717408548092
-0.469678724476562
-0.449144323210477
-0.42718575448209
-0.403850018737213
-0.379163224940402
-0.353135545478653
-0.325767290373061
-0.297056068175919
-0.267005025952417
-0.23563203114529
-0.202979362024399
-0.169123044797979
-0.13418052253026
-0.0983150512154278
-0.0617353069216687
-0.0246892872771651
0.0125473609990801
0.0496872361196903
0.0864489380846988
0.122573869518671
0.157839498842199
0.192067360908973
0.225125263900094
0.256924315222595
0.28741214391831
0.316563946270654
0.344372793266548
0.370840215419589
0.395967627753941
0.419748811330703
0.442163483175326
0.463171963785275
0.482711061899596
0.500691495013409
0.516997387046134
0.53148853980246
0.544006145179798
0.554382277890157
0.562452839966584
0.568072718000561
0.571131030377985
0.571563842360267
0.569361889598267
0.564571719887147
0.557290012689553
0.547652259403707
0.535818050614308
0.521955619955502
0.506227990420185
0.488782271930846
0.469742720731274
0.449207403819492
0.427247871724548
0.403911126307692
0.379223278486852
0.353194503102712
0.325825113123037
0.297112720556847
0.267060476470643
0.235686252903437
0.203032333371452
0.169174750024127
0.134230952573261
0.0983642043255271
0.0617831892144815
0.0247359131055473
-0.0125019689160861
-0.049643046852602
-0.0864059129549347
-0.12253196285344
-0.157798658986216
-0.192027531419101
-0.225086384833131
-0.256886324415382
-0.287374978173326
-0.316527542379799
-0.344337088836362
-0.370805149489815
-0.39593314122677
-0.419714847252917
-0.44212998692841
-0.463138883251141
-0.482678347666079
-0.500659100668724
-0.516965269596621
-0.531456660215831
-0.543974469023376
-0.554350776008785
-0.562421489120917
-0.568041501378529
-0.571099937906737
-0.571532870765301
-0.569331042192534
-0.564541006104986
-0.557259447409111
-0.54762186211964
-0.535787844535257
-0.52192563109837
-0.506198246764371
-0.488752802673226
-0.469713555661042
-0.449178572809498
-0.427219404319706
-0.403883051386265
-0.379195623966278
-0.353167295666955
-0.325798377954801
-0.297086481057773
-0.267034753957966
-0.235661066272081
-0.203007698719409
-0.169150680244402
-0.134207456934085
-0.0983412880685109
-0.0617608532125368
-0.0247141536221887
0.012523160330571
0.0496636833036207
0.0864260119717012
0.122551545991901
0.157817751284783
0.192046160752554
0.225104581211521
0.256904119286879
0.28739240377612
0.31654463118154
0.344353873080323
0.370821660851018
0.395949410567557
0.419730904455295
0.442145860771958
0.463154601302103
0.482693936140236
0.500674584246295
0.516980671165454
0.531472000547106
0.543989766392316
0.554366045792988
0.562436743420456
0.568056748705227
0.571115182985665
0.571548114477708
0.569346281672093
0.564556234980054
0.557274656166095
0.54763703855547
0.53580297425879
0.521940698037987
0.506213233648531
0.48876769145698
0.469728327888479
0.449193209911863
0.427233887858412
0.403897363252343
0.379209746555025
0.353181212038415
0.325812071991922
0.297099937631697
0.267047959109817
0.235674007418072
0.203020364878646
0.16916306229168
0.134219547860613
0.098353083233791
0.0617723505630763
0.0247253538502071
-0.0125122537121004
-0.0496530639803819
-0.0864156709539125
-0.122541471840359
-0.157807930424211
-0.192036577848081
-0.22509521957804
-0.256894961298252
-0.287383431245367
-0.316535825691965
-0.344345216254176
-0.370813134555688
-0.395940997064632
-0.419722586506993
-0.442137621721817
-0.46314642515129
-0.482685807638886
-0.500666489014288
-0.516972595855924
-0.531463933047752
-0.543981696060824
-0.5543579637052
-0.56242864260541
-0.568048624340478
-0.571107032525501
-0.571539937698189
-0.569338080624513
-0.564548013855874
-0.557266421087716
-0.547628797311863
-0.535794736007329
-0.521932473000567
-0.506205032819968
-0.488759526344961
-0.469720210289286
-0.449185151725536
-0.427225900936989
-0.403889459274108
-0.379201936914524
-0.353173507745897
-0.325804483572286
-0.297092475019984
-0.26704063153531
-0.235666823272854
-0.203013331570727
-0.169156186083117
-0.134212833699882
-0.0983465345919377
-0.0617659692912759
-0.0247191400738387
0.0125183016478425
0.0496589495045426
0.0864213991966655
0.122547049495423
0.157813365555163
0.192041879653874
0.22510039813856
0.2569000273183
0.28738839581791
0.316540700092158
0.344350011771582
0.370817862364798
0.395945668130256
0.419727211513788
0.442142211021075
0.463150988706604
0.482690354963949
0.500671029091543
0.516977137028212
0.531468482887803
0.54398626121842
0.554362549748372
0.562433253866936
0.568053263790985
0.571111701684753
0.571544636599992
0.569342807837987
0.564552766562216
0.55727119521011
0.547633587679828
0.535799536546831
0.521937276929908
0.50620983283902
0.488764314804693
0.469724979337049
0.449189893426991
0.427230607372367
0.403894122620966
0.379206549518129
0.353178062183368
0.325808972718779
0.297096892117089
0.267044970267829
0.235671077857244
0.203017496852757
0.169160257648925
0.134216807988397
0.0983504090082939
0.061769742304015
0.0247228112900565
-0.0125147314409084
-0.0496554783379787
-0.0864180239649593
-0.12254376604237
-0.157810168799677
-0.192038763744353
-0.225097356620787
-0.2568970533029
-0.287385482138195
-0.316537839438727
-0.344347196803618
-0.370815085794653
-0.395942922786663
-0.419724490389323
-0.442139507308285
-0.463148295834583
-0.482687666641896
-0.500668339363099
-0.516974440344764
-0.531465774196145
-0.543983536064234
-0.5543598043856
-0.562430485363313
-0.56805047011768
-0.571108881783687
-0.571541790413594
-0.569339936301296
-0.564549871556189
-0.557268279477942
-0.547630654718096
-0.535796590477741
-0.52193432237
-0.50620687477012
-0.488761358459414
-0.46972203010042
-0.449186956751758
-0.427227688714704
-0.40389122738423
-0.379203683004275
-0.353175229550316
-0.325806178935811
-0.297094141917858
-0.267042268099632
-0.235668427819457
-0.203014902630667
-0.169157722435276
-0.134214334403512
-0.0983479990204156
-0.061767397156062
-0.0247205314437173
0.0125169463376688
0.0496576294574739
0.0864201132719693
0.122545796236895
0.15781214323418
0.1920406863176
0.225099231662904
0.256898885460178
0.287387276265329
0.316539600504277
0.344348929812036
0.370816795726321
0.395944614553316
0.41972616879907
0.442141177037445
0.463149961400523
0.482689332371041
0.500670009352005
0.516976118405523
0.531467463797048
0.543985240256582
0.554361525727332
0.562432225848694
0.568052231114402
0.571110663988019
0.571543593830878
0.569341760250945
0.564551714706093
0.557270139897128
0.547632529951162
0.535798477633781
0.521936218207717
0.506208775787443
0.488763260971093
0.469723930307275
0.449188850799077
0.427229572738335
0.403893097550615
0.379205535545922
0.353177060797341
0.325807985347212
0.297095920117699
0.267044014913353
0.235670140318508
0.203016578182884
0.169159358759072
0.134215929625929
0.0983495517321743
0.061768906462611
0.0247219970014658
-0.0125155242993893
-0.0496562501356677
-0.0864187753069799
-0.122544497753917
-0.157810881898162
-0.192039459405732
-0.225098036141527
-0.256897718066792
-0.287386133580259
-0.316538479017549
-0.344347825980163
-0.370815706015769
-0.395943535470994
-0.419725096921523
-0.442140109030225
-0.463148894042218
-0.482688262576107
-0.500668934202529
-0.516975035190038
-0.531466370055823
-0.543984133836415
-0.554360404830628
-0.562431089088412
-0.568051077554899
-0.571109493174679
-0.571542405801433
-0.569340555532502
-0.564550494292613
-0.557268905208999
-0.547631282789506
-0.535797220114629
-0.5219349527057
-0.506207504868598
-0.488761987340989
-0.46972265675366
-0.449187580156482
-0.42722830784412
-0.403891841220254
-0.37920429054537
-0.353175829817701
-0.325806770982407
-0.297094724837615
-0.267042841036613
-0.235668989979061
-0.203015453295764
-0.169158260979871
-0.134214860310102
-0.0983485118985624
-0.0617678967579074
-0.0247210176750499
0.0125164734096317
0.0496571696019643
0.0864196661000653
0.122545361215399
0.157811719699325
0.192040273497793
0.225098828700709
0.25689849143593
0.287386890216046
0.316539221442813
0.344348556742403
0.370816427655757
0.395944250498885
0.419725807797534
0.442140818149867
0.463149603719598
0.482688975027709
0.500669651522996
0.516975759329181
0.531467102785548
0.543984876710902
0.554361159153514
0.562431855870504
0.568051857486457
0.571110286599858
0.571543212706324
0.569341375548404
0.564551326704698
0.557269748989222
0.547632136626236
0.535798082461235
0.521935821822591
0.506208378872965
0.488762864245407
0.46972353450965
0.44918845667824
0.427229181044041
0.403892709024483
0.379205150913929
0.353176680761403
0.325807610581516
0.297095551255793
0.267043652543685
0.2356697849743
0.203016230331238
0.169159018796524
0.134215597863889
0.0983492283953046
0.0617685916812189
0.0247216908096893
-0.0125158219650696
-0.0496565394348277
-0.0864190564948838
-0.122544771173965
-0.157811147976598
-0.192039718641859
-0.225098289096055
-0.256897965346472
-0.287386375826753
-0.316538716891799
-0.34434806015287
-0.370815937155228
-0.395943764236804
-0.419725323957684
-0.44214033496166
-0.463149119467463
-0.482688488063777
-0.500669160286405
-0.516975262363988
-0.531466598765262
-0.543984364468537
-0.554360637712228
-0.562431324472383
-0.568051315616702
-0.571109734009098
-0.571542649419571
-0.569340801861294
-0.564550743176789
-0.557269156417944
-0.547631536019226
-0.535797475001171
-0.521935208830243
-0.506207761771173
-0.488762244524876
-0.469722913704981
-0.44918783634147
-0.427228562731329
-0.403892094277893
-0.379204541248909
-0.35317607765956
-0.325807015472997
-0.297094965512011
-0.267043077462009
-0.235669221758853
-0.203015680075569
-0.16915848245499
-0.134215076236265
-0.0983487220973167
-0.0617681011240053
-0.0247212161801827
0.0125162807126069
0.0496569825811897
0.086419484549544
0.122545184861118
0.157811548213195
0.192040106503805
0.225098665787562
0.256898332168811
0.287386734145046
0.316539068114232
0.344348405700176
0.370816278450268
0.395944102691821
0.419725660959721
0.442140671865234
0.463149457587669
0.482688828663265
0.500669504558962
0.516975611420541
0.531466953609966
0.543984725980095
0.554361006616837
0.562431701326257
0.568051700787434
0.571110127663788
0.571543051524277
0.569341212181654
0.564551161288156
0.557269581721072
0.547631967763601
0.535797912304664
0.521935650705242
0.506208207151536
0.488762692288733
0.46972336268905
0.449188285366374
0.42722901060682
0.403892539822315
0.379204983297158
0.353176515073163
0.325807447151626
0.297095390405404
0.267043494580441
0.235669630190779
0.203016079000866
0.169158871164591
0.134215454148079
0.0983490887679618
0.0617684562640424
0.0247215596650828
-0.0125159488407162
-0.0496566621125298
-0.0864191751124597
-0.122544885932554
-0.157811259129151
-0.192039826484634
-0.225098393955853
-0.256898067572409
-0.287386475778304
-0.316538814934768
-0.344348156649905
-0.370816032466535
-0.395943858713907
-0.419725417943723
-0.442140428792184
-0.463149213464012
-0.482688582537905
-0.500669255530011
-0.516975358647423
-0.531466696331163
-0.543984463528525
-0.554360738433744
-0.562431426978511
-0.568051419980414
-0.571109840250916
-0.571542757508479
-0.569340911716531
-0.564550854673785
-0.557269269395502
-0.547631650284608
-0.535797590335906
-0.521935324999504
-0.506207878526761
-0.488762361615602
-0.469723030875663
-0.449187953342034
-0.427228679311812
-0.40389221019648
-0.379204656272924
-0.353176191565758
-0.325807128050273
-0.2970950765631
-0.267043186806651
-0.235669329234131
-0.203015785540481
-0.169158585793474
-0.134215177355027
-0.0983488209273222
-0.0617681976248125
-0.0247213103410343
0.012516188878663
0.0496568930312675
0.0864193972145186
0.122545099642335
0.157811464984849
0.192040025115158
0.225098586070404
0.256898253933927
0.287386657192765
0.316538992233694
0.344348330678989
0.370816204072802
0.395944028748114
0.419725587241966
0.442140598178941
0.46314938374668
0.48268875450015
0.500669429926363
0.516975536194984
0.531466877697969
0.543984649317582
0.554360929172175
0.562431623098481
0.568051621803809
0.571110047976041
0.571542971198865
0.5693411312989
0.564551079936515
0.557269499997328
0.547631885769366
0.535797830150695
0.521935568505553
0.506208125033307
0.488762610383056
0.46972328114035
0.449188204322616
0.427228930221042
0.403892460248989
0.379204904691296
0.353176437581715
0.32580737091582
0.297095315551694
0.267043421219153
0.235669558409873
0.203016008864448
0.169158802710618
0.134215387386923
0.0983490236849509
0.0617683928231528
0.0247214978134224
-0.0125160091626698
-0.0496567209763768
-0.0864192325888233
-0.122544942092922
-0.157811314049813
-0.192039880245235
-0.225098446639852
-0.25689811927176
-0.287386526591258
-0.316538864967014
-0.344348206014349
-0.370816081278983
-0.395943907098419
-0.419725466022568
-0.442140476689621
-0.463149261307192
-0.4826886304488
-0.500669303634547
-0.516975407066784
-0.5314667451883
-0.54398451293924
-0.554360788509221
-0.56243147782069
-0.568051471679829
-0.571109892882188
-0.571542811119157
-0.569340966334255
-0.564550910292748
-0.557269325977888
-0.547631707765256
-0.535797648621386
-0.521935383971795
-0.506207938053203
-0.488762421546259
-0.469723091054852
-0.449188013608678
-0.427228739501065
-0.40389227014707
-0.379204715822074
-0.353176250554199
-0.325807186322753
-0.297095133969152
-0.267043243196312
-0.235669384463055
-0.203015839473646
-0.169158638300061
-0.134215228317468
-0.0983488702460164
-0.0617682452154927
-0.024721356148867
0.0125161448775938
0.0496568508277178
0.086419356765876
0.122545060873308
0.157811427793026
0.192039989375988
0.225098551645507
0.256898220677554
0.287386624955118
0.316538960865534
0.344348300036219
0.370816174016833
0.395943999140833
0.41972555795499
0.442140569087234
0.463149354730361
0.48268872543944
0.500669400709555
0.516975506707141
0.53146684783119
0.543984618968641
0.554360898245491
0.562431591508401
0.568051589483094
0.571110014872113
0.571542937287811
0.569341096579978
0.564551044434871
0.557269463760482
0.547631848863214
0.535797792655147
0.521935530513086
0.506208086634746
0.488762571678626
0.469723242225809
0.449188165293191
0.427228891170069
0.403892421266225
0.379204865866391
0.353176398999596
0.325807332661515
0.297095277705633
0.267043383862699
0.235669521620361
0.203015972718332
0.169158767281096
0.13421535274071
0.0983489898806287
0.0617683599073256
0.0247214658170909
-0.0125160402341076
-0.0496567511321369
-0.0864192618655632
-0.122544970544361
-0.157811341747927
-0.19203990727327
-0.225098473088375
-0.256898145237491
-0.287386552168382
-0.316538890251055
-0.344348231095025
-0.370816106242618
-0.395943932027304
-0.419725490995662
-0.442140501775524
-0.463149286574696
-0.482688655964861
-0.500669329453717
-0.516975433249483
-0.531466771778513
-0.543984539981934
-0.554360816041799
-0.562431505870674
-0.568051500261579
-0.571109921996668
-0.571542840754884
-0.569340996459784
-0.564550940864432
-0.557269356937553
-0.547631739040772
-0.53579768013461
-0.521935415639512
-0.506207969789927
-0.488762453267277
-0.469723122678332
-0.449188045053687
-0.427228770688958
-0.403892301001336
-0.379204746269469
-0.353176280523569
-0.325807215741573
-0.297095162769313
-0.267043271309184
-0.235669411827079
-0.203015866023191
-0.169158663978778
-0.134215253076801
-0.0983488940446503
-0.061768268027437
-0.024721377956507
0.0125161240715529
0.0496568310076402
0.0864193378982448
0.122545042909802
0.157811410666521
0.192039973010998
0.225098535950481
0.256898205550466
0.287386610289888
0.316538946553426
0.344348285958044
0.370816160056923
0.395943985182031
0.419725543884661
0.442140554784311
0.463149340079745
0.482688710331001
0.500669385029855
0.516975490358415
0.531466830712898
0.543984600992325
0.55436087933961
0.562431571611545
0.568051568548604
0.57110999287423
0.571542914214568
0.569341072437042
0.564551019242892
0.557269437560907
0.547631821716029
0.535797764627142
0.52193550169226
0.50620805712079
0.488762541577168
0.469723211649698
0.449188134359011
0.427228859996714
0.403892389973063
0.379204834569654
0.353176367815687
0.325807301700786
0.29709524708033
0.267043353673755
0.235669491966491
0.203015943693441
0.169158738971208
0.134215325219857
0.0983489632173512
0.0617683341571369
0.0247214410248793
-0.0125160640319675
-0.049656773919199
-0.0864192836336412
-0.122544991304405
-0.15781136152362
-0.192039926099085
-0.225098491020343
-0.25689816232991
-0.287386568496589
-0.31653890588455
-0.344348246114632
-0.370816120733971
-0.395943946068453
-0.419725504670127
-0.442140515166067
-0.463149299761139
-0.482688669020833
-0.500669342451231
-0.516975446252988
-0.531466784849415
-0.543984553170291
-0.554360829389369
-0.562431519413875
-0.568051514029631
-0.571109936005453
-0.571542855018006
-0.569341010981467
-0.564550955642412
-0.557269371963259
-0.547631754300881
-0.535797695608343
-0.521935431307089
-0.506207985619092
-0.48876246922399
-0.469723138726764
-0.44918806115298
-0.427228786798657
-0.403892317074717
-0.379204762263532
-0.353176296394308
-0.325807231447084
-0.297095178265461
-0.267043286559671
-0.235669426799618
-0.203015880689298
-0.169158678316352
-0.134215267066516
-0.0983489076757782
-0.0617682812956258
-0.0247213908636122
0.0125161115247992
0.0496568188157895
0.0864193260478084
0.122545031387343
0.157811399458237
0.192039962098131
0.225098525304387
0.256898195149079
0.28738660010154
0.316538936539953
0.34434827608895
0.370816150295235
0.395943975491646
0.41972553422396
0.442140545124355
0.463149330385868
0.48268870057413
0.500669375184666
0.516975480403177
0.531466820633984
0.543984590785292
0.554360868999377
0.562431561141572
0.568051557959704
0.571109982175895
0.571542903422381
0.569341061564232
0.564551008306408
0.557269426577201
0.547631810697675
0.535797753603412
0.521935490679426
0.506208046147905
0.488762530668312
0.469723200834799
0.449188123667134
0.427228849458304
0.403892379616308
0.379204824422421
0.353176357902958
0.325807292047166
0.297095237703417
0.267043344594889
0.235669483195971
0.203015935237567
0.169158730827041
0.134215317382422
0.098348955672473
0.0617683268884979
0.0247214340119189
-0.0125160708184134
-0.0496567804973882
-0.086419290032731
-0.12254499754882
-0.157811367643402
-0.192039932126965
-0.22509849698483
-0.256898168273383
-0.287386574450381
-0.316538911893927
-0.344348252217936
-0.370816126967779
-0.395943952480539
-0.419725511302718
-0.442140522066902
-0.463149306970774
-0.482688676583467
-0.500669350411979
-0.516975454653122
-0.531466793722974
-0.543984562548947
-0.554360839300497
-0.562431529873435
-0.568051525045106
-0.571109947580662
-0.571542867146322
-0.569341023645736
-0.564550968820233
-0.557269385624613
-0.547631768409767
-0.535797710115908
-0.521935446152983
-0.5062080007457
-0.488762484562258
-0.46972315420398
-0.449188076689241
-0.427228802317591
-0.403892332493915
-0.379204777507045
-0.353176311380307
-0.325807246100148
-0.297095192519839
-0.267043300344568
-0.235669440053248
-0.203015893365904
-0.169158690368345
-0.134215278467594
-0.0983489184052303
-0.0617682913483738
-0.0247214002385995
0.01251610280192
0.0496568107178127
0.0864193185318132
0.122545024402754
0.157811392946734
0.19203995599097
0.225098519545306
0.256898189672076
0.287386594839017
0.316538931437539
0.344348271084893
0.370816145335945
0.39594397052392
0.419725529203495
0.442140539997359
0.463149325114583
0.482688695118497
0.500669369506976
0.516975474464318
0.531466814412989
0.543984584247515
0.554360862123216
0.56243155391479
0.568051550373153
0.571109974226763
0.5715428951237
0.56934105293975
0.564550999385241
0.557269417394372
0.5476318012989
0.535797744030222
0.521935480977035
0.506208036356155
0.488762520828099
0.469723190980484
0.449188113829685
0.427228839667245
0.403892369902715
0.379204814812572
0.353176348422618
0.32580728272723
0.297095228574759
0.267043335674635
0.235669474520813
0.203015926831389
0.169158722719905
0.134215309598036
0.098348948233299
0.0617683198098921
0.0247214273112534
-0.0125160771352885
-0.0496567864362983
-0.0864192956006352
-0.122545002760735
-0.157811372519497
-0.192039936690617
-0.22509850126492
-0.256898172296633
-0.287386578249234
-0.316538915499327
-0.344348255666576
-0.370816130293321
-0.395943955715651
-0.419725514474669
-0.442140525206962
-0.463149310110103
-0.482688679744158
-0.500669353620478
-0.516975457917736
-0.531466797066704
-0.543984565979539
-0.554360842816205
-0.56243153347489
-0.568051528727441
-0.571109951335032
-0.571542870956412
-0.569341027506197
-0.56455097272574
-0.557269389572772
-0.547631772398538
-0.535797714148869
-0.521935450244152
-0.506208004899922
-0.488762488787304
-0.469723158508518
-0.449188081077443
-0.427228806793624
-0.403892337063301
-0.379204782167426
-0.353176316133954
-0.325807250946155
-0.297095197453395
-0.267043305373738
-0.235669445169534
-0.203015898571571
-0.169158695665193
-0.134215283857593
-0.098348923895335
-0.0617682969372858
-0.0247214059320708
0.0125160970116544
0.0496568048378929
0.0864193125792487
0.122545018401989
0.157811386927888
0.192039949990965
0.225098513595506
0.25689818380406
0.287386589089887
0.316538925829028
0.344348265642817
0.370816140075776
0.395943965460878
0.419725524341517
0.442140535341101
0.463149320660412
0.482688690855844
0.500669365426233
0.516975470547536
0.531466810623697
0.543984580558353
0.554360858499228
0.562431550312597
0.568051546754503
0.571109970555285
0.571542891351489
0.569341049031266
0.56455099531282
0.557269413128671
0.547631796816077
0.535797739308783
0.521935476013468
0.506208031140556
0.488762515365522
0.469723185277514
0.449188107895329
0.427228833522211
0.403892363563658
0.379204808301358
0.353176341770173
0.325807275956454
0.297095221714108
0.267043328762432
0.235669467587727
0.203015919922043
0.169158715868634
0.134215302857871
0.0983489416372787
0.0617683134027258
0.0247214211254061
-0.0125160830730967
-0.049656792100802
-0.0864193009768458
-0.122545007850986
-0.157811377323016
-0.192039941217198
-0.225098505523425
-0.256898176305971
-0.287386582026741
-0.316538919063025
-0.34434825904077
-0.370816133500333
-0.395943958777131
-0.419725517418269
-0.442140528055975
-0.463149312880062
-0.48268868246746
-0.500669356307111
-0.516975460593714
-0.531466799743174
-0.54398456866364
-0.554360845522074
-0.562431536203167
-0.568051531477984
-0.571109954103337
-0.571542873739832
-0.569341030292545
-0.564550975501207
-0.55726939232468
-0.547631775104201
-0.535797716801034
-0.521935452819553
-0.506208007378902
-0.488762491164722
-0.469723160762549
-0.449188083205948
-0.427228808787611
-0.403892338918562
-0.379204783876809
-0.353176317705472
-0.325807252383046
-0.297095198764497
-0.267043306559341
-0.235669446256274
-0.203015899566363
-0.16915869660202
-0.134215284745988
-0.0983489247522729
-0.0617682977895443
-0.0247214067925514
0.0125160961264613
0.0496568039108515
0.0864193115924351
0.122545017345868
0.157811385773981
0.192039948727232
0.225098512202311
0.256898182266829
0.287386587393771
0.316538923963284
0.344348263600175
0.370816137847765
0.395943963044986
0.419725521742826
0.442140532561196
0.463149317706303
0.48268868774194
0.500669362160743
0.516975467146525
0.531466807111694
0.543984576963035
0.554360854842524
0.562431546616654
0.568051543040719
0.571109966844183
0.571542887667214
0.569341045390971
0.564550991726301
0.557269409611787
0.547631793392937
0.535797735991202
0.521935472815832
0.506208028077025
0.48876251244979
0.469723182517296
0.449188105315392
0.427228831125861
0.403892361363699
0.379204806317739
0.353176340011517
0.325807274434914
0.297095220442145
0.26704332775456
0.235669466849621
0.203015919459567
0.169158715680534
0.134215302934222
0.0983489419731886
0.0617683139794263
0.024721421910698
-0.0125160821087591
-0.0496567909932101
-0.0864192997701353
-0.122545006581879
-0.157811376028166
-0.192039939936121
-0.225098504290107
-0.256898175140055
-0.287386580955955
-0.31653891810898
-0.344348258215401
-0.370816132816012
-0.395943958244152
-0.41972551705735
-0.442140527872433
-0.463149312894492
-0.482688682696532
-0.500669356769692
-0.516975461310293
-0.531466800737074
-0.543984569958163
-0.554360847139004
-0.562431538158131
-0.568051533783538
-0.571109956764641
-0.571542876758215
-0.56934103365362
-0.564550979182472
-0.557269396295166
-0.547631779343334
-0.53579772127031
-0.521935457490024
-0.50620801222463
-0.488762496146592
-0.469723165859963
-0.449188088382788
-0.427228814025389
-0.403892344185292
-0.379204789147419
-0.353176322947996
-0.325807257562124
-0.297095203850671
-0.267043311522996
-0.235669451061465
-0.203015904174092
-0.169158700975265
-0.134215288848561
-0.0983489285589862
-0.0617683012722019
-0.024721409934887
0.012516093331246
0.0496568014634055
0.0864193094871766
0.122545015561151
0.157811384293787
0.19203994752436
0.225098511252147
0.256898181535809
0.287386586854329
0.316538923575387
0.344348263330208
0.370816137667681
0.395943962911318
0.41972552161844
0.442140532407675
0.463149317489817
0.48268868741802
0.50066936169598
0.516975466504196
0.531466806259307
0.54398457586824
0.55436085347803
0.562431544966366
0.568051541089606
0.571109964582005
0.571542885102063
0.569341042531689
0.564550988592178
0.557269406221
0.547631789767075
0.535797732169081
0.521935468816982
0.506208023933526
0.488762508189591
0.469723178166273
0.449188100889409
0.427228826650193
0.403892356857468
0.379204801791024
0.353176335483151
0.325807269913779
0.297095215947311
0.267043323294105
0.235669462432549
0.203015915092423
0.16915871138699
0.134215298717511
0.0983489378476622
0.0617683099571278
0.0247214180043911
-0.0125160858855913
-0.0496567946320349
-0.0864193032599333
-0.122545009910575
-0.157811379192717
-0.192039942939385
-0.225098507130155
-0.256898177830271
-0.287386583502994
-0.316538920524844
-0.344348260507716
-0.370816135002653
-0.395943960343495
-0.419725519061909
-0.44214052980608
-0.463149314763054
-0.482688684497566
-0.500669358519213
-0.516975463010872
-0.531466802390279
-0.543984571566598
-0.554360848702081
-0.562431539679035
-0.568051535259008
-0.571109958209596
-0.571542878158807
-0.569341035019158
-0.564550980521236
-0.557269397617426
-0.547631780660555
-0.535797722579101
-0.521935458806002
-0.506208013549857
-0.488762497487354
-0.469723167215181
-0.449188089764632
-0.427228815422078
-0.403892345616149
-0.37920479060938
-0.353176324447899
-0.325807259113778
-0.297095205451086
-0.267043313186935
-0.235669452787531
-0.203015905979852
-0.169158702862877
-0.134215290826534
-0.098348930633109
-0.0617683034372062
-0.0247214121939857
0.0125160909927259
0.0496567990539639
0.0864193070309422
0.122545013073273
0.157811381798187
0.192039945039073
0.225098508787109
0.256898179107032
0.287386584473015
0.31653892125238
0.344348261073824
0.37081613547673
0.395943960798048
0.419725519581826
0.442140530463448
0.463149315632581
0.4826886856616
0.500669360045714
0.516975464970224
0.531466804850167
0.543984574591813
0.55436085235245
0.562431543979678
0.568051540249944
0.571109963892228
0.571542884547902
0.569341042100816
0.56455098826087
0.557269405984393
0.547631789588559
0.535797732025508
0.521935468690607
0.506208023807792
0.488762508047166
0.469723178001872
0.449188100702835
0.427228826435602
0.403892356612214
0.379204801524379
0.353176335188597
0.325807269607123
0.297095215615666
0.26704332294783
0.235669462072792
0.203015914720669
0.169158710983328
0.134215298291498
0.0983489373918468
0.0617683094665436
0.0247214174661221
-0.0125160864654592
-0.0496567952684719
-0.0864193039429055
-0.122545010654565
-0.157811379988853
-0.192039943786214
-0.225098508023116
-0.256898178763455
-0.287386584467651
-0.316538921521507
-0.344348261531211
-0.370816136043456
-0.395943961401902
-0.41972552013344
-0.442140530887323
-0.46314931584808
-0.482688685589017
-0.500669359609363
-0.516975464091631
-0.531466803452774
-0.543984572608969
-0.554360849721246
-0.562431540658893
-0.568051536207551
-0.571109959097247
-0.571542879000714
-0.569341035812104
-0.564550981261056
-0.557269398298504
-0.547631781275012
-0.535797723144315
-0.521935459300945
-0.506208013987427
-0.488762497868614
-0.469723167538838
-0.449188090024622
-0.427228815628002
-0.403892345753183
-0.379204790677583
-0.353176324440236
-0.32580725902446
-0.297095205283167
-0.267043312920731
-0.235669452433285
-0.203015905532466
-0.169158702313059
-0.134215290194428
-0.0983489299091616
-0.0617683026337904
-0.0247214113169592
0.0125160919199929
0.0496568000178016
0.0864193080084768
0.122545014047967
0.157811382758036
0.192039945957983
0.225098509665458
0.256898179921358
0.287386585219537
0.316538921920854
0.344348261664333
0.370816135973142
0.39594396120037
0.419725519882901
0.442140530650793
0.463149315706911
0.48268868560352
0.500669359850389
0.516975464633923
0.531466804357697
0.543984573931596
0.554360851509518
0.562431542959878
0.568051539044513
0.571109962504421
0.571542882989349
0.569341040376723
0.564550986392071
0.557269403985705
0.547631787485053
0.535797729828992
0.521935466424579
0.506208021493019
0.488762505698125
0.469723175625945
0.44918809831629
0.427228824034642
0.403892354219955
0.379204799132134
0.353176332813289
0.325807267238899
0.297095213270331
0.267043320618001
0.235669459767743
0.203015912451552
0.169158708764902
0.134215296120518
0.0983489352749285
0.0617683074227073
0.0247214155086153
-0.0125160883423762
-0.049656797039103
-0.0864193056173984
-0.122545012215479
-0.157811381438525
-0.192039945124656
-0.225098509254691
-0.256898179892742
-0.28738658550087
-0.316538922466747
-0.344348262390395
-0.370816136835306
-0.395943962123252
-0.419725520806482
-0.442140531513356
-0.46314931644084
-0.482688686156166
-0.50066936015696
-0.516975464632384
-0.531466803995812
-0.543984573167222
-0.554360850292435
-0.562431541268753
-0.568051536848231
-0.571109959787309
-0.571542879747927
-0.569341036621528
-0.564550982140206
-0.557269399257769
-0.547631782311143
-0.535797724263739
-0.521935460519392
-0.506208015285006
-0.488762499247431
-0.469723169001899
-0.449188091567852
-0.427228817235085
-0.403892347417455
-0.379204792402744
-0.353176326212636
-0.32580726082779
-0.297095207104572
-0.267043314755968
-0.235669454271796
-0.203015907353383
-0.169158704114503
-0.134215291955098
-0.0983489316302533
-0.0617683043078445
-0.0247214129464162
0.0125160903471157
0.0496567984952178
0.0864193065309515
0.122545012616709
0.1578113813639
0.192039944594694
0.225098508323803
0.256898178618126
0.287386583929528
0.316538920645347
0.344348260402529
0.370816134716742
0.395943959952412
0.41972551863493
0.442140529402751
0.46314931445207
0.482688684341318
0.500669358575938
0.516975463336631
0.531466803027195
0.543984572576065
0.554360850110986
0.562431541533175
0.568051537577218
0.571109961004802
0.571542881457772
0.569341038818684
0.56455098481864
0.557269402406366
0.547631785897657
0.535797728255095
0.521935464870657
0.506208019955202
0.488762504187357
0.469723174150085
0.44918809687821
0.427228822653477
0.403892352882592
0.37920479785048
0.353176331593066
0.325807266083298
0.297095212181087
0.267043319604055
0.235669458824666
0.203015911572083
0.169158707950455
0.13421529537374
0.0983489345936131
0.0617683067870325
0.0247214149336261
-0.0125160888698782
-0.0496567975289153
-0.0864193060662051
-0.12254501262833
-0.157811381829323
-0.192039945489184
-0.225098509605333
-0.256898180224079
-0.287386585835847
-0.316538922794702
-0.344348262730012
-0.370816137191301
-0.395943962503177
-0.419725521212737
-0.442140531945277
-0.463149316911475
-0.482688686668543
-0.5006693607145
-0.516975465226641
-0.531466804638899
-0.543984573853973
-0.554360851028522
-0.562431542050345
-0.568051537677465
-0.571109960658123
-0.571542880666549
-0.569341037571753
-0.564550983130417
-0.557269400274024
-0.547631783366637
-0.535797725340142
-0.521935461600287
-0.506208016383633
-0.488762500350645
-0.469723170100339
-0.449188092651936
-0.427228818305409
-0.403892348462335
-0.379204793415549
-0.353176327191871
-0.325807261770073
-0.297095208000308
-0.267043315608543
-0.235669455062231
-0.203015908088444
-0.169158704795441
-0.134215292577731
-0.098348932184376
-0.061768304795996
-0.0247214133618799
0.0125160900006879
0.0496567982175559
0.086419306319663
0.122545012463361
0.15781138127068
0.192039944561936
0.225098508342674
0.256898178681736
0.287386584033519
0.316538920794222
0.344348260580306
0.370816134927553
0.395943960176347
0.419725518885303
0.442140529664759
0.463149314721586
0.482688684621726
0.500669358859258
0.516975463607488
0.531466803305304
0.543984572842528
0.554360850379288
0.562431541775831
0.568051537828562
0.571109961242272
0.571542881673993
0.569341039015573
0.564550985003795
0.557269402555856
0.547631786025938
0.535797728354131
0.521935464935847
0.50620801998561
0.488762504176129
0.4697231741062
0.449188096776336
0.427228822505135
0.40389235270071
0.379204797619698
0.353176331308531
0.325807265754947
0.297095211812499
0.267043319186367
0.235669458370475
0.203015911077647
0.169158707421896
0.134215294798753
0.098348933978865
0.0617683061463805
0.0247214142483257
-0.0125160895816275
-0.0496567982713298
-0.0864193068302419
-0.122545013413009
-0.157811382623419
-0.192039946295812
-0.225098510413405
-0.256898181038318
-0.287386586641433
-0.316538923591492
-0.344348263508986
-0.370816137953729
-0.395943963253648
-0.41972552193925
-0.44214053264788
-0.463149317590536
-0.48268868732098
-0.500669361335982
-0.516975465833393
-0.531466805219731
-0.543984574406774
-0.554360851560341
-0.562431542551292
-0.568051538153657
-0.571109961124519
-0.571542881105198
-0.569341038005624
-0.564550983538147
-0.557269400675846
-0.547631783752715
-0.535797725714516
-0.521935461984776
-0.506208016763951
-0.488762500728514
-0.469723170481478
-0.449188093039527
-0.427228818699547
-0.403892348875026
-0.379204793833236
-0.353176327613396
-0.325807262204047
-0.297095208447727
-0.267043316061222
-0.235669455524858
-0.203015908557426
-0.169158705258516
-0.134215293040165
-0.0983489326432387
-0.061768305254653
-0.0247214138104306
0.0125160895533316
0.0496567977886385
0.0864193059035492
0.122545012068483
0.157811380888076
0.19203994419661
0.225098507991605
0.256898178334496
0.287386583704051
0.316538920471866
0.344348260263447
0.370816134620419
0.395943959882172
0.41972551858042
0.442140529367873
0.463149314420296
0.482688684316611
0.5006693585421
0.516975463285808
0.531466802966084
0.543984572485004
0.554360849990438
0.562431541370931
0.568051537386756
0.571109960772575
0.571542881176206
0.569341038481699
0.564550984435092
0.557269401952701
0.547631785389449
0.53579772768784
0.521935464239165
0.506208019259546
0.488762503428133
0.469723173328725
0.449188095985591
0.427228821685118
0.403892351845173
0.379204796749751
0.353176330417477
0.325807264839139
0.297095210861726
0.267043318207331
0.235669457361427
0.203015910036801
0.169158706351549
0.134215293694768
0.0983489328501389
0.0617683049913244
0.0247214130637325
-0.0125160907896504
-0.0496567994908268
-0.0864193080710436
-0.122545014664171
-0.157811383880571
-0.192039947555302
-0.225098511674398
-0.256898182287494
-0.287386587888399
-0.316538924826181
-0.344348264741823
-0.370816139156586
-0.395943964425824
-0.419725523096873
-0.442140533776091
-0.463149318692684
-0.48268868837942
-0.500669362363915
-0.516975466810781
-0.531466806151623
-0.543984575296111
-0.554360852400847
-0.562431543334902
-0.568051538884762
-0.571109961801761
-0.571542881741774
-0.569341038581201
-0.564550984067582
-0.55726940116082
-0.547631784192685
-0.535797726108314
-0.521935462332386
-0.506208017066542
-0.488762500993011
-0.469723170706963
-0.449188093234932
-0.427228818861998
-0.403892348999648
-0.379204793938363
-0.353176327691151
-0.325807262266831
-0.297095208498872
-0.267043316112941
-0.235669455566986
-0.203015908609565
-0.169158705334612
-0.134215293134518
-0.0983489327707982
-0.0617683054170618
-0.0247214140208431
0.0125160892918065
0.0496567974677376
0.0864193055257841
0.122545011616363
0.157811380365608
0.192039943606206
0.225098507331053
0.256898177603971
0.287386582905894
0.316538919606488
0.34434825932964
0.370816133622328
0.39594395882185
0.419725517476932
0.442140528205792
0.463149313215833
0.482688683063662
0.500669357260986
0.516975461964644
0.531466801604596
0.543984571102405
0.554360848592848
0.562431539949766
0.568051535945852
0.571109959321147
0.571542879706542
0.569341037011369
0.56455098294967
0.557269400467392
0.547631783901108
0.535797726184479
0.521935462740039
0.50620801776011
0.488762501936161
0.469723171844071
0.449188094508848
0.427228820229441
0.403892350409292
0.379204795332245
0.353176329041997
0.325807263488291
0.297095209533907
0.267043316922458
0.235669456094214
0.203015908816832
0.16915870516247
0.134215292557411
0.0983489317656205
0.061768303941064
0.0247214120702144
-0.0125160917274337
-0.0496568003707471
-0.0864193088896166
-0.122545015425298
-0.15781138457345
-0.192039948197558
-0.225098512260422
-0.256898182832238
-0.287386588372007
-0.316538925268621
-0.344348265145275
-0.370816139535738
-0.395943964794933
-0.419725523446528
-0.442140534112616
-0.463149319011151
-0.482688688703025
-0.500669362681853
-0.516975467132515
-0.531466806481042
-0.543984575636952
-0.554360852769402
-0.562431543720057
-0.568051539311837
-0.571109962269812
-0.571542882249766
-0.569341039151826
-0.564550984713142
-0.557269401870095
-0.547631784989623
-0.535797726990517
-0.521935463300836
-0.506208018130726
-0.488762502152955
-0.469723171964344
-0.44918809457111
-0.427228820283538
-0.403892350518913
-0.379204795531458
-0.353176329392684
-0.325807264048522
-0.29709521036136
-0.26704331804583
-0.235669457579085
-0.203015910673885
-0.169158707446836
-0.134215295291151
-0.0983489349595793
-0.0617683076201795
-0.0247214162337688
0.0125160870970015
0.04965679528195
0.0864193033641898
0.122545009496391
0.157811378287204
0.192039941574143
0.22509850534884
0.256898175679283
0.287386581042666
0.316538917800473
0.344348257591518
0.370816131947771
0.395943957215409
0.419725515921581
0.442140526721385
0.463149311784625
0.482688681696213
0.50066935593205
0.516975460706092
0.531466800404459
0.543984569946124
0.554360847483959
0.562431538901032
0.56805153495739
0.571109958367535
0.571542878797264
0.569341036153992
0.564550982122697
0.557269399682444
0.547631783146612
0.535797725478446
0.521935462054889
0.506208017121863
0.488762501323592
0.469723171254272
0.449188093959263
0.427228819692709
0.403892349898197
0.379204794839335
0.353176328543393
0.32580726300131
0.297095209052917
0.267043316433001
0.235669455601213
0.203015908312865
0.169158704630359
0.134215291999029
0.0983489311499554
0.0617683032829511
0.0247214113665693
-0.0125160924886683
-0.0496568012007434
-0.0864193097770116
-0.122545016390796
-0.157811385621693
-0.192039949288828
-0.225098513434216
-0.256898184073443
-0.287386589679322
-0.316538926631473
-0.344348266569202
-0.370816141018803
-0.395943966294774
-0.419725524969444
-0.44214053566664
-0.463149320588173
-0.482688690280945
-0.500669364256871
-0.516975468690277
-0.531466807994519
-0.543984577095897
-0.554360854137688
-0.56243154503029
-0.568051540492267
-0.571109963311461
-0.571542883134502
-0.569341039871281
-0.564550985254038
-0.55726940224339
-0.547631785190128
-0.535797727023773
-0.521935463180613
-0.506208017854005
-0.488762501752749
-0.469723171454172
-0.449188093965143
-0.427228819585063
-0.403892349745129
-0.379204794708808
-0.353176328498423
-0.325807263101628
-0.297095209386385
-0.267043317033177
-0.235669456548383
-0.203015909649339
-0.169158706447506
-0.134215294337381
-0.0983489340762285
-0.0617683068357408
-0.0247214155777285
0.0125160875875647
0.0496567955963775
0.0864193034835399
0.122545009405825
0.157811377975761
0.192039941054155
0.22509850463013
0.256898174783412
0.28738657997036
0.316538916571085
0.344348256230794
0.370816130460688
0.395943955627282
0.419725514267756
0.442140524998933
0.463149310024819
0.48268867990528
0.500669354139998
0.516975458915138
0.531466798629413
0.543984568197589
0.554360845760634
0.562431537204821
0.56805153329808
0.571109956773734
0.571542877263706
0.569341034677614
0.564550980729696
0.557269398363913
0.54763178194669
0.535797724346265
0.521935461026905
0.506208016165663
0.488762500448171
0.469723170444244
0.449188093192901
0.427228818972869
0.403892349191591
0.379204794136071
0.353176327827456
0.32580726224887
0.297095208270962
0.267043315582565
0.235669454685593
0.2030159072975
0.169158703548629
0.134215290816613
0.0983489298988823
0.0617683019609803
0.0247214099575263
-0.0125160939568668
-0.0496568027210758
-0.0864193113507743
-0.122545017994854
-0.157811387268244
-0.192039950983512
-0.225098515114783
-0.256898185757205
-0.287386591381737
-0.316538928324565
-0.34434826823277
-0.3708161426491
-0.395943967907104
-0.419725526547093
-0.44214053717781
-0.463149322030957
-0.482688691651717
-0.5006693655557
-0.516975469917752
-0.531466809157357
-0.543984578200436
-0.55436085518439
-0.562431546012175
-0.568051541438236
-0.571109964245352
-0.57154288407808
-0.569341040819395
-0.564550986217259
-0.557269403221375
-0.547631786179958
-0.535797728054361
-0.521935464218233
-0.506208018920478
-0.488762502809665
-0.4697231725023
-0.44918809502533
-0.427228820635808
-0.403892350774611
-0.379204795722859
-0.353176329489464
-0.325807264095643
-0.297095210366504
-0.267043318024647
-0.235669457542155
-0.20301591064443
-0.169158707426314
-0.13421529531374
-0.0983489350278585
-0.0617683077790124
-0.0247214164646324
0.0125160867394394
0.0496567947883584
0.0864193027189828
0.122545008667623
0.157811377284528
0.192039940361673
0.225098503931022
0.256898174049343
0.287386579175089
0.316538915698375
0.344348255264891
0.370816129394052
0.39594395442934
0.419725512929845
0.442140523507677
0.463149308379359
0.482688678110818
0.5006693521923
0.516975456809209
0.531466796379233
0.543984565810878
0.554360843282585
0.562431534642607
0.568051530655561
0.57110995405645
0.571542874504326
0.569341031886025
0.564550977915735
0.557269395550859
0.547631779102451
0.535797721527989
0.521935458191049
0.506208013343918
0.488762497645405
0.469723167671232
0.449188090444574
0.42722881627148
0.403892346538929
0.379204791527427
0.353176325280654
0.325807259782225
0.297095205875079
0.267043313287746
0.235669452477773
0.203015905160877
0.169158701490246
0.134215288841665
0.0983489279738502
0.0617683000700668
0.0247214081023561
-0.0125160958252668
-0.0496568046063594
-0.0864193132801141
-0.122545019957672
-0.157811389270883
-0.192039953045114
-0.225098517256359
-0.2568981879743
-0.287386593666139
-0.316538930679563
-0.344348270688856
-0.370816145180062
-0.395943970521028
-0.419725529246348
-0.442140539972203
-0.463149324931688
-0.48268869464391
-0.500669368630077
-0.516975473067436
-0.531466812365475
-0.543984581450374
-0.554360858456469
-0.562431549272667
-0.568051544685741
-0.571109967416374
-0.571542887158719
-0.569341043792577
-0.56455098904517
-0.557269405901072
-0.547631788687536
-0.535797730380391
-0.521935466358504
-0.506208020878908
-0.488762504585207
-0.469723174096138
-0.449188096439533
-0.427228821892595
-0.403892351897745
-0.379204796721841
-0.353176330398392
-0.32580726491389
-0.297095211138478
-0.26704331878064
-0.235669458305435
-0.203015911456583
-0.169158708338899
-0.13421529634158
-0.098348936219399
-0.0617683091408853
-0.0247214180338371
0.0125160849454775
0.049656792801116
0.0864193005529362
0.122545006321289
0.157811374785283
0.192039937740971
0.225098501215226
0.256898171271493
0.287386576357839
0.316538912867822
0.344348252441012
0.370816126612429
0.395943951705477
0.419725510287387
0.442140520976534
0.463149305948702
0.48268867581742
0.500669350033472
0.516975454791598
0.531466794510133
0.543984564074315
0.554360841656138
0.562431533110435
0.56805152919804
0.571109952631898
0.57154287307047
0.569341030415521
0.564550976349671
0.557269393873615
0.547631777292819
0.535797719545276
0.521935456044033
0.506208011019587
0.488762495127503
0.469723164959182
0.449188087547206
0.427228813160663
0.403892343256174
0.379204788064407
0.353176321626024
0.325807255945486
0.297095201862751
0.267043309084774
0.235669448124249
0.203015900683604
0.169158696880146
0.134215284132404
0.0983489231936972
0.0617682952568064
0.0247214032499152
-0.0125161006656859
-0.0496568094163465
-0.0864193180132461
-0.12254502466263
-0.157811393922711
-0.192039957635546
-0.225098521793359
-0.256898192431273
-0.287386598069187
-0.316538935050977
-0.344348274972204
-0.370816149391064
-0.395943974639219
-0.419725533266654
-0.44214054387524
-0.463149328710173
-0.482688698266948
-0.500669372083518
-0.51697547632136
-0.531466815417037
-0.543984584274624
-0.554360861067589
-0.562431551646433
-0.568051546834319
-0.571109969313506
-0.571542888796151
-0.569341045165036
-0.564550990183331
-0.557269406814919
-0.54763178939761
-0.53579773087449
-0.521935466692562
-0.506208021060528
-0.488762504655604
-0.469723174076594
-0.449188096346462
-0.427228821768698
-0.403892351761765
-0.379204796576131
-0.353176330272361
-0.325807264817928
-0.297095211073029
-0.267043318770386
-0.235669458351076
-0.203015911575451
-0.169158708515282
-0.134215296601212
-0.0983489365549913
-0.0617683095885072
-0.0247214185988245
0.0125160842603309
0.0496567919718278
0.0864192995384619
0.12254500513448
0.157811373409052
0.192039936162782
0.225098499453615
0.256898169324316
0.287386574257929
0.316538910610246
0.344348250063768
0.370816124136002
0.395943949161497
0.419725507690458
0.442140518342421
0.463149303331714
0.482688673228746
0.50066934748251
0.516975452332155
0.531466792161136
0.543984561870774
0.554360839595667
0.562431531244313
0.568051527529561
0.571109951206493
0.571542871944241
0.569341029578209
0.5645509758472
0.557269393697172
0.547631777437511
0.535797720027976
0.521935456826289
0.506208012096548
0.488762496434556
0.469723166482367
0.44918808922136
0.427228814968337
0.403892345105542
0.379204789929484
0.353176323462245
0.325807257667519
0.297095203428294
0.26704331044294
0.235669449199334
0.203015901432012
0.169158697213941
0.1342152840331
0.0983489225726841
0.06176829408616
0.0247214015128849
-0.0125161030123831
-0.0496568123948255
-0.0864193216428627
-0.122545028914973
-0.157811398784113
-0.192039963109351
-0.22509852782593
-0.256898199015331
-0.287386605140069
-0.316538942545866
-0.344348282866276
-0.370816157649027
-0.395943983210654
-0.419725542118468
-0.442140552958372
-0.463149337948536
-0.48268870765069
-0.500669381548026
-0.51697548588369
-0.531466824973061
-0.543984593838636
-0.554360870563307
-0.562431561052686
-0.568051556130114
-0.571109978527936
-0.571542897893965
-0.569341054141983
-0.564550999043401
-0.557269415518246
-0.547631797976885
-0.535797739323847
-0.521935475024534
-0.506208029270781
-0.488762512766996
-0.469723182098298
-0.44918810430975
-0.427228829705539
-0.403892359665354
-0.379204804526985
-0.353176338264775
-0.325807272879481
-0.297095219260613
-0.26704332707489
-0.235669466831647
-0.20301592022096
-0.169158717354301
-0.134215305627117
-0.098348945782926
-0.0617683189702748
-0.0247214281652073
0.0125160745602369
0.0496567821388976
0.0864192896350563
0.1225449951888
0.157811363424125
0.192039926211707
0.225098489523806
0.256898159471359
0.287386564508874
0.316538901002862
0.344348240585784
0.370816114819747
0.395943940047801
0.419725498805594
0.44214050970121
0.463149294961084
0.482688665131289
0.500669339698853
0.516975444841305
0.5314667849806
0.54398455500876
0.55436083304718
0.562431524999237
0.568051521575925
0.571109945542686
0.571542866518936
0.569341024355817
0.564550970819593
0.557269388791207
0.547631772639207
0.535797715308047
0.521935452135882
0.506208007396748
0.488762491734228
0.469723161695677
0.44918808434474
0.42722880995197
0.40389233996054
0.379204784607135
0.353176317946801
0.325807251956205
0.297095197497921
0.26704330426848
0.235669442767985
0.203015894717486
0.169158690257761
0.134215276755063
0.0983489150708873
0.0617682863311396
0.0247213935387974
-0.0125161111618917
-0.0496568206865696
-0.0864193300185622
-0.122545037321254
-0.15781140718769
-0.192039971443736
-0.22509853605361
-0.256898207079086
-0.287386613015525
-0.316538950223972
-0.344348290281677
-0.370816164770523
-0.395943990005243
-0.419725548559191
-0.442140559028148
-0.463149343593939
-0.482688712883024
-0.500669386351269
-0.516975490196676
-0.531466828865637
-0.543984597243981
-0.554360873530859
-0.562431563602917
-0.568051558253449
-0.571109980296634
-0.571542899329632
-0.56934105534096
-0.564551000023541
-0.557269416371718
-0.547631798714079
-0.535797740039839
-0.521935475725691
-0.506208030012834
-0.488762513607224
-0.469723183068176
-0.449188105427334
-0.427228830999006
-0.403892361155328
-0.379204806260137
-0.353176340279587
-0.325807275207108
-0.29709522189402
-0.267043330050731
-0.235669470159409
-0.203015923955897
-0.169158721480576
-0.134215310150524
-0.0983489507044568
-0.061768324286385
-0.0247214338690928
0.0125160684907278
0.0496567757165184
0.0864192828736109
0.122544988089662
0.157811356027573
0.192039918494049
0.22509848152144
0.256898151191168
0.287386555958681
0.316538892211889
0.344348231628732
0.370816105665521
0.395943930701164
0.419725489325193
0.4421405001172
0.463149285270194
0.482688655379676
0.500669329906952
0.516975435051463
0.531466775204673
0.543984545261993
0.554360823394759
0.562431515426071
0.568051512130486
0.571109936215852
0.571542857284173
0.569341015293694
0.564550961872194
0.557269379972232
0.547631763943181
0.535797706671838
0.521935443563376
0.50620799885218
0.488762483200564
0.469723153124395
0.449188075728223
0.427228801267768
0.403892331170281
0.379204775664132
0.353176308803687
0.325807242598267
0.297095187894956
0.267043294384402
0.235669432602387
0.203015884234001
0.169158679403318
0.1342152655639
0.0983489034599594
0.0617682743172151
0.0247213811357924
-0.0125161239657481
-0.0496568338883869
-0.0864193436123957
-0.122545051254531
-0.157811421447237
-0.192039985995245
-0.225098550852685
-0.256898222112232
-0.287386628196435
-0.31653896549466
-0.344348305660795
-0.370816180167038
-0.395944005389446
-0.419725563890215
-0.442140574249361
-0.463149358702857
-0.48268872779226
-0.500669401042021
-0.516975504620725
-0.531466842953671
-0.543984611010435
-0.554360886880947
-0.562431576539993
-0.568051570751673
-0.571109992285169
-0.571542910827606
-0.569341066305477
-0.564551010498493
-0.557269426378438
-0.547631808295157
-0.535797749197926
-0.521935484543238
-0.506208038556355
-0.488762521916197
-0.469723191231081
-0.449188113515081
-0.427228839061235
-0.403892369335896
-0.379204814527387
-0.353176348718559
-0.325807283922586
-0.29709523092449
-0.267043339497802
-0.235669480066905
-0.203015934370229
-0.169158732484791
-0.134215321826947
-0.0983489630882977
-0.0617683374571374
-0.024721447803319
0.0125160537502725
0.0496567601879102
0.0864192665662271
0.122544971066651
0.157811338352434
0.192039900218372
0.225098462733148
0.256898131957227
0.287386536361016
0.31653887234092
0.344348211507776
0.37081608544014
0.395943910437522
0.419725469095689
0.442140479965285
0.463149265322068
0.482688635692216
0.500669310569275
0.516975416146788
0.531466756790986
0.543984527399719
0.554360806111418
0.562431498794049
0.568051496137048
0.57110992087858
0.571542842636928
0.569341001253353
0.56455094844888
0.557269367093485
0.54763175153721
0.53579769469261
0.521935431944224
0.506207987505309
0.488762472055988
0.469723142169618
0.449188064860142
0.427228790389695
0.403892320235914
0.379204764619211
0.353176297605959
0.325807231168134
0.297095176146943
0.267043282298458
0.235669420091115
0.203015871242975
0.169158665944738
0.13421525154917
0.0983488888796432
0.0617682591435897
0.0247213652984301
-0.0125161404757973
-0.0496568510829167
-0.0864193615031308
-0.122545069888167
-0.15781144077526
-0.192040006007455
-0.2250985715195
-0.256898243386057
-0.287386650038873
-0.316538987868172
-0.344348328491801
-0.370816203410375
-0.395944028981134
-0.419725587764193
-0.44214059836231
-0.463149382949941
-0.482688752189216
-0.500669425522373
-0.516975529122755
-0.531466867464002
-0.543984635471439
-0.554360911275438
-0.562431600835537
-0.568051594921151
-0.571110016295595
-0.571542934649071
-0.569341089924978
-0.564551033891488
-0.557269449522776
-0.547631831176055
-0.535797771820995
-0.521935506927228
-0.506208060678278
-0.488762543832454
-0.469723212924124
-0.449188135016991
-0.427228860445073
-0.403892390553108
-0.379204835688943
-0.353176369885548
-0.325807305062659
-0.297095252144727
-0.267043360807634
-0.235669501538817
-0.203015956050633
-0.1691587544274
-0.134215344036004
-0.0983489855896627
-0.0617683603056916
-0.0247214710424232
0.0125160301071822
0.0496567361005585
0.08641924202128
0.122544946055532
0.15781131282292
0.192039874201299
0.225098436213204
0.256898104902317
0.287386508821124
0.31653884429981
0.344348182993653
0.370816056462676
0.395943881058561
0.419725439320866
0.442140449860499
0.463149234958186
0.482688605124238
0.500669279816051
0.516975385293522
0.531466725867421
0.543984496504693
0.554360775323944
0.562431468178621
0.56805146580129
0.571109890837064
0.571542812971114
0.569340971987417
0.56455091961667
0.557269338737583
0.5476317236544
0.535797667264872
0.521935404997976
0.506207961002644
0.488762445958276
0.469723116371899
0.449188039328821
0.42722876510181
0.40389229509733
0.379204739538413
0.353176272503872
0.325807205950292
0.297095150741193
0.267043256550204
0.235669393899573
0.203015844555379
0.169158638596463
0.134215223446338
0.0983488599368169
0.0617682292672113
0.0247213344124704
-0.012516172396334
-0.0496568840661438
-0.0864193955601897
-0.122545104993939
-0.157811476893691
-0.192040043120156
-0.225098609620323
-0.256898282366079
-0.287386689844066
-0.316539028386444
-0.344348369652444
-0.370816245114073
-0.395944071113531
-0.419725630206988
-0.442140640993831
-0.46314942566886
-0.482688794831065
-0.500669467912865
-0.516975571157173
-0.53146690898757
-0.543984676319029
-0.554360951346876
-0.562431640004353
-0.568051633092979
-0.571110053381997
-0.571542970623762
-0.569341124785804
-0.564551067591893
-0.557269482124762
-0.547631862744733
-0.535797802472449
-0.521935536718536
-0.506208089763233
-0.488762572322953
-0.469723240985607
-0.449188162808394
-0.427228888081898
-0.403892418246484
-0.379204863577483
-0.353176398080785
-0.325807333814865
-0.297095281578679
-0.267043391101746
-0.235669532898699
-0.203015988582727
-0.169158788312875
-0.134215379410453
-0.0983490226160998
-0.0617683990355314
-0.0247215116045668
0.0125159876830227
0.0496566917613028
0.0864191957285427
0.12254489786201
0.157811262780933
0.192039822400455
0.225098382733312
0.256898049934678
0.287386452471105
0.316538786734886
0.344348124415398
0.370815997017658
0.395943820901198
0.419725378696369
0.442140388899627
0.463149173826338
0.482688544001541
0.500669218901048
0.51697532471354
0.531466665824453
0.543984437099541
0.554360716698446
0.56243141043641
0.568051409020689
0.571109835113977
0.571542758331757
0.569340918466824
0.564550867201751
0.557269287380414
0.547631673319574
0.535797617897182
0.521935356411143
0.506207913095586
0.488762398555501
0.469723069353655
0.449187992489372
0.427228718241201
0.403892248019357
0.379204692064814
0.353176224394549
0.32580715705129
0.297095100792361
0.267043205387437
0.235669341313806
0.203015790352196
0.169158582596694
0.134215165533532
0.0983487999543399
0.0617681671827869
0.0247212701775438
-0.0125162388503321
-0.0496569526660203
-0.0864194662647408
-0.122545177669945
-0.157811551477118
-0.192040119372107
-0.225098687389814
-0.256898361471576
-0.287386770146387
-0.316539109689701
-0.344348451754636
-0.370816327798765
-0.395944154241666
-0.419725713537587
-0.442140724337489
-0.463149508880273
-0.482688877678021
-0.50066955020298
-0.51697565271521
-0.531466989649623
-0.543984755932084
-0.554361029813448
-0.562431717193628
-0.568051708939979
-0.571110127953111
-0.571543043853781
-0.569341196751214
-0.564551138430993
-0.557269551861196
-0.547631931589217
-0.535797870522578
-0.521935604148294
-0.506208156764436
-0.488762639026337
-0.46972330757243
-0.449188229455393
-0.427228954983273
-0.403892485598401
-0.379204931541931
-0.353176466878598
-0.325807403631995
-0.2970953526072
-0.267043463526347
-0.235669606885044
-0.203016064380867
-0.16915886601742
-0.134215459201071
-0.0983491046239086
-0.0617684833537929
-0.0247215982933263
0.0125158985569372
0.0496566001830133
0.0864191017449513
0.122544801516061
0.157811164141095
0.192039721558749
0.225098279838333
0.256897945131632
0.287386345918177
0.316538678626816
0.344348014928384
0.370815886412685
0.395943709413122
0.419725266515993
0.442140276307937
0.463149061080097
0.482688431304394
0.500669106496123
0.516975212811599
0.531466554659576
0.543984326896091
0.554360607558804
0.562431302495627
0.56805130234159
0.571109729775585
0.571542654343726
0.569340815768046
0.56455076577791
0.557269187101415
0.547631574061259
0.535797519465263
0.521935258670867
0.506207815785443
0.488762301446524
0.469722972197127
0.449187895054918
0.42722862021574
0.403892149099077
0.37920459199481
0.353176122876573
0.325807053763026
0.297094995462974
0.267043097764945
0.235669231110257
0.203015677326876
0.169158466506177
0.134215046194347
0.098348677218169
0.0617680408488784
0.0247211401709167
-0.0125163725933826
-0.0496570902663516
-0.0864196076425257
-0.122545322850102
-0.157811700354187
-0.192040271894705
-0.22509884337308
-0.256898520752316
-0.287386932458955
-0.316539274781057
-0.344348619313851
-0.37081649759579
-0.395944325874181
-0.41972588673436
-0.442140898710186
-0.463149684042789
-0.482689053283267
-0.500669725918596
-0.516975828182646
-0.531467164475876
-0.543984929879526
-0.55436120249282
-0.562431888342876
-0.568051878269571
-0.571110295278448
-0.571543208996207
-0.569341359576334
-0.564551298905897
-0.557269710037475
-0.547632087532419
-0.535798024371825
-0.521935756213457
-0.506208307247604
-0.488762788296805
-0.469723456031682
-0.449188377463369
-0.42722910300996
-0.40389263407111
-0.379205080956105
-0.35317661773307
-0.325807556379843
-0.297095507786043
-0.267043621631123
-0.235669768360403
-0.203016229686691
-0.169159035644021
-0.134215633537419
-0.0983492840116538
-0.0617686681204948
-0.0247217886545391
0.0125157023927737
0.0496563981784728
0.0864188938999924
0.122544587843638
0.157810944849745
0.192039496781226
0.225098049929738
0.256897710364135
0.28738610666237
0.316538435341996
0.344347768058549
0.370815636356351
0.395943456681775
0.419725011577073
0.442140019737139
0.463148803271717
0.482688172841366
0.500668847858107
0.51697495454697
0.531466297190788
0.543984070659045
0.554360353004123
0.56243105003791
0.568051052293824
0.571109482425739
0.571542409794241
0.569340574157909
0.564550527077734
0.557268951198029
0.547631340796774
0.535797288511753
0.521935029680502
0.50620758835356
0.488762075109856
0.469722746394056
0.449187669243709
0.427228393826598
0.403891921502788
0.379204362514766
0.35317589090482
0.325806818571865
0.297094756409198
0.26704285411228
0.235668982216466
0.203015422447247
0.169158205077744
0.134214777593736
0.098348400929656
0.061767756455594
0.0247208473043933
-0.0125166741115571
-0.0496574004657596
-0.086419926595714
-0.122545650354078
-0.15781203616442
-0.192040615659525
-0.225099194611681
-0.256898879033967
-0.287387297216533
-0.316539645438955
-0.344348995206807
-0.370816878095215
-0.395944710259241
-0.419726274268944
-0.442141288731695
-0.463150075778777
-0.48268944600826
-0.500670118911105
-0.516976220751022
-0.53146755597593
-0.543985319557055
-0.554361589833224
-0.562432272866791
-0.568052259601593
-0.5711106730771
-0.571543583208877
-0.569341730155684
-0.5645516660177
-0.557270073975054
-0.547632448674343
-0.535798383293982
-0.521936113464557
-0.506208663576037
-0.488763144455908
-0.469723812800265
-0.449188735704545
-0.427229463569907
-0.403892997854814
-0.379205448878475
-0.353176990739009
-0.325807935375418
-0.297095893766788
-0.267044015528241
-0.23567017114865
-0.203016642294612
-0.169159458935876
-0.134216068348073
-0.0983497309980749
-0.0617691278763283
-0.0247222616264853
0.01251521597614
0.0496558981961799
0.0864183803849125
0.122544061051498
0.157810405147615
0.192038944740558
0.225097486147612
0.25689713553348
0.287385521631999
0.316537840934149
0.344347165145372
0.370815025940914
0.395942839735527
0.419724389107615
0.442139392776448
0.463148172853624
0.482687540067708
0.500668213748322
0.516974320140991
0.531465663503881
0.543983438611667
0.554359723483001
0.562430423718402
0.568050429771783
0.571108864112994
0.571541795945724
0.569339964777336
0.564549921943883
0.557268349997133
0.547630742856157
0.535796693199042
0.521934436047652
0.506206995442888
0.488761481795648
0.469722151545194
0.449187071635336
0.427227792175528
0.403891314498538
0.379203748781697
0.353175269021004
0.325806187156703
0.297094114029776
0.267042199283625
0.235668313518712
0.203014738588643
0.169157504650448
0.134214059393336
0.0983476638241922
0.0617669995553142
0.0247200698717604
-0.0125174725910788
-0.0496582203079832
-0.0864207678178779
-0.12254651278853
-0.157812919460818
-0.192041519181559
-0.225100117583587
-0.256899820480318
-0.287388256062801
-0.31654062040752
-0.344349985067047
-0.370817881356429
-0.395945725512148
-0.419727300018235
-0.442142323325404
-0.463151117695208
-0.482690493595244
-0.500671170634483
-0.516977275019193
-0.531468611226665
-0.543986374479675
-0.554362643081203
-0.56243332332721
-0.568053306334822
-0.571111715425444
-0.571544620724671
-0.569342762782194
-0.564552693879943
-0.557271097534822
-0.547633468687267
-0.535799400842912
-0.521937129791971
-0.506209680177955
-0.488764162990728
-0.469724835057565
-0.449189763648054
-0.427230499216449
-0.403894043351756
-0.379206506431116
-0.353178062613147
-0.325809023951658
-0.297097001366371
-0.267045144595777
-0.235671324063928
-0.203017821301646
-0.169160666235098
-0.134217305998544
-0.0983510008694054
-0.0617704315349436
-0.0247236003517939
0.0125138412570343
0.0496544868498605
0.0864169321871727
0.122542576166815
0.157808884013629
0.192037388197845
0.225095895254943
0.256895511704266
0.287383866481177
0.316536156253053
0.34434545292497
0.370813288287645
0.395941078916464
0.419722607475954
0.44213759270077
0.463146356920445
0.482685710641029
0.500666373389815
0.516972471286127
0.531463808538449
0.543981579778774
0.554357862819219
0.562428563010267
0.568048570506969
0.571107007333224
0.571539942422054
0.569338114596218
0.564548074908908
0.557266505274678
0.547628899234542
0.535794849018803
0.521932589220151
0.50620514351852
0.488759622103587
0.469720281119043
0.449185187256145
0.427225890504147
0.403889391996604
0.379201801842221
0.35317329385877
0.32580417982314
0.297092070600077
0.267040115735259
0.235666185913036
0.203012562963896
0.169155277340572
0.13421177693227
0.0983453231179119
0.0617645978890612
0.0247176050950016
-0.0125200020792531
-0.0496608154829188
-0.0864234291361161
-0.122549240036806
-0.157815711821471
-0.192044375404694
-0.225103035932227
-0.256902798794603
-0.287391291808475
-0.316543710826456
-0.344353127014083
-0.370821071513262
-0.395948960402523
-0.419730575927553
-0.442145636496413
-0.46315446424966
-0.482693869617222
-0.500674572096019
-0.51698069807796
-0.531472052149754
-0.543989829720017
-0.554366109407405
-0.562436797950064
-0.568056787079096
-0.571115200639411
-0.571548109570648
-0.569346255218893
-0.564556190608532
-0.557274600254405
-0.547636979739994
-0.535802923311742
-0.521940667433605
-0.506213237292765
-0.488767744387671
-0.469728445949408
-0.449193409576832
-0.427234186013192
-0.403897777173016
-0.379210293654089
-0.353181909814809
-0.325812937941895
-0.297100989098658
-0.267049213081061
-0.235675480306117
-0.203022072246208
-0.169165018565603
-0.134221765890325
-0.0983555740583307
-0.0617751230262467
-0.0247284142968885
0.0125089015405988
0.0496494191623739
0.086411735269205
0.122537249764465
0.157803428854296
0.192031805925027
0.225090188389175
0.256889683497964
0.287377920785491
0.316530097578428
0.344339286192513
0.370807018968914
0.395934712735118
0.419716150532605
0.442131051304936
0.463139737489519
0.482679019786674
0.500659617761327
0.516965657316993
0.531456942527865
0.543974667619324
0.554350909862566
0.56242157389777
0.568041548894773
0.571099955797201
0.571532862144813
0.569331005551739
0.564540935342153
0.557259332106035
0.54762168787606
0.53578759345561
0.521925282304513
0.506197776977897
0.488752186740011
0.469712766889838
0.449177583477979
0.427218185821561
0.403881574574391
0.379193859214755
0.353165213076506
0.325795947544923
0.29708367307393
0.267031539124604
0.235657416149422
0.20300358619149
0.16914608012423
0.134202346555703
0.0983356478301303
0.0617546671677096
0.02470740991326
-0.012530469140704
-0.0496715599696885
-0.0864344547367562
-0.122560548606556
-0.157827303385387
-0.192056248316796
-0.225115186953219
-0.256915223293938
-0.28740398382971
-0.3165566634483
-0.34436633224105
-0.370834520642662
-0.39596264383383
-0.419744483584429
-0.442159757840666
-0.463168788175739
-0.482708384972093
-0.500689267636518
-0.516995562562484
-0.53148707480793
-0.544005000277498
-0.554381418816532
-0.56245223835047
-0.568072352478694
-0.571130887153149
-0.571563915915846
-0.569362182743112
-0.564572243718285
-0.557290786220691
-0.547653308793664
-0.535819408363489
-0.521957323935481
-0.506230082846547
-0.488784798506701
-0.469745729904196
-0.449210946167111
-0.427251999404762
-0.403915892739211
-0.379228738123654
-0.353200711094923
-0.325832125014575
-0.297120591892405
-0.267069262141447
-0.235696006626774
-0.203043106590155
-0.169186591164289
-0.134243905862749
-0.0983783085989355
-0.0617984770353435
-0.0247524099591711
0.0124842454654652
0.049624087204577
0.0863857158418174
0.122510534760188
0.157776013827944
0.192003689736375
0.225061372998393
0.256860173726673
0.287347723922797
0.316499223175429
0.344307745950085
0.370774826024015
0.395901881936903
0.419682697973884
0.442096994123035
0.463105093735508
0.482643807939948
0.500623856645412
0.516929365613842
0.531420138198766
0.543937367503792
0.554313128559491
0.562383323228606
0.568002836906312
0.571060785957816
0.571493232375126
0.569290907823436
0.564500355199681
0.557218248446112
0.547580073252015
0.535745414205854
0.521882499288395
0.50615434595756
0.488708058900533
0.469667889504154
0.449131900022902
0.427171636313115
0.403834095562204
0.379145384021288
0.353115671698881
0.325745266970803
0.29703177739173
0.266978350214603
0.235602854338155
0.202947571365144
0.169088532568838
0.134143188550936
0.0982748047940952
0.0616920689951157
0.0246429921379155
-0.0125967643548866
-0.0497397833867313
-0.0865046494423806
-0.122632749971537
-0.157901539340769
-0.192132539482139
-0.225193547249811
-0.25699566048231
-0.287486500178459
-0.316641256107437
-0.344452994024718
-0.37092324040255
-0.396053407252522
-0.419837273318351
-0.442254554196695
-0.463265569814857
-0.482807129109903
-0.500789951020413
-0.517098162247679
-0.53159156935131
-0.54411137137889
-0.554489652847038
-0.562562328769962
-0.56818430181576
-0.571244709575793
-0.571679638974584
-0.569479849287952
-0.564691912981024
-0.557412534221464
-0.547777228432377
-0.535945608590818
-0.522085928675237
-0.506361229996741
-0.488918638663894
-0.469882425328352
-0.449350670296631
-0.427394936591738
-0.404062238194414
-0.379378698049165
-0.353354502631863
-0.325989976176576
-0.297282740789067
-0.267235955851903
-0.235867499309934
-0.203219657222658
-0.16936846043593
-0.134431353065493
-0.0985715882194508
-0.061997835421136
-0.0249580823171698
0.0122720373160327
0.0494051370060507
0.0861598335446187
0.122277547405698
0.157535765216965
0.191756039971448
0.224806197339483
0.256597361312055
0.287077176630101
0.316220853974026
0.344021477542202
0.370480589493472
0.395599615291734
0.419372344807374
0.441778502397865
0.462778414309382
0.482308893386936
0.500280659050918
0.516577834461961
0.531060217118466
0.54356898976797
0.553936212076893
0.561997763880173
0.567608501718964
0.570657505854737
0.571080795624346
0.568869054255572
0.564068772144826
0.556776568568198
0.547127873813549
0.535282218684678
0.521407779460229
0.505667524510117
0.48820851221281
0.469154949186657
0.448604853638103
0.426629726746199
0.403276519998232
0.378571292219291
0.352524164749469
0.325135396825791
0.296402548189626
0.266328721061481
0.234931744090177
0.202253865546642
0.168371091739558
0.13340085761095
0.0975064231132138
0.0608964800057669
0.0238190524004468
-0.0134501780227254
-0.0506237678534464
-0.0874202713683237
-0.123581043941584
-0.158883507128974
-0.193149151505513
-0.22624574480855
-0.258084359254957
-0.288612594275782
-0.317805622600242
-0.345656497818549
-0.372166739067196
-0.39733775589643
-0.421163329380619
-0.44362318192602
-0.464677644394275
-0.484263541633407
-0.502291614101948
-0.518646018537457
-0.533186602611737
-0.545754622648293
-0.556182240903948
-0.564305474899817
-0.569979358112525
-0.573093188130542
-0.573583240507986
-0.571440487902006
-0.566711735384719
-0.559493932511142
-0.54992284547141
-0.538158337969928
-0.524368910601908
-0.508717845986
-0.491352507898194
-0.472397404696849
-0.451950858931787
-0.430084684965593
-0.406846160812782
-0.382261686691038
-0.356341738264089
-0.329086936083762
-0.30049519939791
-0.270569978024544
-0.239329424912069
-0.206816078267056
-0.173106191510668
-0.138317396970687
-0.102613099586484
-0.0662020840549338
-0.0293324188980817
0.00772021092793824
0.044668392877916
0.0812307371742705
0.117148672045035
0.152199700463731
0.186205395300976
0.21903360097926
0.250595454815358
0.280838606181243
0.309738259444402
0.337287480265251
0.363487779689709
0.388340540715378
0.411839501924351
0.433964331752174
0.45467529892928
0.473909159100212
0.491576571954457
0.507561590279705
0.521723916088833
0.533904592511615
0.543935473998353
0.551652150245142
0.556909089890594
0.55959488599971
0.559644984218094
0.557049434697747
0.551854075582328
0.544154903486096
0.534086807394742
0.521808907187273
0.507489140495733
0.49129044319901
0.473360071765776
0.45382268455987
0.432777031847915
0.410295668392683
0.386426984556822
0.361198959244863
0.334624247896481
0.306706431220273
0.277447393318796
0.246855822450412
0.214956698799516
0.181801335296812
0.147477111243523
0.112115582583256
0.075897364010378
0.0390522655009797
0.00185376592454694
-0.0353920522280786
-0.0723617769394913
-0.108731842309306
-0.144194880846459
-0.178472816957118
-0.211325173779002
-0.242552295236205
-0.27199431727039
-0.299527395100104
-0.325058746621839
-0.348521586724752
-0.369870289583206
-0.389075469935886
-0.406118414396867
-0.420984529267341
-0.433656086862121
-0.444105236796834
-0.452288675266401
-0.458145328464181
-0.461597919496501
-0.462558531005362
-0.460937523680117
-0.456654634749904
-0.449650857714846
-0.439899714023589
-0.427416644481539
-0.41226540881207
-0.394560640772486
-0.374466191180518
-0.35218959515672
-0.32797376084677
-0.302087492590544
-0.274816506200312
-0.246456138877019
-0.217306163099687
-0.187667282676845
-0.157838312941512
-0.128112928889229
-0.0987752092420912
-0.0700938414291885
-0.0423155269662872
-0.0156586239433856
0.00969175496009153
0.033586140776765
0.0559100408525572
0.0765803139094835
0.0955393805805093
0.112748546525442
0.128181853635813
0.141821579021223
0.15365589481161
0.163678531541351
0.17188982815885
0.178298445297177
0.182923187980916
0.18579465888449
0.18695666845726
0.186467395522047
0.184400258518052
0.180844408953567
0.175904773425571
0.169701658725314
0.162370029886436
0.15405857530301
0.144928539562844
0.13515211436959
0.124910068051904
0.114388360094454
0.103773682046306
0.0932480738156868
0.0829829024433099
0.0731325864746314
0.0638285691708503
0.0551742036884244
0.047241321991161
0.0400691708501697
0.0336660373229804
0.0280133403610886
0.023071446965497
0.0187861970931204
0.0150951615261536
0.0119329378595154
0.00923515426642611
0.00694116227771286
0.00499559884636874
0.00334907980883008
0.00195829192861451
0.000785706832314769
-0.000200913365778479
-0.00102909944631229
-0.00172227500162318
-0.00230032688904092
-0.00278012448581441
-0.00317597858357028
-0.00350003862840743
-0.00376263282882645
-0.00397255534077418
-0.00413730864281742
-0.00426330655534435
-0.00435604356975308
-0.00442023726393334
-0.00445994651251025
-0.00447867066934481
-0.00447943278779837
-0.00446484889847482
-0.00443718708312299
-0.00439841636091426
-0.00435024865300619
-0.00429417399305234
-0.00423149055826575
-0.00416333020060005
-0.00409068017415467
-0.00401440208389505
-0.00393524775451971
-0.00385387308816056
-0.00377084998183967
-0.00368667681638058
-0.00360178724080235
-0.00351655806059736
-0.00343131616992825
-0.00334634429567612
-0.00326188635372509
-0.00317815192246375
-0.00309532039270453
-0.00301354437337316
-0.00293295288671629
-0.00285365411080651
-0.00277573780345206
-0.00269927743556907
-0.0026243322742473
-0.00255094880442906
-0.00247916244598544
-0.00240899874892946
-0.00234047484861649
-0.00227360018449049
-0.00220837755260764
-0.00214480419169664
-0.00208287214405486
-0.00202256931958026
-0.00196387966743958
-0.00190678408189302
-0.00185126063794085
-0.0017972851364557
-0.00174483128276828
-0.00169387145098704
-0.00164437649948406
-0.00159631615817839
-0.00154965958106446
-0.00150437501196145
-0.00146043044483299
-0.00141779354662948
-0.00137643186730824
-0.00133631277739597
-0.0012974040424759
-0.00125967330553215
-0.00122308859240732
-0.0011876183566802
-0.00115323131831799
-0.00111989674118076
-0.00108758432905235
-0.00105626428332884
-0.00102590741813652
-0.000996485214825639
-0.000967969600599571
-0.000940333231984887
-0.000913549272398084
-0.000887591725882449
-0.000862435062012548
-0.000838054525482755
-0.000814425920408498
-0.00079152571865205
-0.00076933104959427
-0.000747819738028283
-0.000726970108587217
-0.000706761131075627
-0.000687172530434355
-0.000668184509923018
-0.000649777788179048
-0.000631933920193464
-0.000614634722201727
-0.000597862799493403
-0.000581601129179257
-0.000565833406045
-0.000550543734071453
-0.000535716564549603
-0.000521337124686998
-0.000507390995480158
-0.000493864193300317
-0.00048074318383557
-0.000468014985993886
-0.000455666812728258
-0.000443686585428548
-0.000432062376789998
-0.000420782799906534
-0.000409836741508579
-0.000399213520810032
-0.000388902866560861
-0.000378894664593324
-0.00036917936324964
-0.000359747489260347
-0.000350590177247214
-0.000341698545902652
-0.000333064147031023
-0.00032467892378543
-0.00031653491068243
-0.00030862455352351
-0.000300940406994309
-0.000293475329618163
-0.000286222560483177
-0.000279175307845872
-0.000272327199839461
-0.000265672039499274
-0.000259203780300395
-0.000252916584545138
-0.000246804847337689
-0.000240863126964397
-0.000235086254628609
-0.000229469070189211
-0.000224006648291768
-0.000218694287723905
-0.000213527385730102
-0.000208501538253387
-0.000203612402699995
-0.000198855766782634
-0.000194227787733872
-0.000189724420390869
-0.000185342025961485
-0.00018107687485338
-0.000176925512648984
-0.000172884470687421
-0.000168950573244095
-0.000165120531915648
-0.000161391348899303
-0.000157759981652393
-0.000154223583900737
-0.000150779327444065
-0.000147424563253954
-0.00014415657980076
-0.000140973001107288
-0.00013787123415995
-0.000134848953166196
-0.000131903845188011
-0.000129033769263256
-0.000126236468110258
-0.000123509922610086
-0.000120852086626797
-0.000118260954382641
-0.000115734728902907
-0.000113271504333388
-0.000110869535801307
-0.000108527127964985
-0.000106242481374072
-0.000104014172650009
-0.00010184049102829
-9.97198848857683e-05
-9.76509934038337e-05
-9.56323759479942e-05
-9.36626088020842e-05
-9.17403365348823e-05
-8.98642876911552e-05
-8.80331800506879e-05
-8.62458360060325e-05
-8.45010031872592e-05
-8.27975989649818e-05
-8.11344056672546e-05
-7.95104336917641e-05
-7.79246294211804e-05
-7.63758941385361e-05
-7.48633935349906e-05
-7.33859760426464e-05
-7.19427786577351e-05
-7.0532996818178e-05
-6.91556148553834e-05
-6.78098682153521e-05
-6.64949387615912e-05
-6.52098985841917e-05
-6.39541567327476e-05
-6.27267462099084e-05
-6.15271054086832e-05
-6.0354414108324e-05
-5.92081025128939e-05
-5.80873619236961e-05
-5.69916027246888e-05
-5.59201601832323e-05
-5.48724442630174e-05
-5.38478387892057e-05
-5.28457551808774e-05
-5.1865672319385e-05
-5.0906971637229e-05
-4.99691838303223e-05
-4.90517652088123e-05
-4.81541708131177e-05
-4.7275942032225e-05
-4.64165984921424e-05
-4.55757340270015e-05
-4.47527456187169e-05
-4.39473456836611e-05
-4.31590195652016e-05
-4.23873923934628e-05
-4.16320281557175e-05
-4.0892546705646e-05
-4.01685839990299e-05
-3.94597067382961e-05
-3.87656670111601e-05
-3.8086012647843e-05
-3.74204182510573e-05
-3.67686036558784e-05
-3.61301028634461e-05
-3.5504785247599e-05
-3.48922299826228e-05
-3.42921761354001e-05
-3.37042839538184e-05
-3.31283130791528e-05
-3.25640308037017e-05
-3.20110297359566e-05
-3.14691901607942e-05
-3.09381355300998e-05
-3.04177081481048e-05
-2.99076586092691e-05
-2.94077025091729e-05
-2.89175894846599e-05
-2.84371524437208e-05
-2.79662328494548e-05
-2.75045312909615e-05
-2.70517553511494e-05
-2.66078228249577e-05
-2.61725661883735e-05
-2.57457106147908e-05
-2.53270727140291e-05
-2.49164940670125e-05
-2.45137517770175e-05
-2.41187993819151e-05
-2.37313416313335e-05
-2.33512652130079e-05
-2.29784171153389e-05
-2.26125770328791e-05
-2.22537150163905e-05
-2.19015062063033e-05
-2.15559218263292e-05
-2.12168232997215e-05
-2.08839745092747e-05
-2.05573974944161e-05
-2.02368136325334e-05
-1.99221751623355e-05
-1.96133127022521e-05
-1.93101357470808e-05
-1.90125313261328e-05
-1.87203634038525e-05
-1.84335135181514e-05
-1.81518617153457e-05
-1.78753268526669e-05
-1.76037028457148e-05
-1.73371129509525e-05
-1.70752065868588e-05
-1.68180185494921e-05
-1.65654416999822e-05
-1.63173020119811e-05
-1.6073655146172e-05
-1.58342664217972e-05
-1.55990807524104e-05
-1.53680643158361e-05
-1.51411651319008e-05
-1.49181634001884e-05
-1.46990615409458e-05
-1.44837954654096e-05
-1.42723129689063e-05
-1.40644004580566e-05
-1.38601533375848e-05
-1.36594433007533e-05
-1.34621510372594e-05
-1.32681889826388e-05
-1.3077586912112e-05
-1.28902237334604e-05
-1.27060378161438e-05
-1.25250003541599e-05
-1.23470408595006e-05
-1.21720470048438e-05
-1.19999656067567e-05
-1.18307970157219e-05
-1.16644854973283e-05
-1.15009686494821e-05
-1.13401338164144e-05
-1.11819439700917e-05
-1.10263861597429e-05
-1.08734152447322e-05
-1.07229775486776e-05
