0.000129291025693839
0.000130694375473641
0.000132116782262448
0.000133558556368372
0.000135020013976653
0.000136501477298703
0.000138003274674272
0.000139525740727913
0.00014106921648176
0.000142634049528246
0.000144220594133274
0.000145829211432045
0.000147460269525103
0.000149114143676046
0.000150791216450525
0.000152491877876732
0.000154216525620476
0.00015596556515342
0.000157739409914752
0.000159538481509466
0.000161363209879961
0.000163214033489407
0.000165091399531715
0.000166995764114354
0.000168927592460473
0.000170887359125385
0.000172875548203815
0.000174892653552412
0.000176939179005595
0.000179015638619589
0.000181122556887592
0.000183260469004041
0.00018542992109193
0.000187631470473262
0.000189865685925839
0.000192133147939569
0.000194434449011818
0.000196770193915564
0.000199140999980881
0.000201547497424263
0.000203990329615536
0.000206470153419683
0.00020898763949344
0.000211543472643069
0.00021413835213759
0.000216772992071116
0.000219448121725144
0.000222164485915224
0.000224922845382945
0.00022772397718833
0.000230568675085277
0.000233457749951152
0.000236392030204979
0.00023937236221461
0.000242399610773745
0.000245474659532561
0.000248598411473296
0.000251771789394952
0.000254995736395523
0.000258271216389932
0.00026159921463444
0.000264980738252235
0.000268416816790889
0.000271908502784094
0.000275456872344943
0.000279063025764505
0.0002827280881113
0.000286453209880904
0.000290239567652937
0.000294088364748132
0.000298000831921232
0.000301978228071642
0.000306021840985998
0.000310132988072435
0.000314313017142036
0.000318563307204492
0.000322885269281672
0.000327280347257917
0.000331750018743943
0.000336295795983658
0.000340919226732095
0.000345621895263928
0.0003504054232965
0.000355271471010682
0.00036022173810138
0.000365257964814958
0.000370381933063258
0.000375595467549374
0.000380900436928897
0.000386298755020055
0.000391792382012779
0.000397383325769613
0.000403073643127605
0.000408865441244404
0.000414760878995138
0.000420762168422714
0.00042687157617964
0.000433091425106823
0.000439424095766732
0.000445872028077859
0.000452437722998054
0.00045912374423704
0.000465932720041216
0.000472867345028815
0.000479930382094213
0.000487124664328417
0.000494453097076429
0.00050191865999398
0.000509524409191188
0.000517273479461747
0.000525169086550642
0.000533214529527535
0.000541413193222686
0.000549768550730439
0.000558284166003541
0.000566963696548331
0.000575810896189275
0.000584829617906958
0.000594023816804933
0.000603397553176632
0.000612954995617742
0.000622700424298863
0.000632638234336652
0.00064277293924445
0.000653109174538431
0.00066365170144366
0.000674405410717482
0.000685375326630535
0.000696566611029312
0.000707984567614089
0.000719634646277166
0.000731522447657438
0.000743653727796579
0.000756034403004339
0.00076867055483011
0.000781568435284535
0.000794734472157127
0.000808175274578959
0.000821897638736932
0.000835908553826662
0.000850215208173947
0.000864824995590616
0.000879745521941546
0.000894984611964186
0.000910550316290288
0.000926450918751527
0.000942694943915145
0.00095929116490866
0.000976248611513855
0.000993576578514759
0.00101128463442757
0.0010293826304332
0.00104788070973196
0.0010667893171461
0.00108611920914564
0.00110588146417219
0.00112608749337051
0.00114674905170437
0.00116787824944521
0.0011894875641452
0.00121158985297507
0.00123419836553764
0.00125732675717366
0.00128098910272266
0.00130519991079969
0.00132997413859881
0.00135532720724276
0.00138127501770434
0.00140783396728702
0.00143502096675944
0.00146285345809374
0.00149134943286185
0.00152052745135614
0.00155040666234728
0.00158100682367186
0.00161234832349061
0.00164445220244453
0.00167734017653722
0.00171103466096045
0.00174555879476036
0.00178093646645254
0.00181719234059817
0.0018543518853703
0.00189244140116741
0.00193148805031028
0.0019715198878273
0.00201256589345493
0.002054656004791
0.00209782115173078
0.00214209329219434
0.00218750544919254
0.0022340917493237
0.00228188746267317
0.00233092904426577
0.00238125417705933
0.00243290181655344
0.00248591223709138
0.00254032707988685
0.002596189402889
0.00265354373246571
0.00271243611709013
0.00277291418297347
0.00283502719181497
0.00289882610070352
0.00296436362422934
0.00303169429890499
0.00310087454998837
0.00317196276076135
0.00324501934434283
0.00332010681814835
0.00339728988108197
0.00347663549350094
0.0035582129601015
0.00364209401578815
0.00372835291460975
0.00381706652186468
0.0039083144094802
0.00400217895473307
0.00409874544241685
0.00419810217055981
0.00430034055976184
0.00440555526625364
0.00451384429876725
0.00462530913931209
0.00474005486789495
0.00485819029133803
0.00497982807619111
0.00510508488585561
0.00523408152197352
0.00536694307008453
0.00550379904970316
0.00564478356869268
0.00579003548210697
0.00593969855538639
0.00609392163195094
0.0062528588051173
0.00641666959433486
0.00658551912556089
0.00675957831571997
0.00693902406108361
0.00712403942932535
0.00731481385505538
0.00751154333847587
0.0077144306468125
0.00792368551809441
0.00813952486669371
0.00836217299003489
0.00859186177573639
0.00882883090824828
0.00907332807397796
0.00932560916372107
0.00958593847085987
0.00985458888374567
0.0101318420702343
0.0104179886520397
0.010713328366176
0.0110181702103041
0.0113328325680968
0.0116576433101878
0.0119929398654093
0.0123390692559277
0.0126963880888814
0.0130652624955683
0.0134460680075117
0.0138391893567357
0.0142450201849191
0.0146639626431197
0.0150964268599121
0.0155428302512155
0.0160035966394265
0.0164791551425063
0.0169699387851277
0.0174763827734163
0.0179989223616949
0.0185379902234499
0.0190940132185355
0.0196674084233884
0.0202585782597294
0.0208679045177561
0.0214957410206312
0.0221424046149393
0.0228081640939406
0.0234932265619916
0.0241977206244177
0.0249216756302818
0.0256649959973057
0.0264274293972992
0.0272085272640612
0.028007595685973
0.0288236342432537
0.0296552597207796
0.0305006108453317
0.0313572292335306
0.0322219105698376
0.0330905186499216
0.0339577533387117
0.0348168617726357
0.0356592804487593
0.0364741945276457
0.0372480003481512
0.0379636588683143
0.0385999332072054
0.039130515241316
0.0395230678969639
0.0397382458228876
0.0397288119034312
0.039439042517996
0.0388047054713368
0.037753982103792
0.0362097493543912
0.0340935772782197
0.0313315673239899
0.0278617303467287
0.0236420524716004
0.0186579193914084
0.0129274263145813
0.00650345311473482
-0.000527859797660032
-0.00805177316226803
-0.0159317521618108
-0.0240173204466939
-0.0321520877389366
-0.0401813415455788
-0.0479587547917331
-0.0553518520951224
-0.0622460467579944
-0.0685473795531718
-0.0741844347047576
-0.0791100476363245
-0.0833032409760197
-0.0867714556511185
-0.0895528240764662
-0.0917180936027812
-0.0933717789443575
-0.0946520328859093
-0.0957284806100194
-0.0967969455170555
-0.0980698520425943
-0.0997614434252407
-0.102068018536399
-0.105145075042561
-0.109085000208424
-0.113899915451829
-0.119513744720267
-0.125765505307399
-0.132423000182636
-0.139203699907008
-0.14579851372737
-0.151894508608147
-0.157193934885965
-0.161428420294754
-0.164368378646794
-0.165828431589641
-0.165670084174857
-0.163803053948336
-0.160186362992671
-0.154829484725782
-0.147792806398864
-0.139186032971956
-0.129163370904223
-0.117915321400839
-0.105658108140392
-0.0926224295722588
-0.079042906341653
-0.0651484385329666
-0.0511524442410288
-0.0372415596866776
-0.0235623476663078
-0.0102075379612966
0.00279477642265376
0.0154849381398325
0.0279656872408178
0.0403860970737333
0.0529182287730605
0.0657312453556324
0.0789680550508054
0.0927282514305147
0.107058902344321
0.121952600654986
0.137350861238535
0.15315060629219
0.169211861860386
0.185365526454285
0.20142089050045
0.21717326506312
0.232412408477661
0.246932270402854
0.260541910069751
0.273076504712529
0.284406573091029
0.294443414632919
0.303139590491902
0.31048477119053
0.316498662916439
0.3212232265436
0.3247158059252
0.327043546013457
0.328278380144073
0.328491485683135
0.327746563877658
0.326092272815545
0.323555103860695
0.320134461969114
0.315801455336647
0.310502029731674
0.30416398948164
0.296706583324608
0.288050969579547
0.278130007037871
0.266896255224011
0.254327580130369
0.240430175443153
0.225239053791746
0.208816190684582
0.191246642791646
0.172633173959727
0.153090110740299
0.132737164102156
0.11169378235823
0.0900743863192478
0.0679847112554533
0.0455194336698693
0.022761205512186
-0.0002188954224303
-0.0233596355902429
-0.0466068731702835
-0.0699101025497301
-0.0932186289922987
-0.116477701811581
-0.139624936222278
-0.162587362244642
-0.185279427732247
-0.20760222003461
-0.229444047978251
-0.250682374507007
-0.271186967713489
-0.290824073784395
-0.309461365900271
-0.326973308009583
-0.343246390329259
-0.358183574708687
-0.371707370819104
-0.383761226422264
-0.394309195220787
-0.403334027987798
-0.410833940803498
-0.416818420515924
-0.42130353857901
-0.424307305088464
-0.425845563459911
-0.42592881610349
-0.424560232447374
-0.421734968377601
-0.417440835604015
-0.411660283802726
-0.404373567653445
-0.395562848196616
-0.385216838333564
-0.373335491614761
-0.359934201698505
-0.345047040279227
-0.328728671945372
-0.311054690177764
-0.292120226670418
-0.27203686940818
-0.250928207642187
-0.228924586910701
-0.206157741178595
-0.182755848879432
-0.158839374068111
-0.134517935345886
-0.10988839425788
-0.0850342918025832
-0.0600266422980905
-0.034925946564522
-0.00978516723695337
0.0153466510107466
0.0404204437567505
0.0653831911236072
0.090174303137042
0.114722652347295
0.138944569033373
0.162743053899658
0.186008344134699
0.208619822159881
0.230449138405412
0.251364358186238
0.271234893332755
0.289936861155471
0.307358326695295
0.323403761752996
0.337997135943363
0.351083318863866
0.362627755212096
0.372614558600768
0.381043278412056
0.38792470018293
0.393276151131636
0.397116843709022
0.399463759562862
0.400328466883608
0.399715125114393
0.397619807844339
0.394031182482944
0.38893250772629
0.382304817661158
0.374131038312644
0.364400643633443
0.353114348699371
0.340288307526682
0.325957344304782
0.310176858048328
0.293023146892674
0.27459200678705
0.254995642918346
0.234358214342763
0.212810595548416
0.190485020208761
0.167510150288366
0.144006927803565
0.120085449254242
0.0958430537954146
0.0713637549877962
0.0467190276509117
0.0219698142658018
-0.00283050427272783
-0.0276324897268156
-0.0523867068447823
-0.077039783321203
-0.101530789833351
-0.125788267807332
-0.149728221433854
-0.173253329565601
-0.196253513474551
-0.218607849229622
-0.24018769484929
-0.26086084077851
-0.280496442984125
-0.298970380628842
-0.316170494718288
-0.33200104251508
-0.346385784462388
-0.359269383713941
-0.370617080344658
-0.380412785660381
-0.388655850436049
-0.395356867143365
-0.40053297747359
-0.404203217782521
-0.406384404566701
-0.407087952636362
-0.406317879708446
-0.404070128126352
-0.400333242430369
-0.395090364172784
-0.38832241337222
-0.380012202948376
-0.370149093483071
-0.358733686153394
-0.345782021119239
-0.331328809936875
-0.315429341789085
-0.298159809538255
-0.279615910041577
-0.259909756607339
-0.239165423613158
-0.217513706824138
-0.195086764958711
-0.172013186359753
-0.148413838866328
-0.124398743441436
-0.100065162726637
-0.0754970340635099
-0.0507657579792667
-0.0259322060328483
-0.00104969240818926
0.0238324071002866
0.0486647160826117
0.0733939186073681
0.0979591405155922
0.122288978230914
0.14629949134893
0.169893414499873
0.192960724466866
0.215380551479557
0.237024305145975
0.257759823968874
0.277456308098438
0.29598967743716
0.313247811344831
0.329135004339842
0.343575054087706
0.356512661482184
0.367913104852969
0.377760333867008
0.386053737157181
0.392803943904029
0.398028130777208
0.401745366923675
0.403972499157216
0.404720970054812
0.403994822709477
0.401790022840099
0.398095136927249
0.392893327663594
0.386165535981828
0.377894595887334
0.368069889385778
0.356692039368029
0.343777107798749
0.329359827847193
0.313495509787282
0.296260366689155
0.277750114381687
0.258076883665369
0.237364764928915
0.215744568785298
0.193348468217981
0.170305065905722
0.146735244590194
0.122749040880368
0.0984437336358718
0.0739032765644092
0.0491990861947745
0.024392049289578
-0.000464505794341054
-0.0253211901056914
-0.0501286148601756
-0.0748334521679571
-0.0993748159375935
-0.123681290376356
-0.147668922426359
-0.171240433670329
-0.194285787686421
-0.2166841017208
-0.238306773040365
-0.259021628778165
-0.278697858798668
-0.29721137364272
-0.314450043853462
-0.330318155227059
-0.344739496447975
-0.357658759021003
-0.369041211542061
-0.378870793807167
-0.387146884705309
-0.393880104052016
-0.399087619732334
-0.402788492823933
-0.404999562848411
-0.40573226585355
-0.404990639077726
-0.402770642907363
-0.399060838819654
-0.393844384635866
-0.38710221638887
-0.378817163063778
-0.368978601510474
-0.357587149373725
-0.344658863356508
-0.330228471429947
-0.314351278810935
-0.29710349373865
-0.278580827530098
-0.258895406866485
-0.238171318414145
-0.216539369358006
-0.194131729350232
-0.171076997607446
-0.147496053106714
-0.123498928336381
-0.0991828977549673
-0.0746319105569261
-0.0499173788433786
-0.0251001851981482
-0.000233654132107865
0.0246328289279762
0.0494498784946728
0.0741641698896395
0.0987148202959682
0.123030417374269
0.147027011753312
0.170607328914278
0.193661336448908
0.216068155579467
0.237699187342694
0.258422262304241
0.278106573383072
0.296628033868765
0.31387451690928
0.329750310948042
0.344179207496073
0.357105901106193
0.368495663592424
0.3783324380284
0.386615606513597
0.393355791896315
0.398570164837087
0.402277788887856
0.404495505733226
0.405234753294021
0.404499570440393
0.402285919018666
0.398582361873613
0.393372058176696
0.386635945348409
0.378356853823121
0.368524161954801
0.357138488919503
0.344215892945175
0.32979110349329
0.313919427213377
0.29667707369379
0.278159755484921
0.258479600357135
0.237760695920053
0.216133850200895
0.193731233680775
0.170681446494142
0.147105368701788
0.123113034064641
0.098801718466805
0.0742553726031903
0.0495454100593295
0.0247327148127732
-0.000129387360916743
-0.0249915098946864
-0.0498042662438206
-0.0745143306928519
-0.0990608193425119
-0.123372318674915
-0.147364878020194
-0.170941221450365
-0.19399131508051
-0.216394278657293
-0.238021511819074
-0.258740843869348
-0.278421466618644
-0.296939292366377
-0.31418219331217
-0.330054456906694
-0.34447987356383
-0.357403136622658
-0.368789516600248
-0.378622955250491
-0.386902833395661
-0.393639772702918
-0.398850942782993
-0.402555406285157
-0.404770004137207
-0.405506173633149
-0.404767953119016
-0.40255130398469
-0.398844788648997
-0.393631565854884
-0.386892572570297
-0.378610638746491
-0.368775142231887
-0.357386701690878
-0.344461374850853
-0.33003389069584
-0.314159555429074
-0.296914578232507
-0.278394671303077
-0.258711962123118
-0.237990538079961
-0.216361207021947
-0.193956139250436
-0.170903934666982
-0.147325473006562
-0.123330787598731
-0.0990171538083299
-0.074468521762649
-0.0497563044775931
-0.0249413853974097
-7.70898210957693e-05
0.0247871961054609
0.049602086222757
0.0743142551950514
0.0988628195292766
0.123176366165451
0.147170944955943
0.170749280555905
0.193801339704678
0.216206242781973
0.237835390031245
0.258556611304491
0.278239098895661
0.296758765540594
0.314003483866409
0.32987754178483
0.344304730231491
0.357229743129606
0.368617851620001
0.378452998084083
0.386734563938822
0.393473171384927
0.398685990488928
0.402392084272827
0.404608293958
0.405346057063985
0.40460941211035
0.402394320627337
0.398689345159637
0.393477644577233
0.38674015598531
0.378459709484314
0.368625683078918
0.357238695589598
0.344314804894073
0.329888740119673
0.314015807606875
0.296772216667685
0.278253679615216
0.258572324024242
0.237852237345528
0.216224227468734
0.193820464734676
0.170769549109531
0.147192360439795
0.123198932221382
0.0988865400319698
0.0743391342376324
0.0496281280946625
0.0248144052691864
-4.87087468517408e-05
-0.0249118276421812
-0.049725565108102
-0.0744365956583461
-0.0989840356293412
-0.123296471755607
-0.147289953640613
-0.170867205648271
-0.193918194195553
-0.216322039328496
-0.237950140969797
-0.258670328684499
-0.27835179452253
-0.296870451010863
-0.314114170581141
-0.329987240936079
-0.344413452769849
-0.357337499727704
-0.368724652647114
-0.378558853600652
-0.386839483711939
-0.393577164920276
-0.398789067072454
-0.402494253015433
-0.404709563838054
-0.405446436963798
-0.404708910844149
-0.402492946959742
-0.398787107815485
-0.393574552244964
-0.386836217317891
-0.378554933101765
-0.368720077574706
-0.357332269540723
-0.344407566870706
-0.329980698689705
-0.31410697133246
-0.296862594095598
-0.278343279266702
-0.258661154390001
-0.237940306886592
-0.216311544618222
-0.193907037893206
-0.170855386629892
-0.147277470602383
-0.123283323207527
-0.0989702199030348
-0.0744221109260175
-0.0497104094081662
-0.0248959989055824
-3.22048192581596e-05
0.0248315866137914
0.0496459891506799
0.0743576773739018
0.0989057677035238
0.123218846981845
0.147212964949146
0.170790846133513
0.193842457135059
0.216246918187169
0.237875629386753
0.258596420445281
0.278278483525155
0.296797731238217
0.314042036089389
0.329915685862855
0.344342471356534
0.357267086345806
0.368654801818183
0.378489560004149
0.386770742180074
0.393508970422557
0.398721414694121
0.402427137933582
0.40464298129882
0.405380382262711
0.404643379310909
0.40242793394823
0.398722608698117
0.393510562410258
0.386772732168694
0.378491948052
0.368657588043634
0.357270270944878
0.344346054616865
0.329919668171439
0.314046417931849
0.296802513188706
0.278283666228573
0.258602004595959
0.237881615709541
0.216253307425679
0.193849250049306
0.170798043505134
0.147220567590276
0.123226855743311
0.0989141834793225
0.074366501101205
0.0496552218064856
0.0248412292108018
-2.21512344827043e-05
-0.0248855332498696
-0.0496995305527844
-0.0744108176822597
-0.0989585110043793
-0.123271197292196
-0.147264926200164
-0.170842422156921
-0.193893651656672
-0.216297734831181
-0.237926071690554
-0.258646491882007
-0.278328187526505
-0.29684707120925
-0.314091015409909
-0.329964307874379
-0.344390739340434
-0.357315003500475
-0.368702371242883
-0.378536784692929
-0.386817625026172
-0.39355551423076
-0.398767622197774
-0.40247301181334
-0.404688524200386
-0.405425596812184
-0.404688268126722
-0.402472499648793
-0.39876685390601
-0.393554489752555
-0.386816344275422
-0.378535247553229
-0.368700577566117
-0.357312953108748
-0.344388432031192
-0.329961743429103
-0.314088193604617
-0.296843991824619
-0.27832485035478
-0.258642896728213
-0.237922218366696
-0.216293623144323
-0.193889281393428
-0.170837793067351
-0.147260037984715
-0.123266049593572
-0.0989531034053983
-0.0744051497093256
-0.0496936016836691
-0.0248793429233478
-1.56988598528328e-05
0.0248479442462351
0.0496622001329458
0.0743737433645103
0.0989216903406499
0.123234627878525
0.14722860568746
0.170806348259361
0.193857822154938
0.216262147569149
0.237890724565021
0.258611382827421
0.278293314499921
0.296812432180524
0.314056608361233
0.329930130809941
0.344356790303136
0.357281280589801
0.368668872628565
0.378503508621581
0.386784569819648
0.39352267827834
0.398735003943988
0.402440609744382
0.40465633683053
0.405393622671991
0.404656505753269
0.402440947578853
0.398735510671323
0.39352335387743
0.38678541427493
0.378504521932019
0.368670054816805
0.35728263171019
0.344358310447555
0.32993182010978
0.314058466985582
0.29681446032999
0.278295512397534
0.258613750708394
0.237893262668358
0.216264856132639
0.193860701414254
0.170809398450791
0.14723182705195
0.123238020664945
0.0989252548078582
0.074377479780912
0.0496661087742701
0.0248520253927912
-1.14449254111006e-05
-0.0248749159164683
-0.0496890013159079
-0.0744003756837274
-0.0989481554097826
-0.123260927292603
-0.147254741011616
-0.170832321016438
-0.193883633814261
-0.216287799537633
-0.237916218183102
-0.258636719369963
-0.278318495181043
-0.296837458160119
-0.314081480750164
-0.329954850673042
-0.344381358659801
-0.357305698414433
-0.368693140852464
-0.378527628137288
-0.38680854148757
-0.393546502934604
-0.398758682408253
-0.402464142826727
-0.404679725337307
-0.405416867409932
-0.404679607532404
-0.402463907214858
-0.398758328987206
-0.393546031705975
-0.386807952462774
-0.378526921345467
-0.368692316349909
-0.357304756293187
-0.344380299054406
-0.329953673762307
-0.314080186752793
-0.296836047322728
-0.278316967760145
-0.258635075609738
-0.237914458293701
-0.216285923676594
-0.193881642073982
-0.170830213418802
-0.147252517508931
-0.123258587773795
-0.0989456997097566
-0.0743978035948835
-0.0496863125994537
-0.0248721103133467
-8.52216460224851e-06
0.0248550655886417
0.0496692666856539
0.0743807556918957
0.0989286490078965
0.123241533451797
0.147235458734374
0.170813149349485
0.193864571860548
0.21626884646505
0.237897373227033
0.258617981829391
0.278299864408423
0.29681893354786
0.314063061717377
0.329936536655017
0.344363149101378
0.35728759276679
0.368675138571584
0.378509728683277
0.386790744323391
0.393528807524681
0.398741088217152
0.402446649317669
0.404662331970568
0.405399573642027
0.40466241281507
0.40244681099378
0.398741330700513
0.393529130781611
0.38679114831454
0.378510213367211
0.368675703908626
0.357288238722508
0.344363875650331
0.32993734378348
0.314063949426178
0.296819901854698
0.278300913349575
0.258619111460742
0.237898583623892
0.21627013772134
0.193865944086988
0.170814602670995
0.147236993287234
0.123243149380189
0.0989303464601684
0.0743825348176839
0.0496711276335925
0.0248570085060754
-6.49713046678781e-06
-0.0248700030118134
-0.0496841228703127
-0.0743955312610117
-0.09894334456875
-0.123256149589514
-0.147249996005204
-0.170827608275916
-0.193878952929267
-0.216283150129356
-0.237911599914991
-0.258632131955388
-0.278313938386918
-0.296832931805176
-0.314076984698422
-0.329950384823528
-0.344376922934016
-0.357301292744324
-0.368688765169222
-0.37852328236315
-0.386804225530381
-0.393542216685212
-0.398754425740591
-0.402459915599243
-0.404675527395803
-0.405412698590903
-0.404675467666923
-0.40245979613167
-0.398754246516562
-0.393541977681417
-0.386803926722153
-0.378522923729728
-0.368688346699283
-0.357300814442229
-0.344376384824503
-0.329949786955312
-0.314076327146006
-0.296832214667269
-0.278313161782721
-0.258631296017543
-0.237910704780843
-0.216282195931357
-0.193877939785521
-0.170826536282934
-0.147248865232794
-0.123254960078672
-0.0989420963327712
-0.074394224288906
-0.0496827571322269
-0.024868578465288
-5.01372693618849e-06
0.0248585508161188
0.0496727288969493
0.0743841950757242
0.0989320657490694
0.123244927731616
0.147238830730917
0.170816499237655
0.19386789981195
0.216272152647675
0.237900657805813
0.258621244966744
0.27830310626557
0.296822154286502
0.314066261501245
0.329939715651278
0.344366307480846
0.357290730703161
0.368678256240541
0.378512826260446
0.386793821983531
0.393531865440955
0.398744126561256
0.402449668260434
0.404665331683437
0.405402554297738
0.404665374589119
0.402449754064889
0.398744255250719
0.393532036995806
0.386794036379232
0.378513083468839
0.368678556231296
0.357291073445387
0.344366692944693
0.329940143809296
0.31406673232911
0.29682266776297
0.278303662372188
0.258621843687197
0.237901299126438
0.216272836559234
0.193868626312558
0.170817268335653
0.147239642446997
0.123245782098881
0.0989329628115439
0.074385134885185
0.049673711509243
0.024859576288122
-3.94533999595608e-06
-0.0248674671103716
-0.0496816027577403
-0.0743930268422048
-0.098940855756411
-0.123253676305285
-0.147247538180381
-0.170825165850153
-0.193876525848073
-0.216280738340775
-0.237909203364473
-0.25862975058202
-0.278311572119679
-0.296830580561033
-0.314074648382639
-0.329948063331916
-0.344374616157037
-0.357299000571388
-0.368686487493039
-0.378521019082855
-0.386801976553039
-0.393539981926279
-0.39875220512347
-0.40245770905422
-0.404673334858682
-0.40541052000054
-0.40467330296328
-0.402457645252372
-0.398752109392822
-0.393539854234033
-0.386801816856464
-0.378520827331236
-0.368686263630359
-0.357298744540025
-0.344374327902702
-0.329947742807956
-0.314074295554145
-0.296830195406994
-0.278311154633089
-0.258629300767107
-0.237908721232539
-0.216280223904719
-0.193875979117368
-0.170824586826861
-0.147246926857498
-0.123253032666323
-0.0989401797760739
-0.0743923184884916
-0.049680861993561
-0.024866693896335
-3.13963559387187e-06
0.0248604145229027
0.049674582313161
0.0743860382949987
0.0989338988618307
0.123246750821322
0.14724064386938
0.170818302480979
0.193869693197416
0.21627393619277
0.23790243151005
0.25862300881606
0.278304860238144
0.29682389835911
0.314067995654413
0.329941439872747
0.344368021767162
0.357292435059412
0.368679950679158
0.378514510799707
0.386795496645536
0.393533530250083
0.39874578154286
0.402451313440236
0.404666967087009
0.405404179951564
0.404666990521629
0.402451360308665
0.398745851845935
0.393533623993857
0.386795613847325
0.378514651493783
0.368680114922382
0.357292622934327
0.34436823338222
0.329941675357605
0.314068255150976
0.296824182009905
0.278305168173777
0.258623341145066
0.237902788313209
0.216274317522894
0.193870099083669
0.170818732935378
0.147241098894725
0.123247230417572
0.0989344030306788
0.074386567042554
0.0496751356507568
0.024860992467175
-2.53706413942081e-06
-0.0248660666741571
-0.0496802100959198
-0.0743916418908053
-0.0989394784560016
-0.123252306604883
-0.147246176040788
-0.170823811246399
-0.193875178769485
-0.216279398787098
-0.237907871339333
-0.258628426082299
-0.278310255124206
-0.296829271021714
-0.314073346219202
-0.329946768433177
-0.344373328387551
-0.357297719780726
-0.368685213527098
-0.378519751792359
-0.386800715801031
-0.393538727591065
-0.398750957099739
-0.402456467252092
-0.404672099201245
-0.405409290422207
-0.404672079407012
-0.402456427668742
-0.398750897739285
-0.393538648474745
-0.386800616962759
-0.37851963328277
-0.368685075415637
-0.357297562157032
-0.344373151358726
-0.329946572118992
-0.314073130744392
-0.296829036507563
-0.278310001680264
-0.258628153800819
-0.23790758029326
-0.216279089030701
-0.19387485034154
-0.170823464173842
-0.147245810341758
-0.123251922290844
-0.0989390755328483
-0.0743912203595562
-0.0496797699530333
-0.0248656079128858
-2.05967556189035e-06
0.0248614884926394
0.0496756503227502
0.0743871003691118
0.0989349550179184
0.123247801068957
0.147241688210682
0.170819340911535
0.193870725708817
0.21627496277623
0.237903452160505
0.258624023536817
0.278305869045257
0.296824901285322
0.314068992751858
0.329942431212929
0.344369007439705
0.357293415168682
0.368680925339776
0.378515480131646
0.386796460770095
0.393534489286537
0.398746735606625
0.402452262641353
0.404667911530422
0.40540511973648
0.404667925741478
0.402452291050642
0.398746778189308
0.393534546008188
0.386796531589249
0.378515565004757
0.368681024225877
0.357293528035777
0.344369134269837
0.329942572007127
0.314069147531884
0.296825070092224
0.278306051933981
0.258624220568711
0.237903663395247
0.216275188264512
0.193870965489182
0.170819595008715
0.147241956636826
0.123248083825294
0.098935252097183
0.0743874117573957
0.0496759760016091
0.0248618284412119
-1.70547820720919e-06
-0.0248652394842724
-0.0496793873039041
-0.0743908234894223
-0.0989386644259739
-0.12325149691157
-0.147245370632104
-0.17082301005158
-0.193874381700747
-0.21627860574428
-0.23790708221727
-0.25862764078021
-0.278309473555885
-0.296828493122252
-0.314072571949661
-0.329945997780031
-0.344372561359293
-0.357296956402302
-0.368684453833382
-0.37851899582348
-0.386799963597393
-0.393537979191774
-0.398750212540369
-0.4024557265649
-0.404671362415162
-0.40540855756313
-0.404671350498425
-0.402455702731446
-0.398750176790972
-0.393537931529024
-0.386799904027487
-0.378518924357538
-0.368684370489344
-0.357296861205451
-0.344372454343216
-0.329945878986031
-0.314072441427255
-0.296828350929407
-0.278309319758144
-0.258627475450372
-0.237906905432308
-0.216278417582789
-0.19387418223789
-0.17082279935412
-0.147245148754171
-0.123251263891632
-0.0989384202849543
-0.0743905682309483
-0.0496791209155769
-0.024864961940548
-1.41674307787953e-06
0.0248621284115282
0.0496762872557068
0.0743877343466796
0.0989355860746351
0.123248429244386
0.147242313550718
0.170819963469682
0.193871345548318
0.216275579970894
0.237904066794821
0.258624635703823
0.278306478841427
0.296825508802993
0.314069598069998
0.329943034388264
0.344369608500678
0.357294014113719
0.368681522139201
0.378516074733738
0.386797053107771
0.393535079284239
0.398747323186076
0.402452847725596
0.404668494046082
0.40540569961558
0.40466850292097
0.402452865473123
0.398747349802576
0.393535114764952
0.386797097446785
0.378516127924797
0.368681584174178
0.357294084980714
0.344369688182848
0.329943122862451
0.314069695307633
0.296825614774622
0.278306593522102
0.258624759080934
0.237904198873457
0.216275720776326
0.193871495124843
0.170820121875853
0.147242480853518
0.123248605512439
0.0989357713728102
0.0743879287331924
0.0496764907807779
0.0248623411185642
-1.19481640628465e-06
-0.0248647307591915
-0.0496788804441523
-0.0743903184314076
-0.098938161114165
-0.123250995300758
-0.147244870688151
-0.170822511753776
-0.193873885042222
-0.216278110732873
-0.237906588874719
-0.258627149141307
-0.278308983666595
-0.296828005039204
-0.314072085737341
-0.329945513509562
-0.344372079104273
-0.357296476235619
-0.368683975821698
-0.378518520024123
-0.386799490056003
-0.393537507940866
-0.398749743600705
-0.402455259946858
-0.404670898121543
-0.405408095591946
-0.404670890845157
-0.402455245392493
-0.39874972176534
-0.393537478820896
-0.386799453648317
-0.37851847632736
-0.368683924837342
-0.357296417970058
-0.344372013569574
-0.32994544072286
-0.314072005720131
-0.296827917814386
-0.278308889254906
-0.258627047556328
-0.237906480120836
-0.216277994802754
-0.193873761917898
-0.17082238140782
-0.147244733086831
-0.12325085040568
-0.0989380088842826
-0.0743901588237823
-0.049678713414993
-0.0248645562635709
-1.01280890288619e-06
0.024862530683291
0.0496766879489781
0.0743881335505099
0.0989359838847429
0.123248825763501
0.147242708886904
0.170820357732669
0.193871738842493
0.216275972388178
0.237904458405258
0.258625026548418
0.278306868927982
0.296825898105017
0.314069986530678
0.329943421927289
0.344369995023109
0.357294399518707
0.368681906327057
0.378516457611542
0.386797434592216
0.393535459303083
0.398747701677491
0.402453224637034
0.404668869332169
0.405406073235018
0.404668874834738
0.402453235641097
0.398747718181123
0.393535481305638
0.386797462096722
0.378516490626738
0.368681944871227
0.357294443621225
0.344370044727184
0.329943477289886
0.314070047622139
0.296825965006941
0.278306941729781
0.258625105342498
0.237904543282499
0.216276063432238
0.193871836126161
0.170820461313821
0.147242818808126
0.123248942051476
0.0989361065515047
0.0743882625957697
0.0496768233627453
0.0248626724483968
-8.64714614164195e-07
-0.0248644018641661
-0.0496785527361242
-0.0743899918908251
-0.098937835721907
-0.123250671038222
-0.147244547539648
-0.170822189708314
-0.193873564097054
-0.216277790896323
-0.237906270170277
-0.25862683160903
-0.278308667363229
-0.296827690034015
-0.314071772108544
-0.32994520133546
-0.344371768457743
-0.357296167177965
-0.368683668399977
-0.378518214269785
-0.386799185985672
-0.393537205558333
-0.398749442899583
-0.402454960912809
-0.404670600734624
-0.405407799826992
-0.404670596673425
-0.402454952780288
-0.398749430674252
-0.39353718920545
-0.386799165454467
-0.378518189490208
-0.368683639279916
-0.357296133601464
-0.3443717302875
-0.329945158415684
-0.314071724274132
-0.296827637121485
-0.278308609221322
-0.258626768110603
-0.237906201218034
-0.216277716425943
-0.193873484074944
-0.170822104125714
-0.147244456406167
-0.123250574374505
-0.0989377335531796
-0.074389884243576
-0.0496784396346303
-0.0248642833309995
-7.40771251798024e-07
0.0248628017771444
0.0496769580459134
0.0743884025909387
0.0989362517995847
0.123249092472478
0.147242974296899
0.170820621739056
0.193872001331585
0.21627623324278
0.237904717512546
0.258625283809258
0.278307124266261
0.296826151475783
0.314070237924744
0.329943671373117
0.344370242582244
0.357294645279173
0.368682150394534
0.3785167000992
0.386797675612826
0.393535698963924
0.398747940075756
0.402453461859444
0.404669105455734
0.405406308329197
0.404669108964453
0.40245346886955
0.39874795057334
0.393535712931607
0.386797693031967
0.378516720954412
0.368682174679438
0.357294673001668
0.34437027376911
0.329943706074371
0.314070276214903
0.296826193451021
0.278307170039513
0.258625333501431
0.237904771242374
0.216276291117414
0.193872063440376
0.170820688148312
0.147243045050483
0.12324916759131
0.0989363312864511
0.0743884864334897
0.0496770462209356
0.0248628942554277
-6.44022922312941e-07
-0.024864182345255
-0.0496783344428305
-0.0743897748718132
-0.0989376200229175
-0.123250456700608
-0.147244334598422
-0.170821978188388
-0.193873354010255
-0.216277582236645
-0.237906062909486
-0.258626625695061
-0.278308462719247
-0.296827486562778
-0.314071569697298
-0.329944999865423
-0.34437156781179
-0.357295967248608
-0.368683469094618
-0.378518015513753
-0.386798987721526
-0.393537007745262
-0.3987492455102
-0.402454763929926
-0.404670404148278
-0.405407603632272
-0.404670400868066
-0.40245475736395
-0.398749235647113
-0.393536994569625
-0.386798971213856
-0.378517995652969
-0.368683445859512
-0.357295940620739
-0.344371537778767
-0.329944966424474
-0.314071532856322
-0.296827446342755
-0.27830841915301
-0.258626578823933
-0.237906012778449
-0.216277528889874
-0.193873297485708
-0.170821918513758
-0.14724427178946
-0.123250390759338
-0.0989375509381715
-0.0743897026192431
-0.0496782589877711
-0.0248641036439067
-5.62023775541503e-07
0.024862979607799
0.0496771349851529
0.0743885786666994
0.0989364270428115
0.123249266916995
0.14724314797989
0.170820794699707
0.193872173611743
0.216276404883976
0.237904888555939
0.25862545429441
0.278307294228722
0.296826320947281
0.314070406931805
0.32994383993728
0.344370410719712
0.357294813000682
0.36868231770679
0.378516867005492
0.38679784211394
0.393535865057921
0.398748105760096
0.402453627130556
0.404669270308017
0.405406472755868
0.404669272955732
0.402453632411764
0.398748113649418
0.393535875517879
0.386797855099885
0.378516882469479
0.368682335602728
0.357294833290141
0.344370433378507
0.329943864961827
0.314070434341751
0.29682635078501
0.278307326557956
0.258625489192082
0.237904926103259
0.216276445157601
0.193872216677131
0.170820840606489
0.147243196759786
0.123249318584199
0.0989364815962964
0.0743886360926561
0.049677195260937
0.0248630427036246
-4.96141158614476e-07
-0.0248640350097515
-0.0496781876361614
-0.0743896285825812
-0.098937474243616
-0.123250311429018
-0.147244189837362
-0.170821833945352
-0.193873210296217
-0.216277439064356
-0.237905920293687
-0.258626483649183
-0.278308321255862
-0.296827345691745
-0.314071429425348
-0.329944860195441
-0.344371428743604
-0.357295828778789
-0.368683331217307
-0.378517878221918
-0.386798851008358
-0.39353687160463
-0.398749109936598
-0.402454628919133
-0.404670269696631
-0.405407469737251
-0.40467026752669
-0.402454624573401
-0.398749103405489
-0.393536862874477
-0.386798840064346
-0.378517865050688
-0.368683315808659
-0.357295811128285
-0.344371408855495
-0.329944838081582
-0.314071405104604
-0.296827319188945
-0.278308292597921
-0.258626452861647
-0.237905887397913
-0.216277404075661
-0.193873173222853
-0.170821794789513
-0.14724414859461
-0.123250268090559
-0.0989374287960196
-0.0743895810104552
-0.0496781379212863
-0.0248639831313689
-4.42078534583768e-07
0.0248630989732999
0.0496772537600602
0.0743886968437076
0.0989365446204537
0.123249383900908
0.147243264385189
0.170820910551613
0.193872288945382
0.216276519743335
0.237905002990643
0.258625568353507
0.278307407957006
0.29682643437966
0.314070520090053
0.32994395282847
0.344370523337627
0.35729492532917
0.368682429722999
0.378516978682657
0.386797953425268
0.393535975978875
0.398748216269445
0.402453737210802
0.404669379947728
0.405406581948054
0.404669381699787
0.402453740714256
0.398748221522948
0.393535982982784
0.386797962183992
0.378516989207911
0.368682442036818
0.357294939466128
0.344370539346045
0.329943970769802
0.314070540034504
0.296826456400821
0.27830743212482
0.258625594726408
0.237905031611947
0.216276550637796
0.193872322118288
0.170820945993976
0.147243302075247
0.123249423810417
0.098936586717284
0.0743887410957688
0.0496773001367015
0.0248631474468781
-3.91532187705991e-07
-0.0248639305332703
-0.0496780832890877
-0.0743895243605586
-0.0989373701444964
-0.123250207454284
-0.147244085995381
-0.170821730253549
-0.193873106784336
-0.216277335776742
-0.237905817287523
-0.25862638099455
-0.278308219029865
-0.296827243974193
-0.31407132829254
-0.32994475971392
-0.344371328966598
-0.357295729745048
-0.368683232951456
-0.3785177807353
-0.38679875430299
-0.393536775675792
-0.398749014776052
-0.402454534517786
-0.404670176047308
-0.405407376835303
-0.404670175371988
-0.402454533169509
-0.398749012759725
-0.393536772997983
-0.386798750968944
-0.378517776745522
-0.368683228299497
-0.357295724411555
-0.344371322915967
-0.329944752890728
-0.314071320618832
-0.296827235352545
-0.278308209344881
-0.258626370122008
-0.237905805101257
-0.216277322156806
-0.193873091623769
-0.170821713460517
-0.147244067495182
-0.123250187188081
-0.0989373480649051
-0.0743895004298263
-0.049678057473966
-0.0248639028028493
-3.61854764598487e-07
0.0248631791057482
0.0496773338145751
0.0743887768349693
0.0989366245635598
0.123249463812689
0.147243344282634
0.170820990453282
0.193872368870304
0.216276599710802
0.237905083019651
0.258625648461737
0.278307488160864
0.296826514690768
0.314070600516126
0.329944033371126
0.344370603992351
0.357295006086006
0.368682510567537
0.378517059598897
0.386798034397005
0.393536056991451
0.398748297310723
0.40245381827293
0.404669461025116
0.405406663039024
0.404669462803429
0.402453821829137
0.398748302645113
0.393536064103548
0.386798043285725
0.378517070261594
0.368682523000828
0.357295020283058
0.344370619943418
0.329944051063335
0.314070619932636
0.296826535808938
0.278307510952865
0.258625672895834
0.237905109057881
0.21627662731233
0.193872397991032
0.170821021049172
0.147243376310071
0.123249497228847
0.0989366593276594
0.0743888129076106
0.049677371157872
0.0248632176825039
-3.22080363779025e-07
-0.0248638618663697
-0.0496780154101583
-0.0743894572728536
-0.0989373038476052
-0.123250141942045
-0.147244021250838
-0.170821666245327
-0.193873043464339
-0.216277273076954
-0.237905755121942
-0.258626319261201
-0.278308157618891
-0.296827182774003
-0.314071267197912
-0.329944698635145
-0.344371267832617
-0.357295668505072
-0.368683171576447
-0.378517719214662
-0.386798692639758
-0.393536713882106
-0.398748952871708
-0.402454472523907
-0.404670113986445
-0.405407314727617
-0.404670113234462
-0.402454471017853
-0.398748950605413
-0.393536710849917
-0.386798688834132
-0.378517714630966
-0.368683166212996
-0.357295662366311
-0.344371260931244
-0.329944690993622
-0.314071258847085
-0.296827173751526
-0.278308147966265
-0.258626309019024
-0.237905744324069
-0.216277261748648
-0.193873031617523
-0.170821653878713
-0.147244008350954
-0.123250128486443
-0.0989372898051218
-0.0743894426077673
-0.0496780000852636
-0.0248638458430482
-3.05321155815142e-07
0.0248632352139386
0.0496773894962815
0.07438883208576
0.0989366793783049
0.123249518183797
0.147243398204079
0.170821043920074
0.1938724218809
0.216276652270242
0.237905135140286
0.258625700167326
0.278307539483097
0.296826565671202
0.314070651201316
0.3299440838096
0.344370654231799
0.357295056168797
0.368682560529918
0.378517109468553
0.386798084194479
0.393536106730413
0.398748346999347
0.40245386791591
0.404669510624442
0.405406712595138
0.404669512316599
0.402453871300375
0.398748352076158
0.393536113497091
0.38679809264597
0.378517119593511
0.368682572308238
0.357295069569378
0.344370669209439
0.329944100306088
0.314070669144753
0.296826584980232
0.278307560072133
0.258625721950051
0.237905158037221
0.216276676209164
0.193872446801885
0.170821069773266
0.147243424948489
0.123249545785098
0.0989367078058256
0.0743888613132353
0.0496774194960044
0.024863265959492
-2.73859121805457e-07
-0.0248638136949792
-0.049677967285092
-0.0743894091911052
-0.09893725581011
-0.123250093953061
-0.147243973319332
-0.170821618387367
-0.193872995701312
-0.216277225437742
-0.237905707641338
-0.258626271979887
-0.278308110580227
-0.296827136021476
-0.31407122077413
-0.32994465257736
-0.344371222170007
-0.35729562326012
-0.368683126760995
-0.378517674831444
-0.38679864868453
-0.39353667034524
-0.398748909738896
-0.402454429779537
-0.404670071612439
-0.405407272706479
-0.404670071550031
-0.402454429654006
-0.398748909547446
-0.393536670083954
-0.38679864834866
-0.378517674415053
-0.368683126257433
-0.357295622662241
-0.344371221470605
-0.329944651768507
-0.314071219847013
-0.296827134965398
-0.278308109381233
-0.258626270619779
-0.237905706096495
-0.216277223678362
-0.193872993692154
-0.170821616090145
-0.147243970692166
-0.123250090953937
-0.0989372523976558
-0.0743894053256528
-0.0496779629280983
-0.0248638088117198
-2.6841498081903e-07
0.0248632719967225
0.0496774261589467
0.0743888686345646
0.0989367158210367
0.123249554530994
0.147243434466938
0.170821080109875
0.193872458008861
0.216276688343192
0.237905171159774
0.258625736127017
0.27830757536895
0.296826601461247
0.314070686868191
0.329944119322532
0.344370689559788
0.357295091283462
0.368682595406603
0.378517144087718
0.386798118541778
0.393536140796118
0.398748380777526
0.402453901403413
0.404669543820921
0.405406745501307
0.404669544934226
0.402453903632239
0.398748384126893
0.393536145272193
0.386798124152617
0.378517150843506
0.36868260331681
0.35729510035719
0.344370699803175
0.329944130737798
0.314070699451541
0.296826615200399
0.278307590242092
0.258625752102494
0.237905188196621
0.216276706392951
0.193872477018214
0.170821100023145
0.147243455228169
0.123249576086723
0.0989367381204265
0.0743888916307073
0.0496774498081638
0.0248632962584473
-2.43579527001987e-07
-0.0248637834398629
-0.0496779370571716
-0.0743893789940472
-0.0989372256466833
-0.123250063827601
-0.147243943237781
-0.170821588360038
-0.193872965740955
-0.216277195561558
-0.237905677870992
-0.258626242340367
-0.278308081096952
-0.296827106722127
-0.314071191681521
-0.329944623711951
-0.344371193549077
-0.357295594895666
-0.368683098661818
-0.3785176470038
-0.386798621133265
-0.393536643074086
-0.398748882750936
-0.402454403079183
-0.40467004520458
-0.405407246596943
-0.404670045745295
-0.402454404160845
-0.398748884373608
-0.393536645235436
-0.386798623829134
-0.378517650225938
-0.36868310239574
-0.357295599119025
-0.344371198231396
-0.329944628813841
-0.314071197153392
-0.296827112506118
-0.27830808712958
-0.25862624855208
-0.237905684191379
-0.216277201919263
-0.193872972067259
-0.170821594589854
-0.147243949310888
-0.123250069687266
-0.098937231241989
-0.0743893842787166
-0.0496779419878297
-0.0248637879753131
-2.47680062303858e-07
0.0248632926324777
0.0496774466974088
0.0743888890769627
0.0989367361677014
0.123249574781354
0.147243454618425
0.17082110015838
0.193872477947914
0.216276708166101
0.237905190861353
0.25862575570238
0.278307594817688
0.296826620787071
0.314070706079955
0.329944138432049
0.34437070858268
0.357295110235752
0.368682614303592
0.378517162944572
0.386798137369735
0.393536159605311
0.398748399575616
0.402453920196082
0.404669562612368
0.405406764295322
0.404669563733938
0.402453922441035
0.398748402946663
0.39353616410534
0.386798143001203
0.378517169707381
0.36868262219485
0.357295119246009
0.344370718696768
0.329944149626837
0.314070718322553
0.296826634037928
0.278307609027307
0.258625770814539
0.237905206814402
0.216276724894598
0.193872495383991
0.170821118235229
0.14724347327124
0.123249593949161
0.0989367557928792
0.0743889091066451
0.0496774670826217
0.0248633133287884
-2.267153832057e-07
-0.0248637667843455
-0.0496779206126037
-0.0743893627618937
-0.0989372096300059
-0.12325004802925
-0.147243927660443
-0.170821573005487
-0.193872950611753
-0.216277180658584
-0.237905663193571
-0.258626227885648
-0.278308066862091
-0.296827092699169
-0.314071177864891
-0.329944610092584
-0.344371180117351
-0.357295581643103
-0.368683085579984
-0.378517634085784
-0.386798608372336
-0.393536630465285
-0.398748870289471
-0.402454390761721
-0.404670033027608
-0.405407234558514
-0.404670033843872
-0.40245439239561
-0.398748872743719
-0.393536633742162
-0.386798612474784
-0.378517639013533
-0.368683091329042
-0.357295588205007
-0.344371187475952
-0.329944618222777
-0.314071186733714
-0.296827102264468
-0.278308077069812
-0.258626238676789
-0.237905674501737
-0.216277192414661
-0.193872962745536
-0.170821585448624
-0.147243940346845
-0.123250060896485
-0.0989372226224988
-0.0743893758286274
-0.0496779337062835
-0.0248637798621429
-2.39736311932464e-07
0.024863300405144
0.0496774542981448
0.074388896504166
0.0989367434209469
0.123249581861211
0.147243461527395
0.17082110690154
0.193872484532597
0.216276714603593
0.237905197163122
0.2586257618836
0.278307600894326
0.296826626774588
0.314070711992365
0.329944144283788
0.344370714383606
0.357295115994255
0.368682620026496
0.378517168634326
0.386798143028314
0.393536165231921
0.398748405168608
0.402453925753539
0.404669568130292
0.405406769770197
0.404669569161885
0.402453927817145
0.398748408266315
0.393536169363589
0.386798148191963
0.378517174823812
0.368682627230187
0.357295124191736
0.344370723545115
0.329944154370039
0.314070722953608
0.29682663855102
0.278307613418433
0.258625775082323
0.237905210959282
0.216276728918751
0.193872499291948
0.170821122032084
0.147243476962589
0.123249597540956
0.0989367592902299
0.0743889125147922
0.0496774704068528
0.0248633165725453
-2.23548536959857e-07
-0.0248637636899205
-0.0496779175874384
-0.07438935980391
-0.0989372067370601
-0.123250045199764
-0.147243924895306
-0.170821570306516
-0.193872947981371
-0.216277178103014
-0.237905660720504
-0.258626225504853
-0.278308064584076
-0.296827090538073
-0.314071175833359
-0.329944608204056
-0.344371178384892
-0.357295580077457
-0.368683084190639
-0.378517632879747
-0.386798607355424
-0.393536629641213
-0.398748869660065
-0.40245439032884
-0.404670032792329
-0.405407234521061
-0.40467003400386
-0.402454392754112
-0.398748873302271
-0.393536634502005
-0.386798613436703
-0.37851764017894
-0.368683092699499
-0.357295589779622
-0.344371189254872
-0.329944620202437
-0.314071188910048
-0.296827104629885
-0.278308079616482
-0.258626241394845
-0.237905677380058
-0.216277195442204
-0.193872965912094
-0.170821588745007
-0.147243943765189
-0.123250064430965
-0.0989372262678595
-0.0743893795799934
-0.0496779375601581
-0.0248637838153249
-2.43784683898553e-07
0.0248632962664779
0.0496774500743306
0.0743888922027849
0.0989367390500494
0.12324957743087
0.147243457049304
0.170821102387119
0.193872479994875
0.216276710052739
0.237905192607892
0.258625757328784
0.2783075963406
0.296826622217857
0.314070707425154
0.329944139693711
0.344370709758291
0.357295111319351
0.368682615287759
0.378517163820773
0.386798138129655
0.393536160240237
0.398748400077966
0.402453920558908
0.404669562829393
0.405406764360079
0.404669563640841
0.402453922184949
0.398748402522106
0.393536163507895
0.386798142225161
0.378517168746479
0.368682621044066
0.357295117899854
0.344370717150729
0.329944147877234
0.314070716368571
0.296826631879102
0.278307606665467
0.258625768253538
0.23790520405817
0.216276721948462
0.193872492253858
0.170821114926085
0.147243469788628
0.123249590296375
0.0989367519747089
0.0743889051261941
0.0496774629433934
0.0248633090323618
-2.31166552675181e-07
-0.0248637713889075
-0.0496779253705625
-0.0743893676761598
-0.0989372147044585
-0.123250053271584
-0.147243933082511
-0.170821578623693
-0.193872956446758
-0.216277186735228
-0.237905669541513
-0.258626234536528
-0.278308073848571
-0.296827100053723
-0.314071185616629
-0.329944618266376
-0.344371188734418
-0.357295590717148
-0.368683095121075
-0.378517644100027
-0.386798618862217
-0.393536641429822
-0.398748881728556
-0.402454402674091
-0.404670045410835
-0.405407247411609
-0.404670047166168
-0.402454406186409
-0.398748887001262
-0.393536648464019
-0.386798627656055
-0.378517654646676
-0.368683107401927
-0.357295604701359
-0.344371204377028
-0.32994463550452
-0.314071204370869
-0.296827120229228
-0.278308095338437
-0.25862625722444
-0.237905693308164
-0.216277211463363
-0.19387298202148
-0.170821604941366
-0.147243960047631
-0.123250080798112
-0.0989372427190754
-0.0743893961145336
-0.0496779541754849
-0.0248638005095617
-2.60556768296258e-07
0.0248632794181591
0.0496774331508284
0.0743888752038056
0.0989367219740551
0.123249560275481
0.147243439809324
0.170821085056285
0.193872462566018
0.216276692517657
0.237905174959217
0.258625739561771
0.27830757845165
0.296826604209974
0.314070689302629
0.329944121465321
0.344370691434359
0.357295092911295
0.368682596808205
0.378517145279148
0.386798119534514
0.393536141597823
0.398748381392305
0.402453901832427
0.404669544064201
0.405406745557046
0.404669544800845
0.402453903307937
0.398748383609624
0.393536144559259
0.386798123240029
0.378517149724495
0.36868260198157
0.357295098793527
0.344370697993417
0.329944128659971
0.314070697079174
0.296826612506264
0.27830758719476
0.258625748671425
0.237905184350462
0.216276702101836
0.193872472254574
0.170821094760536
0.147243449446197
0.123249569766547
0.0989367312473241
0.0743888841935107
0.0496774417978608
0.0248632876688085
-2.52753113102375e-07
-0.024863793202545
-0.0496779474137043
-0.0743893899484715
-0.0989372372057511
-0.123250075996482
-0.147243956022261
-0.170821601764616
-0.193872979770037
-0.216277210217228
-0.237905693152923
-0.258626258245915
-0.278308097622753
-0.296827123863645
-0.314071209435456
-0.329944642076956
-0.344371212525847
-0.357295614487916
-0.368683118876715
-0.378517667850455
-0.386798642621176
-0.393536665215604
-0.398748905558333
-0.40245442656476
-0.404670069379933
-0.405407271474856
-0.404670071339912
-0.402454430484514
-0.398748911440004
-0.393536673059299
-0.386798652423082
-0.37851767960246
-0.368683132564943
-0.357295630090986
-0.344371230012185
-0.329944661405772
-0.314071230556784
-0.296827146717722
-0.278308122140831
-0.258626284351073
-0.237905720761813
-0.216277239240661
-0.193873010115744
-0.17082163334053
-0.147243988737567
-0.123250109765226
-0.0989372719481131
-0.0743894255925225
-0.0496779838922293
-0.0248638304546141
-2.90722480822522e-07
0.0248632490394197
0.0496774025624181
0.0743888444103129
0.0989366909792107
0.123249529081374
0.147243408418944
0.170821053472619
0.19387243079292
0.216276660560228
0.237905142825941
0.258625707260933
0.278307545995225
0.296826571607818
0.31407065656533
0.329944088600824
0.344370658447896
0.357295059806786
0.368682563584636
0.378517111934597
0.386798086066045
0.393536108003465
0.398748347669144
0.402453867980554
0.404669510083699
0.40540671145189
0.404669510574754
0.402453868968907
0.398748349166729
0.393536110024038
0.38679808862801
0.378517115051826
0.368682567265873
0.357295064053066
0.344370663246623
0.329944093921825
0.314070662364174
0.296826577821472
0.278307552545027
0.258625714056822
0.237905149769011
0.216276667549487
0.193872437727606
0.17082106025569
0.147243414956711
0.123249535287948
0.0989366967755259
0.0743888497237706
0.0496774073250399
0.0248632531896342
-2.87242932451519e-07
-0.0248638277049514
-0.0496779819326449
-0.0743894244876968
-0.0989372717709873
-0.123250110597206
-0.147243990673461
-0.170821636488287
-0.193873014595367
-0.216277245183061
-0.237905728306377
-0.258626293639563
-0.278308133313115
-0.296827159906855
-0.31407124588248
-0.329944678968785
-0.344371249892604
-0.35729565234784
-0.368683157233638
-0.378517706698987
-0.386798681946743
-0.393536704997741
-0.398748945773631
-0.402454467188811
-0.404670110390613
-0.405407312851967
-0.404670113065165
-0.402454472547049
-0.39874895383193
-0.393536715777348
-0.386798695470322
-0.378517722985486
-0.368683176295245
-0.357295674178147
-0.344371274469179
-0.329944706238079
-0.314071275765625
-0.296827192294726
-0.278308168068777
-0.258626330604944
-0.237905767311771
-0.2162772860533
-0.193873057162247
-0.170821680594432
-0.147244036179308
-0.123250157382195
-0.0989373197332572
-0.0743894735450273
-0.0496780320149059
-0.0248638787556642
-3.39210810289249e-07
0.0248632003502212
0.0496773536630015
0.0743887952895547
0.09893664162891
0.123249479496509
0.147243358598775
0.170821003422811
0.193872380522401
0.216276610084907
0.237905092165076
0.25862565643549
0.278307495024768
0.296826520510792
0.314070605354964
0.329944037286894
0.344370607037243
0.357295008301633
0.36868251198705
0.378517060246991
0.386798034291126
0.393536056144349
0.398748295731259
0.402453815967674
0.404669458003048
0.405406659307672
0.404669458375589
0.402453816719442
0.398748296871148
0.393536057685194
0.386798036244638
0.378517062619461
0.368682514774584
0.357295011486998
0.344370610583483
0.329944041137441
0.314070609427788
0.296826524705322
0.278307499221049
0.258625660500414
0.237905095960648
0.216276613470497
0.193872383362595
0.170821005591173
0.14724335998084
0.123249479988654
0.0989366411413095
0.0743887937442424
0.0496773509909881
0.0248631964928698
-3.44309788632852e-07
-0.0248638851485703
-0.0496780397554445
-0.0743894826909229
-0.0989373303519889
-0.123250169548903
-0.147244049984753
-0.170821696139456
-0.193873074559062
-0.216277305426033
-0.237905788791974
-0.258626354326733
-0.278308194162162
-0.296827220886602
-0.314071306969622
-0.329944740153697
-0.344371311176685
-0.357295713744185
-0.368683218761235
-0.378517768385184
-0.386798743818137
-0.393536767080556
-0.398749008093379
-0.402454529767331
-0.404670173244365
-0.405407375997391
-0.404670176513705
-0.402454536306494
-0.398749017908122
-0.393536780171872
-0.386798760185553
-0.378517788019841
-0.368683241644008
-0.357295739838852
-0.344371340434997
-0.329944772510183
-0.314071342344097
-0.296827259184538
-0.278308235277557
-0.25862639813965
-0.237905835179218
-0.216277354259631
-0.19387312570498
-0.17082174946896
-0.147244105373589
-0.123250226880617
-0.0989373895156119
-0.0743895435866073
-0.0496781022904625
-0.0248639492364219
-4.09862745873859e-07
0.0248631295625878
0.0496772827773038
0.0743887243467718
0.0989365706672527
0.123249408556304
0.147243287716011
0.170820932625505
0.193872309827019
0.216276539492539
0.237905021656356
0.258625585975997
0.27830742456282
0.296826449983686
0.314070534695972
0.329943966431326
0.344370535925154
0.357294936883122
0.36868244022238
0.378516988107351
0.386797961756982
0.393535983199954
0.39874822236565
0.402453742174783
0.404669383772035
0.405406584632835
0.404669383245634
0.402453741126162
0.398748220802635
0.393535981130643
0.386797959193754
0.378516985065814
0.368682436718902
0.357294932938799
0.344370531563113
0.329943961676949
0.314070529569505
0.296826444496681
0.27830741871195
0.258625579737775
0.237905014979083
0.216276532300782
0.193872302020557
0.170820924084316
0.147243278310905
0.123249398154139
0.098936559136418
0.074388711563073
0.0496772686255944
0.0248631139358499
-4.27067335412084e-07
-0.0248639681181599
-0.0496781229515895
-0.0743895661325283
-0.0989374140606614
-0.123250253553372
-0.147244134316192
-0.170821780833127
-0.193873159654284
-0.21627739095994
-0.237905874797797
-0.258626440832503
-0.278308281186478
-0.296827308433201
-0.314071395034477
-0.329944828719557
-0.344371400221297
-0.357295803239185
-0.368683308680261
-0.37851785870033
-0.386798834509887
-0.393536858131894
-0.398749099490236
-0.402454621497184
-0.404670265298694
-0.405407468365869
-0.404670269185522
-0.40245462926986
-0.398749111148892
-0.393536873674283
-0.38679885392776
-0.378517881983199
-0.368683335809798
-0.35729583418983
-0.344371434960123
-0.329944867204865
-0.314071437212545
-0.296827354240704
-0.278308330547755
-0.25862649366091
-0.237905930993728
-0.216277450414608
-0.193873222247921
-0.170821846442804
-0.147244202816453
-0.123250324824532
-0.0989374879856195
-0.0743896426025658
-0.0496782018672564
-0.0248640493874875
-5.10604376504181e-07
0.0248630282169565
0.0496771808104338
0.0743886217393283
0.0989364673993838
0.123249304606363
0.14724318306375
0.170820827254743
0.193872203730402
0.216276432673648
0.237904914135876
0.258625477790466
0.278307315765597
0.296826340642181
0.314070424887036
0.329943856234331
0.344370425416902
0.357294826128443
0.36868232927414
0.37851687700016
0.386797850510001
0.393535871819502
0.398748110847982
0.402453630505804
0.404669271936886
0.405406472608943
0.404669271013501
0.402453628659509
0.398748108080651
0.39353586812921
0.386797845889311
0.378516871432686
0.368682322731166
0.357294818563713
0.344370416768552
0.329943846425501
0.314070413826647
0.296826328227984
0.278307301889519
0.258625462343665
0.23790489700452
0.216276413742498
0.193872182888439
0.17082080439098
0.147243158070241
0.123249277381086
0.0989364378428521
0.0743885897587698
0.0496771463196482
0.0248629911321455
-5.50359921164951e-07
-0.0248640918923939
-0.0496782471974672
-0.0743896908371625
-0.0989375392044613
-0.123250379112663
-0.147244260266253
-0.170821907142712
-0.193873286295229
-0.216277517906008
-0.237906002025968
-0.258626568334124
-0.278308408961585
-0.296827436495901
-0.31407152340602
-0.329944957429634
-0.344371529304055
-0.357295932726282
-0.368683438600462
-0.378517989076221
-0.386798965359269
-0.39353698946475
-0.39874923131541
-0.402454753821717
-0.404670398131829
-0.405407601713591
-0.404670403060978
-0.402454763688745
-0.398749246131584
-0.393537009246748
-0.386798990122426
-0.378518018830271
-0.368683473343093
-0.357295972440786
-0.344371573954208
-0.329945006957777
-0.314071577730545
-0.296827495516371
-0.278308472560153
-0.258626636377009
-0.237906074375083
-0.216277594416403
-0.193873366826918
-0.170821991559065
-0.147244348437263
-0.123250470921552
-0.0989376345390104
-0.0743897895966468
-0.0496783492926728
-0.0248641972330238
-6.58862390925457e-07
0.0248628795521493
0.0496770317466059
0.0743884722840635
0.0989363175634543
0.123249154398319
0.147243032488122
0.17082067631541
0.193872052419572
0.216276280975819
0.237904762019589
0.258625325210996
0.278307162665258
0.296826186948848
0.314070270523032
0.329943701123681
0.344370269489508
0.357294669326412
0.368682171552071
0.37851671833005
0.38679769087705
0.393535711220901
0.398747949288824
0.402453467995802
0.404669108491931
0.405406308248924
0.404669105758804
0.402453462537157
0.398747941117466
0.393535700363155
0.386797677361899
0.378516702196529
0.368682152847151
0.357294648106303
0.344370245818925
0.32994367507608
0.314070242169879
0.296826156348814
0.278307129863117
0.258625290222897
0.237904724823025
0.216276241507772
0.19387201058667
0.17082063199509
0.147242985540603
0.123249104669611
0.098936264907366
0.0743884165540212
0.0496769728062024
0.0248628172742446
-7.24602188589816e-07
-0.0248642665538598
-0.0496784223186402
-0.074389866460543
-0.098937715387238
-0.123250555916728
-0.147244437763023
-0.170822085418972
-0.193873465440536
-0.216277698017207
-0.237906183197058
-0.258626750648779
-0.278308592485025
-0.296827621270898
-0.314071709455226
-0.329945144746793
-0.34437171786246
-0.357296122483773
-0.368683629505244
-0.378518181072603
-0.386799158392696
-0.393537183486202
-0.398749426277653
-0.40245494968627
-0.404670594862352
-0.405407799281842
-0.404670601439833
-0.402454962852632
-0.398749446057838
-0.393537209913068
-0.38679919150793
-0.378518220921586
-0.368683676131311
-0.357296175921759
-0.344371778135849
-0.329945211857709
-0.314071783372717
-0.296827701936636
-0.278308679800941
-0.258626844481682
-0.23790628338945
-0.216277804389749
-0.193873577805003
-0.170822203585849
-0.14724456154928
-0.123250685153991
-0.098937849919391
-0.0743900061516033
-0.0496785670441913
-0.0248644162040127
-8.79075936052956e-07
0.0248626580753567
0.0496768089802459
0.0743882482050118
0.0989360921487406
0.123248927626457
0.147242804350516
0.170820446806296
0.19387182155463
0.216276048785936
0.237904528556195
0.258625090543383
0.278306926876154
0.296825950135793
0.314070032785049
0.329943462554024
0.344370030171261
0.357294429333192
0.368681930939984
0.378516477140675
0.386797449136864
0.393535468947007
0.398747706488063
0.40245322467246
0.404668864644277
0.405406063876364
0.40466886086378
0.402453217121508
0.398747695189287
0.393535453930197
0.386797430433473
0.378516454778938
0.368681904945093
0.357294399713937
0.344369996919314
0.329943425633518
0.314069992132726
0.296825905652216
0.278306878427082
0.258625037958523
0.237904471641298
0.21627598732175
0.193871755314702
0.170820375564124
0.147242727888537
0.123248845747825
0.098936004671356
0.0743881549727314
0.0496767098556857
0.0248625529347848
-9.90340165299779e-07
-0.0248645336971204
-0.0496786908680897
-0.0743901364121925
-0.0989379867309353
-0.123250828637683
-0.147244711842459
-0.170822360830758
-0.193873742153649
-0.216277975995657
-0.237906462403011
-0.258627031040115
-0.278308874027237
-0.2968279039294
-0.314071993201555
-0.329945429566314
-0.344372003747262
-0.357296409439783
-0.368683917547291
-0.378518470223542
-0.386799448676673
-0.393537474934432
-0.398749718922007
-0.402455243559014
-0.404670889995983
-0.405408095708338
-0.404670899189607
-0.402455261960255
-0.398749746556107
-0.39353751183417
-0.386799494882234
-0.378518525775312
-0.36868398248953
-0.357296483801059
-0.344372087551283
-0.329945522808543
-0.314072095860579
-0.29682801594876
-0.278308995319108
-0.258627161485253
-0.237906601853642
-0.216278124278615
-0.193873899083999
-0.170822526215892
-0.147244885498282
-0.123251010383654
-0.0989381764012475
-0.0743903338598706
-0.049678895952184
-0.0248647462911065
-1.21031794250549e-06
0.0248623257003642
0.0496764754998678
0.074387913639243
0.0989357565241679
0.123248590967959
0.147242466677702
0.170820108136793
0.193871481894303
0.216275708130981
0.237904186891802
0.258624747844005
0.278306583101665
0.296825605233457
0.314069686697609
0.32994311521594
0.344369681512338
0.357294079282094
0.368681579424441
0.37851612409395
0.386797094498912
0.393535112658708
0.398747348499625
0.402452864937681
0.404668503123532
0.405405700532287
0.404668495660279
0.402452850024972
0.398747326168405
0.393535082950806
0.386797057466257
0.378516079795769
0.368681527917835
0.357294020623489
0.344369615749691
0.329943042381004
0.314069606799712
0.296825518255089
0.278306488988896
0.258624646515917
0.237904078237168
0.216275592009488
0.19387135815141
0.170819976609032
0.147242327203465
0.123248443388329
0.0989356006906408
0.0743877494169843
0.049676302767297
0.0248621443493067
-1.40039305544824e-06
-0.0248649451915828
-0.0496791037838905
-0.0743905507379893
-0.0989384024588967
-0.123251245773445
-0.147245130399137
-0.170822780838711
-0.193874163660359
-0.216278399066758
-0.237906887123769
-0.258627457510592
-0.278309302361578
-0.296828334248977
-0.314072425624188
-0.329945864205542
-0.344372440701789
-0.357296848788853
-0.368684359353852
-0.378518914531766
-0.386799895517143
-0.393537924325177
-0.398750170875991
-0.402455698081276
-0.404671347091021
-0.405408555381799
-0.404671361453984
-0.402455726826547
-0.398750214041106
-0.393537981958878
-0.386799967668994
-0.378519001248489
-0.368684460664345
-0.357296964686206
-0.344372571138047
-0.329946009076327
-0.314072584759776
-0.296828507408578
-0.278309489251322
-0.258627657788401
-0.237907100414905
-0.216278624999829
-0.19387440187446
-0.170823031008459
-0.14724539224674
-0.12325151906842
-0.0989386870212047
-0.0743908464286489
-0.0496794105020997
-0.0248652628591337
-1.72895016803531e-06
0.0248618049615624
0.0496759526132746
0.0743873885674022
0.0989352292351375
0.123248061439976
0.147241934901253
0.170819574114305
0.19387094564095
0.216275169677102
0.237903646274761
0.258624205101688
0.278306038279877
0.296825058363028
0.31406913779574
0.329942564280623
0.344369128526983
0.357293524214395
0.368681022234392
0.378515564737741
0.386796532934815
0.393534548851258
0.398746782424558
0.402452296577341
0.404667932472475
0.40540512759117
0.404667920438548
0.402452272539161
0.398746746432565
0.393534500979222
0.386796473271947
0.378515493375942
0.368680939257568
0.357293429683538
0.344369022470626
0.329942446672752
0.314069008549301
0.296824917324997
0.278305885227415
0.258624039763228
0.23790346833903
0.216274978824848
0.193870741556784
0.170819356503545
0.147241703508032
0.123247816046569
0.0989349696581057
0.0743871146671687
0.049675664275293
0.0248615020959772
-2.04642662561991e-06
-0.0248655950271603
-0.0496797574462922
-0.0743912082533819
-0.0989390638571422
-0.123251911082114
-0.147245799644827
-0.170823454035438
-0.193874840807349
-0.21627908014444
-0.237907572084451
-0.258628146285404
-0.278309994860393
-0.296829030366041
-0.314073125249686
-0.32994656722916
-0.344373147028905
-0.357297558345908
-0.368685072087058
-0.378519630410656
-0.386800614533944
-0.393538646485346
-0.398750896191168
-0.402456426579908
-0.404672078793385
-0.405409290311964
-0.40467209962731
-0.402456468253598
-0.398750958719117
-0.393538729877186
-0.38680071881043
-0.378519755581725
-0.36868521815722
-0.357297725311273
-0.344373334879384
-0.329946775934975
-0.314073354769438
-0.296829280637072
-0.278310265800865
-0.258628437789805
-0.237907884017558
-0.216279412358803
-0.193875193137033
-0.170823826306691
-0.147246191684891
-0.123252322725408
-0.0989394949552306
-0.0743916586729741
-0.0496802270780103
-0.0248660837725012
-2.55420499182921e-06
0.0248609753581685
0.0496751186494376
0.0743865502276571
0.0989343864880308
0.123247214230497
0.147241083159255
0.170818717743543
0.193870084528262
0.216274303688565
0.237902775271298
0.258623328946192
0.278305156847249
0.296824171568856
0.314068245582533
0.329941666637884
0.344368225476892
0.357292615808037
0.368680108541658
0.378514645829875
0.386795608874974
0.39353361969612
0.398745848209587
0.40245135732533
0.40466698818653
0.405404178263404
0.404666966047634
0.402451313055138
0.398745781824519
0.393533531213504
0.386795498311414
0.378514513196114
0.368679953837451
0.357292439018579
0.344368026571223
0.329941445564656
0.314068002280248
0.296823905955188
0.278304868827155
0.258623018409427
0.237902442093927
0.216273947738382
0.193869705657935
0.170818315802359
0.147240657987819
0.123246765676302
0.09893391439637
0.0743860544566016
0.0496745990607515
0.0248604318268559
-3.12180039411742e-06
-0.0248666755521496
-0.0496808431591796
-0.0743922991858562
-0.0989401600333101
-0.123253012525418
-0.14724690637798
-0.170824566093484
-0.193875958246341
-0.21628020304202
-0.237908700553928
-0.258629280478697
-0.278311134957883
-0.296830176575162
-0.314074277788555
-0.329947726316259
-0.34437431286159
-0.357298731095816
-0.36868625189638
-0.378520817391212
-0.386801808769674
-0.393539848040267
-0.398752105122208
-0.40245764292593
-0.404673302595881
-0.405410521610588
-0.404673338464034
-0.402457714672734
-0.39875221277057
-0.39353999161169
-0.386801988274165
-0.378521032815833
-0.368686503190664
-0.357299018151329
-0.344374635495733
-0.32994808426327
-0.314074670699748
-0.296830604029178
-0.278311596477897
-0.258629775563004
-0.237909228709118
-0.216280763809737
-0.193876551229707
-0.17082519096213
-0.147247562875531
-0.123253700464122
-0.0989408792868519
-0.0743930496705574
-0.0496816248266109
-0.0248674883697013
-3.96574632942295e-06
0.0248595567779895
0.049673692943678
0.0743851173142403
0.0989329462913772
0.123245766689022
0.147239628201393
0.170817255306294
0.193868614537051
0.216272826058181
0.237901289897121
0.258621835702728
0.278303655581314
0.296822662104843
0.314066727731862
0.329940140201109
0.344366690267172
0.357291071650361
0.368678555287528
0.378513083357116
0.386794037094006
0.393532038538194
0.398744257629362
0.402449757290403
0.404665378677566
0.405402559265235
0.404665337544934
0.402449675031475
0.398744134252688
0.393531874055838
0.386793831521969
0.378512836712916
0.368678267591039
0.357290742927664
0.34436632054931
0.329939729524039
0.314066276141173
0.296822169639132
0.27830312226956
0.258621261546479
0.237900674867123
0.216272170085995
0.193867917512708
0.170816517079589
0.147238848598291
0.123244945514406
0.0989320833500294
0.0743842124091391
0.04967274588192
0.024858567378997
-4.99765071799926e-06
-0.0248685629449309
-0.0496827422347791
-0.0743942100879278
-0.0989420829023054
-0.123254947496838
-0.147248853579012
-0.170826525631267
-0.193877930199984
-0.216282187467629
-0.237910697474945
-0.258631289884217
-0.278313156812949
-0.296832210831792
-0.314076324392394
-0.32994978521272
-0.344376384015334
-0.357300814485922
-0.36868834752121
-0.378522925260662
-0.386803928909655
-0.393541980487048
-0.39875424991044
-0.402459800097341
-0.404675472196876
-0.405412703677884
-0.404675533036167
-0.402459921788957
-0.398754432468185
-0.393542223932261
-0.386804233268072
-0.378523290556886
-0.368688773766981
-0.357301301689468
-0.344376932157268
-0.329950394255956
-0.314076994277448
-0.296832941472878
-0.278313948096366
-0.258632141676714
-0.23791160963027
-0.216283159831042
-0.193878962615214
-0.170827617947814
-0.147250005655894
-0.123256159211458
-0.0989433541442165
-0.0743955407675856
-0.0496841322783758
-0.0248700122901429
-6.50624585885225e-06
0.0248569995861479
0.0496711189393848
0.0743825263715532
0.0989303382808106
0.123243141472417
0.147236985649643
0.17081459528545
0.193865936921853
0.216270130735204
0.237898576769361
0.258619104688606
0.278300906614836
0.29681989513062
0.314063942706641
0.329937337089078
0.344363869023684
0.357288232232793
0.368675697638522
0.378510207401217
0.386791142739925
0.393529125682057
0.398741326152488
0.402446807065448
0.404662409571003
0.405399571140486
0.404662330270645
0.402446648478547
0.39874108830194
0.393528808597899
0.3867907464522
0.378509731938649
0.368675143024913
0.357287598483208
0.344363156138089
0.329936545055979
0.314063071506118
0.296818944714209
0.278299876907881
0.258617995575719
0.237897388094606
0.21626886229463
0.193864588464852
0.170813166531646
0.147235476291382
0.123241551193131
0.0989286667505439
0.0743807732711712
0.0496692839499894
0.0248550823952298
-8.50594317944053e-06
-0.0248720948075973
-0.0496862979303481
-0.0743977898836878
-0.098945687073546
-0.123258576317515
-0.147252507323018
-0.170830204569833
-0.19388163459419
-0.216285917548215
-0.237914453446151
-0.258635071918631
-0.278316965048717
-0.296836045381344
-0.314080185352052
-0.329953672685102
-0.34438029810637
-0.357304755328742
-0.368692315270383
-0.378526920099616
-0.386807951039373
-0.39354603012563
-0.398758327289388
-0.402463905451618
-0.404679605761885
-0.405416865692009
-0.40467972373397
-0.402464141397089
-0.398758681214005
-0.393546502043256
-0.386808540973178
-0.378527628089408
-0.36869314137197
-0.357305699620241
-0.344381360692348
-0.329954853686637
-0.314081484904886
-0.29683746361217
-0.278318502056851
-0.258636727754446
-0.237916228103675
-0.216287810962755
-0.193883646648515
-0.170832335120434
-0.147254756209718
-0.123260943390044
-0.0989481722080044
-0.0744003929871753
-0.0496890189344176
-0.0248749336746113
-1.14626542797622e-05
0.0248520078519766
0.049666091578724
0.0743774630761825
0.0989252387425233
0.123238005381132
0.147231812679972
0.170809385114726
0.193860689223069
0.216264845162976
0.23789325297696
0.25861374231395
0.278295505286626
0.296814454456024
0.314058462284545
0.329931816502908
0.344358307854153
0.357282630057845
0.368670054043691
0.378504521991918
0.386785415134868
0.393523355512653
0.398735513067914
0.402440950721436
0.404656509624107
0.405393627254677
0.404656342097731
0.402440615664763
0.398735010470976
0.393522685354451
0.386784577372237
0.378503516561744
0.368668880855487
0.357281288992836
0.344356798770694
0.329930139240724
0.314056616669215
0.296812440314816
0.278293322437279
0.2586113905746
0.237890732154173
0.216262155044587
0.193857829561077
0.170806355635337
0.147228613060872
0.123234635267414
0.0989216977517463
0.0743737507991684
0.0496622075878777
0.0248479517153076
-1.56913780753383e-05
-0.0248793354265447
-0.0496935941652394
-0.0744051421575258
-0.0989530957987643
-0.123266041905419
-0.147260030174161
-0.170837785091409
-0.193889273205586
-0.216293614700281
-0.237922209638129
-0.25864288770832
-0.278324841071528
-0.296843982341934
-0.314088184020822
-0.32996173386896
-0.344388422640116
-0.357312944036386
-0.368700568951873
-0.378535239523931
-0.386816336936475
-0.393554483189932
-0.398766848185494
-0.402472494816525
-0.404688264214341
-0.405425593839459
-0.404688522174061
-0.402473010726551
-0.398767622035486
-0.393555514967249
-0.386817626623297
-0.37853678710508
-0.368702374409975
-0.357315007353539
-0.344390743796667
-0.329964312850243
-0.314091020820121
-0.296847076969621
-0.278328193555965
-0.258646498120592
-0.237926078085607
-0.216297741354771
-0.19389365829573
-0.170842428909351
-0.147264933079262
-0.123271204318197
-0.0989585181991681
-0.0744108250719532
-0.0496995381707053
-0.0248855411255729
-2.21593980616178e-05
0.0248412207215385
0.049655212956478
0.0743664918491571
0.0989141737916327
0.123226845585654
0.147220556934623
0.170798032333274
0.193849238357789
0.216253295227771
0.23788160304249
0.258601991522236
0.278283652841374
0.296802499611225
0.314046404311767
0.329919654677944
0.344346041436048
0.357270258268801
0.368657576065547
0.378491936949148
0.386772722106355
0.393510553526845
0.398722601118371
0.402427927767928
0.404643374610015
0.40538037910788
0.404642979737743
0.402427138003807
0.398721416417559
0.393508973813396
0.386770747229838
0.378489566691818
0.368654810100952
0.357267096153384
0.344342482602073
0.329915698431632
0.314042049852382
0.296797746044842
0.278278499218001
0.258596436858154
0.237875646351094
0.2162469355371
0.193842474712573
0.170790863785327
0.147212982534385
0.123218864376649
0.0989057847995269
0.0743576940759866
0.0496460053824397
0.0248316023056314
-3.21897218228751e-05
-0.0248959844552968
-0.0497103956502257
-0.074422097900401
-0.0989702076483421
-0.12328331175683
-0.147277459981499
-0.170855376861253
-0.193907028992556
-0.21631153659464
-0.237940299744433
-0.2586611481333
-0.278343273899128
-0.296862589628785
-0.314106967782278
-0.329980696076834
-0.344407565223104
-0.357332268880558
-0.368720077928947
-0.378554934489432
-0.38683621975629
-0.393574555739748
-0.39878711236768
-0.402492952564381
-0.404708917483655
-0.405446444614632
-0.404709572463169
-0.402494262569874
-0.398789077492878
-0.393577176128049
-0.386839495604622
-0.378558866057779
-0.368724665522485
-0.357337512856217
-0.344413465980351
-0.329987254047324
-0.314114183430468
-0.296870463449961
-0.278351806442015
-0.258670340013686
-0.237950151676396
-0.216322049412003
-0.193918203680625
-0.170867214570485
-0.147289962046434
-0.123296479690328
-0.0989840431292865
-0.0744366027602817
-0.0497255718456464
-0.0249118340443864
-4.8714845435028e-05
0.0248143994430335
0.0496281225008423
0.07433912882422
0.0988865347421546
0.123198926979805
0.147192355157425
0.170769543689654
0.193820459068896
0.216224221454644
0.237852230897312
0.258572317080924
0.278253672160519
0.296772208731398
0.314015799274745
0.329888731519575
0.344314796193058
0.357238686969654
0.368625674730477
0.378459701585605
0.386740148694561
0.393477638025669
0.398689339447511
0.402394315831841
0.404609408285246
0.405346054241734
0.404608292153072
0.402392083486363
0.39868599071019
0.393473172591656
0.386734566093327
0.378453001139499
0.36861785551569
0.357229747790677
0.344304735580336
0.329877547745448
0.314003490363771
0.296758772521875
0.278239106325701
0.258556619175586
0.237835398350102
0.216206251570584
0.193801348981861
0.170749290337315
0.147170955240487
0.123176376943542
0.0988628307809359
0.0743142668811876
0.0496020983078511
0.0247872085430481
-7.70770741033746e-05
-0.0249413723893709
-0.0497562912581541
-0.0744685083751146
-0.0990171403060771
-0.123330774023597
-0.147325459405382
-0.170903921081253
-0.193956125723097
-0.216361193599575
-0.237990524813698
-0.258711949083775
-0.278394658577666
-0.296914565929121
-0.314159543676263
-0.330033879636942
-0.344461364627121
-0.357386692432884
-0.368775134052861
-0.378610631728993
-0.386892566769751
-0.39363156130135
-0.398844785356471
-0.402551301943586
-0.404767952318336
-0.405506174052174
-0.404770005760996
-0.40255540910084
-0.398850946782604
-0.39363977789066
-0.386902839785223
-0.378622962867723
-0.368789525481325
-0.357403146809501
-0.344479885097153
-0.330054469812529
-0.314182207592283
-0.296939307983178
-0.278421483487178
-0.258740861855577
-0.238021530750746
-0.216394298333224
-0.193991335288753
-0.170941241991503
-0.147364898707839
-0.123372339349121
-0.0990608398655276
-0.0745143509479883
-0.049804286128933
-0.0249915293178471
-0.000129406229611459
0.0247326965887533
0.0495453925884014
0.0742553559992723
0.098801702858409
0.123113019599139
0.147105355540157
0.170681434799808
0.193731223620895
0.216133841923631
0.237760689541652
0.258479595950892
0.278159753057251
0.296677073181676
0.313919428496275
0.329791106395752
0.344215897260917
0.357138494435729
0.368524168464363
0.378356861140587
0.386635953305467
0.393372066637958
0.398582370725073
0.402285928162801
0.404499579797096
0.405234762788855
0.404495515295727
0.402277798461005
0.398570174357782
0.393355801308392
0.386615615760997
0.378332447061966
0.368495672367265
0.357105909588625
0.34417921566992
0.329750318814277
0.313874524500516
0.296628041241484
0.27810658062366
0.258422269515367
0.237699194638755
0.216068163073961
0.193661344245869
0.170607337095922
0.147027020387036
0.123030426505688
0.0987148299579156
0.0741641801081546
0.0494498892914568
0.0246328403216441
-0.000233642113848849
-0.0251001725286769
-0.0499173654860608
-0.0746318964734329
-0.0991828829073415
-0.123498912685468
-0.147496036620792
-0.17107698027137
-0.19413171117127
-0.216539350383313
-0.238171298730515
-0.258895386617307
-0.27858080691087
-0.297103472994148
-0.314351258219692
-0.330228451291051
-0.34465884396335
-0.357587131003876
-0.36897858440727
-0.378817147430122
-0.387102202385868
-0.393844372391115
-0.399060828428188
-0.402770634446625
-0.404990632609689
-0.405732261430759
-0.404999560521685
-0.402788492645067
-0.39908762174929
-0.393880108311566
-0.387146891249173
-0.378870802652349
-0.369041222687352
-0.3576587724291
-0.34473951203806
-0.3303181728733
-0.314450063378178
-0.297211394833332
-0.278697881412144
-0.259021652557616
-0.238306797731208
-0.216684127087126
-0.194285813515834
-0.17124045978294
-0.147668948679437
-0.123681316656088
-0.0993748421605857
-0.0748334782750449
-0.0501286408138918
-0.0253212158820368
-0.000464531382542877
0.0243920238971941
0.0491990609959032
0.0739032515656695
0.0984437088431946
0.122749016313049
0.146735220275271
0.17030504189169
0.193348444572771
0.215744545607121
0.237364742337515
0.258076861815762
0.277750093447293
0.296260346858206
0.313495491244819
0.32935981076588
0.343777092323084
0.356692025613926
0.368069877434728
0.377894585786929
0.386165527760162
0.392893321325573
0.39809513247608
0.401790020272221
0.403994822019976
0.404720971245257
0.40397250223531
0.401745371907477
0.398028137681209
0.392803952746268
0.386053747945603
0.377760346594737
0.367913119488064
0.356512677959226
0.34357507229917
0.32913502413839
0.313247832539572
0.295989699803801
0.277456331390174
0.257759847938115
0.237024329548515
0.215380576099259
0.192960749116143
0.169893439018247
0.146299515614637
0.122289002144129
0.0979591640018021
0.0733939416105529
0.0486647385531006
0.0238324290030938
-0.0010496711019904
-0.025932185347942
-0.0507657379408793
-0.0754970146916495
-0.100065144041757
-0.124398725459131
-0.148413821600163
-0.172013169821511
-0.195086749153119
-0.217513691759375
-0.239165409297182
-0.259909743044636
-0.279615897247198
-0.298159797540336
-0.31542933062287
-0.331328799653025
-0.345782011778136
-0.35873367782209
-0.37014908623306
-0.380012196844534
-0.388322408468833
-0.395090360517467
-0.400333240055707
-0.40407012705589
-0.406317879956958
-0.407087954217475
-0.406384407491414
-0.404203222063291
-0.400532983128276
-0.395356874188118
-0.388655858895334
-0.380412795555234
-0.370617091701082
-0.359269396543628
-0.346385798766027
-0.332001058279599
-0.316170511902227
-0.29897039916466
-0.280496462772879
-0.26086086169004
-0.240187716721346
-0.218607871878873
-0.196253536703806
-0.173253353178087
-0.149728245237596
-0.125788291625684
-0.101530813514275
-0.0770398067273185
-0.0523867298651698
-0.0276325122610372
-0.00283052623662011
0.0219697929543703
0.0467190070739805
0.0713637352340976
0.0958430349542968
0.12008543142898
0.144006911105609
0.16751013482686
0.190485006096419
0.212810582883905
0.234358203202607
0.25499563335965
0.274591998833378
0.29302314054055
0.310176853270321
0.325957341047378
0.340288305730509
0.353114348303724
0.36440064457257
0.374131040529312
0.382304821110094
0.388932512369272
0.394031188295743
0.397619814809038
0.399715133221497
0.400328476132538
0.399463769956682
0.397116855245714
0.393276163816363
0.387924714011116
0.381043293371235
0.3726145746696
0.362627772350405
0.351083337025201
0.337997155062408
0.323403781753606
0.307358347490216
0.289936882645443
0.271234915406481
0.251364380727366
0.230449161292061
0.208619845275328
0.186008367368082
0.162743077155671
0.138944592243556
0.114722675461102
0.0901743261329549
0.0653832139995854
0.0404204665354287
0.0153466737226541
-0.00978514454733154
-0.0349259238432273
-0.060026619496166
-0.0850342688715655
-0.109888371152
-0.134517912035634
-0.158839350540646
-0.182755825146886
-0.206157717279851
-0.228924562924614
-0.2509281836832
-0.272036845619066
-0.29212020322802
-0.311054667272925
-0.328728649771919
-0.345047019011281
-0.359934181502944
-0.373335472623525
-0.385216820661388
-0.395562831935525
-0.404373552884488
-0.411660270600676
-0.41744082403896
-0.421734958526235
-0.42456022439361
-0.425928809946427
-0.425845559308538
-0.424307303076018
-0.421303538852594
-0.416818423237375
-0.410833946144725
-0.403334036115242
-0.394309206287712
-0.383761240544529
-0.371707388065227
-0.358183595070025
-0.343246413711696
-0.32697333423035
-0.309461394684753
-0.290824104788166
-0.271187000549759
-0.250682408763563
-0.229444083255441
-0.207602255970327
-0.185279464004455
-0.162587398583762
-0.139624972405656
-0.116477737663884
-0.0932186643702661
-0.0699101373263149
-0.0466069072415352
-0.023359668839587
-0.000218927736180725
0.0227611742730141
0.0455194036542549
0.0679846826381968
0.0900743592880633
0.11169375710952
0.132737140831386
0.153090089623423
0.172633155131255
0.191246626334929
0.208816176616243
0.225239042061502
0.240430165925526
0.254327572654219
0.26689624957617
0.27813000298838
0.288050966891207
0.296706581768551
0.304163988844632
0.310502029827654
0.315801455997557
0.320134463058544
0.323555105269212
0.326092274464104
0.327746565715158
0.328491487686409
0.328278382300659
0.327043548326273
0.324715808403385
0.32122322919919
0.316498665754066
0.310484774213839
0.303139593709944
0.294443418045019
0.284406576695553
0.273076508508278
0.260541914045085
0.246932274538904
0.232412412753367
0.217173269445491
0.201420894947709
0.185365530925227
0.169211866321705
0.153150610722627
0.137350865641284
0.121952605064581
0.107058906825722
0.0927282560778534
0.0789680599872992
0.0657312507214825
0.0529182347080208
0.0403861037034751
0.0279656946651068
0.0154849464090345
0.0027947855402305
-0.0102075280615811
-0.0235623371080352
-0.0372415486405002
-0.0511524329223576
-0.0651484271747313
-0.0790428951818439
-0.0926224188386202
-0.10565809804632
-0.117915312135205
-0.129163362621391
-0.139186025799175
-0.147792800422475
-0.154829479995861
-0.160186359524055
-0.163803051726215
-0.165670083151608
-0.165828431696724
-0.164368379795485
-0.161428422378065
-0.157193937778344
-0.151894512173137
-0.145798517805023
-0.139203704332801
-0.13242300477788
-0.125765509895862
-0.119513749125035
-0.113899919508431
-0.109085003775984
-0.105145078003554
-0.102068020802913
-0.0997614449486386
-0.0980698528008719
-0.0967969455224493
-0.0957284798997292
-0.0946520315249666
-0.0933717770234203
-0.0917180912376592
-0.089552821407264
-0.0867714528439285
-0.0833032382198369
-0.0791100451294903
-0.074184432652413
-0.0685473781463888
-0.062246046153992
-0.0553518524023116
-0.047958756049855
-0.0401813437228155
-0.0321520907343828
-0.0240173241023138
-0.015931756268349
-0.00805177748818062
-0.000527864108827212
0.00650344903729546
0.0129274226642329
0.0186579163072825
0.0236420500411218
0.0278617286040882
0.0313315662497294
0.0340935768129328
0.0362097494205436
0.0377539825998997
0.0388047063062586
0.039439043598848
0.0397288131524692
0.0397382471747433
0.0395230692968412
0.0391305166491182
0.038599934591313
0.0379636602079283
0.0372480016295488
0.0364741957402106
0.0356592815905608
0.0348168628404158
0.033957754334861
0.033090519570665
0.0322219114207213
0.0313572300182025
0.0305006115685085
0.0296552603846163
0.0288236348545071
0.0280075962464333
0.0272085277806581
0.0264274298670247
0.0256649964311754
0.0249216760269673
0.0241977209889353
0.0234932268956316
0.022808164398877
0.02214240489471
0.0214957412750736
0.0208679047528453
0.0202585784752596
0.0196674086219987
0.0190940133982768
0.0185379903908852
0.0179989225141892
0.0174763829127332
0.0169699389119097
0.0164791552592827
0.0160035967474202
0.0155428303484392
0.0150964269494778
0.0146639627243652
0.0142450202603665
0.0138391894243408
0.0134460680707298
0.0130652625509179
0.0126963881407004
0.0123390693033984
0.0119929399086718
0.0116576433499343
0.011332832606945
0.011018170242034
0.0107133283974263
0.0104179886784228
0.0101318420929154
0.00985458890656817
0.00958593848883154
0.00932560918048547
0.00907332809142111
0.00882883092257686
0.00859186178938919
0.0083621730014137
0.00813952487590561
0.00792368552682561
0.00771443065628351
0.00751154334732104
0.00731481386177529
0.00712403943715571
0.00693902406503615
0.00675957831971215
0.0065855191294021
0.00641666959638629
0.00625285880701385
0.00609392163268511
0.00593969855723416
0.00579003548204628
0.00564478357121766
0.0055037990513865
0.00536694306941088
0.00523408152151288
0.00510508488554459
0.00497982807448906
0.00485819028963319
0.00474005486588341
0.00462530913605465
0.00451384429652202
0.00440555526397309
0.00430034055754594
0.00419810216803866
0.00409874544274465
0.00400217895116648
0.00390831440753295
0.00381706651970992
0.00372835291175898
0.00364209401373413
0.00355821295709275
0.00347663549112726
0.00339728987768725
0.00332010681768955
0.00324501934206074
0.00317196275823073
0.0031008745474332
0.00303169429578998
0.00296436362416709
0.00289882609876043
0.00283502719138302
0.00277291417922928
0.00271243611538171
0.00265354373148965
0.00259618940139265
0.00254032707513626
0.00248591223290108
0.00243290181541022
0.00238125417411897
0.00233092904350263
0.00228188746003325
0.00223409174711392
0.00218750544597322
0.00214209329111139
0.00209782114860171
0.00205465600477172
0.00201256589205289
0.0019715198853055
0.0019314880477705
0.00189244139877224
0.0018543518855433
0.00181719233935589
0.00178093646518859
0.00174555879333934
0.0017110346587214
0.00167734017235043
0.00164445220090493
0.00161234832140071
0.0015810068236972
0.00155040666150037
0.00152052745100783
0.00149134943117892
0.00146285345630522
0.0014350209671808
0.00140783396546846
0.00138127501661108
0.00135532720596533
0.00132997413791857
0.00130519990757157
0.00128098910146545
0.0012573267577172
0.00123419836554421
0.00121158985157164
0.00118948756396857
0.00116787824866268
0.00114674905081905
0.00112608749352392
0.00110588146241619
0.00108611920575265
0.00106678931480758
0.00104788070871885
0.00102938263206619
0.00101128463682118
0.000993576575240474
0.000976248610415892
0.000959291165064755
0.000942694940800038
0.000926450917064252
0.000910550314072463
0.00089498461039451
0.000879745520567489
0.000864824994552884
0.000850215207167838
0.000835908552229975
0.000821897638243667
0.000808175272879911
0.000794734471178778
0.000781568433595705
0.000768670553031726
0.000756034402181097
0.000743653728997261
0.000731522445918289
0.00071963464608569
0.000707984567698591
0.000696566611360219
0.000685375326152098
0.000674405410229796
0.000663651699916495
0.000653109174336619
0.000642772940006941
0.000632638234354405
0.000622700423795483
0.000612954993361412
0.000603397551649656
0.000594023813942092
0.000584829615502164
0.000575810894147794
0.000566963696895245
0.000558284163527941
0.000549768549661098
0.000541413191396057
0.000533214529859159
0.000525169087634918
0.000517273477116549
0.000509524409098164
0.000501918660110426
0.000494453096816002
0.000487124663580502
0.000479930381240546
0.00047286734413287
0.00046593271985629
0.000459123744851711
0.000452437722019802
0.000445872029066915
0.000439424096029759
0.00043309142584533
0.000426871574268092
0.000420762170001361
0.000414760879561455
0.000408865441562713
0.000403073642517736
0.00039738332423413
0.000391792379321339
0.000386298755509801
0.000380900435785047
0.000375595468118563
0.000370381933513289
0.000365257962052088
0.000360221737693951
0.00035527146989472
0.000350405423272416
0.000345621894299162
0.000340919224794747
0.000336295795361102
0.00033175001997838
0.000327280345198459
0.000322885269323491
0.000318563306816594
0.000314313017176602
0.000310132988335747
0.000306021838460342
0.000301978227234153
0.000298000831329149
0.000294088362891994
0.000290239569313294
0.000286453209753397
0.00028272808625445
0.000279063023236804
0.000275456873212391
0.000271908503725829
0.000268416815466897
0.000264980739193512
0.000261599213359788
0.000258271215468448
0.000254995737299622
0.000251771787528175
0.000248598411807027
0.000245474659636801
0.000242399609309535
0.000239372360776986
0.0002363920287221
0.000233457748699641
0.000230568671904104
0.000227723973084508
0.000224922842952372
0.000222164484014604
0.000219448118544924
0.000216772991244956
0.000214138349398242
0.000211543471078041
0.000208987636578826
0.000206470150875211
0.000203990327066329
0.000201547497242257
0.000199140999577534
0.000196770193436993
0.000194434447906978
0.000192133145169537
0.000189865684048049
0.00018763147001579
0.000185429917903131
0.000183260471957893
0.000181122555991852
0.000179015634430214
0.000176939176043221
0.000174892652687711
0.000172875550494469
0.000170887359969774
0.000168927590893921
0.000166995762307336
0.000165091397881759
0.000163214033424762
0.000161363211929606
0.000159538481956676
0.000157739409524745
0.000155965567904547
0.000154216525296949
0.00015249187766339
0.000150791215223126
0.000149114143958036
0.000147460268881508
0.000145829211334334
0.000144220592769404
0.000142634045818095
0.000141069216731098
0.000139525739504909
0.000138003277130903
0.000136501477886432
0.000135020017175438
0.000133558553749564
0.000132116781636514
0.000130694374769511
0.000129291024815168
