-1.59047165465483e-06
-1.61545575365185e-06
-1.64090278596304e-06
-1.66682258749276e-06
-1.69322521119534e-06
-1.72012095823793e-06
-1.74752036314321e-06
-1.77543423051055e-06
-1.80387361599691e-06
-1.83284983610336e-06
-1.86237449790742e-06
-1.8924594737677e-06
-1.9231169333227e-06
-1.95435933508034e-06
-1.98619945237217e-06
-2.01865036301401e-06
-2.05172546595162e-06
-2.08543850102415e-06
-2.11980353070754e-06
-2.15483497552795e-06
-2.1905476126552e-06
-2.22695658427042e-06
-2.26407741533286e-06
-2.30192600928781e-06
-2.34051867770661e-06
-2.37987213764147e-06
-2.42000352244448e-06
-2.46093040629019e-06
-2.50267080792355e-06
-2.54524320045365e-06
-2.5886665207916e-06
-2.63296020117167e-06
-2.67814415756402e-06
-2.72423882855962e-06
-2.77126517412996e-06
-2.81924469584638e-06
-2.86819944084804e-06
-2.91815204295639e-06
-2.96912571528796e-06
-3.02114427673608e-06
-3.0742321580226e-06
-3.12841445502485e-06
-3.18371690075434e-06
-3.24016591031099e-06
-3.29778860141496e-06
-3.356612799988e-06
-3.41666707177392e-06
-3.47798076051115e-06
-3.54058396077178e-06
-3.60450759718752e-06
-3.66978341594536e-06
-3.73644401036502e-06
-3.80452286346842e-06
-3.87405434366826e-06
-3.94507377457344e-06
-4.01761743284558e-06
-4.0917225621878e-06
-4.16742745105989e-06
-4.24477142661113e-06
-4.32379488627552e-06
-4.4045393494972e-06
-4.48704748358022e-06
-4.57136312437423e-06
-4.65753134891786e-06
-4.74559845266623e-06
-4.83561205341337e-06
-4.9276210766447e-06
-5.02167584934902e-06
-5.11782809216103e-06
-5.2161309812801e-06
-5.31663920881661e-06
-5.41940901406659e-06
-5.52449823438975e-06
-5.63196635230933e-06
-5.74187455466722e-06
-5.85428577988439e-06
-5.9692647745996e-06
-6.08687814950415e-06
-6.2071944464007e-06
-6.3302841742281e-06
-6.4562199157584e-06
-6.58507634491403e-06
-6.71693033836013e-06
-6.85186099970849e-06
-6.98994976501119e-06
-7.13128047498704e-06
-7.27593942722456e-06
-7.42401550670457e-06
-7.5756001923929e-06
-7.73078771089262e-06
-7.88967510290081e-06
-8.05236229396719e-06
-8.21895222393797e-06
-8.38955092426338e-06
-8.56426761980691e-06
-8.74321483453862e-06
-8.9265085190982e-06
-9.11426812871986e-06
-9.30661677709467e-06
-9.50368132729427e-06
-9.70559253913537e-06
-9.91248518465978e-06
-1.01244981854523e-05
-1.03417747667548e-05
-1.05644625747637e-05
-1.07927138407858e-05
-1.10266855395372e-05
-1.12665395509601e-05
-1.15124428131207e-05
-1.17645675081836e-05
-1.20230912182478e-05
-1.22881971565053e-05
-1.2560074302868e-05
-1.28389176402607e-05
-1.31249283514414e-05
-1.34183140230197e-05
-1.37192888757382e-05
-1.4028074007049e-05
-1.43448975900932e-05
-1.466999515943e-05
-1.50036098482391e-05
-1.53459926590411e-05
-1.56974027331251e-05
-1.60581076403579e-05
-1.64283836706599e-05
-1.68085161402296e-05
-1.71987997348239e-05
-1.75995387800677e-05
-1.80110476511102e-05
-1.84336510836368e-05
-1.88676845531299e-05
-1.93134946617173e-05
-1.97714395337339e-05
-2.02418892140837e-05
-2.07252261105022e-05
-2.12218454272417e-05
-2.17321556202785e-05
-2.22565788762814e-05
-2.27955516159859e-05
-2.33495249829045e-05
-2.39189653991284e-05
-2.45043550894049e-05
-2.51061926836352e-05
-2.57249937852521e-05
-2.63612915894466e-05
-2.70156375341221e-05
-2.7688601942775e-05
-2.8380774729954e-05
-2.90927660948156e-05
-2.98252072725964e-05
-3.05787512818457e-05
-3.1354073756914e-05
-3.21518737252508e-05
-3.29728744815455e-05
-3.38178244844876e-05
-3.46874982549296e-05
-3.55826973346274e-05
-3.65042512815741e-05
-3.74530186768815e-05
-3.84298881898836e-05
-3.94357796840405e-05
-4.04716453502575e-05
-4.1538470874999e-05
-4.26372766801698e-05
-4.37691191684903e-05
-4.49350920505023e-05
-4.61363276848662e-05
-4.73739984969584e-05
-4.86493184066839e-05
-4.99635443585009e-05
-5.13179778587389e-05
-5.27139665893295e-05
-5.41529060547558e-05
-5.56362413247967e-05
-5.71654687815602e-05
-5.87421379569416e-05
-6.03678534349557e-05
-6.20442767907437e-05
-6.37731285959318e-05
-6.55561905259262e-05
-6.73953074370431e-05
-6.92923896248271e-05
-7.12494150646852e-05
-7.32684317249338e-05
-7.53515599939436e-05
-7.75009951100244e-05
-7.97190096924657e-05
-8.20079563371136e-05
-8.43702702477897e-05
-8.68084719667525e-05
-8.93251701213096e-05
-9.19230642695252e-05
-9.4604947772413e-05
-9.73737107364285e-05
-0.000100232342981162
-0.000103183937077334
-0.000106231691398501
-0.000109378913204089
-0.00011262902177673
-0.00011598555154368
-0.000119452155201307
-0.00012303260686037
-0.000126730805131291
-0.000130550776236964
-0.000134496676997806
-0.00013857279783289
-0.000142783565591541
-0.000147133546347885
-0.000151627447978044
-0.000156270122665501
-0.000161066569102592
-0.000166021934533666
-0.000171141516505102
-0.00017643076424183
-0.000181895279745496
-0.000187540818372213
-0.000193373288960169
-0.000199398753414822
-0.00020562342561872
-0.000212053669646471
-0.000218695997141497
-0.000225557063809182
-0.000232643664824254
-0.00023996272909621
-0.000247521312245413
-0.000255326588082296
-0.0002633858384367
-0.000271706441237429
-0.00028029585639329
-0.000289161609552863
-0.000298311273192465
-0.000307752444945187
-0.000317492722721851
-0.000327539676326083
-0.000337900815172116
-0.000348583551626025
-0.00035959515953056
-0.000370942727322269
-0.000382633105191754
-0.000394672845581088
-0.0004070681363009
-0.000419824725409821
-0.000432947836987632
-0.000446442076725085
-0.000460311326197562
-0.000474558624587337
-0.00048918603638244
-0.000504194503441344
-0.000519583679674754
-0.000535351746329369
-0.000551495205576574
-0.00056800864990659
-0.000584884504431661
-0.00060211273891579
-0.000619680545800399
-0.000637571980205366
-0.000655767557055268
-0.000674243800159463
-0.000692972737069755
-0.000711921332789552
-0.000731050854442415
-0.000750316157805629
-0.000769664885185379
-0.000789036562748847
-0.000808361583307969
-0.000827560058519763
-0.000846540521907696
-0.000865198460979072
-0.000883414653114211
-0.00090105327577645
-0.000917959756231086
-0.000933958320082241
-0.00094884919054252
-0.000962405381604386
-0.000974369017712735
-0.000984447099902316
-0.000992306622914481
-0.000997568929165116
-0.000999803163026145
-0.000998518661106864
-0.000993156081066614
-0.000983077030484787
-0.00096755190772417
-0.0009457456057996
-0.000916700656427177
-0.000879317300720925
-0.000832329863452035
-0.000774278674217914
-0.00070347661807312
-0.000617969205437102
-0.000515486822554631
-0.000393387556838461
-0.000248588686914512
-7.74845907911841e-05
0.000124151524532741
0.000361284998855121
0.000639759370430948
0.000966461519832354
0.00134951518404598
0.00179850470213811
0.00232472871150548
0.00294147959652573
0.00366433791675422
0.00451146071725843
0.00550382741246705
0.00666538609744685
0.00802301722745707
0.00960620393376637
0.0114462767796837
0.0135750995275254
0.0160231004081487
0.0188166476670888
0.0219749207817306
0.0255066105814042
0.0294069276316006
0.0336554301145475
0.0382150558526513
0.0430324903584445
0.0480397262141425
0.0531564792266197
0.0582930724662758
0.0633534479648115
0.0682380456479104
0.0728463506589108
0.0770789571906212
0.080839064308126
0.0840334223850916
0.0865728527881175
0.0883725085430381
0.0893520055300136
0.089435474094721
0.0885515333389389
0.0866332166693897
0.0836179589129624
0.0794478373969994
0.0740702927790931
0.0674395204169159
0.0595186265024108
0.0502825045318378
0.039721230286647
0.027843626324851
0.0146805508627599
0.000287468061670682
-0.0152540201050001
-0.0318357975609072
-0.0493239528745445
-0.0675604748637992
-0.0863658633800224
-0.105542646033898
-0.124879710874282
-0.144157139410035
-0.163150992975717
-0.181637458211137
-0.199395981001282
-0.216211416504757
-0.231875584231196
-0.246188773869565
-0.258961683226102
-0.270018080788945
-0.279198260269431
-0.286363109959754
-0.291398351401416
-0.294218262141029
-0.29476809685906
-0.293024548427999
-0.288993939121876
-0.28270830477984
-0.274220000991859
-0.263595804994278
-0.250911623675909
-0.236248796014895
-0.219692598260204
-0.201332991815115
-0.181267040865821
-0.159601970382068
-0.136457731930144
-0.111968279284679
-0.0862814107250797
-0.0595577135646394
-0.0319695252584215
-0.00370073365254136
0.0250522634843308
0.0540788069094297
0.0831524153526932
0.112030750254779
0.140458407600642
0.168173358118223
0.194916956888205
0.220446328387346
0.244546993385071
0.267043255451873
0.28780429748057
0.306744983755827
0.323821599723875
0.339023768813678
0.35236433194989
0.363869038053504
0.37356757151331
0.381486875002547
0.387647063657852
0.392059624338546
0.394727194886198
0.395644122534208
0.394797223912108
0.392166620183033
0.387727020556226
0.381450173853991
0.37330924939189
0.363285581842353
0.351377549439169
0.337610480942845
0.322045655930777
0.304786029511842
0.285976607136619
0.265798509984704
0.24445740397502
0.222168492826587
0.199141072938617
0.175565443616735
0.151603970769613
0.127386830786794
0.103011914005611
0.078547802413311
0.0540386440686434
0.0295099623825128
0.00497477424309327
-0.0195602886087067
-0.0440889268011568
-0.0685991408179862
-0.0930671702037952
-0.117451475463317
-0.141687066203033
-0.165680797923428
-0.189308594257389
-0.212415766385856
-0.234821509696683
-0.25632809455251
-0.27673422208799
-0.295850743199524
-0.313515936500601
-0.329607321970509
-0.344047761541568
-0.356805096939049
-0.367886179988868
-0.377327249351832
-0.38518291392566
-0.391515627371171
-0.396386821603078
-0.399850151219868
-0.401946788437727
-0.402702450290513
-0.402125794772557
-0.40020791851919
-0.39692285963454
-0.392229203217474
-0.386073057959258
-0.378392767791073
-0.369125677089093
-0.358217009619736
-0.345630408249156
-0.331358965642888
-0.315434858731257
-0.297935323654805
-0.278983014805191
-0.258739891834889
-0.237395385325643
-0.2151510925167
-0.192205029829142
-0.16873824969488
-0.144905625801817
-0.120831336576108
-0.0966085290301955
-0.0723020802217137
-0.0479532806002554
-0.0235854778437087
0.000789945562531567
0.0251675678904224
0.0495419699482457
0.0739017757390071
0.0982236446733274
0.122466288488274
0.146564820034767
0.170426061274038
0.193925772852015
0.216908982284112
0.239194494998358
0.260584107515837
0.280875993917498
0.299880461674931
0.317435268528396
0.333417471910807
0.347749557141754
0.3603990912937
0.371372757025376
0.380706721916021
0.388455606772569
0.394681941103631
0.399447276885351
0.402805414979455
0.404797685260604
0.405449963020246
0.404771058619363
0.40275221283895
0.399367600985409
0.394575942436746
0.388323482967837
0.380548712739234
0.37118913731933
0.360190160728274
0.347515626340158
0.33315884491218
0.317152222123069
0.299573222787275
0.280544716721368
0.260228852138825
0.238815209409552
0.216505488318877
0.193497756502883
0.169973066599758
0.146086245500841
0.121961384346023
0.0976915101226095
0.0733413550445952
0.0489520472824325
0.0245467612997378
0.000136700942219423
-0.0242728916645965
-0.0486767746205592
-0.0730637450738785
-0.0974106312709557
-0.121676311021746
-0.145796063442766
-0.169676880661524
-0.193194700936349
-0.216194739225073
-0.238495998562353
-0.259900480947976
-0.280206568804447
-0.29922477358233
-0.316793044256284
-0.33278860862073
-0.34713409500524
-0.359797182318549
-0.370784633080283
-0.380132664693088
-0.387895921692187
-0.394136936268396
-0.398917247365232
-0.402290632079837
-0.404298389999968
-0.404966362785111
-0.404303325842005
-0.402300484542201
-0.398931978158209
-0.394156488413653
-0.387920220261391
-0.380161618076337
-0.370818134971473
-0.359835114590443
-0.347176331589659
-0.332835020396565
-0.316843504786725
-0.299279165358967
-0.280264789515938
-0.259962449241231
-0.238561658847019
-0.216264065257877
-0.193267698162158
-0.169753587507941
-0.145876551912555
-0.121760686976951
-0.0974990347536441
-0.0731563508850719
-0.048773793210991
-0.0243745702207735
3.00774588801627e-05
0.024434869457447
0.0488345250986475
0.0732178027193825
0.0975614917080056
0.12182443043858
0.145941857048861
0.169820719941243
0.193336909742299
0.216335589075842
0.238635703809675
0.260039194695032
0.280344380510982
0.299361709148087
0.316929069028036
0.332923633292019
0.347267983895679
0.359929763160296
0.370915707298287
0.380262017235728
0.38802332970637
0.394262176207214
0.399040100397139
0.402410887888768
0.404415849216217
0.405080838381426
0.404414643872013
0.402408484603282
0.39903651392417
0.394257428521514
0.388017449751752
0.380255040490602
0.370907675096075
0.359920721704663
0.347257982930786
0.332912724426481
0.316917303765359
0.299349136742216
0.280331045813409
0.260025136179983
0.238620951938016
0.216320165091249
0.193320824911306
0.169803975168451
0.145924442749121
0.121806326526182
0.0975426675840386
0.0731982171800373
0.0488141261455979
0.0244135940505233
7.85129429652323e-06
-0.0243978328059286
-0.0487981891151519
-0.0731819878341455
-0.0975260305703938
-0.121789168504686
-0.145906653569541
-0.169785449442756
-0.193301463983258
-0.216299879335658
-0.2385996632398
-0.260002780370233
-0.280307574790259
-0.299324520004992
-0.31689152915373
-0.332885797965419
-0.347229927819898
-0.359891576618106
-0.370877492039825
-0.380223882493544
-0.387985388637312
-0.394224542940921
-0.399002887754307
-0.402374205741798
-0.40437980339599
-0.405045529999036
-0.404380168902237
-0.402374933576143
-0.399003971583281
-0.394225973331479
-0.38798715316618
-0.38022596593211
-0.370879876643981
-0.359894242545079
-0.347232853687199
-0.332888961551553
-0.316894908214378
-0.299328093152937
-0.280311322368226
-0.260006685240072
-0.238603711422299
-0.216304060467608
-0.193305771590265
-0.169789881061368
-0.145911210768213
-0.121793856862245
-0.0975308596592358
-0.0731869712387412
-0.0488033444906823
-0.0244031819613195
2.28232509220226e-06
0.0244077749897946
0.048808022542716
0.0731917905990734
0.0975358759218651
0.121799124470582
0.145916782383411
0.169795806735583
0.193312097745587
0.21631082871835
0.238610957320844
0.260014437059813
0.280319600061935
0.299336907621052
0.31690426098228
0.332898844899036
0.347243251205208
0.359905130029628
0.370891223203452
0.380237735168602
0.387999304311919
0.394238462250005
0.399016751589496
0.402387956061075
0.404393383779666
0.405058886011386
0.404393248332881
0.402387686630963
0.399016351094299
0.394237935041129
0.387998656130041
0.380236973067612
0.370890355429656
0.359904165844145
0.34724220064274
0.332897718460736
0.316903069271183
0.299335660941288
0.280318308013139
0.260013108160556
0.238609598696011
0.216309445868469
0.193310694403968
0.169794384799787
0.145915341900206
0.121797663647734
0.0975343911425079
0.0731902764242963
0.0488064716973912
0.0244061783389264
6.28856570878428e-07
-0.0244049051301994
-0.0488051520642014
-0.0731888796408202
-0.0975328868707547
-0.121796022194438
-0.145913534571243
-0.169792384363081
-0.193308475664144
-0.216306986331133
-0.238606879279517
-0.260010113890235
-0.280315028619671
-0.299332091283985
-0.316899209526974
-0.332893574052391
-0.347237781918881
-0.359899487561214
-0.370885436110462
-0.380231834315147
-0.38799332196757
-0.394232431329924
-0.399010705054632
-0.402381926473639
-0.404387402992309
-0.405052984956959
-0.404387456877837
-0.402382033453976
-0.399010863554633
-0.39423263900728
-0.387993575743205
-0.38023213042498
-0.370885770183316
-0.35989985473011
-0.347238176966242
-0.332893991588006
-0.316899644190495
-0.29933253795719
-0.280315482629308
-0.260010571183094
-0.238607336556523
-0.216307441134139
-0.193308926418838
-0.169792830389638
-0.145913976075464
-0.121796460253643
-0.0975333234250315
-0.0731893174955035
-0.0488055949036378
-0.0244053575378039
1.6138071882334e-07
0.0244056893745088
0.0488059539203085
0.0731897216522571
0.0975337904123431
0.121797007323906
0.145914619821445
0.169793586460781
0.193309809177948
0.216308463270388
0.23860850867772
0.260011901428136
0.280316976344459
0.299334197476759
0.316901468751529
0.332895977391303
0.347240317371447
0.359902140556758
0.37088819007771
0.380234671248862
0.387996222946852
0.394235376959645
0.399013675816337
0.402384902989024
0.404390366210303
0.405055916284187
0.404390338270848
0.402384847498819
0.399013593550892
0.394235269075937
0.387996090973489
0.380234517068299
0.370888015898932
0.359901948873735
0.347240110908307
0.332895759030793
0.316901241446915
0.299333964153387
0.280316739793626
0.260011664201988
0.238608272995179
0.216308230940492
0.193309581542946
0.169793364362063
0.145914403584088
0.121796796750365
0.0975335847846535
0.0731895197335902
0.0488057539549977
0.0244054890900678
-4.20099519359691e-08
-0.0244055673242283
-0.0488058148543144
-0.0731895518195281
-0.0975335767168449
-0.121796737421876
-0.145914282255715
-0.169793170842039
-0.193309306410579
-0.216307865809815
-0.238607810799783
-0.260011099473038
-0.280316068901695
-0.299333185477816
-0.316900355449597
-0.33289476822154
-0.347239019709675
-0.359900763405262
-0.370886743713961
-0.380233166876326
-0.38799467237518
-0.394233792331301
-0.399012069391004
-0.402383286980011
-0.404388752669319
-0.405054317019538
-0.404388764788248
-0.402383310951539
-0.399012104683702
-0.394233838154441
-0.387994727687606
-0.38023323040439
-0.370886813977428
-0.359900838758125
-0.347239098393499
-0.332894848430463
-0.316900435405604
-0.299333263506069
-0.28031614350088
-0.260011169371581
-0.238607874992706
-0.216307923577968
-0.19330935732346
-0.169793214751384
-0.145914319283133
-0.12179676794811
-0.0975336013773851
-0.0731895715023928
-0.0488058307077184
-0.0244055807649497
-5.47327913386683e-08
0.0244054751047072
0.0488057364429555
0.0731894961536852
0.0975335523373554
0.1217967524062
0.145914344124749
0.169793286434092
0.193309481728769
0.216308105845466
0.238608119350481
0.260011478977212
0.280316520311566
0.299333708198372
0.316900947349196
0.332895425725495
0.347239737960097
0.359901536469347
0.370887564815933
0.380234028627459
0.387995566983489
0.394234711778565
0.399013005574297
0.402384231816507
0.404389698170763
0.405055255346464
0.404389688288833
0.402384212196096
0.399012976502395
0.3942346736878
0.387995520451182
0.380233974376651
0.370887503709134
0.359901469501392
0.347239666241902
0.332895350460865
0.316900869802227
0.299333629650698
0.280316442016443
0.260011402107237
0.238608044952849
0.216308034797834
0.19330941471138
0.169793223912868
0.145914286343097
0.121796699386658
0.0975335038853962
0.0731894518656657
0.0488056957119002
0.024405437126537
-9.09532619300209e-08
-0.0244056164057154
-0.0488058671178745
-0.0731896101854364
-0.0975336439690161
-0.121796816189416
-0.145914374984521
-0.16979327975553
-0.19330943346092
-0.21630801261792
-0.238607978592947
-0.260011289030978
-0.280316280511726
-0.299333418915414
-0.316900609984105
-0.33289504264979
-0.347239312414147
-0.35990107242737
-0.370887066833031
-0.380233501689991
-0.387995016367866
-0.394234142934816
-0.399012424026584
-0.402383643093838
-0.404389107753482
-0.405054668628044
-0.40438911054547
-0.402383648562803
-0.399012431946091
-0.394234152970452
-0.387995028085822
-0.380233514567413
-0.370887080276115
-0.359901085794359
-0.347239325041393
-0.332895053882749
-0.316900619207411
-0.299333425582778
-0.280316284163103
-0.260011289306926
-0.238607975239831
-0.21630800548115
-0.19330942248224
-0.169793264964359
-0.145914356490445
-0.121796794183671
-0.0975336187218591
-0.0731895820535872
-0.0488058365471933
-0.0244055839410727
-5.72465533019986e-08
0.0244054713141291
0.0488057295048864
0.0731894842752933
0.0975335338172255
0.121796725646199
0.145914307653303
0.169793238931569
0.193309422060229
0.216308033095315
0.238608032856369
0.26001137836091
0.280316405499893
0.299333579426926
0.316900805156463
0.332895270927777
0.347239571615346
0.359901359833061
0.370887379294839
0.380233835732754
0.387995368291069
0.394234508898121
0.399012800118768
0.402384025386899
0.404389492343419
0.405055051661382
0.404389488246955
0.402384017250929
0.399012788055453
0.394234493076169
0.387995348939164
0.38023381313467
0.370887353793506
0.35990133182768
0.347239541554801
0.332895239305958
0.31690077249889
0.299333546274987
0.280316372393682
0.260011345813882
0.238608001336183
0.216308003003058
0.193309393715522
0.169793212560247
0.145914283384239
0.121796703509158
0.0975335137436647
0.0731894661021609
0.0488057129763966
0.024405456088045
-7.15967399477435e-08
-0.0244055979194185
-0.0488058507256536
-0.0731895970652629
-0.0975336352438405
-0.121796812921162
-0.145914378160816
-0.169793290273368
-0.193309452108438
-0.216308040050561
-0.238608015308888
-0.260011335350906
-0.2803163365605
-0.299333484614554
-0.316900685051113
-0.3328951266123
-0.347239404627845
-0.359901172103941
-0.370887173072706
-0.380233613508047
-0.38799513272288
-0.394234262751555
-0.399012546217323
-0.402383766568677
-0.40438923143513
-0.405054791457474
-0.404389231491568
-0.402383766625558
-0.399012546163667
-0.394234262425509
-0.387995131915119
-0.3802336119728
-0.370887170538435
-0.359901168286978
-0.347239399250372
-0.332895119420102
-0.316900675829995
-0.299333473199088
-0.280316322843373
-0.260011319278894
-0.238607996881221
-0.216308019305032
-0.193309429118063
-0.169793265137921
-0.145914351002397
-0.12179678388729
-0.0975336045056828
-0.0731895648254558
-0.0488058172212299
-0.0244055634279242
-3.6444072279772e-08
0.0244054915270894
0.0488057482721973
0.073189500771365
0.0975335472495545
0.12179673526504
0.145914312758555
0.169793238887998
0.193309416308278
0.216308021168232
0.238608014400377
0.260011353146904
0.28031637343502
0.299333540562328
0.316900759686582
0.332895219180721
0.347239514038006
0.359901296977435
0.370887311793023
0.380233764277282
0.387995293615682
0.394234431761333
0.39901272128999
0.402383945636733
0.404389412433174
0.405054972341434
0.404389410246751
0.402383941278506
0.399012714790355
0.394234423165542
0.387995282987836
0.380233751695949
0.370887297362543
0.359901280822113
0.347239496308729
0.332895200054415
0.316900739372659
0.299333519293855
0.280316351466216
0.260011330741373
0.238607991820408
0.216307998659507
0.193309394086789
0.169793217131769
0.145914291596773
0.121796714776322
0.0975335274596031
0.0731894816552197
0.0488057297532942
0.0244054734832436
-5.41799333072097e-08
-0.0244055810638656
-0.048805834997051
-0.0731895830097672
-0.0975336233845712
-0.121796803751481
-0.145914372138659
-0.169793287814363
-0.193309453570152
-0.216308045725307
-0.238608025413457
-0.260011350015994
-0.280316355826756
-0.299333508427294
-0.316900713268578
-0.332895159007375
-0.3472394409003
-0.359901211892704
-0.370887215967384
-0.380233659060734
-0.38799518046334
-0.394234312193464
-0.399012596866658
-0.402383817932223
-0.404389283020277
-0.405054842777254
-0.404389282067651
-0.402383815987462
-0.399012593850879
-0.394234307993193
-0.387995174936692
-0.380233652045295
-0.370887207291436
-0.359901201392142
-0.347239428432021
-0.332895144469469
-0.316900696610812
-0.299333489659089
-0.280316335014879
-0.260011327280975
-0.238608000910433
-0.216308019631885
-0.193309426071333
-0.169793259091931
-0.14591434236548
-0.121796773090377
-0.097533591992748
-0.0731895510420913
-0.0488058026115328
-0.0244055484294046
-2.14814538055402e-08
0.0244055060397444
0.0488057619365136
0.0731895132042645
0.0975335580859472
0.121796744159912
0.145914319392972
0.169793242968328
0.193309417579477
0.216308019414585
0.238608009457023
0.260011344906262
0.280316361851153
0.299333525656352
0.316900741545202
0.332895197952286
0.347239489933325
0.359901270251953
0.370887282743034
0.380233733232089
0.387995260924548
0.394234397786429
0.399012686401117
0.40238391020608
0.40438937683095
0.405054936931831
0.404389375389291
0.402383907321321
0.399012682074128
0.394234392018292
0.387995253722776
0.380233724611945
0.370887272733424
0.359901258899353
0.347239477306896
0.332895184149892
0.31690072669021
0.299333509904925
0.280316345380623
0.260011327908761
0.238607992129718
0.216308001942307
0.193309400129874
0.169793225679449
0.145914302364987
0.121796727455566
0.0975335417288825
0.0731894971872719
0.0488057462193242
0.0244054905541134
-3.68242310650735e-08
-0.0244055637353263
-0.0488058180019809
-0.073189566641361
-0.0975336079269852
-0.121796789482905
-0.145914359323389
-0.169793276707403
-0.193309444415096
-0.216308038751499
-0.23860802082735
-0.260011347995494
-0.280316356509196
-0.299333511907619
-0.316900719579557
-0.332895168123335
-0.347239452732073
-0.359901226291674
-0.370887232733868
-0.380233677954125
-0.387995201212735
-0.394234334509883
-0.399012620448282
-0.402383842476049
-0.404389308224285
-0.405054868346068
-0.404389307713714
-0.402383841437665
-0.399012618842351
-0.394234332279311
-0.387995198286751
-0.380233674243518
-0.37088722814271
-0.359901220718157
-0.347239446074317
-0.332895160288813
-0.31690071048931
-0.299333501503633
-0.280316344760245
-0.260011334898069
-0.238608006410297
-0.216308023067042
-0.193309427536232
-0.169793258724206
-0.145914340334373
-0.121796769595521
-0.0975335872537667
-0.0731895452935294
-0.0488057960999781
-0.024405541403228
-1.41915711499706e-08
0.0244055133446568
0.0488057690127591
0.0731895198162118
0.0975335640076233
0.121796749179079
0.145914323311878
0.169793245612846
0.193309418795696
0.216308019081026
0.23860800747428
0.260011341209711
0.280316356407661
0.299333518463086
0.31690073263116
0.332895187379436
0.347239477787114
0.359901256647287
0.370887267817048
0.380233717137221
0.387995243830769
0.394234379871974
0.399012667852931
0.402383891211839
0.404389357584432
0.405054917624687
0.404389356212212
0.402383888464587
0.399012663723125
0.39423437435457
0.387995236921532
0.380233708837352
0.370887258139126
0.359901245620586
0.347239465462742
0.332895173836135
0.316900717974124
0.299333502826456
0.280316339948282
0.26001132409668
0.238607989886064
0.216308001183073
0.193309400744833
0.169793227540945
0.14591430532791
0.121796731366374
0.0975335464238162
0.073189502497316
0.0488057519730733
0.0244054965806633
-3.06991195577885e-08
-0.0244055576851353
-0.0488058121948028
-0.0731895612474999
-0.0975336031141602
-0.121796785405012
-0.145914356129543
-0.169793274529857
-0.193309443364725
-0.216308038912047
-0.238608022254423
-0.26001135070822
-0.280316360496417
-0.299333517123281
-0.316900725955381
-0.332895175567811
-0.347239461139254
-0.359901235550752
-0.370887242727068
-0.380233688564379
-0.387995212320815
-0.3942343459941
-0.399012632190295
-0.402383854352618
-0.40438932011175
-0.405054880118695
-0.404389319242609
-0.402383852588497
-0.399012629479655
-0.394234342262762
-0.387995207476239
-0.380233682500124
-0.370887235333914
-0.359901226722083
-0.34723945078807
-0.332895163631333
-0.316900712414825
-0.299333501998
-0.280316343849008
-0.260011332637282
-0.238608002881645
-0.216308018372372
-0.193309421792379
-0.16979325204606
-0.145914332844817
-0.121796761409284
-0.0975335784824226
-0.0731895360458206
-0.048805786476511
-0.0244055315044212
-4.11015484392213e-09
0.0244055235152521
0.0488057791810778
0.0731895298907739
0.0975335738956189
0.121796758785981
0.145914332538059
0.16979325435655
0.193309426953129
0.216308026546511
0.238608014148905
0.260011347002162
0.280316361243259
0.299333522290413
0.31690073541834
0.3328951891234
0.347239478510023
0.359901256392643
0.370887266643737
0.380233715120209
0.38799524105154
0.394234376420275
0.399012663818928
0.402383886691833
0.404389352669061
0.405054912412431
0.40438935079771
0.402383882941376
0.399012658186885
0.394234368900757
0.387995231648609
0.380233703844403
0.37088725352826
0.359901241496051
0.347239461929998
0.332895170996625
0.316900715925881
0.299333501655638
0.280316339729971
0.26001132488425
0.238607991711509
0.216308004054455
0.193309404647073
0.169793232436997
0.145914311159747
0.121796738059102
0.0975335538876448
0.0731895106349261
0.0488057606779841
0.0244055057404086
-2.12010243261233e-08
-0.0244055479653372
-0.0488058023751371
-0.0731895514499731
-0.0975335934574665
-0.121796776016812
-0.145914347131526
-0.169793266044224
-0.193309435510385
-0.216308031803615
-0.238608015993573
-0.260011345383341
-0.280316356176989
-0.299333513857394
-0.316900723766451
-0.332895174455333
-0.347239461079312
-0.359901236495507
-0.370887244611939
-0.380233691308459
-0.387995215830481
-0.39423435017135
-0.399012636930494
-0.402383859547336
-0.404389325654504
-0.405054885904912
-0.404389325170228
-0.402383858557609
-0.399012635397821
-0.394234348045106
-0.387995213042323
-0.380233687781709
-0.370887240267873
-0.359901231261445
-0.347239454896966
-0.33289516728493
-0.316900715602839
-0.299333504721967
-0.280316346120002
-0.260011334478187
-0.238608004324017
-0.216308019458278
-0.193309422564873
-0.169793252558407
-0.145914333146769
-0.121796761560666
-0.0975335785443113
-0.0731895360777311
-0.048805786541564
-0.0244055316644901
-4.42873971079578e-09
0.0244055229779479
0.0488057783627163
0.0731895287361308
0.0975335723459857
0.121796756799845
0.145914330075808
0.169793251387886
0.19330942346033
0.216308022527646
0.238608009621999
0.260011341993153
0.280316355799718
0.299333516466937
0.31690072928786
0.332895182760585
0.34723947199805
0.359901249817796
0.370887260088581
0.380233708664651
0.387995234775479
0.394234370399855
0.399012658121857
0.402383881383415
0.404389347814781
0.40505490806401
0.404389347008922
0.402383879762381
0.399012655661025
0.394234367067074
0.387995230535185
0.38023370347069
0.370887253899908
0.359901242605836
0.347239463747715
0.332895173475443
0.316900719006007
0.299333505258419
0.280316343756764
0.260011329231823
0.238607996269665
0.216308008710759
0.193309409295467
0.169793236973871
0.145914315495602
0.12179674211233
0.0975335575947409
0.0731895139355726
0.04880576352355
0.0244055080945114
-1.93688164141608e-08
-0.0244055466804656
-0.0488058016564638
-0.0731895513099678
-0.0975335939025701
-0.121796777044414
-0.145914348737462
-0.16979326820589
-0.19330943820716
-0.216308034999418
-0.238608019644261
-0.260011349439092
-0.280316360578132
-0.299333518539268
-0.31690072865716
-0.332895179479377
-0.347239466163246
-0.35990124156876
-0.370887249601459
-0.380233696152452
-0.387995220474153
-0.394234354563327
-0.399012641030837
-0.402383863322844
-0.40438932907812
-0.405054888955133
-0.4043893278311
-0.402383860814222
-0.399012637252359
-0.394234349495414
-0.387995214096003
-0.380233688449855
-0.370887240571422
-0.35990123122208
-0.347239454541916
-0.332895166647271
-0.316900714705262
-0.299333503592375
-0.280316344784988
-0.260011332957975
-0.23860800264183
-0.216308017630192
-0.193309420622329
-0.169793250526413
-0.145914331067003
-0.121796759471124
-0.0975335764873349
-0.0731895341081368
-0.0488057847046186
-0.0244055300140613
-3.01647189097777e-09
0.0244055240971131
0.0488057791465668
0.0731895291326779
0.0975335723196467
0.121796756310684
0.145914329094505
0.169793249897029
0.193309421452397
0.216308020005157
0.238608006592454
0.260011338484466
0.280316351838852
0.299333512093437
0.316900724538222
0.332895177677446
0.347239466623724
0.359901244186269
0.370887254246788
0.380233702656077
0.387995228649324
0.394234364206234
0.39901265191587
0.402383875219803
0.404389341751718
0.40505490216633
0.404389341339375
0.402383874390217
0.399012650652376
0.394234362490199
0.3879952264576
0.380233699951959
0.370887251000936
0.359901240371512
0.347239462217563
0.332895172668513
0.316900718927749
0.299333505901983
0.28031634509799
0.260011331237346
0.238607998889317
0.216308011901798
0.193309412995094
0.169793241129379
0.145914320047818
0.121796747004392
0.0975335627679156
0.0731895193336211
0.0488057690962329
0.0244055137895337
-1.36004179602475e-08
-0.0244055408849574
-0.0488057958754221
-0.0731895455846598
-0.0975335882736988
-0.121796771552298
-0.145914343418088
-0.16979326310322
-0.193309433355472
-0.216308030443733
-0.238608015428173
-0.260011345607598
-0.280316357172337
-0.299333515606222
-0.316900726231061
-0.332895177596032
-0.347239464841854
-0.359901240817447
-0.370887249424566
-0.380233696538046
-0.387995221402801
-0.39423435601241
-0.399012642966243
-0.402383865710058
-0.404389331876581
-0.405054892124175
-0.404389331330259
-0.40238386460651
-0.399012641283466
-0.394234353716308
-0.387995218460462
-0.380233692901365
-0.370887245051208
-0.359901235665333
-0.347239458879584
-0.332895170807369
-0.316900718618009
-0.299333507191833
-0.280316348010442
-0.260011335758018
-0.238608004982058
-0.216308019492345
-0.193309421999993
-0.169793251432041
-0.145914331515188
-0.121796759491054
-0.0975335761235748
-0.0731895333947897
-0.0488057836872688
-0.0244055287356009
-1.52186287898792e-09
0.0244055257671224
0.0488057809467623
0.0731895310262384
0.0975335742703432
0.12179675827866
0.145914331053653
0.169793251807163
0.193309423289067
0.21630802173176
0.238608008190917
0.260011339920047
0.280316353089964
0.299333513143292
0.316900725367881
0.332895178276974
0.347239466984198
0.359901244313175
0.370887254142634
0.380233702334832
0.387995228119064
0.394234363478246
0.399012651010367
0.402383874153291
0.40438934054545
0.405054900837323
0.404389339907804
0.402383872876557
0.399012649066135
0.39423436084884
0.387995224776479
0.380233698251177
0.37088724929116
0.359901238673466
0.347239460553047
0.332895171065761
0.316900717407004
0.299333504490009
0.280316343820342
0.260011330114631
0.238607997940522
0.216308011131441
0.193309412423202
0.169793240749752
0.145914319860084
0.121796747000834
0.0975335629356946
0.0731895196646904
0.0488057695738474
0.0244055143913853
-1.28927108232627e-08
-0.024405540095983
-0.0488057950318818
-0.0731895447080226
-0.0975335873977844
-0.121796770701673
-0.145914342626246
-0.169793262402378
-0.193309432776499
-0.216308030022046
-0.238608015188803
-0.260011345565814
-0.28031635735154
-0.299333516008512
-0.316900726858943
-0.332895178431983
-0.347239465868168
-0.359901242011101
-0.370887250756929
-0.380233697982781
-0.387995222930259
-0.394234357587148
-0.399012644564372
-0.402383867305287
-0.4043893334467
-0.405054893647624
-0.404389332780785
-0.402383865968711
-0.399012642546089
-0.394234354868178
-0.387995219485906
-0.38023369379023
-0.370887245804372
-0.35990123628475
-0.347239459363393
-0.33289517115817
-0.316900718848491
-0.299333507309841
-0.28031634802355
-0.260011335679005
-0.238608004820161
-0.216308019251658
-0.19330942168628
-0.169793251050095
-0.145914331076939
-0.12179675899784
-0.0975335755730513
-0.0731895327912648
-0.0488057830392231
-0.0244055280494096
-8.01411465498469e-10
0.0244055265176151
0.0488057817165934
0.0731895318111577
0.097533575060205
0.121796759068831
0.145914331830475
0.169793252572544
0.193309424031098
0.216308022453236
0.23860800887947
0.260011340581747
0.280316353726734
0.299333513751343
0.316900725953876
0.332895178837374
0.347239467524923
0.359901244833655
0.37088725464763
0.380233702818781
0.387995228585521
0.394234363934975
0.399012651458254
0.402383874600502
0.404389340995257
0.405054901299153
0.404389340390743
0.402383873384752
0.399012649612204
0.394234361440804
0.387995225424815
0.38023369896101
0.37088725006276
0.359901239511744
0.347239461460244
0.332895172035443
0.316900718443271
0.299333505584689
0.280316344974701
0.260011331326324
0.238607999219252
0.216308012479651
0.193309413840774
0.16979324224546
0.145914321434559
0.121796748653646
0.0975335646690767
0.0731895214666878
0.0488057714408444
0.0244055163150528
-1.09211480181005e-08
-0.0244055380849957
-0.0488057929841331
-0.0731895426333979
-0.0975335852989176
-0.121796768581701
-0.14591434048959
-0.169793260245878
-0.193309430600057
-0.216308027825022
-0.238608012977567
-0.260011343356761
-0.280316355158323
-0.299333513845346
-0.316900724750996
-0.33289517640858
-0.3472394639595
-0.359901240246405
-0.370887249158149
-0.380233696561629
-0.387995221695843
-0.394234356550814
-0.399012643718099
-0.40238386664488
-0.404389332959591
-0.405054893317555
-0.404389332595817
-0.402383865908149
-0.39901264259315
-0.394234355009202
-0.387995219704127
-0.380233694076508
-0.370887246143243
-0.359901236657245
-0.347239459760217
-0.332895171563725
-0.316900719242402
-0.299333507673712
-0.280316348337072
-0.260011335922706
-0.238608004968733
-0.216308019296978
-0.193309421613061
-0.169793250847757
-0.145914330741108
-0.121796758534371
-0.0975335749913479
-0.0731895321013329
-0.0488057822569793
-0.0244055271903676
1.13834225860765e-10
0.02440552746642
0.0488057826772532
0.073189532759272
0.0975335759769598
0.121796759933232
0.145914332626788
0.169793253281224
0.193309424641732
0.216308022956214
0.238608009268222
0.260011340861286
0.280316353895963
0.299333513811351
0.316900725916142
0.33289517871336
0.347239467325808
0.359901244567275
0.370887254322395
0.380233702448474
0.38799522818594
0.394234363514871
0.399012651037037
0.402383874192602
0.40438934062501
0.405054900985509
0.404389340155805
0.402383873252234
0.399012649614216
0.394234361596539
0.387995225758002
0.380233699506306
0.37088725084589
0.359901240551238
0.347239462768311
0.332895173625358
0.316900720314582
0.299333507721697
0.280316347358453
0.260011333927266
0.238608001994486
0.216308015389179
0.193309416837135
0.169793245291747
0.145914324492243
0.121796751691573
0.0975335676567727
0.0731895243882759
0.0488057742784718
0.0244055190608683
-8.28893339159311e-09
-0.0244055355682722
-0.0488057906008409
-0.0731895403952989
-0.0975335832195607
-0.121796766679685
-0.145914338782988
-0.169793258750829
-0.193309429346776
-0.216308026834497
-0.238608012264729
-0.260011342937386
-0.280316355043305
-0.299333514030477
-0.316900725226529
-0.332895177159093
-0.347239464955094
-0.359901241452522
-0.370887250539255
-0.380233698085282
-0.387995223332672
-0.394234358265005
-0.399012645493177
-0.402383868464962
-0.404389334807848
-0.405054895182299
-0.404389334477011
-0.402383867797802
-0.39901264449594
-0.394234356917566
-0.387995221624435
-0.380233696017101
-0.370887248091012
-0.359901238625835
-0.347239461749989
-0.332895173577494
-0.316900721273771
-0.299333509723874
-0.280316350400761
-0.260011337999213
-0.238608007053571
-0.216308021387974
-0.193309423709315
-0.169793252952891
-0.145914332852729
-0.12179676066966
-0.0975335771491403
-0.0731895342934222
-0.0488057844951274
-0.024405529479396
-2.24832588062379e-09
0.0244055250359446
0.048805780162782
0.0731895301550487
0.0975335732732964
0.12179675713015
0.145914329723713
0.169793250276004
0.193309421536601
0.216308019749356
0.238608005975592
0.260011337483458
0.280316350442061
0.299333510293559
0.316900722334891
0.332895175079552
0.347239463640923
0.359901240839309
0.370887250566593
0.380233698669126
0.387995224394225
0.394234359716728
0.399012647243074
0.402383870411553
0.404389336861679
0.405054897252132
0.404389336461303
0.402383869606314
0.399012646033838
0.394234358104225
0.387995222366164
0.380233696234335
0.370887247734286
0.359901237619506
0.347239460056078
0.332895171165374
0.31690071813658
0.299333505864788
0.280316345848029
0.260011332792079
0.238608001250373
0.216308015045463
0.193309416897112
0.169793245751772
0.145914325337823
0.121796752909095
0.0975335692299356
0.0731895262885442
0.0488057764865452
0.0244055215441768
-5.55600238609425e-09
-0.0244055326090883
-0.0488057874413188
-0.0731895370637455
-0.0975335797408748
-0.121796763086668
-0.145914335098888
-0.169793255012615
-0.193309425587933
-0.216308023083883
-0.238608008563381
-0.260011339319945
-0.280316351535659
-0.299333510677671
-0.316900722050384
-0.332895174181517
-0.347239462192402
-0.359901238915286
-0.370887248227648
-0.380233696000874
-0.387995221469186
-0.394234356609251
-0.399012644025711
-0.402383867168211
-0.404389333663976
-0.405054894177263
-0.404389333584173
-0.40238386700767
-0.399012643784744
-0.394234356279979
-0.387995221045087
-0.380233695481111
-0.370887247592708
-0.359901238161799
-0.347239461312861
-0.332895173167486
-0.316900720893375
-0.299333509365467
-0.280316350076472
-0.260011337703443
-0.238608006798681
-0.216308021172234
-0.19330942354016
-0.169793252840118
-0.145914332806079
-0.121796760681598
-0.0975335772413734
-0.0731895344664538
-0.0488057847555043
-0.0244055298376827
-2.70010497981394e-09
0.0244055244687042
0.0488057794915841
0.0731895293763243
0.0975335723949553
0.121796756140044
0.145914328633518
0.169793249103299
0.19330942029697
0.216308018463729
0.238608004670264
0.260011336188155
0.280316349183885
0.299333509120642
0.316900721271356
0.332895174159925
0.347239462891717
0.359901240279155
0.370887250209524
0.380233698527073
0.3879952244678
0.394234360014497
0.399012647766872
0.402383871162822
0.40438933784054
0.405054898456067
0.404389337904286
0.402383871279689
0.399012647938761
0.39423436023289
0.387995224726322
0.380233698816089
0.37088725052113
0.359901240601718
0.347239463205835
0.332895174458829
0.316900721544851
0.299333509342199
0.280316349353959
0.260011336283535
0.238608004677952
0.216308018383177
0.193309420108108
0.169793248814803
0.14591432823168
0.121796755629815
0.0975335717693634
0.0731895286561557
0.0488057786695494
0.0244055235585658
-3.70631513228832e-09
-0.0244055309170829
-0.0488057859060363
-0.0731895356727484
-0.0975335784940829
-0.121796761970749
-0.145914334121813
-0.16979325417073
-0.193309424872771
-0.216308022497226
-0.238608008097145
-0.260011338966096
-0.280316351294685
-0.299333510534254
-0.316900721992804
-0.332895174196349
-0.347239462271485
-0.359901239042847
-0.370887248402437
-0.380233696209159
-0.387995221700619
-0.39423435686788
-0.399012644310183
-0.402383867473313
-0.404389333992762
-0.405054894526211
-0.404389333950751
-0.402383867395314
-0.3990126441931
-0.394234356692901
-0.387995221470073
-0.380233695906365
-0.370887248021586
-0.359901238577179
-0.347239461709026
-0.332895173532662
-0.316900721221281
-0.299333509650353
-0.280316350303295
-0.260011337864496
-0.238608006890096
-0.216308021185875
-0.193309423471614
-0.169793252686967
-0.145914332561381
-0.121796760349209
-0.0975335768141795
-0.0731895339511817
-0.0488057841545874
-0.0244055291473083
-1.92789525708349e-09
0.024405525318423
0.0488057804090193
0.073189530351499
0.0975335734108137
0.12179675720055
0.145914329713521
0.169793250190123
0.193309421368038
0.216308019513509
0.238608005674141
0.260011337135698
0.280316350055818
0.299333509903364
0.316900721959641
0.332895174744885
0.347239463371623
0.359901240648945
0.370887250468709
0.380233698681665
0.387995224515296
0.394234359961591
0.399012647617073
0.402383870926285
0.404389337525814
0.405054898068206
0.404389337444562
0.402383870763679
0.399012647383674
0.394234359649453
0.387995224133298
0.380233698226837
0.370887249957095
0.359901240074769
0.347239462748188
0.332895174074422
0.316900721246034
0.299333509148421
0.280316349275346
0.260011336315657
0.238608004829576
0.216308018638051
0.193309420472674
0.169793249277817
0.145914328796523
0.121796756280144
0.0975335724959927
0.0731895294478628
0.0488057795315619
0.024405524477782
-2.72597020702098e-09
-0.0244055298956472
-0.0488057848368409
-0.0731895345683203
-0.0975335773581548
-0.12179676082652
-0.145914332965927
-0.16979325301573
-0.193309423742215
-0.216308021397182
-0.238608007052587
-0.260011337998622
-0.280316350422489
-0.29933350976824
-0.316900721362574
-0.332895173694241
-0.347239461914074
-0.359901238833389
-0.370887248335243
-0.3802336962751
-0.387995221904514
-0.394234357182551
-0.399012644741918
-0.402383868006649
-0.404389334622116
-0.40505489524651
-0.40438933475985
-0.402383868282068
-0.399012645152036
-0.394234357735187
-0.387995222578321
-0.380233697098334
-0.37088724928484
-0.359901239915599
-0.347239463119952
-0.332895175009148
-0.31690072275532
-0.299333511236691
-0.280316351915123
-0.260011339498651
-0.238608008529251
-0.216308022813425
-0.193309425072409
-0.169793254263984
-0.145914334105576
-0.121796761858527
-0.0975335782938474
-0.0731895354083576
-0.0488057855888869
-0.0244055305747205
-3.35648821974247e-09
0.0244055238871029
0.0488057789653151
0.0731895288836764
0.0975335719315959
0.12179675569792
0.145914328186288
0.169793248653172
0.193309419831419
0.216308017991383
0.238608004179022
0.260011335686678
0.280316348679555
0.299333508614314
0.316900720771477
0.332895173675837
0.347239462421165
0.359901239832285
0.37088724977938
0.380233698116237
0.387995224088517
0.394234359661125
0.399012647433428
0.402383870853064
0.404389337566135
0.405054898224375
0.404389337706528
0.402383871141586
0.399012647858339
0.394234360237184
0.387995224819486
0.380233699008203
0.37088725083184
0.359901241042781
0.347239463800066
0.33289517520347
0.316900722446491
0.299333510394143
0.280316350559477
0.260011337626152
0.238608006150918
0.21630801996489
0.193309421795013
0.169793250582602
0.145914330076418
0.121796757540107
0.097533573732529
0.0731895306587148
0.048805780711098
0.0244055256248371
-1.6089998101097e-09
-0.0244055288116687
-0.0488057837868079
-0.0731895335498944
-0.0975335763821835
-0.121796759893547
-0.145914332076738
-0.169793252185661
-0.193309422965234
-0.216308020678568
-0.238608006410108
-0.26001133743917
-0.280316349944655
-0.299333509375534
-0.316900721058649
-0.332895173486306
-0.347239461798304
-0.359901238798187
-0.370887248380322
-0.380233696392316
-0.387995222080615
-0.394234357434112
-0.399012645037371
-0.402383868356813
-0.404389335011608
-0.405054895668731
-0.404389335216816
-0.402383868768444
-0.39901264567052
-0.394234358284512
-0.387995223157734
-0.380233697706034
-0.370887249920207
-0.359901240582001
-0.347239463814493
-0.332895175739622
-0.316900723514754
-0.299333512025433
-0.280316352732685
-0.260011340345132
-0.238608009390281
-0.216308023689399
-0.193309425964659
-0.169793255157226
-0.145914335007264
-0.121796762757782
-0.0975335791985655
-0.0731895363071568
-0.0488057864912925
-0.024405531479171
-4.251691473416e-09
0.0244055229907368
0.0488057780681879
0.0731895280051374
0.0975335710542035
0.121796754834973
0.14591432734554
0.169793247822963
0.19330941902943
0.216308017221895
0.238608003454722
0.260011335005992
0.280316348049702
0.29933350803927
0.316900720260702
0.332895173223678
0.34723946203124
0.359901239499946
0.370887249503109
0.380233697902706
0.38799522391679
0.39423435953623
0.399012647360459
0.402383870836267
0.404389337596323
0.405054898305506
0.404389337844804
0.402383871330446
0.399012648118769
0.3942343605597
0.387995225223519
0.380233699495418
0.370887251400941
0.359901241711665
0.347239464552722
0.332895176049059
0.316900723384427
0.299333511429471
0.280316351675672
0.260011338819021
0.238608007412467
0.216308021279647
0.193309423152937
0.16979325196726
0.145914331483546
0.121796758951005
0.0975335751459247
0.0731895320751535
0.0488057821150747
0.0244055270261961
-2.28760373835739e-10
-0.024405527446865
-0.0488057824469723
-0.0731895322408651
-0.0975335751005072
-0.121796758635449
-0.145914330862726
-0.169793251008306
-0.193309421832016
-0.21630801961165
-0.238608005405884
-0.260011336492395
-0.280316349069359
-0.299333508580046
-0.316900720343752
-0.332895172853346
-0.347239461236381
-0.359901238316063
-0.370887247975648
-0.380233696059493
-0.387995221811936
-0.394234357219249
-0.399012644877762
-0.402383868248309
-0.404389334956242
-0.405054895663395
-0.404389335268751
-0.402383868869036
-0.399012645828982
-0.39423435850049
-0.387995223447003
-0.380233698053264
-0.370887250350746
-0.359901241089944
-0.347239464408552
-0.332895176414991
-0.316900724270071
-0.299333512864009
-0.280316353652385
-0.260011341323949
-0.238608010433125
-0.216308024791124
-0.193309427106662
-0.169793256333311
-0.145914336211429
-0.121796763991267
-0.0975335804421831
-0.0731895375667532
-0.0488057877568343
-0.0244055327440769
-5.52573381391577e-09
0.0244055217178084
0.0488057768016403
0.0731895267306491
0.0975335697849149
0.12179675356719
0.14591432608495
0.169793246578219
0.193309417799376
0.216308016014857
0.238608002273738
0.260011333863045
0.280316346959656
0.299333507007217
0.316900719293516
0.332895172324141
0.347239461214683
0.359901238761148
0.370887248848735
0.380233697323676
0.387995223423022
0.394234359134221
0.399012647037491
0.402383870581346
0.404389337426505
0.405054898203048
0.404389337820396
0.402383871385787
0.399012648247817
0.394234360766161
0.387995225501496
0.380233699856506
0.370887251845313
0.359901242235084
0.347239465151453
0.332895176729087
0.316900724126371
0.299333512235128
0.280316352539761
0.260011339728099
0.238608008351907
0.216308022241256
0.193309424119713
0.169793252955935
0.145914332471501
0.121796759935796
0.0975335761221993
0.073189533038223
0.0488057830737451
0.0244055279809035
7.22487923495007e-10
-0.0244055264896251
-0.0488057814803259
-0.0731895312653486
-0.0975335741084945
-0.121796757617311
-0.145914329819203
-0.169793249938212
-0.193309420737944
-0.216308018486632
-0.238608004254935
-0.260011335334238
-0.280316347907403
-0.299333507427435
-0.316900719195342
-0.332895171742621
-0.347239460164664
-0.359901237280343
-0.370887246983514
-0.380233695119751
-0.387995220921649
-0.394234356391244
-0.399012644105267
-0.402383867520927
-0.404389334290626
-0.40505489505997
-0.40438933472019
-0.402383868393149
-0.399012645418129
-0.394234358177732
-0.387995223194598
-0.380233697905718
-0.370887250301378
-0.359901241144351
-0.34723946457272
-0.332895176690862
-0.316900724659395
-0.299333513359819
-0.280316354255382
-0.260011342023376
-0.238608011217078
-0.216308025643994
-0.193309428025482
-0.169793257309975
-0.145914337240502
-0.121796765062214
-0.0975335815625431
-0.07318953872806
-0.0488057889632757
-0.0244055339970826
-6.81889926790372e-09
0.0244055203714374
0.0488057753964696
0.0731895252888325
0.0975335682949743
0.121796752031522
0.145914324516474
0.169793244979264
0.193309416191635
0.216308014406795
0.238608000687062
0.260011332314535
0.280316345465485
0.299333505582272
0.316900717949833
0.332895171087353
0.347239460069658
0.359901237708266
0.370887247916839
0.380233696486951
0.387995222678011
0.394234358483907
0.39901264647682
0.402383870113805
0.404389337025291
0.405054897881113
0.404389337568694
0.40238387121141
0.399012648130473
0.394234360722672
0.387995225527526
0.380233699930503
0.370887251982379
0.359901242424324
0.347239465405326
0.332895177032114
0.316900724481776
0.29933351262581
0.280316352961014
0.260011340174926
0.23860800881536
0.216308022735269
0.193309424619466
0.169793253451214
0.145914332976925
0.121796760447253
0.0975335766275866
0.0731895335530345
0.0488057835819645
0.0244055284837308
1.22849061478878e-09
-0.0244055259827169
-0.048805780980054
-0.0731895307614525
-0.097533573610577
-0.121796757153862
-0.145914329359771
-0.169793249500333
-0.193309420348836
-0.216308018152731
-0.238608003977416
-0.260011335120728
-0.280316347760518
-0.299333507363594
-0.316900719217424
-0.332895171837473
-0.347239460330838
-0.35990123753147
-0.3708872473053
-0.380233695506247
-0.387995221371194
-0.394234356875308
-0.39901264463843
-0.402383868105983
-0.404389334908139
-0.405054895718242
-0.404389335411855
-0.402383869115906
-0.399012646177043
-0.394234358963589
-0.387995224020024
-0.380233698768216
-0.370887251193858
-0.359901242085207
-0.347239465561597
-0.332895177731902
-0.316900725760897
-0.299333514521929
-0.280316355483586
-0.260011343322122
-0.238608012578487
-0.216308027064206
-0.193309429497829
-0.169793258838305
-0.145914338806452
-0.121796766666374
-0.0975335831992021
-0.0731895403766626
-0.0488057906240448
-0.0244055356526607
-8.46227053842458e-09
0.0244055187560315
0.0488057738250026
0.073189523764201
0.0975335668300851
0.121796750648095
0.14591432322397
0.169793243805129
0.19330941513291
0.216308013486922
0.23860799992204
0.260011331716457
0.280316345036013
0.299333505331163
0.316900717877552
0.332895171172265
0.347239460317732
0.359901238139637
0.37088724845645
0.38023369717196
0.38799522346399
0.3942343593552
0.399012647429067
0.402383871130643
0.404389338094812
0.405054899001344
0.404389338715103
0.402383872378664
0.399012649335639
0.394234361927935
0.387995226753661
0.38023370119082
0.370887253235362
0.359901243707114
0.347239466698448
0.332895178359606
0.316900725822876
0.299333514000052
0.280316354357737
0.260011341583857
0.238608010251038
0.216308024161498
0.193309426061288
0.169793254898581
0.145914334420415
0.121796761907875
0.0975335780992583
0.0731895350283343
0.0488057850905953
0.024405530034913
2.82580036923168e-09
-0.0244055243466323
-0.0488057792754781
-0.0731895289974901
-0.0975335717768295
-0.121796755242063
-0.1459143274
-0.169793247487061
-0.193309418282228
-0.216308016068867
-0.238608001871731
-0.260011333026267
-0.280316345692966
-0.299333505339504
-0.316900717262583
-0.332895169960382
-0.347239458549103
-0.359901235844581
-0.370887245738066
-0.380233694056056
-0.387995220070933
-0.394234355715711
-0.399012643632419
-0.402383867243448
-0.404389334216315
-0.405054895200267
-0.404389335058029
-0.402383868964102
-0.399012646227146
-0.394234359225137
-0.38799522450383
-0.380233699465252
-0.370887252122421
-0.359901243228346
-0.347239466917538
-0.332895179282344
-0.316900727494002
-0.29933351641792
-0.280316357513604
-0.260011345459659
-0.23860801480115
-0.216308029351639
-0.193309431826609
-0.16979326118121
-0.145914341146995
-0.121796768991902
-0.0975335854789989
-0.0731895426285476
-0.0488057928392941
-0.0244055378165166
-1.05951982049493e-08
0.0244055166824749
0.048805771796472
0.0731895217889368
0.0975335649063588
0.121796748792891
0.145914321419529
0.169793242059235
0.193309413458962
0.21630801188628
0.238607998402754
0.260011330292516
0.280316343730545
0.299333504137869
0.31690071680182
0.332895170246629
0.347239459530745
0.359901237468503
0.370887247944925
0.380233696775388
0.387995223212138
0.394234359186894
0.399012647369378
0.40238387115395
0.404389338212939
0.405054899183949
0.404389338970935
0.40238387267942
0.399012649669077
0.39423436231201
0.387995227159761
0.38023370162056
0.3708872536914
0.359901244161295
0.347239467146107
0.332895178765739
0.316900726197046
0.299333514292351
0.280316354587448
0.260011341722504
0.238608010262771
0.216308024062533
0.19330942583043
0.169793254541306
0.145914333935027
0.121796761302876
0.0975335774151109
0.0731895342580578
0.0488057842294526
0.0244055291022283
1.83125795507986e-09
-0.0244055253744863
-0.0488057803343761
-0.0731895300799194
-0.0975335728762667
-0.121796756338301
-0.145914328472722
-0.169793248555984
-0.19330941931165
-0.216308017037292
-0.238608002806301
-0.260011333897487
-0.280316346502442
-0.299333506103213
-0.316900717958266
-0.332895170591481
-0.347239459121243
-0.359901236362408
-0.370887246177142
-0.380233694422216
-0.387995220350063
-0.394234355944853
-0.399012643767872
-0.402383867334096
-0.404389334241272
-0.405054895162093
-0.404389334984931
-0.402383868857428
-0.399012646094961
-0.394234359069341
-0.387995224329076
-0.380233699287992
-0.370887251966279
-0.359901243102259
-0.347239466835137
-0.33289517925052
-0.316900727537555
-0.29933351651652
-0.280316357677699
-0.26001134570391
-0.238608015132942
-0.216308029765481
-0.193309432315103
-0.169793261742268
-0.145914341780407
-0.121796769700329
-0.0975335862741504
-0.0731895434878579
-0.0488057937428354
-0.0244055388006964
-1.1617527228819e-08
0.024405515608114
0.0488057706842184
0.073189520609849
0.0975335637012598
0.121796747552654
0.145914320166974
0.169793240806468
0.193309412199741
0.216308010656538
0.238607997196443
0.260011329109671
0.280316342602385
0.299333503056112
0.316900715808553
0.332895169313477
0.347239458680883
0.35990123673006
0.370887247288044
0.380233696225143
0.38799522277405
0.39423435887583
0.399012647180933
0.40238387109401
0.404389338258009
0.405054899335519
0.404389339252414
0.402383873084384
0.399012650181198
0.394234362925494
0.387995227894718
0.380233702448041
0.370887254608823
0.359901245185958
0.347239468284939
0.332895180009263
0.316900727530855
0.299333515752263
0.28031635612511
0.260011343364353
0.238608012008327
0.216308025890191
0.193309427731211
0.16979325651378
0.145914335961742
0.121796763372175
0.0975335795012103
0.0731895363636445
0.0488057863655579
0.0244055312579292
3.9880080206809e-09
-0.0244055232104077
-0.0488057781519073
-0.0731895278838031
-0.0975335706485062
-0.121796754075404
-0.145914326188409
-0.169793246218878
-0.193309416954282
-0.216308014663612
-0.238608000417544
-0.260011331531724
-0.280316344162926
-0.299333503815829
-0.316900715737242
-0.332895168488107
-0.347239457158301
-0.35990123454165
-0.370887244523905
-0.380233692957093
-0.38799521906676
-0.39423435486952
-0.399012642923466
-0.402383866684542
-0.404389333818646
-0.405054894982586
-0.404389335046236
-0.402383869160963
-0.39901264665341
-0.394234359874772
-0.387995225419197
-0.380233700654672
-0.370887253595077
-0.359901244985357
-0.347239468947595
-0.332895181595364
-0.316900730067302
-0.299333519209409
-0.280316360494121
-0.260011348597603
-0.238608018047687
-0.21630803268057
-0.193309435200736
-0.16979326456162
-0.14591434452203
-0.121796772333846
-0.0975335887740951
-0.0731895458689808
-0.0488057960027006
-0.0244055409046697
-1.35622346981735e-08
0.0244055138200025
0.0488057690584997
0.0731895191811973
0.0975335624327589
0.121796746484947
0.145914319282742
0.169793240107489
0.193309411686296
0.216308010312087
0.238607997013722
0.260011329070766
0.280316342682483
0.299333503229769
0.316900716039567
0.332895169603438
0.347239458995218
0.359901237024463
0.370887247597431
0.380233696497893
0.387995222979862
0.394234359061726
0.399012647291884
0.402383871149107
0.404389338264529
0.405054899298335
0.404389339160008
0.402383872939256
0.399012649973639
0.394234362693134
0.387995227566018
0.380233702087535
0.370887254201317
0.35990124471349
0.34723946773154
0.332895179396131
0.316900726855026
0.299333514989206
0.280316355308354
0.260011342477166
0.238608011058129
0.216308024880224
0.193309426665872
0.169793255401729
0.145914334804213
0.121796762170707
0.0975335782586973
0.0731895350986581
0.0488057850678627
0.0244055299273929
2.66337052851359e-09
-0.0244055245714919
-0.0488057795334774
-0.07318952926813
-0.0975335720693743
-0.121796755511412
-0.145914327628963
-0.169793247670786
-0.193309418392699
-0.21630801608819
-0.238608001785044
-0.260011332817107
-0.280316345344984
-0.299333504845185
-0.31690071659245
-0.332895169099095
-0.347239457512778
-0.359901234607633
-0.370887244321294
-0.380233692452974
-0.387995218262078
-0.394234353762296
-0.399012641540608
-0.402383865039017
-0.40438933193637
-0.405054892810619
-0.404389332646136
-0.402383866549222
-0.399012643813659
-0.394234356860071
-0.387995222243101
-0.380233697356736
-0.370887250197874
-0.359901241555656
-0.34723946553604
-0.332895178257067
-0.316900726862987
-0.299333516210677
-0.280316357746054
-0.260011346157863
-0.238608015922813
-0.216308030911956
-0.193309433798452
-0.16979326351225
-0.145914343802405
-0.121796771903296
-0.0975335886310793
-0.0731895459552379
-0.0488057962790534
-0.0244055413754668
-1.41682904480424e-08
0.0244055131174798
0.0488057682885234
0.0731895183794843
0.097533561679079
0.121796745750357
0.145914318681205
0.169793239645582
0.193309411439652
0.216308010318605
0.238607997342989
0.260011329767485
0.280316343779007
0.299333504780016
0.316900718058148
0.332895172043743
0.347239461865096
0.359901240299444
0.370887251194601
0.380233700390067
0.38799522713724
0.394234363400843
0.3990126517707
0.402383875711003
0.404389342842694
0.405054903856105
0.40438934364756
0.402383877326474
0.399012654242168
0.394234366766196
0.387995231475991
0.380233705765282
0.370887257607083
0.359901247837681
0.347239470552271
0.332895181878753
0.316900729007347
0.299333516791855
0.280316356702901
0.26001134348463
0.238608011690118
0.216308025152474
0.193309426578507
0.169793254980162
0.145914334116467
0.121796761207561
0.0975335770888594
0.0731895337555669
0.0488057835952365
0.0244055283548848
1.03536637514705e-09
-0.0244055261768511
-0.0488057811331696
-0.0731895308001374
-0.0975335734928168
-0.121796756798182
-0.145914328749899
-0.169793248595654
-0.193309419080568
-0.21630801655029
-0.238608002008248
-0.260011332810883
-0.28031634511664
-0.2993335044197
-0.316900716010253
-0.332895168398597
-0.347239456717486
-0.359901233780725
-0.370887243476428
-0.380233691673152
-0.387995217562899
-0.394234353168925
-0.399012641114176
-0.402383864804704
-0.404389331921271
-0.405054893104454
-0.404389333253584
-0.40238386750025
-0.39901264517704
-0.3942343586769
-0.387995224525886
-0.380233700142362
-0.370887253503408
-0.359901245405891
-0.347239469924138
-0.332895183167204
-0.31690073225246
-0.29933352205502
-0.280316363991934
-0.260011352733301
-0.238608022797314
-0.2163080379923
-0.193309440995804
-0.169793270822629
-0.145914351156791
-0.121796779259555
-0.0975335959444116
-0.0731895531776325
-0.0488058033934938
-0.0244055483174339
-2.09337833101995e-08
0.0244055065449094
0.0488057619587997
0.0731895123530994
0.097533555927152
0.121796740370967
0.145914313642766
0.16979323502063
0.193309407251599
0.216308006576747
0.238607994058673
0.260011326959108
0.280316341424312
0.299333502882756
0.316900716598927
0.332895171028878
0.34723946126877
0.359901240074923
0.370887251328353
0.380233700857712
0.387995227910114
0.394234364398244
0.399012653015356
0.402383877134544
0.404389344458561
0.405054905599582
0.404389345490168
0.402383879248533
0.399012656210591
0.394234368731859
0.387995233392191
0.380233707610819
0.370887259366648
0.35990124945663
0.34723947202732
0.332895183192477
0.316900730099127
0.299333517689251
0.280316357419254
0.260011343992511
0.238608011995234
0.216308025298498
0.193309426578713
0.169793254852992
0.145914333888242
0.12179676092046
0.0975335767833406
0.0731895334340201
0.0488057833160911
0.0244055281239694
8.84256664803179e-10
-0.0244055262337487
-0.0488057810356819
-0.0731895305606061
-0.0975335730718013
-0.121796756176538
-0.145914327911634
-0.169793247570566
-0.193309417854441
-0.216308015078052
-0.238608000334285
-0.260011330920355
-0.280316343015028
-0.29933350212365
-0.316900713515262
-0.332895165721957
-0.347239453872284
-0.35990123077902
-0.370887240348781
-0.380233688379617
-0.387995214116991
-0.394234349615934
-0.399012637406511
-0.402383860999568
-0.404389327998825
-0.40505488909175
-0.404389329142652
-0.402383863297553
-0.399012640975333
-0.394234354406427
-0.387995220258593
-0.380233695894807
-0.370887249343749
-0.359901241322376
-0.347239465982947
-0.332895179415089
-0.316900728731119
-0.29933351876266
-0.280316361000004
-0.260011350027374
-0.238608020403184
-0.216308035901215
-0.193309439237214
-0.169793269350588
-0.145914349962679
-0.121796778383928
-0.0975335953298733
-0.0731895528202768
-0.0488058032889543
-0.0244055484308858
-2.12860602066927e-08
0.0244055060061684
0.048805761246547
0.0731895114562517
0.0975335548961768
0.121796739193351
0.145914312383335
0.169793233689563
0.193309405894488
0.216308005228903
0.238607992761158
0.26001132580447
0.280316340443661
0.299333502106933
0.316900716044828
0.332895170759704
0.347239461280007
0.359901240401334
0.370887251976526
0.380233701810972
0.387995229144635
0.394234365935933
0.399012654815214
0.402383879195193
0.404389346720685
0.405054908074504
0.404389348155286
0.402383882031679
0.399012659093324
0.394234371736901
0.387995236453528
0.380233710718244
0.370887262464072
0.359901252538327
0.347239475016274
0.332895186059991
0.316900732830825
0.299333520186637
0.280316359670008
0.260011345947915
0.238608013587578
0.216308026469728
0.193309427322985
0.169793255158673
0.145914333695655
0.121796760288827
0.0975335756671779
0.0731895319003486
0.0488057813766757
0.0244055258525714
-1.67293294871628e-09
-0.0244055290086033
-0.0488057839520257
-0.0731895335658833
-0.0975335760807693
-0.121796759108888
-0.145914330700062
-0.169793250090609
-0.193309420107007
-0.216308016975939
-0.238608001832375
-0.260011331943404
-0.280316343563777
-0.299333502168078
-0.316900713045831
-0.332895164728375
-0.347239452357177
-0.359901228736364
-0.370887237785656
-0.380233685348143
-0.387995210701725
-0.394234345780102
-0.399012633259784
-0.402383856561398
-0.404389323373732
-0.405054884330893
-0.404389324351068
-0.402383858558005
-0.39901263630759
-0.394234349967184
-0.387995216111961
-0.380233692084046
-0.37088724595933
-0.359901238478984
-0.347239463679553
-0.332895177755489
-0.316900727740213
-0.299333518464379
-0.280316361375639
-0.260011351125155
-0.238608022181642
-0.216308038346356
-0.193309442335667
-0.169793273049774
-0.145914354230848
-0.121796783130703
-0.0975336005554175
-0.0731895584610568
-0.0488058092840762
-0.0244055547222948
-2.7778784231028e-08
0.0244054993263578
0.0488057544822431
0.0731895046593276
0.0975335481643628
0.121796732561603
0.14591430592218
0.169793227473063
0.193309399998886
0.21630799975844
0.238607987752416
0.260011321300655
0.280316336535991
0.299333498841954
0.316900713464683
0.33289516887527
0.347239460092751
0.359901239894849
0.37088725213966
0.380233702567672
0.387995230482247
0.394234367801186
0.399012657107556
0.402383881839522
0.404389349658115
0.405054911203834
0.404389351405664
0.402383885346257
0.399012662348613
0.394234374862131
0.3879952393756
0.380233713364826
0.370887264809596
0.359901254490988
0.347239476560869
0.332895187125162
0.316900733394144
0.299333520248679
0.280316359205284
0.260011344974007
0.23860801214546
0.216308024572522
0.193309424986851
0.169793252440671
0.145914330702724
0.121796757023991
0.0975335722540275
0.0731895283650817
0.048805777811587
0.0244055223639362
-5.05257573354084e-09
-0.0244055321795285
-0.0488057868693011
-0.0731895360962663
-0.0975335781619573
-0.12179676071101
-0.145914331735048
-0.169793250526549
-0.193309419837197
-0.216308016018076
-0.238608000147983
-0.260011329597028
-0.280316340524988
-0.299333498463374
-0.316900708721715
-0.332895159860151
-0.347239446968008
-0.359901222937041
-0.370887231612608
-0.380233678874416
-0.387995203992657
-0.394234338953114
-0.399012626351612
-0.402383849720695
-0.404389316604566
-0.405054877732528
-0.404389318049899
-0.402383852559174
-0.399012630762108
-0.394234344896005
-0.387995211630355
-0.380233688264164
-0.37088724287594
-0.359901236157987
-0.34723946221381
-0.332895177105491
-0.316900727976573
-0.299333519565511
-0.280316363293139
-0.260011353852971
-0.238608025643679
-0.216308042454116
-0.193309446959819
-0.169793278125738
-0.145914359651371
-0.121796788788403
-0.0975336063217035
-0.0731895642768599
-0.0488058149734083
-0.0244055602253684
-3.29654961958254e-08
0.0244054945653986
0.0488057502438616
0.0731895010601429
0.0975335452741554
0.121796730553742
0.145914304809361
0.169793227397441
0.193309400997919
0.216308001855261
0.238607991036405
0.260011325758104
0.280316342125652
0.29933350554727
0.316900721208244
0.332895177587328
0.347239469676917
0.359901250240264
0.37088726311692
0.38023371410338
0.387995242390062
0.394234380008089
0.399012669468518
0.4023838943052
0.404389362081964
0.405054923519238
0.404389363456703
0.402383897067719
0.399012673653652
0.394234385626612
0.387995249522876
0.380233722795292
0.37088727340652
0.359901262173217
0.347239483259047
0.332895192761439
0.316900737940914
0.299333523683346
0.280316361530568
0.260011346228807
0.238608012355795
0.216308023821529
0.193309423401761
0.169793250080945
0.14591432769337
0.121796753468339
0.0975335683099075
0.0731895241197074
0.0488057733936459
0.0244055178896324
-9.44944550160962e-09
-0.0244055364226718
-0.0488057907771227
-0.073189539597092
-0.0975335811394773
-0.121796763007841
-0.145914333286177
-0.169793251184908
-0.193309419573235
-0.21630801468246
-0.238607997690218
-0.260011325917771
-0.280316335653237
-0.299333492354939
-0.316900701410016
-0.332895151399555
-0.347239437415065
-0.359901212334381
-0.370887220133402
-0.380233666638975
-0.387995191093515
-0.3942343255076
-0.39901261249087
-0.402383835524421
-0.404389302293706
-0.405054863413378
-0.40438930378002
-0.40238383858091
-0.399012617110955
-0.394234331758753
-0.387995199118893
-0.380233676515569
-0.370887232018646
-0.359901226298811
-0.347239453463985
-0.332895169595048
-0.316900721761288
-0.299333514762658
-0.280316359980542
-0.26001135201253
-0.238608025327109
-0.216308043671206
-0.193309449703336
-0.169793282279904
-0.145914365187035
-0.121796795632501
-0.0975336143619394
-0.073189573340481
-0.0488058250115218
-0.0244055710496944
-4.45042157019098e-08
0.0244054825453638
0.0488057378499541
0.0731894884473579
0.0975335326062205
0.121796718005703
0.145914292575093
0.169793215582103
0.193309389823273
0.216307991479558
0.238607981598402
0.260011317416706
0.280316335033437
0.299333499793375
0.316900716917065
0.33289517479612
0.347239468420494
0.359901250499128
0.370887264852794
0.380233717263648
0.387995246876022
0.394234385675179
0.399012676207601
0.402383901894672
0.404389370432831
0.405054932350131
0.404389372644857
0.402383906406637
0.399012682945729
0.394234394712372
0.387995258224192
0.380233730857253
0.370887280751958
0.359901268614075
0.347239488706098
0.332895197103223
0.316900741085985
0.299333525541619
0.280316362066866
0.260011345414939
0.238608010220014
0.216308020360484
0.193309418673793
0.169793244177037
0.145914320708003
0.121796745537003
0.097533559519545
0.0731895147042469
0.0488057634963417
0.0244055076482005
-1.98385754457633e-08
-0.0244055466936096
-0.0488058007625194
-0.0731895491290499
-0.0975335899628197
-0.12179677094396
-0.145914340100234
-0.169793256691559
-0.193309423573194
-0.216308017050444
-0.238607998246065
-0.260011324557149
-0.280316332259488
-0.299333486923865
-0.316900693843755
-0.332895141692899
-0.347239425666097
-0.359901198629485
-0.370887204526187
-0.380233649209595
-0.387995172029632
-0.394234305019268
-0.399012590741589
-0.402383812782888
-0.404389278710869
-0.405054839292631
-0.404389279384906
-0.402383814158047
-0.39901259293473
-0.394234308163114
-0.387995176294236
-0.380233654848676
-0.370887211713443
-0.359901207670847
-0.34723943678624
-0.33289515502993
-0.316900709476129
-0.299333504897756
-0.280316352528972
-0.260011347019185
-0.238608022717156
-0.216308043323171
-0.193309451490183
-0.16979328603929
-0.145914370641567
-0.121796802557136
-0.0975336225060092
-0.0731895824390337
-0.048805834742152
-0.0244055811578415
-5.46187438543683e-08
0.0244054726369838
0.0488057285102341
0.0731894799955938
0.0975335254215047
0.121796712336335
0.145914288806242
0.169793213991152
0.193309390679052
0.216307995042545
0.238607988090441
0.260011327009238
0.280316347787431
0.299333515774764
0.316900736064548
0.332895197049884
0.347239493622774
0.359901278436645
0.370887295273016
0.380233749910731
0.387995281437079
0.394234421854218
0.399012713688738
0.402383940354722
0.40438940950624
0.40505497174466
0.404389411959379
0.402383945269003
0.399012721097667
0.39423443166199
0.387995293689472
0.380233764467482
0.370887312130774
0.359901297452018
0.347239514658065
0.332895219922466
0.316900760530018
0.299333541453838
0.280316374360342
0.260011354070831
0.238608015294259
0.2163080220239
0.193309417095516
0.16979323962089
0.14591431345383
0.121796735911979
0.0975335478733262
0.0731895013826964
0.048805748911859
0.0244054921922208
-3.57457634508888e-08
-0.0244055626519499
-0.0488058163688661
-0.0731895639326982
-0.0975336035464051
-0.121796782848903
-0.145914349912613
-0.169793264022678
-0.193309427984289
-0.216308018172145
-0.238607995783055
-0.260011318264427
-0.280316321923742
-0.299333472422342
-0.316900675193232
-0.332895118941539
-0.347239398919545
-0.359901168103198
-0.370887170434772
-0.380233611952114
-0.387995131957556
-0.394234262495211
-0.399012546198776
-0.402383766616707
-0.40438923142445
-0.405054791295389
-0.404389231230576
-0.402383766276451
-0.399012545870905
-0.39423426238762
-0.387995132342619
-0.380233613185385
-0.370887172869018
-0.359901172063183
-0.347239404814363
-0.332895127081737
-0.316900685877075
-0.299333485809241
-0.280316338132986
-0.260011337371784
-0.238608017717502
-0.216308042825387
-0.193309455220287
-0.169793293715307
-0.14591438185648
-0.121796816847796
-0.0975336394073917
-0.0731896013903713
-0.0488058552110645
-0.0244056025227931
-7.62994330093828e-08
0.0244054512814048
0.0488057081309256
0.073189461256728
0.0975335088727672
0.121796698688154
0.145914278662267
0.169793207977392
0.193309389356247
0.216307998930911
0.238607997603521
0.260011342538574
0.280316369579802
0.299333543967392
0.316900770695596
0.332895237996725
0.347239540742881
0.359901331452519
0.370887353756914
0.380233813419822
0.387995349443807
0.394234493793429
0.399012788884177
0.402384018171787
0.404389489221865
0.405055052642552
0.404389493291827
0.402384026311344
0.399012800984552
0.394234509704649
0.38799536901365
0.380233836372576
0.370887379876921
0.359901360329847
0.347239572018635
0.332895271253961
0.316900805429464
0.299333579603292
0.280316405610645
0.260011378391391
0.238608032831844
0.216308033019147
0.193309421924582
0.169793238760813
0.145914307436835
0.121796725406772
0.097533533601974
0.0731894840958904
0.0488057293899118
0.0244054712548202
-5.71856830041439e-08
-0.0244055837304146
-0.0488058361510026
-0.0731895814812348
-0.0975336179109267
-0.12179679319104
-0.145914355258048
-0.169793263524977
-0.193309420848842
-0.216308003698939
-0.238607973343815
-0.260011287346928
-0.280316282209149
-0.299333423723028
-0.316900617506131
-0.332895052350352
-0.347239323761142
-0.359901084793716
-0.370887079606837
-0.380233514221026
-0.387995028081772
-0.394234153335661
-0.399012432651929
-0.402383649610428
-0.404389111941432
-0.405054670401319
-0.404389109834265
-0.402383645517149
-0.399012426804558
-0.394234146041163
-0.387995019767349
-0.38023350538356
-0.370887070803155
-0.359901076640317
-0.347239316818101
-0.332895047225848
-0.316900614645369
-0.299333423616659
-0.280316285172566
-0.260011293635953
-0.238607983030715
-0.21630801686344
-0.193309437496417
-0.169793283509999
-0.145914378516976
-0.121796819499233
-0.0975336470802185
-0.0731896131303208
-0.0488058699578656
-0.0244056191124558
-9.36509012997753e-08
0.0244054344114409
0.0488056929790584
0.0731894490129205
0.0975335009230852
0.121796696242926
0.145914283063453
0.16979322045664
0.193309411104667
0.216308031051469
0.238608041132699
0.260011398263816
0.280316438216911
0.299333626009171
0.316900866405185
0.332895347306847
0.34723966340438
0.359901467039725
0.370887501649422
0.380233972676557
0.387995519141371
0.394234672698377
0.399012975846177
0.402384211891831
0.404389688266566
0.405055255633829
0.404389698746479
0.402384232661296
0.399013006676063
0.394234713141189
0.38799556861485
0.380234030475282
0.370887566846553
0.359901538652798
0.347239740270044
0.332895428091946
0.316900949690849
0.29933371046795
0.280316522414609
0.260011480886001
0.238608121038263
0.216308107268332
0.193309482933954
0.169793287414805
0.145914344938562
0.121796753109446
0.0975335530108887
0.0731894968364823
0.0488057372126646
0.0244054760499438
-5.35616387671901e-08
-0.0244055792818975
-0.0488058288861358
-0.0731895692142047
-0.0975335985521692
-0.121796764608997
-0.145914315306415
-0.169793210107798
-0.193309351977992
-0.216307917534084
-0.238607868248434
-0.260011161958977
-0.280316135466218
-0.299333254906323
-0.316900426339446
-0.332894838993628
-0.347239088661787
-0.359900828804179
-0.370886803913667
-0.380233220248421
-0.387994717500062
-0.394233828006533
-0.399012094575202
-0.402383300963321
-0.404388754938191
-0.405054307319654
-0.404388743125319
-0.402383277714881
-0.399012060399121
-0.394233783664171
-0.387994664086562
-0.380233158963065
-0.370886736252925
-0.359900756433061
-0.347239013268813
-0.332894762321309
-0.316900350107698
-0.299333180667276
-0.280316064623244
-0.260011095725282
-0.238607807502399
-0.216307862988824
-0.193309304012576
-0.1697931688819
-0.145914280723516
-0.121796736289445
-0.0975335760221144
-0.0731895515967159
-0.0488058151018107
-0.0244055680557314
-4.31958575979089e-08
0.0244054874088327
0.0488057517625445
0.073189517025564
0.0975335816009338
0.121796793102105
0.145914399511672
0.169793359900854
0.193309576792338
0.216308225959265
0.238608267868553
0.260011659050855
0.28031673473485
0.299333959247867
0.316901236873437
0.332895754843993
0.347240107205515
0.359901945672012
0.370888013304053
0.380234515041037
0.387996089560215
0.394235268267362
0.39901359332781
0.402384847909277
0.404390339220237
0.405055917823871
0.404390368266374
0.402384905576852
0.399013678905612
0.394235380448932
0.387996226861194
0.380234675482197
0.370888194654967
0.359902145304662
0.347240322223557
0.33289598229554
0.31690147358867
0.299334202158459
0.280316980753902
0.260011905436086
0.238608512264398
0.21630846634789
0.193309811714897
0.169793588449571
0.145914621281247
0.121797008290586
0.0975337909578057
0.0731897218525989
0.0488059538431722
0.0244056891385078
1.61091999878306e-07
-0.0244053578328515
-0.0488055951049949
-0.0731893174510405
-0.0975333230889115
-0.1217964595347
-0.145913974896344
-0.16979282868355
-0.193308924144136
-0.216307438257559
-0.238607333065951
-0.26001056707376
-0.2803154779239
-0.299332532662627
-0.316899638378168
-0.33289398526761
-0.34723817023689
-0.359899847665238
-0.370885762812443
-0.380232122856802
-0.387993568049824
-0.394232631238995
-0.399010855832728
-0.402382025877286
-0.404387449464193
-0.405052977820145
-0.404387396179035
-0.402381920099553
-0.399010699148125
-0.394232426013592
-0.38799331727404
-0.380231830318177
-0.370885432875558
-0.359899485160393
-0.347237780375332
-0.332893573405783
-0.316899209791897
-0.299332092468218
-0.280315030666289
-0.260010116783681
-0.238606882920338
-0.216306990642052
-0.193308480538275
-0.169792389710424
-0.145913540296178
-0.121796028212013
-0.0975328931142644
-0.0731888860443939
-0.048805158580978
-0.0244049117138537
6.22247877222656e-07
0.0244061716849468
0.0488064650189839
0.0731902697737363
0.0975343844834084
0.1217976570476
0.145915335294889
0.169794378312531
0.193310688002152
0.216309439605803
0.238609592659618
0.260013102371294
0.280318302531112
0.299335655782401
0.316903064472711
0.332897714022282
0.347242196553588
0.359904162107965
0.370890352045744
0.380236970008591
0.387998653331952
0.394237932564027
0.399016348894117
0.402387684722795
0.404393246680701
0.405058884627645
0.404393382640473
0.402387955227491
0.39901675106459
0.394238462034052
0.387999304358958
0.380237735527185
0.370891223806814
0.359905130945038
0.347243252363327
0.332898846290896
0.316904262565399
0.299336909325947
0.280319601838317
0.260014438893053
0.238610959112538
0.216310830445898
0.193312099338848
0.169795808184052
0.145916783625481
0.121799125545647
0.097535876803294
0.0731917913162119
0.0488080231328351
0.0244077754846265
2.2827768741465e-06
-0.0244031815142518
-0.048803343999381
-0.0731869706458816
-0.0975308588767798
-0.121793855845568
-0.14591120949141
-0.169789879480525
-0.193305769702656
-0.216304058256165
-0.238603708935775
-0.260006682541564
-0.280311319469014
-0.299328090168628
-0.316894905160077
-0.332888958480434
-0.347232850664647
-0.359894239586826
-0.37087987377829
-0.380225963170368
-0.387987150486002
-0.39422597076297
-0.399003969111157
-0.402374931233408
-0.40438016673768
-0.405045528039427
-0.404379801684772
-0.402374204349136
-0.399002886742611
-0.394224542369181
-0.387985388657935
-0.380223883130117
-0.370877493358986
-0.35989157878055
-0.347229930797699
-0.332885801811375
-0.3168915338754
-0.299324525594012
-0.280307581181758
-0.260002787460821
-0.238599670962929
-0.216299887654258
-0.193301472837674
-0.169785458702859
-0.145906663247082
-0.121789178533084
-0.0975260409674725
-0.0731819985587356
-0.0487982002115023
-0.0243978442674426
7.83942004590413e-06
0.0244135817920102
0.0488141134812385
0.073198204080052
0.097542654119429
0.121806312673263
0.145924428629911
0.169803960819452
0.193320810478568
0.216320150716147
0.238620937806259
0.260025122426661
0.280331032572929
0.299349124209677
0.316917292052123
0.332912713718958
0.347257973248807
0.359920713088026
0.370907667596847
0.380255034056813
0.388017444355595
0.394257424136669
0.399036510495048
0.402408482050171
0.40441464219742
0.405080837529681
0.404415849171424
0.402410888645759
0.3990401019135
0.394262178481933
0.388023332751921
0.380262021023649
0.37091571182104
0.359929768410169
0.34726798982481
0.332923639866962
0.316929076129405
0.299361716675879
0.280344388409728
0.260039202811592
0.238635711991247
0.216335597255823
0.193336917834527
0.16982072787258
0.145941864806447
0.121824437954414
0.097561499037858
0.0732178098853867
0.0488345321482719
0.024434876438089
3.00843975164665e-05
-0.024374563270729
-0.048773786178266
-0.0731563437371206
-0.0974990274170909
-0.121760679451089
-0.145876544140004
-0.16975357951157
-0.193267689976521
-0.216264056902585
-0.238561650380258
-0.259962440693651
-0.280264780979632
-0.299279156877262
-0.31684349642604
-0.332835012212932
-0.347176323559742
-0.359835106680174
-0.370818127182275
-0.380161610402848
-0.387920212657153
-0.394156480814946
-0.398931970508928
-0.40230047684692
-0.404303318097711
-0.40496635499211
-0.40429838215929
-0.402290624231718
-0.398917239535588
-0.394136928517761
-0.387895914060627
-0.38013265724331
-0.370784625917309
-0.359797175524105
-0.347134088590666
-0.332788602735673
-0.316793038852796
-0.299224768746992
-0.280206564505385
-0.259900477202688
-0.238495995365233
-0.216194736561007
-0.193194698821163
-0.16967687909738
-0.145796062473692
-0.121676310631306
-0.0974106315286734
-0.0730637459970359
-0.0486767762721341
-0.0242728940166307
0.000136697745885217
0.0245467573335593
0.0489520424861886
0.0733413493784504
0.0976915035671187
0.121961377018496
0.146086237332963
0.169973057712054
0.193497746904193
0.216505478184761
0.238815198819021
0.2602288412777
0.280544705782388
0.299573211804405
0.317152211320083
0.333158834433148
0.347515616225283
0.360190151099188
0.371189128238238
0.380548704208336
0.388323474992845
0.394575935052869
0.399367594211891
0.402752206664961
0.404771053079209
0.405449958082041
0.404797680886903
0.402805411245568
0.399447273782094
0.394681938569628
0.38845560484725
0.38070672060672
0.371372756317988
0.36039909119792
0.34774955760193
0.333417472978987
0.317435270077052
0.299880463664788
0.280875996323906
0.260584110256401
0.239194498064956
0.216908985571021
0.193925776359692
0.170426064957724
0.146564823914038
0.122466292577836
0.0982236489520514
0.073901780259758
0.0495419746936155
0.0251675729075862
0.000789950912671748
-0.0235854721805849
-0.047953274507233
-0.0723020737427932
-0.0966085220492002
-0.120831329144443
-0.144905617840491
-0.168738241329347
-0.192205021007615
-0.215151083375186
-0.237395375963672
-0.258739882392562
-0.278983005506159
-0.297935314608793
-0.315434850149465
-0.331358957718519
-0.345630401153839
-0.358217003410501
-0.369125671842201
-0.378392763616258
-0.386073054833623
-0.392229201169481
-0.396922858631904
-0.400207918543046
-0.402125795854364
-0.402702452381655
-0.401946791471136
-0.399850155314996
-0.396386826740111
-0.391515633498217
-0.385182921145533
-0.377327257597237
-0.367886189318277
-0.356805107342916
-0.344047772990364
-0.329607334328545
-0.313515949727639
-0.295850757177133
-0.276734236588974
-0.256328109462559
-0.234821524731899
-0.212415781433627
-0.189308609124744
-0.165680812459563
-0.141687080303187
-0.117451489046019
-0.0930671831904084
-0.0685991532276844
-0.0440889385746744
-0.0195602997472377
0.00497476371566188
0.0295099524506239
0.0540386347224472
0.0785477936260896
0.103011905781961
0.12738682310272
0.151603963650814
0.17556543704844
0.199141066979539
0.222168487508241
0.244457399305349
0.265798505975158
0.285976603925624
0.304786027027632
0.322045654251676
0.337610479953471
0.351377549173956
0.363285582207883
0.373309250318468
0.381450175221753
0.387727022313803
0.392166622269846
0.394797226247702
0.395644125078899
0.394727197576513
0.392059627198904
0.387647066652205
0.381486878067859
0.373567574682627
0.363869041297583
0.3523643352799
0.339023772244669
0.323821603224654
0.306744987301899
0.287804301125412
0.267043259143926
0.244546997157359
0.220446332220944
0.194916960796882
0.16817336206075
0.140458411565876
0.112030754293299
0.0831524194276014
0.0540788111107194
0.025052267792804
-0.00370072923373608
-0.0319695206506713
-0.0595577088275711
-0.0862814057677733
-0.111968274205485
-0.136457726686615
-0.159601965050662
-0.181267035523222
-0.201332986492522
-0.219692593088057
-0.236248791034124
-0.250911619051358
-0.263595800834607
-0.274219997348647
-0.282708301823953
-0.28899393690024
-0.293024547095913
-0.294768096453524
-0.294218262700921
-0.291398352904825
-0.286363112382365
-0.279198263614094
-0.270018084973207
-0.258961688146121
-0.246188779441428
-0.231875590329216
-0.216211423006912
-0.199395987770096
-0.181637465123955
-0.163150999847885
-0.144157146200875
-0.124879717384019
-0.105542652141412
-0.0863658690536427
-0.0675604799611381
-0.0493239573650292
-0.0318358014040257
-0.0152540232649556
0.000287465587637257
0.0146805490773874
0.0278436251235018
0.0397212296177107
0.0502825042983205
0.0595186266581389
0.0674395208193343
0.074070293384796
0.0794478381116783
0.0836179597490058
0.086633217571973
0.0885515342807361
0.0894354750797004
0.0893520066132182
0.088372509772729
0.0865728542262179
0.0840334240057239
0.080839066181046
0.0770789593871398
0.0728463530834319
0.0682380483625706
0.0633534509303606
0.058293075578719
0.0531564824505455
0.0480397294334693
0.0430324935213496
0.0382150589070087
0.033655432925962
0.0294069301959887
0.0255066129083384
0.0219749228191641
0.0188166494259486
0.0160231019045357
0.0135751008245925
0.0114462778666719
0.0096062048561782
0.00802301802798006
0.00666538678714269
0.00550382804794291
0.00451146129360465
0.00366433846314132
0.00294148008963815
0.00232472920400318
0.00179850517888564
0.00134951566162697
0.000966461972700404
0.000639759824598271
0.000361285457320824
0.000124151983109121
-7.74841448280633e-05
-0.000248588264930635
-0.000393387143830773
-0.00051548639842852
-0.000617968753946145
-0.000703476204706315
-0.000774278266390928
-0.00083232947329493
-0.000879316898779805
-0.000916700271521373
-0.000945745218993422
-0.000967551528184466
-0.000983076660842924
-0.000993155708671194
-0.000998518286008302
-0.000999802805685141
-0.000997568615254942
-0.000992306279224565
-0.000984446804542908
-0.000974368718222187
-0.000962405084429282
-0.000948848894565373
-0.000933958036727175
-0.000917959471903869
-0.000901053026145509
-0.000883414398511455
-0.000865198232739965
-0.000846540255114635
-0.000827559798990263
-0.000808361360281318
-0.000789036320576925
-0.000769664645808145
-0.000750315943243504
-0.000731050676422393
-0.000711921141293581
-0.000692972552065926
-0.000674243636597879
-0.000655767383431952
-0.000637571800227457
-0.000619680384228412
-0.000602112590896399
-0.000584884333299814
-0.000568008501701956
-0.000551495044895917
-0.000535351626531109
-0.000519583568956944
-0.000504194370379959
-0.000489185932166988
-0.000474558491134739
-0.000460311220832396
-0.000446441956039152
-0.000432947725955038
-0.000419824615378685
-0.000407068014978343
-0.00039467275445284
-0.000382632986300188
-0.000370942641530396
-0.00035959505157467
-0.000348583476545638
-0.000337900762037002
-0.000327539566204182
-0.000317492627440304
-0.000307752390376106
-0.000298311174634597
-0.000289161573636761
-0.000280295774780732
-0.000271706369139249
-0.000263385747666138
-0.000255326530014078
-0.000247521236836891
-0.000239962642537512
-0.000232643626309456
-0.000225556986081954
-0.000218695922103117
-0.000212053573893209
-0.000205623345200805
-0.000199398687377904
-0.000193373233590753
-0.000187540754810416
-0.000181895166469382
-0.000176430684257157
-0.000171141465410302
-0.000166021836054047
-0.000161066509940343
-0.000156270081511952
-0.000151627406398865
-0.000147133513211535
-0.000142783521053755
-0.000138572759262826
-0.000134496612487239
-0.000130550728928862
-0.000126730748866759
-0.000123032532535904
-0.000119452070281224
-0.000115985491571054
-0.000112628981664033
-0.000109378870110636
-0.000106231636612738
-0.00010318391310819
-0.000100232272847082
-9.73736723249203e-05
-9.46049323897529e-05
-9.19230257400128e-05
-8.9325165251564e-05
-8.68084166014844e-05
-8.43702440108394e-05
-8.20079109211956e-05
-7.97189489977357e-05
-7.75009237056711e-05
-7.53515409360831e-05
-7.32683852311974e-05
-7.12493710638124e-05
-6.92923586667814e-05
-6.73952866795588e-05
-6.55561742519239e-05
-6.37731044048561e-05
-6.20442559470722e-05
-6.03678503665627e-05
-5.87421564978524e-05
-5.71654465933631e-05
-5.56362492014699e-05
-5.41528842722809e-05
-5.27139422621563e-05
-5.13179542574595e-05
-4.99635280544024e-05
-4.86492918127647e-05
-4.73739786408653e-05
-4.61362863274977e-05
-4.49350661183776e-05
-4.37690705182837e-05
-4.2637252940424e-05
-4.15384602379188e-05
-4.04716340381747e-05
-3.94357400820767e-05
-3.84298679960584e-05
-3.74530180983399e-05
-3.6504262101055e-05
-3.55826923165468e-05
-3.46874864247923e-05
-3.3817875506076e-05
-3.29728792444977e-05
-3.21518545534569e-05
-3.13540625090776e-05
-3.05787275015169e-05
-2.98251883171466e-05
-2.90927708157544e-05
-2.83808166144317e-05
-2.76886151969067e-05
-2.70156360233721e-05
-2.63613078548773e-05
-2.57249611659118e-05
-2.51061816784744e-05
-2.45043626767786e-05
-2.39189462855756e-05
-2.33495294886157e-05
-2.27955565312459e-05
-2.22565788575241e-05
-2.17321433495762e-05
-2.12218302824217e-05
-2.07252205287754e-05
-2.02418855476458e-05
-1.97713973926601e-05
-1.93134647434339e-05
-1.88676500909155e-05
-1.84336349834018e-05
-1.80110694468887e-05
-1.75995239999056e-05
-1.71987999909494e-05
-1.68085026489626e-05
-1.64283904104985e-05
-1.60580820347637e-05
-1.56973806213322e-05
-1.53459813346611e-05
-1.50035700854908e-05
-1.46700271829659e-05
-1.43448754234479e-05
-1.4028083732134e-05
-1.3719247856705e-05
-1.34182888928895e-05
-1.31249085462384e-05
-1.28389026668248e-05
-1.25600942393858e-05
-1.22881841048424e-05
-1.20230915386264e-05
-1.1764563679537e-05
-1.15123859235264e-05
-1.1266524313241e-05
-1.10266865614062e-05
-1.07927057623547e-05
-1.05644762847016e-05
-1.03417699338746e-05
-1.0124433584724e-05
-9.912476814284e-06
-9.70558811366881e-06
-9.50364615895872e-06
-9.30662843461829e-06
-9.11427907887148e-06
-8.92651041651141e-06
-8.74321639683641e-06
-8.56423557535121e-06
-8.38953312472573e-06
-8.21897532243908e-06
-8.05234438038993e-06
-7.88968022937964e-06
-7.73079078945328e-06
-7.57555111296549e-06
-7.42400205512157e-06
-7.27594516760961e-06
-7.1312747731726e-06
-6.98995584931312e-06
-6.85186936171215e-06
-6.71695936128471e-06
-6.58507670483889e-06
-6.45619056029863e-06
-6.33027818807576e-06
-6.20717885726924e-06
-6.08689384062916e-06
-5.96922385929673e-06
-5.8542832398e-06
-5.74185760041322e-06
-5.63194146694642e-06
-5.52449168722942e-06
-5.41939696556994e-06
-5.31666273671538e-06
-5.21616144321465e-06
-5.11782257791398e-06
-5.02168685816322e-06
-4.92762947405358e-06
-4.83562023348436e-06
-4.74561591158523e-06
-4.6575440535561e-06
-4.57137910633433e-06
-4.4870816278605e-06
-4.40453225502008e-06
-4.32378165154787e-06
-4.24473941708083e-06
-4.16743033447618e-06
-4.09172894464012e-06
-4.01759680194229e-06
-3.94510075226042e-06
-3.87402542568979e-06
-3.80447676966862e-06
-3.73646635551088e-06
-3.6697824336944e-06
-3.60448181030239e-06
-3.54057352151693e-06
-3.47797057921608e-06
-3.41663016779892e-06
-3.3566310678446e-06
-3.29780340411963e-06
-3.24015186771956e-06
-3.18373556910865e-06
-3.12838466742083e-06
-3.07423404363882e-06
-3.02114623214858e-06
-2.9690951282884e-06
-2.91814916698258e-06
-2.86821318235866e-06
-2.81921488757605e-06
-2.77129421521419e-06
-2.72422572548868e-06
-2.67814290366056e-06
-2.63293127929743e-06
-2.58866318847422e-06
-2.54524964425696e-06
-2.50267330269706e-06
-2.46096072566863e-06
-2.42000987800585e-06
-2.37989443900326e-06
-2.3405239286031e-06
-2.30194689254854e-06
-2.2640886869321e-06
-2.22695529803725e-06
-2.19052362717317e-06
-2.15482809835576e-06
-2.11982195811588e-06
-2.08535776067662e-06
-2.05171390438731e-06
-2.01869123542546e-06
-1.9861822155967e-06
-1.95434019705741e-06
-1.92311449216727e-06
-1.89246164732547e-06
-1.86235103663368e-06
-1.83289427321991e-06
-1.80388880913574e-06
-1.77542470713348e-06
-1.74750365351025e-06
-1.72011911320905e-06
-1.69324829558636e-06
-1.66683463953205e-06
-1.64087231998848e-06
-1.61548764946164e-06
-1.59047503082877e-06
