1.13096877489059e-05
1.14521799664204e-05
1.1596829085341e-05
1.17436732009725e-05
1.18927511534676e-05
1.20441025772117e-05
1.21977678999609e-05
1.23537883777148e-05
1.25122061103356e-05
1.26730640492266e-05
1.28364060218631e-05
1.30022767596889e-05
1.31707219077074e-05
1.33417880571596e-05
1.35155227558626e-05
1.36919745427615e-05
1.38711929563942e-05
1.40532285684005e-05
1.42381330044298e-05
1.44259589769693e-05
1.46167602879717e-05
1.48105918792839e-05
1.5007509847162e-05
1.52075714790463e-05
1.54108352688894e-05
1.56173609469465e-05
1.58272095293564e-05
1.60404433119083e-05
1.62571259384256e-05
1.6477322417169e-05
1.67010991407806e-05
1.69285239494034e-05
1.71596661353015e-05
1.73945964929792e-05
1.76333873613964e-05
1.7876112647853e-05
1.81228478703039e-05
1.83736701982684e-05
1.86286585033908e-05
1.88878933861754e-05
1.91514572232426e-05
1.94194342107914e-05
1.96919104161002e-05
1.99689738101991e-05
2.02507143312852e-05
2.05372239269743e-05
2.08285965986221e-05
2.1124928462382e-05
2.1426317794613e-05
2.17328650957807e-05
2.20446731336307e-05
2.23618470122246e-05
2.26844942236727e-05
2.30127247172376e-05
2.33466509561556e-05
2.36863879685016e-05
2.40320534569182e-05
2.43837678107224e-05
2.47416542096475e-05
2.51058386909184e-05
2.54764502237902e-05
2.58536207787391e-05
2.6237485409586e-05
2.66281823335781e-05
2.70258530276964e-05
2.74306422755712e-05
2.78426983173561e-05
2.82621728659739e-05
2.86892212578591e-05
2.91240025311861e-05
2.95666795136228e-05
3.00174189359734e-05
3.04763915287766e-05
3.0943772138359e-05
3.14197398283068e-05
3.19044779959799e-05
3.2398174493792e-05
3.29010217496149e-05
3.34132168843844e-05
3.39349618486719e-05
3.44664635405246e-05
3.50079339599798e-05
3.55595903391984e-05
3.61216552778152e-05
3.66943569189479e-05
3.7277929068857e-05
3.78726113745754e-05
3.84786494884654e-05
3.90962952092003e-05
3.97258066995623e-05
4.03674486184384e-05
4.10214923393363e-05
4.1688216110665e-05
4.23679052819005e-05
4.30608524694429e-05
4.37673577943489e-05
4.44877290726129e-05
4.52222820595359e-05
4.59713406398367e-05
4.67352371249091e-05
4.75143124222003e-05
4.83089163172762e-05
4.91194077581852e-05
4.99461550700319e-05
5.07895362618418e-05
5.16499393083559e-05
5.25277624195257e-05
5.34234143602456e-05
5.43373147664222e-05
5.52698944494553e-05
5.62215957292663e-05
5.71928727913692e-05
5.81841920177172e-05
5.91960323816537e-05
6.02288857757192e-05
6.12832574660333e-05
6.23596664242481e-05
6.34586457965759e-05
6.45807432951003e-05
6.57265216825206e-05
6.68965591658212e-05
6.80914499308436e-05
6.93118045912181e-05
7.05582507104929e-05
7.18314333186955e-05
7.31320154428265e-05
7.4460678680076e-05
7.58181237514918e-05
7.72050711072947e-05
7.86222615485634e-05
8.00704568506142e-05
8.15504404283583e-05
8.30630180063775e-05
8.46090183339288e-05
8.61892938954308e-05
8.78047216661837e-05
8.94562039087582e-05
9.11446689444347e-05
9.28710720134118e-05
9.46363961068906e-05
9.64416528948701e-05
9.82878835957131e-05
0.000100176159976377
0.000102107585313864
0.000104083295421337
0.0001061044596974
0.000108172282219983
0.000110288002896627
0.000112452898602648
0.000114668284421455
0.000116935514876549
0.000119255985254415
0.000121631132924018
0.000124062438751491
0.000126551428528554
0.000129099674470681
0.000131708796763431
0.000134380465164998
0.00013711640065858
0.000139918377181983
0.000142788223403562
0.000145727824564833
0.000148739124388872
0.000151824127044839
0.000154984899258142
0.000158223572337788
0.000161542344471662
0.000164943482950009
0.000168429326542663
0.000172002287954452
0.000175664856366736
0.000179419600037722
0.000183269169074418
0.000187216298213133
0.000191263809777316
0.000195414616687728
0.000199671725623133
0.000204038240278343
0.000208517364726518
0.000213112406937491
0.000217826782387229
0.000222664017840351
0.000227627755229572
0.000232721755688782
0.000237949903757152
0.000243316211708496
0.000248824824043414
0.000254480022152652
0.000260286229144364
0.00026624801484102
0.000272370100972616
0.000278657366539029
0.000285114853373796
0.000291747771922169
0.000298561507183742
0.000305561624946179
0.000312753878141507
0.000320144213507518
0.000327738778460579
0.000335543928191008
0.000343566233047735
0.000351812486156893
0.000360289711306961
0.000369005171102962
0.000377966375438764
0.000387181090215175
0.000396657346386495
0.000406403449292278
0.000416427988326584
0.000426739846920988
0.000437348212850123
0.000448262588873615
0.000459492803769288
0.000471049023642128
0.000482941763663421
0.000495181900143452
0.000507780682988497
0.00052074974852147
0.000534101132716943
0.000547847284814216
0.000562001081254342
0.000576575840168726
0.000591585336081234
0.000607043815112096
0.000622966010579807
0.000639367158914843
0.000656263016044244
0.000673669874078161
0.000691604578405136
0.000710084545134663
0.000729127778820914
0.00074875289061287
0.000768979116529014
0.000789826336162389
0.000811315091465539
0.0008334666058244
0.000856302803203692
0.000879846327394744
0.000904120561303049
0.000929149646144076
0.000954958500557147
0.0009815728394521
0.0010090191925555
0.00103732492251664
0.00106651824240267
0.00109662823252306
0.00112768485630225
0.0011597189751348
0.00119276236186941
0.00122684771286369
0.00126200865815535
0.00129827976961825
0.00133569656667785
0.00137429551924465
0.00141411404747828
0.00145519051791342
0.00149756423540949
0.00154127543047232
0.00158636524112349
0.00163287568889743
0.00168084964788679
0.00173033080624499
0.00178136361903787
0.00183399325138717
0.00188826551084062
0.00194422676746877
0.00200192386045208
0.00206140398930898
0.00212271458812297
0.00218590318068356
0.00225101721426836
0.00231810386962746
0.00238720984431337
0.00245838110629625
0.00253166261426057
0.00260709800081039
0.00268472921412113
0.00276459611312149
0.0028467360107259
0.00293118315890241
0.00301796816858192
0.00310711735654972
0.00319865201039532
0.00329258756148027
0.00338893265452976
0.00348768810085499
0.00358884570048599
0.00369238691643318
0.00379828138190519
0.0039064852184289
0.00401693913975796
0.00412956631253862
0.00424426994025885
0.00436093053189989
0.00447940281046648
0.00459951220938103
0.00472105089610882
0.00484377325218243
0.00496739072673079
0.00509156596601354
0.00521590610418063
0.00533995507969057
0.00546318481674371
0.00558498508094332
0.00570465178187955
0.00582137345133794
0.00593421557196697
0.00604210236656245
0.00614379557847303
0.00623786967755185
0.00632268280814363
0.00639634265257568
0.00645666620867449
0.0065011322679162
0.00652682512295476
0.00653036772265233
0.00650784211950128
0.00645469461126384
0.00636562245873105
0.00623443846477991
0.00605390903418974
0.00581556062782952
0.00550944883685459
0.00512388374553274
0.00464510502088
0.00405690059281281
0.00334016439388604
0.00247239222121008
0.00142712154848232
0.000173332695571286
-0.00132515275646814
-0.00311021273866787
-0.00522980242175379
-0.0077380172417904
-0.0106946343015229
-0.0141638773523811
-0.0182121349741929
-0.0229044143065352
-0.0282994709911323
-0.0344438345721461
-0.0413653073002029
-0.0490668397244104
-0.0575218209219171
-0.0666716490664097
-0.0764259915116923
-0.0866655801834877
-0.0972469496958943
-0.108008350123983
-0.118776125961438
-0.129371011494854
-0.139613930765226
-0.149330987562456
-0.158357449703527
-0.166540720841073
-0.17374250601706
-0.179840494204015
-0.184729822179476
-0.188324397502658
-0.190557983316893
-0.191384890293793
-0.190780172719958
-0.188739292730244
-0.185277211683829
-0.180426778175919
-0.174236178297796
-0.166765208449322
-0.158080317124703
-0.148248747204196
-0.137332579123711
-0.125383816840234
-0.112441665375043
-0.0985327374280165
-0.0836741989199191
-0.0678790706609466
-0.0511623413786232
-0.0335464332374418
-0.0150649344435274
0.0042357943829811
0.0242968256386365
0.0450479249120753
0.0664090530509052
0.0882915649611987
0.110598980969345
0.133227602537408
0.15606748057203
0.179004236554566
0.201921951975886
0.224706832373891
0.247250795434734
0.269453808502417
0.291223959122973
0.312474908861688
0.333121272391506
0.353073136971675
0.372231084286793
0.390482719945707
0.407701138796347
0.423745258109131
0.438461669154058
0.451687552250954
0.463254182282177
0.472990591359311
0.480727089388876
0.486298591700107
0.489547991092449
0.490329991081702
0.488515777973293
0.483998668998455
0.476700543570486
0.466578540128562
0.45363120519499
0.437903020172934
0.419486082700486
0.39851783846414
0.375174271508782
0.349658826594548
0.322188318018243
0.292977850534164
0.262227092898172
0.230110026000478
0.196769612327684
0.162317872750851
0.126840829687025
0.0904069183421828
0.0530769925956542
0.0149140881280907
-0.0240083706013009
-0.0636004256054586
-0.103751239732537
-0.144325847001803
-0.185162311921042
-0.226069018142554
-0.266822420312817
-0.30716619622755
-0.346813123530717
-0.38545098727065
-0.42275326062966
-0.458394192336596
-0.492066538621933
-0.523499016231
-0.552470200371562
-0.578816320153423
-0.602431955812874
-0.623264355135685
-0.641303301039854
-0.656568872874141
-0.669099158558087
-0.678939324661487
-0.686132761887624
-0.690714490364695
-0.692706695759458
-0.692116154442598
-0.688933341620705
-0.683133141101325
-0.674677229834474
-0.663518335552537
-0.64960660223129
-0.632898186147019
-0.613365892761042
-0.591011132352788
-0.565875783097445
-0.538051899933459
-0.507686920926081
-0.474982432230384
-0.440185768836667
-0.403575450120293
-0.365443021439911
-0.326074636586179
-0.285735411405668
-0.24465847365303
-0.203039291697298
-0.161034787782483
-0.118766159830306
-0.0763242160090712
-0.033776202051363
0.00882660368378384
0.0514409635381365
0.0940236437533861
0.136523377321103
0.178872936396748
0.22098153611519
0.262728006421412
0.303955457394433
0.344468458421607
0.384033927082649
0.422386803463108
0.459241003440642
0.494305067103017
0.527300575745993
0.557980305700724
0.586142783280166
0.611640669511023
0.634381976400301
0.654324838873844
0.671467782699633
0.685837837745982
0.697478558579463
0.706439363089742
0.712766909419062
0.716498697832104
0.717658770346206
0.716255268135291
0.712279643021661
0.705707445275326
0.696500765641275
0.68461253540126
0.669992924543932
0.65259796527229
0.632400214218388
0.609400733038813
0.583640976585366
0.555212526451969
0.52426232029517
0.490991436359529
0.455646708888179
0.418506172637868
0.3798609079608
0.339996622419322
0.299178000969951
0.25763775149555
0.215570929641531
0.173134049405656
0.130447903667504
0.0876028986685684
0.0446658819865903
0.00168773850731817
-0.0412886821395018
-0.0842205283733728
-0.127056909473197
-0.169730968178777
-0.212152284740136
-0.254200048896835
-0.295717725232379
-0.33651023231877
-0.376344831619924
-0.414956801979922
-0.452060393298646
-0.487364475531639
-0.520590956355412
-0.551492935578891
-0.579869260412294
-0.605572910133154
-0.62851221186124
-0.648645611629168
-0.665971941170337
-0.680518529895059
-0.692329224165516
-0.701453724645504
-0.707938962083631
-0.711822698256331
-0.713129224987618
-0.711866921343788
-0.708027465352319
-0.701586622423691
-0.692506688274321
-0.680740789981938
-0.66623928505954
-0.648958385620968
-0.62887082090816
-0.605977817826468
-0.580320988727942
-0.551992064363262
-0.521138122573784
-0.487960372352689
-0.452705769128524
-0.415652459580185
-0.377091627433277
-0.337309076093854
-0.296569579989582
-0.255105931233061
-0.213113265438366
-0.170748173074833
-0.128131520532143
-0.0853537849383626
-0.0424818823272142
0.000433236282703084
0.0433486573770176
0.0862214676592435
0.129000716762133
0.171619489728212
0.213987310924928
0.255983315882321
0.297450916500403
0.338194980036976
0.377982717838938
0.416549359640729
0.453609107037549
0.488870782285522
0.522056245793921
0.552918550416854
0.581256496676435
0.606923017467004
0.629826393941344
0.649925026749236
0.667217703023555
0.681731708563194
0.693510847307343
0.70260477886505
0.70906039445043
0.712915417939166
0.714194104951696
0.712904800053292
0.709039148416809
0.702572884135768
0.693468273006561
0.68167841343701
0.667153635396937
0.649850124506372
0.629740584544879
0.606826218031204
0.581148614103307
0.5527994815972
0.521925877865084
0.488728992927536
0.453455764782233
0.416384324165333
0.377805840218482
0.338006102937641
0.297249874305231
0.255769934749891
0.213761408788282
0.171380876243918
0.128749193220572
0.0859568268649075
0.0430706835056174
0.000141704720240887
-0.0427872051600083
-0.0856731417718222
-0.128465163441886
-0.171096363683883
-0.213476275132973
-0.255484041406172
-0.296963082335318
-0.337718272984229
-0.377516832415676
-0.416093998029425
-0.453163979080366
-0.488435605521983
-0.521630745535406
-0.552502459845644
-0.580849556949572
-0.60652497780431
-0.629437011679079
-0.649544067345811
-0.666844940008501
-0.681366923429943
-0.693153829351331
-0.702255324974071
-0.7087183088559
-0.712580511937917
-0.713866196611531
-0.71258371391569
-0.708724715210777
-0.702264940513086
-0.693166661304728
-0.681382981469923
-0.666864236265883
-0.649566616420144
-0.629462830634701
-0.606554086146123
-0.580881976574749
-0.552538214966231
-0.521669862575929
-0.488478112996035
-0.453209907458386
-0.416143379608022
-0.377569701202276
-0.337774664604462
-0.297023033966156
-0.255547591735872
-0.213543464341602
-0.171167233441925
-0.128539756919386
-0.0857515036556548
-0.0428693816766402
5.5665779359749e-05
0.0429807327554453
0.0858629132967303
0.12865126417054
0.17127887735919
0.213655283990795
0.255659626193883
0.297135322323625
0.337887245970665
0.377682614717019
0.416256664462036
0.453323602925035
0.488592258476489
0.521784497654605
0.55265337947523
0.580997710660893
0.606670430335894
0.629579825891644
0.64968430419405
0.666982658533004
0.681502180766877
0.69328668076019
0.702385823880139
0.708846506904554
0.712706459057551
0.71398994108124
0.71270530243388
0.708844192959505
0.702382351217422
0.693282047283824
0.681496383681432
0.666975694345455
0.649676168720171
0.629570514266475
0.606659937030458
0.580986029503482
0.552640503678788
0.521770419847297
0.488576970735483
0.453307096809977
0.416238931049134
0.37766364463141
0.33786702941428
0.29711384909991
0.255636885728086
0.213631265344766
0.171253569242717
0.128624654948656
0.0858349909950249
0.0429514850621119
2.50800473732981e-05
-0.0429013184301952
-0.0857848047498905
-0.128574436010501
-0.171203304524926
-0.213580941751319
-0.255586490150982
-0.297063368414563
-0.337816450475635
-0.377612954268633
-0.416188116058471
-0.453256143947535
-0.48852586671064
-0.521719151314979
-0.552589057232048
-0.580934391666544
-0.606608094250245
-0.629518452903513
-0.649623875036891
-0.666923154495194
-0.681443583694171
-0.693228973052827
-0.702328988483993
-0.708790527296677
-0.712651319228671
-0.713935625516647
-0.712651796092117
-0.708791481253062
-0.702330419993888
-0.693230882810691
-0.681445972631321
-0.66692602378459
-0.649627226096673
-0.629522287399387
-0.606612414096571
-0.580939199022712
-0.552594354496298
-0.521724941110662
-0.488532151868421
-0.453262927481931
-0.416195401142372
-0.37762074420802
-0.337824748685097
-0.297072178398995
-0.255595815491552
-0.213590786096924
-0.171213671587003
-0.128585329562964
-0.0857962286292322
-0.0429132765389979
1.25837367577612e-05
0.0429384465032543
0.0858214060617088
0.128610519429822
0.171238878836019
0.213616015650772
0.255621072244029
0.29709746721317
0.337850074396116
0.377646111630834
0.416220815084913
0.453288392762741
0.488557673337391
0.521750523668733
0.552620003110728
0.580964918737336
0.606638210031998
0.629548164750506
0.649653190123833
0.666952079804356
0.681472126009552
0.693257138955694
0.702356784354477
0.708817959318151
0.712678393394612
0.71396234763797
0.712678171805946
0.708817516030612
0.702356119148457
0.693256251503102
0.681471015876186
0.666950746454973
0.649651632927608
0.629546382992112
0.606636202923168
0.580962685430937
0.552617542715226
0.521747835258853
0.48855475596323
0.453285245450712
0.416217436835115
0.377642501410626
0.337846231132503
0.297093389785796
0.255616759481803
0.213611466330302
0.171234091683034
0.128605493123791
0.0858161392405077
0.0429329377702027
6.83166658673754e-06
-0.042919273392775
-0.0858024717271633
-0.128591820373519
-0.17122041157945
-0.213597776734536
-0.255603058226822
-0.29707967467063
-0.337832499918476
-0.377628751820579
-0.41620366655634
-0.453271452141993
-0.488540937267661
-0.521733988816285
-0.552603666177362
-0.580948776471668
-0.60662225924444
-0.629532402324699
-0.649637613025002
-0.666936685086467
-0.68145691081643
-0.693242100521582
-0.702341920001358
-0.708803266452191
-0.712663869501766
-0.713947990279263
-0.712663978613782
-0.708803484704662
-0.702342247453584
-0.693242537267076
-0.681457456988755
-0.666937340868958
-0.649638378658897
-0.629533278122122
-0.606623245597761
-0.580949873862161
-0.552604875177667
-0.521735310084494
-0.488542371533107
-0.453273000183658
-0.416205329175354
-0.377630529815705
-0.337834394063773
-0.297081685700585
-0.255605186829472
-0.213600023550669
-0.171222777207376
-0.128594305376724
-0.0858050766417966
-0.042921998737118
3.98538329137047e-06
0.0429299700413301
0.0858130495539548
0.128602280954134
0.171230756486505
0.213608007538352
0.255613176495975
0.297089681973524
0.337842397826212
0.377638541908691
0.416213350405862
0.453281031340129
0.488550413403334
0.521743363476236
0.552612940936504
0.580957952883918
0.606631338831759
0.629541386568508
0.649646503360408
0.666945482897515
0.681465617435696
0.693250717230841
0.702350448034334
0.708811706998092
0.712672223708302
0.713956259256478
0.712672163437337
0.708811586418183
0.70235026707032
0.693250475772012
0.68146531533895
0.666945119991778
0.649646079452502
0.629540901450506
0.606630792292041
0.580957344715385
0.552612270944727
0.521742631485607
0.488549619256433
0.453280174895523
0.416212431530498
0.377637560468045
0.337841353676262
0.297088574953948
0.255612006425354
0.21360677421477
0.171229459687976
0.128600920441997
0.085811625076449
0.0429284813400584
2.43219567454041e-06
-0.0429236166722487
-0.0858067595774328
-0.12859605355511
-0.171224590854364
-0.213601902870329
-0.255607132002016
-0.297083696877726
-0.337836471370289
-0.377632673350803
-0.416207539020647
-0.453275276413019
-0.488544714227664
-0.521737719347316
-0.552607351147397
-0.580952416725561
-0.606625855593212
-0.629535955541725
-0.649641123845722
-0.666940154208398
-0.681460338903912
-0.693245488210319
-0.702345267902827
-0.708806575157107
-0.712667139583684
-0.713951222296903
-0.712667173112372
-0.708806642216483
-0.702345368496965
-0.69324562234491
-0.681460506588213
-0.666940355454299
-0.649641358670231
-0.629536223969602
-0.606626157658544
-0.580952752478046
-0.552607720655922
-0.521738122703104
-0.488545151549503
-0.453275747846172
-0.416208044734717
-0.377633213536453
-0.337837046232402
-0.297084306628717
-0.255607776854746
-0.2136025830349
-0.171225306532131
-0.128596804938705
-0.0858075468485694
-0.0429244400041693
1.57263736698939e-06
0.0429275853960703
0.0858106925887489
0.12859995125063
0.171228453628816
0.213605731114987
0.255610926100249
0.297087457205408
0.337840198290905
0.377636367218037
0.416211200178373
0.453278905198865
0.488548310975464
0.521741284392151
0.552610884828339
0.580955919386044
0.606629327583822
0.629539397215781
0.649644535557133
0.66694353630865
0.681463691739201
0.693248812119594
0.702348563215705
0.708809842194411
0.712670378657723
0.713954433710348
0.712670357161813
0.708809799192093
0.702348498685271
0.693248726030686
0.681463584053994
0.666943406985137
0.649644384553224
0.629539224492262
0.606629133112298
0.580955703151553
0.552610646833686
0.521741024661486
0.488548029549864
0.453278602134569
0.416210875537907
0.377636021065043
0.337839830679224
0.297087068177263
0.255610515678909
0.213605299305382
0.171228000416592
0.128599476606118
0.0858101964702343
0.0429270677516982
1.0334105596933e-06
-0.0429250008718481
-0.0858081294120458
-0.128597409246577
-0.171225932621537
-0.213603230931496
-0.255608446566598
-0.297084998148319
-0.337837759534948
-0.377633948583282
-0.416208801475559
-0.453276526229034
-0.488545951527803
-0.521738944240609
-0.552608563736656
-0.580953617111151
-0.606627043877446
-0.629537131832583
-0.649642288256447
-0.666941306858802
-0.681461479920051
-0.69324661772112
-0.702346386038781
-0.708807682048694
-0.712668235361771
-0.713952307089508
-0.712668247046972
-0.708807705417682
-0.702346421088648
-0.693246664451145
-0.681461538334149
-0.66694137696908
-0.649642370087376
-0.629537225430616
-0.606627149312143
-0.580953734482344
-0.552608693174803
-0.52173908590368
-0.488546105598202
-0.453276692903861
-0.416208980950376
-0.377634141045245
-0.337837965153515
-0.297085217065231
-0.255608678897665
-0.213603476762697
-0.171226192016666
-0.128597682245284
-0.085808416041043
-0.0429253011437566
7.19489631169146e-07
0.0429267401782705
0.0858098552402679
0.128599121710092
0.171227631836772
0.213604917014435
0.255610119636332
0.297086658327229
0.337839406952262
0.377635583377863
0.416210423799763
0.453278136245957
0.488547549413601
0.521740530186042
0.552610137937412
0.580955179763914
0.606628595175575
0.629538671959516
0.649643817382852
0.666942825141242
0.681462987497433
0.693248114720721
0.702347872573571
0.708809158223715
0.71266970127085
0.713953762822864
0.71266969268862
0.708809141050087
0.702347846792088
0.693248080305035
0.681462944414877
0.666942773349949
0.649643756838763
0.629538602613948
0.606628516981042
0.580955092677038
0.552610041922058
0.521740425215398
0.488547435472986
0.453278013329601
0.416210291913486
0.377635442534141
0.337839257163593
0.297086499605012
0.255609951988605
0.213604740441947
0.171227446331983
0.128598927257725
0.0858096518190343
0.0429265277617094
4.98047248920083e-07
-0.042925531642209
-0.0858086556233165
-0.12859793093294
-0.171226449818448
-0.213603743675406
-0.255608954895789
-0.297085502101895
-0.337838259151774
-0.377634443900813
-0.416209292531273
-0.453277013058194
-0.488546434161088
-0.521739422707759
-0.552609038066552
-0.580954087330333
-0.606627510013225
-0.629537593912409
-0.649642746311668
-0.666941760920273
-0.681461930021032
-0.693247063894074
-0.702346828318008
-0.708808120469497
-0.712668669955859
-0.713952737890424
-0.712668674085239
-0.70880812872631
-0.702346840700065
-0.693247080398755
-0.681461950653919
-0.666941785700013
-0.649642775273595
-0.629537627117054
-0.606627547548278
-0.580954129318003
-0.552609084660272
-0.5217394740871
-0.48854649051876
-0.453277074593424
-0.416209359436338
-0.377634516345871
-0.337838337283741
-0.297085586036727
-0.255609044721828
-0.213603839454319
-0.171226551590728
-0.12859803872077
-0.0858087694410913
-0.0429256514934181
3.72161520631485e-07
0.0429263958418046
0.0858095138635129
0.128598783262297
0.171227296284973
0.213604584326802
0.255609789781415
0.297086331272032
0.337839082664722
0.377635261821259
0.416210104932224
0.453277820023377
0.488547235783186
0.521740219086585
0.552609829303187
0.580954873525323
0.606628291261822
0.629538370303164
0.649643517921359
0.666942527816478
0.681462692260388
0.693247821527776
0.702347581388907
0.708808869011774
0.712669414003918
0.713953477474079
0.71266940923004
0.708808859454219
0.702347567031619
0.693247802349488
0.681462668233878
0.666942498913389
0.649643484115008
0.629538331577655
0.606628247609241
0.580954824955306
0.552609775847777
0.521740160799278
0.488547172737173
0.453277752312374
0.41621003265974
0.377635185096208
0.337839001596175
0.297086245958873
0.25560970031319
0.213604490777728
0.171227198713995
0.128598681713669
0.0858094083680053
0.0429262864196438
2.58823656858805e-07
-0.0429257687393606
-0.0858088905905898
-0.128598163766047
-0.171226680517504
-0.213603972238904
-0.255609181325028
-0.297085726397566
-0.337838481321008
-0.377634663955366
-0.416209510492466
-0.45327722895842
-0.488546648045817
-0.521739634639771
-0.552609248118491
-0.580954295590027
-0.606627716574771
-0.62953779887592
-0.649642949771651
-0.666941962972092
-0.681462130747996
-0.69324726337588
-0.702347026619339
-0.70880831764829
-0.712668866058872
-0.713952932955099
-0.712668868142004
-0.708808321796442
-0.702347032797542
-0.69324727153199
-0.681462140823788
-0.666941974899781
-0.649642963490358
-0.62953781433324
-0.606627733741073
-0.580954314458918
-0.552609268717369
-0.521739657024356
-0.48854667230235
-0.453277255186746
-0.416209538804563
-0.377634694461411
-0.337838514115395
-0.297085761567439
-0.255609218936261
-0.213604012340679
-0.171226723148334
-0.128598208951476
-0.0858089383504111
-0.0429258190912648
2.05863096642606e-07
0.0429262308271917
0.0858093501161453
0.128598620764451
0.171227135020902
0.213604424276718
0.255609630928506
0.297086173598075
0.337838926151885
0.377635106455565
0.416209950695131
0.453277666898434
0.488547083754219
0.521740068138717
0.552609679421031
0.58095472469694
0.60662814347619
0.629538223550251
0.64964337219504
0.666942383112133
0.681462548576734
0.693247678861122
0.702347439741291
0.708808728385355
0.712669274403265
0.713953338904308
0.712669271699371
0.708808722974207
0.702347431614619
0.693247668013455
0.68146253499888
0.666942366800622
0.649643353153347
0.629538201792432
0.606628119028156
0.580954697603668
0.552609649742373
0.521740035949564
0.488547049140756
0.453277629953006
0.416209911511025
0.377635065120738
0.337838882746392
0.297086128190099
0.25560958357199
0.213604375016513
0.171227083887594
0.128598567780475
0.0858092952938349
0.0429261741732256
1.47378664292954e-07
-0.0429258794066528
-0.0858090005006362
-0.128598272939514
-0.171226788974425
-0.21360408000304
-0.255609288422615
-0.297085832861007
-0.337838587188562
-0.377634769272189
-0.416209615304943
-0.45327733331672
-0.488546751998183
-0.521739738223771
-0.552609351363291
-0.580954398509256
-0.606627819166973
-0.629537901122755
-0.649643051645663
-0.666942064438333
-0.681462231766287
-0.693247363902863
-0.702347126618115
-0.708808417082581
-0.712668964900154
-0.713953031180519
-0.71266896573308
-0.708808418739527
-0.702347129083825
-0.693247367155945
-0.681462235777532
-0.666942069181086
-0.649643057090978
-0.629537907242096
-0.606627825939891
-0.580954405927718
-0.552609359431733
-0.521739746958492
-0.488546761433097
-0.453277343500663
-0.416209626294539
-0.377634781131289
-0.337838599986742
-0.29708584666663
-0.255609303299543
-0.213604096011043
-0.171226806169635
-0.128598291370011
-0.0858090202096769
-0.0429259004376009
1.24987620957343e-07
0.0429261503860233
0.0858092700722234
0.128598541082247
0.171227055667842
0.213604345225271
0.25560955215335
0.297086095077837
0.33783884787221
0.377635028405743
0.416209872879681
0.453277589325868
0.488547006446453
0.521739991123601
0.55260960273374
0.580954648378043
0.606628067567865
0.629538148091359
0.649643297222276
0.666942308657472
0.681462474667034
0.693247605520133
0.702347366987256
0.708808656235943
0.712669202867927
0.713953267995943
0.712669201427704
0.708808653345847
0.702347362634219
0.693247599683344
0.681462467319724
0.666942299771331
0.649643286763741
0.629538136029996
0.606628053873821
0.58095463302834
0.552609585714856
0.521739972430189
0.488546986088286
0.453277567325603
0.416209849265902
0.377635003221456
0.337838821161437
0.297086066890701
0.255609522538676
0.213604314231853
0.17122702334255
0.128598507465195
0.0858092352060463
0.0429261143092108
8.7739133927834e-08
-0.0429259388224794
-0.0858090596884342
-0.128598331896298
-0.171226847696194
-0.213604138481443
-0.255609346651218
-0.297085890833027
-0.337838644895318
-0.377634826706212
-0.416209672460216
-0.453277390184787
-0.488546808569425
-0.521739794492131
-0.552609407316333
-0.580954454133784
-0.60662787444627
-0.629537956041194
-0.649643106184774
-0.666942118578399
-0.681462285491874
-0.693247417201305
-0.70234717947859
-0.708808469501743
-0.712669016875996
-0.713953082717057
-0.712669016840891
-0.7088084694372
-0.702347179392
-0.69324741710326
-0.681462285392235
-0.666942118500485
-0.64964310614774
-0.629537956075064
-0.606627874583633
-0.580954454415254
-0.552609407788142
-0.521739795204572
-0.488546809581952
-0.453277391561241
-0.416209674271595
-0.377634829020941
-0.337838647782661
-0.297085894361934
-0.255609350879883
-0.213604143465724
-0.171226853479157
-0.128598338515822
-0.0858090671734056
-0.0429259471912564
7.84714622802987e-08
0.0429261041335665
0.0858092241162974
0.128598495457997
0.17122701040873
0.213604300365119
0.255609507726258
0.297086051118681
0.337838804406316
0.377634985456335
0.416209830460954
0.453277547445519
0.48854696509499
0.52173995029433
0.552609562405964
0.580954608526811
0.606628028163852
0.62953810910486
0.649643258625929
0.666942270423865
0.681462436768768
0.693247567936147
0.702347329693474
0.708808619215134
0.712669166100808
0.713953231466363
0.712669165119758
0.708808617247813
0.702347326737366
0.693247563977291
0.681462431802943
0.666942264441809
0.649643251623811
0.629538101090042
0.606628019142629
0.580954598526728
0.552609551462159
0.521739938448388
0.48854695239893
0.453277533948669
0.416209816216205
0.377634970510577
0.337838788794461
0.297086034865493
0.255609490851672
0.213604282878106
0.171226992304488
0.128598476731325
0.0858092047625049
0.0429260841366861
5.78179294615053e-08
-0.0429259685118193
-0.0858090891691111
-0.128598361195428
-0.171226876841505
-0.213604167505064
-0.255609375584607
-0.297085919709654
-0.337838673750528
-0.377634855565094
-0.416209701353814
-0.453277419131855
-0.488546837588057
-0.521739823590559
-0.552609436502708
-0.580954483414473
-0.606627903826716
-0.62953798552559
-0.649643135781375
-0.666942148295961
-0.681462315335927
-0.693247447181499
-0.702347209597131
-0.708808499761248
-0.712669047275653
-0.713953113249906
-0.712669047498608
-0.708808500202739
-0.702347210247322
-0.693247448022675
-0.681462316354908
-0.666942149472959
-0.649643137103022
-0.629537986983441
-0.60662790542213
-0.580954485157334
-0.552609438420395
-0.521739825714131
-0.488546839964544
-0.453277421810455
-0.416209704383522
-0.37763485899777
-0.337838677622938
-0.297085924057758
-0.255609380431868
-0.213604172872301
-0.171226882737255
-0.128598367625393
-0.0858090961327524
-0.0429259760053896
4.97947389311577e-08
0.0429260755915771
0.0858091957001798
0.128598467156844
0.171226982216344
0.213604272271169
0.25560947972231
0.297086023193354
0.337838776558232
0.377634957679317
0.416209802754248
0.45327751981104
0.488546937543195
0.521739922830242
0.552609535048325
0.580954581293374
0.606628001076923
0.629538082186489
0.649643231901901
0.66694224391544
0.6814624105013
0.693247541930541
0.702347303973173
0.70880859379638
0.712669141001409
0.713953206697899
0.712669140692791
0.708808593167442
0.702347303004684
0.693247540597756
0.681462408768761
0.666942241742348
0.649643229250222
0.629538079019046
0.606627997362239
0.580954577009927
0.552609530185757
0.521739917388768
0.488546931539367
0.453277513263243
0.41620979569374
0.377634950131915
0.337838768546603
0.297086014732903
0.255609470815974
0.213604262923989
0.171226972415365
0.128598456893034
0.0858091849534478
0.0429260643466966
3.80299154635891e-08
-0.0429259883088786
-0.0858091089881973
-0.128598381040839
-0.171226896717715
-0.213604187405598
-0.255609395509029
-0.297085939643808
-0.337838693676855
-0.377634875467212
-0.416209721204588
-0.453277438912232
-0.488546857268917
-0.521739843153871
-0.552609455929817
-0.580954502685601
-0.606627922929234
-0.629538004450767
-0.64964315451692
-0.666942166832136
-0.681462333668358
-0.693247465298639
-0.702347227496272
-0.708808517434311
-0.712669064718828
-0.713953130461449
-0.712669064478091
-0.708808516949337
-0.702347226766316
-0.693247464319267
-0.681462332436588
-0.666942165349696
-0.649643152789899
-0.629538002490118
-0.606627920768232
-0.580954500358894
-0.552609453490392
-0.521739840670131
-0.488546854821611
-0.453277436581416
-0.416209719080048
-0.377634873629288
-0.33783869219068
-0.297085938572079
-0.255609394896068
-0.213604187284901
-0.171226897104275
-0.128598381945714
-0.0858091104111457
-0.0429259902433284
3.56037556705737e-08
0.0429260614447372
0.0858091815907413
0.128598453085588
0.171226968182706
0.213604258274384
0.255609465760062
0.297086009274755
0.337838762685829
0.37763494386098
0.416209789000513
0.453277506139567
0.488546923970133
0.521739909368576
0.552609521713945
0.580954568089895
0.606627988009115
0.62953806925224
0.649643219083891
0.666942231202979
0.681462397877142
0.693247529375402
0.702347291465387
0.708808581312272
0.712669128523411
0.713953194203826
0.71266912816846
0.708808580597651
0.702347290374322
0.69324752789015
0.681462395965139
0.666942228834478
0.649643216209917
0.629538065835774
0.606627984009586
0.580954563463298
0.552609516421486
0.521739903388519
0.488546917280406
0.453277498736206
0.416209780895967
0.377634935068181
0.337838753230185
0.297085999194525
0.255609455089603
0.21360424704666
0.171226956429786
0.128598440838398
0.0858091688766661
0.0429260482828697
2.20250174672003e-08
-0.0429260042153992
-0.0858091247625019
-0.128598396649614
-0.171226912121081
-0.213604202584469
-0.255609410425621
-0.297085954278339
-0.337838708004004
-0.377634889470784
-0.416209734866825
-0.453277452224215
-0.488546870229245
-0.521739855763675
-0.552609468201662
-0.580954514632907
-0.606627934575625
-0.629538015818401
-0.649643165638826
-0.666942177736403
-0.681462344387697
-0.693247475866562
-0.702347237937948
-0.708808527776902
-0.71266907498919
-0.713953140681565
-0.712669074668931
-0.708808527129624
-0.702347236945274
-0.693247474518817
-0.681462342660966
-0.666942175608513
-0.649643163093725
-0.62953801284958
-0.60662793118587
-0.580954510840493
-0.552609464041714
-0.521739851299444
-0.488546865522276
-0.453277447359489
-0.416209729928192
-0.377634884542401
-0.337838703165844
-0.297085949600028
-0.25560940596716
-0.213604198385786
-0.171226908221532
-0.128598393069858
-0.0858091215287422
-0.0429260013414598
2.45354008617865e-08
0.042926050413937
0.0858091706082901
0.128598442165886
0.171226957330111
0.213604247499082
0.255609455073397
0.29708599867553
0.33783875218076
0.377634933452766
0.416209778682804
0.453277495905116
0.488546913808962
0.521739899271837
0.552609511662773
0.580954558075042
0.606627978022325
0.629538059278671
0.649643209124181
0.666942221252213
0.681462387929932
0.69324751943701
0.702347281533967
0.708808571392432
0.712669118613579
0.713953184316748
0.712669118305079
0.70880857076228
0.702347280576335
0.69324751813272
0.681462386262026
0.666942219193415
0.64964320665416
0.629538056370572
0.606627974663012
0.580954554253306
0.552609507376663
0.521739894519435
0.488546908616779
0.453277490290829
0.416209772677514
0.377634927082681
0.337838745477871
0.297085991666129
0.255609447775447
0.213604239928135
0.171226949496273
0.128598434075112
0.0858091622657474
0.0429260418090336
1.56827546604042e-08
-0.042926010447515
-0.0858091308877944
-0.128598402679265
-0.171226918071628
-0.213604208458615
-0.255609416243522
-0.29708596005322
-0.337838713756159
-0.377634895215082
-0.416209740629335
-0.453277458033738
-0.488546876110602
-0.521739861744334
-0.552609474296323
-0.580954520864803
-0.606627940954289
-0.6295380223508
-0.649643172320777
-0.666942184566033
-0.681462351357246
-0.693247482962657
-0.702347245152239
-0.70880853510486
-0.712669082421022
-0.713953148208501
-0.712669082286629
-0.708808534840678
-0.702347244753549
-0.693247482422305
-0.681462350672309
-0.666942183736422
-0.649643171339364
-0.629538021220213
-0.606627939683556
-0.580954519457946
-0.552609472776391
-0.521739860130411
-0.488546874432209
-0.453277456322778
-0.416209738923513
-0.377634893543609
-0.337838712156004
-0.297085958560961
-0.255609414883531
-0.213604207258081
-0.171226917046148
-0.128598401847133
-0.0858091302592029
-0.0429260100310802
1.58731055896055e-08
0.0429260417810343
0.0858091620012771
0.128598433572359
0.171226948757783
0.213604238945245
0.255609446535375
0.297085990163152
0.337838743702044
0.377634925021294
0.416209770323181
0.453277487625517
0.488546905628968
0.521739891211293
0.552609503739228
0.580954550289463
0.606627970389326
0.629538051801671
0.649643201800289
0.666942214084306
0.681462380918155
0.693247512570529
0.702347274820166
0.708808564828113
0.712669112211201
0.713953178074841
0.712669112229016
0.708808564862112
0.702347274856265
0.693247512610193
0.681462380954714
0.666942214107802
0.649643201795382
0.629538051758831
0.606627970291468
0.58095455012984
0.552609503488509
0.521739890872688
0.488546905184645
0.453277487059795
0.416209769622255
0.377634924187982
0.337838742720121
0.297085989025001
0.25560944522947
0.213604237467184
0.171226947098042
0.128598431726686
0.0858091599515787
0.0429260395208118
1.33973413039349e-08
-0.0429260127399631
-0.0858091332070982
-0.128598405037255
-0.171226920490489
-0.213604210958907
-0.255609418844806
-0.297085962767824
-0.337838716599043
-0.377634898210322
-0.416209743787618
-0.453277461360758
-0.488546879610116
-0.521739865414403
-0.552609478138027
-0.58095452487337
-0.606627945115913
-0.62953802665823
-0.64964317676534
-0.666942189135469
-0.681462356042548
-0.693247487756387
-0.702347250039407
-0.708808540078728
-0.712669087478257
-0.713953153340814
-0.712669087483233
-0.70880854008895
-0.702347250049291
-0.69324748775025
-0.681462356027077
-0.666942189106893
-0.649643176712518
-0.62953802658374
-0.606627945033024
-0.58095452478682
-0.552609478074801
-0.521739865392838
-0.488546879659277
-0.453277461510157
-0.416209744073927
-0.37763489865204
-0.337838717226214
-0.29708596358109
-0.255609419854047
-0.213604212169442
-0.171226921890389
-0.128598406618493
-0.0858091349496631
-0.0429260146316295
1.13683686196836e-08
0.0429260373837848
0.085809157717861
0.128598429407727
0.171226944717061
0.21360423503081
0.255609442750641
0.297085986509978
0.337838740175788
0.37763492161519
0.416209767021132
0.45327748442883
0.488546902526812
0.521739888185238
0.552609500774967
0.580954547382214
0.606627967523208
0.629538048963035
0.649643198981476
0.666942211280229
0.681462378118117
0.693247509767122
0.7023472719997
0.708808561988578
0.712669109337332
0.713953175155038
0.712669109253851
0.708808561815139
0.702347271731465
0.693247509385564
0.681462377610068
0.666942210633374
0.649643198180687
0.629538047985052
0.606627966353668
0.580954546020878
0.552609499209708
0.521739886421062
0.488546900581586
0.453277482313143
0.416209764757359
0.377634919229224
0.337838737688656
0.297085983952932
0.255609440145702
0.213604232397449
0.171226942075964
0.128598426776398
0.0858091551059417
0.0429260347992238
8.83606215217919e-09
-0.0429260171146246
-0.0858091373674654
-0.128598408961532
-0.171226924145975
-0.213604214330584
-0.255609421911313
-0.297085965527759
-0.337838719052369
-0.377634900363391
-0.416209745668573
-0.453277463001505
-0.48854688106351
-0.521739866732087
-0.552609479385023
-0.580954526106161
-0.606627946398494
-0.629538028039334
-0.649643178297094
-0.666942190858765
-0.681462357986853
-0.693247489954094
-0.702347252518175
-0.708808542854289
-0.71266909056407
-0.713953156756991
-0.712669091247048
-0.70880854421508
-0.702347254550526
-0.693247492638592
-0.68146236130905
-0.666942194789359
-0.649643182804571
-0.629538033074943
-0.606627951900968
-0.580954532012916
-0.552609485622597
-0.521739873216937
-0.488546887708731
-0.453277469738246
-0.416209752413328
-0.377634907065726
-0.337838725647461
-0.297085971999657
-0.255609428228897
-0.213604220487074
-0.171226930147972
-0.128598414800681
-0.0858091430661043
-0.0429260226816599
3.38743321861924e-09
0.0429260294440458
0.0858091498269574
0.128598421563248
0.171226936909786
0.213604227269075
0.255609435039384
0.297085978856607
0.337838732596693
0.377634914128318
0.416209759647819
0.453277477190784
0.488546895455955
0.521739881310853
0.552609494106543
0.580954540945384
0.606627961316738
0.629538043006545
0.64964319326863
0.666942205805258
0.681462372881042
0.693247504762735
0.702347267223854
0.708808557432881
0.712669105000209
0.713953171034337
0.712669105357067
0.708808558144876
0.702347268286901
0.693247506176664
0.681462374637598
0.666942207908287
0.6496431957062
0.6295380457626
0.606627964384429
0.58095454429368
0.552609497716076
0.521739885142576
0.488546899484354
0.453277481379376
0.416209763949149
0.377634918504212
0.337838737026841
0.297085983318617
0.255609439508044
0.213604231728638
0.171226941357048
0.128598425983049
0.0858091542131036
0.0429260337995644
7.69969668170222e-09
-0.0429260184031826
-0.0858091388252426
-0.128598410604501
-0.171226926001436
-0.213604216405789
-0.255609424225727
-0.297085968080626
-0.337838721863694
-0.377634903424969
-0.416209748977346
-0.453277466542858
-0.488546884815954
-0.521739870663796
-0.552609483459084
-0.580954530289027
-0.606627950647056
-0.62953803231847
-0.64964318256775
-0.666942195087798
-0.681462362150077
-0.693247494014904
-0.702347256457758
-0.708808546656716
-0.712669094202536
-0.713953160219513
-0.712669094519184
-0.708808547277248
-0.702347257392243
-0.69324749525234
-0.681462363684267
-0.666942196916831
-0.649643184671412
-0.62953803469272
-0.606627953271543
-0.580954533143312
-0.552609486531862
-0.521739873937466
-0.488546888259534
-0.453277470147572
-0.416209752723188
-0.377634907303075
-0.337838725860362
-0.297085972194466
-0.255609428442483
-0.213604220728894
-0.171226930428914
-0.128598415142733
-0.0858091434710283
-0.0429260231496495
2.8419195197702e-09
0.0429260288327311
0.085809149140461
0.128598420801595
0.171226936074352
0.213604226350737
0.255609434047099
0.29708597778576
0.337838731430915
0.377634912878098
0.416209758314708
0.453277475766661
0.488546893938393
0.521739879701037
0.552609492414693
0.580954539179162
0.606627959487465
0.629538041127789
0.649643191356211
0.666942203866711
0.681462370926286
0.693247502810897
0.702347265283356
0.708808555506855
0.712669103105909
0.713953169172624
0.712669103530326
0.708808556362732
0.702347266554182
0.69324750449111
0.681462373014536
0.666942206333958
0.649643194195696
0.629538044311593
0.606627962996235
0.580954542973176
0.552609496464903
0.521739883955248
0.488546898364703
0.453277480315004
0.416209762941845
0.377634917551518
0.337838736117698
0.297085982442242
0.255609438663146
0.213604230909552
0.171226940555862
0.128598425202083
0.0858091534437689
0.0429260330461124
6.95483083873995e-09
-0.0429260191344072
-0.085809139547441
-0.128598411316842
-0.17122692670381
-0.213604217105829
-0.255609424922314
-0.297085968796923
-0.337838722584842
-0.37763490417413
-0.416209749757642
-0.453277467367194
-0.48854688568282
-0.521739871589692
-0.552609484449942
-0.580954531350772
-0.606627951776985
-0.629538033527084
-0.649643183839307
-0.666942196440387
-0.681462363570295
-0.693247495523927
-0.702347258049429
-0.70880854832378
-0.712669095964276
-0.71395316207499
-0.712669096470796
-0.708808549335573
-0.702347259562294
-0.693247497535008
-0.681462366091511
-0.666942199454072
-0.649643187345413
-0.629538037508246
-0.606627956227395
-0.580954536247267
-0.552609489788632
-0.521739877327772
-0.488546891780073
-0.453277473790078
-0.416209756481754
-0.377634911157404
-0.337838729792894
-0.297085976188275
-0.255609432486253
-0.213604224812289
-0.171226934536099
-0.128598419260993
-0.0858091475914478
-0.0429260272720332
-1.26523246735489e-09
0.0429260247437058
0.0858091450776513
0.128598416760001
0.171226932065807
0.213604222382658
0.255609430121183
0.297085973908109
0.3378387276152
0.377634909132708
0.416209754645823
0.453277472188203
0.488546890456857
0.521739876311796
0.552609489134492
0.580954536003236
0.606627956413911
0.629538038147421
0.649643188468764
0.666942201075179
0.681462368217263
0.693247500174194
0.702347262725249
0.708808553018059
0.712669100680379
0.713953166814007
0.712669101237637
0.708808554135725
0.702347264381902
0.693247502391178
0.681462370974111
0.666942204370122
0.649643192296265
0.62953804248561
0.606627961238493
0.580954541286079
0.552609494836421
0.521739882386267
0.488546896855585
0.453277478866385
0.416209761541003
0.377634916192112
0.33783873479484
0.297085981162741
0.255609437424295
0.213604229702603
0.171226939382409
0.128598424064786
0.085809152351196
0.0429260319833325
5.92938565605524e-09
-0.0429260201276669
-0.0858091405064005
-0.128598412246323
-0.171226927605616
-0.213604217968763
-0.255609425766766
-0.297085969617515
-0.337838723389036
-0.377634904960271
-0.416209750541809
-0.453277468153236
-0.488546886485344
-0.521739872414574
-0.552609485307161
-0.580954532252952
-0.606627952725838
-0.629538034530502
-0.649643184922756
-0.666942197586997
-0.681462364796178
-0.693247496819497
-0.702347259427468
-0.708808549784787
-0.712669097503179
-0.713953163695964
-0.712669098176711
-0.708808551134076
-0.702347261439942
-0.693247499506758
-0.681462368149332
-0.666942201596245
-0.649643189592408
-0.629538039831771
-0.606627958646629
-0.580954538750035
-0.552609492357246
-0.521739879970644
-0.488546894485466
-0.453277476542499
-0.416209759260228
-0.377634913963419
-0.337838732603142
-0.297085979005104
-0.255609435289447
-0.213604227595138
-0.171226937298547
-0.128598421996869
-0.0858091502974051
-0.0429260299471811
-3.90498378751711e-09
0.042926022140545
0.0858091425021923
0.128598414236886
0.171226929584159
0.213604219956905
0.255609427743771
0.29708597159466
0.3378387253789
0.377634906964538
0.416209752566988
0.453277470206525
0.48854688856499
0.521739874531381
0.552609487453568
0.580954534427692
0.606627954945176
0.629538036786017
0.649643187196719
0.666942199888964
0.681462367119958
0.693247499158288
0.702347261772203
0.708808552128973
0.7126690998499
0.71395316604125
0.712669100512166
0.708808553445062
0.702347263741772
0.693247501778432
0.681462370398991
0.666942203819883
0.649643191777209
0.629538041987703
0.606627960761371
0.580954540827649
0.552609494392264
0.521739881954832
0.488546896431873
0.453277478445878
0.41620976112035
0.377634915771457
0.337838734368867
0.297085980723196
0.255609436970092
0.213604229244292
0.1712269389077
0.128598423577389
0.0858091518468593
0.0429260314678111
5.41135107397112e-09
-0.0429260206536776
-0.0858091410358897
-0.128598412779989
-0.171226928135541
-0.213604218510564
-0.255609426298975
-0.297085970142889
-0.337838723925559
-0.377634905516189
-0.416209751113712
-0.453277468744987
-0.488546887108486
-0.521739873086149
-0.552609486028796
-0.580954533024293
-0.606627953569225
-0.629538035445139
-0.649643185901009
-0.666942198658408
-0.681462365934461
-0.693247498038763
-0.702347260728863
-0.708808551167015
-0.712669098967552
-0.713953165237851
-0.712669099800289
-0.708808552827961
-0.702347263225282
-0.693247501372319
-0.681462370097855
-0.666942203634643
-0.649643191706345
-0.629538042048157
-0.606627960938419
-0.580954541125113
-0.552609494810626
-0.521739882500113
-0.488546897081414
-0.453277479196573
-0.416209761973519
-0.377634916704377
-0.337838735384817
-0.297085981802132
-0.255609438111224
-0.213604230434403
-0.171226940143417
-0.128598424848381
-0.0858091531441944
-0.0429260327956125
-6.75325514655331e-09
0.0429260192846635
0.0858091396581052
0.128598411396341
0.171226926743201
0.213604217119227
0.255609424922551
0.29708596877679
0.337838722580927
0.377634904176656
0.416209749792066
0.453277467446566
0.488546885829529
0.521739871814325
0.552609484766227
0.580954531767157
0.606627952313773
0.629538034175141
0.649643184625632
0.666942197346689
0.681462364611515
0.693247496679852
0.702347259328878
0.708808549724832
0.712669097490677
0.713953163725225
0.712669098239157
0.708808551227702
0.702347261568809
0.693247499673425
0.681462368351679
0.666942201846573
0.649643189873591
0.629538040168393
0.606627959023582
0.580954539180574
0.552609492837903
0.521739880494376
0.488546895064224
0.453277477154638
0.416209759918253
0.377634914645476
0.337838733311868
0.29708597972489
0.255609436009618
0.213604228333627
0.171226938037426
0.12859842273481
0.0858091510294755
0.0429260306770669
4.62910623558129e-09
-0.0429260214293358
-0.0858091417994472
-0.128598413549037
-0.171226928904411
-0.213604219291069
-0.255609427103689
-0.297085970988225
-0.337838724801808
-0.377634906444559
-0.416209752100232
-0.453277469809012
-0.488546888262967
-0.521739874323291
-0.552609487352717
-0.580954534443281
-0.606627955086141
-0.629538037047271
-0.649643187600136
-0.666942200426706
-0.681462367787982
-0.693247499958719
-0.702347262701473
-0.708808553201515
-0.712669101065508
-0.713953167381209
-0.712669101990095
-0.708808555074535
-0.702347265512394
-0.693247503714579
-0.681462372495355
-0.666942206075328
-0.649643194199876
-0.629538044581303
-0.606627963531697
-0.580954543769743
-0.552609497510934
-0.521739885245339
-0.488546899873717
-0.45327748203422
-0.416209764845102
-0.377634919626653
-0.33783873832766
-0.297085984794473
-0.255609441123796
-0.21360423347639
-0.171226943217257
-0.128598427950538
-0.0858091562895601
-0.0429260359640029
-9.96756027116399e-09
0.0429260160337015
0.0858091363671484
0.128598408053359
0.171226923373636
0.213604213713812
0.255609421473539
0.297085965304627
0.33783871909092
0.377634900694942
0.416209746335223
0.453277464018318
0.488546882460337
0.521739868532758
0.552609481585214
0.58095452870342
0.606627949380981
0.629538031377263
0.649643181982225
0.666942194856105
0.681462362267091
0.693247494491384
0.70234725730296
0.708808547850158
0.712669095780653
0.713953162165272
0.712669096855301
0.708808550007498
0.702347260521897
0.693247498798292
0.681462367658761
0.666942201318254
0.649643189534513
0.629538039999011
0.606627959030072
0.580954539341068
0.552609493165595
0.521739880958936
0.488546895635998
0.453277477844705
0.416209760683554
0.377634915467811
0.337838734178144
0.297085980616864
0.255609436940224
0.213604229247835
0.171226938951195
0.128598423630148
0.0858091518965139
0.0429260315059234
5.43002163826688e-09
-0.0429260206669355
-0.085809141082942
-0.128598412878857
-0.171226928302929
-0.213604218752513
-0.255609426636622
-0.297085970611342
-0.337838724520472
-0.377634906266183
-0.416209752037337
-0.453277469873491
-0.488546888463223
-0.521739874660401
-0.552609487834915
-0.580954535079434
-0.606627955871996
-0.629538037994008
-0.649643188695264
-0.666942201666432
-0.68146236915929
-0.69324750147773
-0.702347264368098
-0.708808554985947
-0.712669102963394
-0.713953169405218
-0.712669104126301
-0.708808557315818
-0.702347267850645
-0.693247506131923
-0.681462374983524
-0.666942208645213
-0.64964319681947
-0.629538047254412
-0.606627966237519
-0.580954546492977
-0.552609500234199
-0.521739887959315
-0.488546902572492
-0.453277484699157
-0.416209767467685
-0.377634922191534
-0.337838740843645
-0.297085987235297
-0.255609443509679
-0.213604235785193
-0.171226945461303
-0.128598430126859
-0.0858091583840786
-0.0429260379983022
-1.19066503741534e-08
0.0429260141656807
0.0858091345827369
0.12859840633894
0.171226921724213
0.213604212126142
0.255609419949231
0.297085963829305
0.337838717652064
0.37763489929884
0.416209744959171
0.453277462660215
0.488546881080545
0.521739867125503
0.55260948013019
0.58095452719031
0.606627947799074
0.62953802973266
0.649643180244444
0.666942193022679
0.681462360352226
0.693247492489759
0.70234725520535
0.708808545676456
0.712669093510544
0.71395315981207
0.712669094406838
0.70880854747943
0.702347257913367
0.693247496115313
0.681462364891166
0.666942198477815
0.649643186621497
0.629538037027133
0.606627955994359
0.580954536257123
0.55260949003601
0.521739877789602
0.488546892458146
0.453277474640298
0.416209757485523
0.377634912291334
0.337838731033929
0.297085977511281
0.255609433866958
0.213604226246596
0.171226936003302
0.128598420735088
0.0858091490789702
0.0429260287467141
2.74750432124323e-09
-0.0429260232828109
-0.0858091436334462
-0.128598415366003
-0.171226930723282
-0.213604221109779
-0.255609428928262
-0.297085972825354
-0.337838726660649
-0.377634908333738
-0.416209754041782
-0.453277471815484
-0.488546890356162
-0.521739876512928
-0.552609489657078
-0.580954536884286
-0.606627957672148
-0.6295380397863
-0.649643190484299
-0.666942203466216
-0.68146237098781
-0.693247503307458
-0.702347266215218
-0.708808556856679
-0.712669104873067
-0.713953171350427
-0.712669106116714
-0.708808559361183
-0.702347269972164
-0.693247508347577
-0.681462377309286
-0.66694221109473
-0.649643199422034
-0.629538050035156
-0.60662796920383
-0.580954549673983
-0.552609503640221
-0.521739891588241
-0.488546906418087
-0.45327748876744
-0.416209771720289
-0.37763492662879
-0.337838745439716
-0.297085991962089
-0.255609448339976
-0.213604240729394
-0.171226950464351
-0.128598435197423
-0.0858091635043378
-0.0429260431566073
-1.71141596400411e-08
0.0429260089622724
0.0858091293596142
0.128598401121484
0.171226916513127
0.213604206947664
0.255609414812427
0.297085958757688
0.337838712675705
0.377634894423405
0.416209740202468
0.453277458054886
0.488546876664006
0.521739862899393
0.552609476118737
0.580954523386727
0.60662794419988
0.629538026335665
0.649643177029744
0.666942189988381
0.681462357455992
0.693247489728037
0.702347252551154
0.708808543111561
0.712669091031129
0.713953157404948
0.71266909205364
0.708808545191227
0.702347255686586
0.693247493937302
0.681462362803556
0.666942196480186
0.649643184720931
0.629538035241569
0.606627954334989
0.580954534736262
0.552609488638999
0.521739876533906
0.488546891299405
0.453277473589297
0.416209756509673
0.377634911367358
0.337838730133587
0.297085976627126
0.25560943295135
0.213604225296635
0.17122693502096
0.12859841973204
0.0858091480280236
0.0429260276715863
1.62786252890323e-09
-0.0429260244328168
-0.0858091448246757
-0.128598416576097
-0.171226931964387
-0.213604222395805
-0.255609430265829
-0.29708597421613
-0.337838728145111
-0.377634909935113
-0.416209755777632
-0.453277473700918
-0.488546892409445
-0.521739878757646
-0.552609492104283
-0.580954539532991
-0.606627960516908
-0.629538042830848
-0.649643193716548
-0.666942206884713
-0.681462374561696
-0.693247507041484
-0.702347270095642
-0.708808560893632
-0.712669109040763
-0.713953175650427
-0.712669110544791
-0.70880856390449
-0.702347274629406
-0.693247513109143
-0.681462382178046
-0.666942216047706
-0.649643204440221
-0.629538055096913
-0.606627974292373
-0.580954554763071
-0.552609508723375
-0.521739896627046
-0.488546911403568
-0.453277493687394
-0.41620977658565
-0.377634931420076
-0.337838750172171
-0.29708599664257
-0.255609452989621
-0.21360424534672
-0.171226955088482
-0.128598439821191
-0.0858091681428753
-0.0429260478328163
-2.18321788595271e-08
0.0429260041619935
0.0858091245023762
0.128598396190443
0.1712269115013
0.213604201829886
0.255609409607328
0.297085953459005
0.33783870726473
0.377634888902675
0.416209734589403
0.453277452355485
0.488546870897342
0.521739857085262
0.552609470277129
0.580954517556612
0.60662793840344
0.629538020602711
0.649643171404308
0.666942184488795
0.681462352123903
0.693247484590566
0.702347247618887
0.708808538405043
0.712669086563416
0.713953153187539
0.71266908809807
0.708808541497701
0.702347252249594
0.693247490766307
0.681462359870942
0.666942193782737
0.649643182232587
0.629538032946871
0.606627952216512
0.580954532771424
0.552609486792359
0.521739874755273
0.488546889590084
0.453277471925214
0.416209754837072
0.377634909666494
0.337838728401781
0.297085974807207
0.255609431088241
0.213604223342616
0.171226932958708
0.128598417545384
0.0858091457166848
0.0429260252339434
-9.66025840202648e-10
-0.0429260271632112
-0.0858091476914819
-0.128598419576657
-0.171226935106407
-0.213604225662876
-0.255609433669378
-0.297085977745624
-0.337838731801801
-0.377634913647727
-0.416209759580841
-0.453277477571446
-0.488546896304362
-0.521739882681867
-0.552609496043231
-0.580954543451393
-0.606627964409836
-0.629538046684452
-0.649643197529249
-0.666942210638829
-0.681462378282323
-0.693247510714097
-0.702347273712816
-0.708808564429574
-0.712669112515144
-0.71395317904918
-0.712669113878099
-0.708808567168617
-0.702347277818141
-0.693247516221452
-0.681462385215226
-0.666942218990805
-0.649643207329513
-0.629538057918264
-0.606627977057981
-0.580954557474423
-0.552609511375631
-0.521739899251881
-0.488546914037142
-0.453277496306643
-0.416209779229869
-0.377634934077968
-0.337838752856152
-0.297085999386892
-0.255609455771124
-0.213604248175483
-0.171226957979364
-0.128598442775172
-0.0858091711604339
-0.0429260509028288
-2.49565264190498e-08
0.0429260009695308
0.0858091212251374
0.128598392850555
0.171226908097158
0.213604198384588
0.255609406089672
0.297085949872206
0.337838703618521
0.377634885215214
0.416209730817874
0.453277448498549
0.488546866967681
0.521739853090764
0.55260946619542
0.580954513375078
0.606627934143597
0.629538016260871
0.649643166978203
0.666942180000547
0.681462347572028
0.693247479977991
0.702347242944164
0.708808533703743
0.71266908181737
0.713953148399737
0.712669083273882
0.708808536649329
0.702347247355548
0.693247485841254
0.681462354925773
0.66694218879137
0.649643177203394
0.62953802789061
0.606627947115855
0.580954527619188
0.552609481620513
0.521739869575691
0.488546884421159
0.453277466758681
0.416209749696851
0.377634904561042
0.337838723337283
0.297085969830963
0.255609426158873
0.213604218511831
0.17122692820521
0.128598412896363
0.0858091411572289
0.0429260207837002
-5.3116156502424e-09
-0.0429260313896971
-0.0858091517946121
-0.128598423600169
-0.171226939000989
-0.213604229433812
-0.255609437306991
-0.297085981292987
-0.337838735226032
-0.377634917002984
-0.416209762856878
-0.453277480786395
-0.488546899530503
-0.521739885928608
-0.55260949934832
-0.5809545468649
-0.606627967956737
-0.62953805039529
-0.649643201441037
-0.666942214770432
-0.681462382623474
-0.693247515300844
-0.702347278544953
-0.708808569534801
-0.712669117893357
-0.713953184725317
-0.712669119831057
-0.708808573432186
-0.70234728440303
-0.693247523131853
-0.681462392461132
-0.666942226612028
-0.649643215313705
-0.629538066291796
-0.606627985830021
-0.580954566634772
-0.552609520923621
-0.521739909196818
-0.488546924290966
-0.453277506870132
-0.416209790031377
-0.377634945128555
-0.337838764060978
-0.297086010706722
-0.255609467204217
-0.213604259680439
-0.171226969506986
-0.128598454312246
-0.0858091827204259
-0.0429260624617436
-3.65211100844258e-08
0.0429259894325613
0.0858091097162646
0.128598381371445
0.171226896630807
0.213604186962154
0.25560939471831
0.297085938582416
0.337838692440273
0.377634874179018
0.416209719982053
0.453277437900234
0.488546856612214
0.521739843016599
0.552609456430667
0.580954503967561
0.606627925066082
0.629538007532407
0.649643158557411
0.666942171858971
0.681462339707442
0.693247472362293
0.702347235578388
0.708808526545622
0.712669074840104
0.713953141626608
0.712669076703456
0.708808530241984
0.70234724115427
0.693247479844372
0.68146234909949
0.666942183177851
0.649643171776833
0.629538022643754
0.606627942051086
0.580954522727495
0.552609476856769
0.521739864936864
0.488546879837764
0.453277462208518
0.416209745152596
0.377634900019483
0.337838718741374
0.297085965170613
0.255609421428008
0.213604213679189
0.171226923288374
0.128598407878211
0.0858091360386912
0.0429260155606708
-1.06237405477102e-08
-0.0429260368340691
-0.085809157366125
-0.128598429264543
-0.171226944793054
-0.213604235380602
-0.255609443411351
-0.297085987512664
-0.337838741600322
-0.377634923537467
-0.416209769539488
-0.453277487610662
-0.488546906481543
-0.521739892983065
-0.552609506497693
-0.580954554102507
-0.606627975260612
-0.629538057765341
-0.649643208858095
-0.666942222232483
-0.681462390143986
-0.693247522858798
-0.702347286156052
-0.708808577196997
-0.71266912560686
-0.713953192486564
-0.712669127659366
-0.708808581304717
-0.702347292335764
-0.693247531139538
-0.681462400520699
-0.666942234756604
-0.649643223531393
-0.629538074585056
-0.606627994216411
-0.58095457515332
-0.552609529547945
-0.521739917922602
-0.488546933173532
-0.453277515906523
-0.416209799229178
-0.377634954421778
-0.337838773530582
-0.297086020308479
-0.255609476899203
-0.213604269452588
-0.171226979362085
-0.128598464221867
-0.0858091926729903
-0.0429260724108979
-4.64536181537386e-08
0.0429259795411597
0.0858090998766891
0.128598371588195
0.171226886943124
0.213604177351133
0.255609385214835
0.297085929181606
0.337838683142452
0.377634864949357
0.416209710840347
0.453277428830349
0.488546847607878
0.521739834030485
0.552609447445638
0.58095449493735
0.606627915962119
0.629537998309716
0.649643149201343
0.666942162372855
0.681462330032219
0.693247462484033
0.702347225453594
0.708808516176155
0.712669064198562
0.713953130699258
0.712669065470587
0.70880851869575
0.702347229282834
0.69324746763932
0.681462336558707
0.666942170308557
0.649643158574712
0.629538009103762
0.606627928218065
0.58095450861585
0.552609462461003
0.521739850294186
0.488546864983326
0.453277447139011
0.416209729916058
0.377634884604343
0.337838703177375
0.297085949458918
0.25560940559831
0.213604197728427
0.171226907241121
0.128598391768776
0.0858091198601619
0.0429259992973179
-2.69527647338331e-08
-0.0429260531714204
-0.0858091737492322
-0.128598445689704
-0.171226961259194
-0.213604251830825
-0.255609459856271
-0.297086003980335
-0.337838758048421
-0.377634939970687
-0.416209785950498
-0.453277504016109
-0.488546922832981
-0.521739909297398
-0.552609522755134
-0.580954570280899
-0.606627991366895
-0.629538073784379
-0.64964322476576
-0.666942238016876
-0.681462405814006
-0.693247538400384
-0.702347301579152
-0.708808592504787
-0.712669140754961
-0.713953207506797
-0.712669142562569
-0.708808596064027
-0.702347306954196
-0.693247545595227
-0.681462414842514
-0.666942248924467
-0.649643237543341
-0.629538088421432
-0.606628007876244
-0.580954588634515
-0.552609542880049
-0.521739931082097
-0.488546946171971
-0.45327752874096
-0.416209811929904
-0.377634967053512
-0.337838786077716
-0.297086032781014
-0.25560948934534
-0.21360428189084
-0.171226991812674
-0.128598476697144
-0.0858092051824282
-0.0429260849930703
-5.90915710572002e-08
0.0429259668194912
0.0858090870877446
0.128598358673578
0.171226873941586
0.213604164235386
0.255609371935761
0.297085915766166
0.337838669528842
0.377634851152034
0.416209696797307
0.453277414517459
0.488546833022931
0.521739819147056
0.552609432255981
0.58095447943492
0.606627900145279
0.629537982181885
0.649643132796065
0.666942145668752
0.681462313079547
0.69324744525847
0.702347208013722
0.708808498505677
0.712669046347744
0.713953112633627
0.712669047261068
0.70880850033346
0.702347210774733
0.693247448979789
0.681462317795272
0.666942151429446
0.649643139651628
0.629537990137501
0.606627909214065
0.580954489595316
0.552609443491325
0.521739831356358
0.488546846127114
0.453277428403034
0.416209711278714
0.377634866092656
0.337838684813763
0.297085931255711
0.255609387545089
0.213604179819678
0.171226889503641
0.128598374129842
0.0858091023593777
0.0429259819341324
-4.41908861750502e-08
-0.0429260703113064
-0.0858091907879054
-0.12859846259344
-0.171226978066573
-0.213604268560408
-0.255609476529283
-0.297086020579257
-0.337838774642064
-0.377634956615099
-0.416209802662124
-0.453277520839889
-0.488546939860634
-0.521739926563933
-0.552609540353796
-0.580954588258222
-0.606628009769832
-0.629538092626845
-0.649643244086579
-0.666942257836904
-0.681462426139162
-0.693247559252033
-0.702347322940194
-0.7088086143739
-0.712669163183928
-0.713953230461025
-0.712669166059384
-0.708808620115649
-0.702347331602135
-0.693247570855945
-0.68146244073711
-0.666942275473181
-0.649643264780523
-0.629538116379833
-0.60662803652608
-0.580954617993975
-0.55260957292743
-0.521739961792322
-0.48854697749765
-0.453277560625177
-0.416209844322654
-0.377634999887692
-0.337838819265866
-0.297086066335534
-0.255609523181463
-0.213604315955371
-0.171227026091675
-0.128598511194732
-0.0858092398223045
-0.0429261197911434
-9.40714641814554e-08
0.0429259317345357
0.0858090518167024
0.128598323317402
0.171226838488473
0.213604128695094
0.255609336383255
0.297085880204251
0.337838634073409
0.377634815823588
0.41620966169657
0.453277379700164
0.488546798543997
0.521739785096201
0.552609398669911
0.580954446371272
0.606627867625964
0.629537950200324
0.649643101364135
0.666942114754817
0.681462282669902
0.693247415312163
0.702347178506674
0.708808469432637
0.712669017658487
0.713953084356138
0.712669019279498
0.708808472696475
0.702347183410341
0.693247421898709
0.681462290958887
0.666942124774656
0.64964311311137
0.629537963705555
0.606627882796609
0.580954463103629
0.552609416900685
0.521739804568548
0.488546819045279
0.453277400977417
0.41620968351584
0.377634837930982
0.33783865624672
0.297085902251971
0.255609358102756
0.213604149954964
0.171226859198886
0.128598343446427
0.0858090712594961
0.0429259504604734
-7.60239537916705e-08
-0.0429261025071897
-0.0858092233141138
-0.128598495463208
-0.171227011270275
-0.213604302089602
-0.255609510362794
-0.297086054697298
-0.337838809009489
-0.37763499119613
-0.416209837467163
-0.453277555844576
-0.488546975034368
-0.521739961907268
-0.552609575859773
-0.580954623905999
-0.606628045586644
-0.629538128645991
-0.649643280347132
-0.666942294328487
-0.681462462881747
-0.693247596285266
-0.702347360284111
-0.708808652029129
-0.712669201154002
-0.713953268749372
-0.712669204652789
-0.70880865905528
-0.702347370814496
-0.693247610369709
-0.681462480494256
-0.666942315505858
-0.649643305040385
-0.629538156881544
-0.60662807727313
-0.580954658971745
-0.552609614108484
-0.521740003222573
-0.488547019164947
-0.453277602552697
-0.416209886509461
-0.377635042313892
-0.337838861961492
-0.297086109276774
-0.255609566396607
-0.213604359458511
-0.171227069881923
-0.128598555273555
-0.0858092842039232
-0.0429261644824266
-1.39112600764421e-07
0.0429258863173979
0.0858090060354483
0.1285982771455
0.171226791868208
0.213604081630176
0.255609288868686
0.297085832248181
0.337838585626055
0.377634766892298
0.416209612290789
0.453277329869383
0.48854674830746
0.521739734421535
0.552609347626969
0.580954394932997
0.606627815832263
0.629537898100956
0.649643048934605
0.666942062037017
0.681462229637544
0.693247362053529
0.702347125006892
0.708808415674448
0.71266896368575
0.713953030190738
0.712668964998133
0.708808418243253
0.702347128862107
0.693247367276816
0.68146223630135
0.666942070181512
0.649643058586855
0.629537909258676
0.606627828493818
0.580954409023868
0.5526093629353
0.521739750800493
0.488546765452277
0.453277347516935
0.416209630116767
0.377634784511981
0.337838602742658
0.297085848582337
0.255609304230454
0.213604095812711
0.171226804746619
0.128598288571688
0.0858090159966153
0.0429258947363365
-1.32293136964623e-07
-0.0429261592997516
-0.0858092807083198
-0.128598553502609
-0.17122706996274
-0.213604361483582
-0.255609570498237
-0.297086115613977
-0.337838870783435
-0.377635053842735
-0.416209900987443
-0.453277620245667
-0.488547040293112
-0.521740028029304
-0.552609642740872
-0.580954691542966
-0.606628113859415
-0.629538197508064
-0.649643349724619
-0.666942364197381
-0.681462533169333
-0.693247666944
-0.702347431268662
-0.708808723329743
-0.712669272744728
-0.71395334061608
-0.71266927678876
-0.708808731394267
-0.702347443409983
-0.693247683160654
-0.681462553550416
-0.666942388728192
-0.649643378500344
-0.62953823052843
-0.606628151121305
-0.58095473302987
-0.552609688456882
-0.521740077842912
-0.488547094106712
-0.45327767787153
-0.416209962224266
-0.37763511850429
-0.337838938650368
-0.297086186509919
-0.255609644185539
-0.213604437842805
-0.171227148813064
-0.128598634764765
-0.0858093642907716
-0.0429262451070962
-2.20265632616535e-07
0.0429258046103798
0.0858089238724495
0.128598194508832
0.1712267087599
0.213603998098345
0.255609204895689
0.29708574782223
0.337838500742473
0.377634681535409
0.416209526417882
0.453277243423224
0.488546661208078
0.521739646676541
0.552609259160402
0.580954305707601
0.606627725819362
0.629537807278258
0.649642957318685
0.66694196960741
0.681462136432322
0.693247268058332
0.702347030203388
0.708808320133038
0.712668867381758
0.713952933113692
0.712668867105477
0.708808319583576
0.702347029414304
0.693247266970612
0.681462135118355
0.666941968096413
0.649642955598354
0.629537805412165
0.606627723715158
0.580954303280268
0.552609256344666
0.521739643334905
0.488546657196342
0.453277238478929
0.41620952033792
0.37763467406804
0.337838491674556
0.297085736885064
0.255609191933137
0.213603982920351
0.171226691238645
0.128598174506594
0.0858089013029379
0.0429257794310986
-2.48163432672243e-07
-0.0429262757735401
-0.0858093977471436
-0.128598671123444
-0.17122718811326
-0.213604480178609
-0.255609689727463
-0.297086235404277
-0.337838991074639
-0.377635174623171
-0.416210022318592
-0.453277742149203
-0.488547162849334
-0.521740151259233
-0.552609766746733
-0.580954816345185
-0.606628239551333
-0.629538324146063
-0.649643477340602
-0.666942492802687
-0.681462662803877
-0.693247797627947
-0.702347563013207
-0.708808856168635
-0.712669406649861
-0.713953475634119
-0.71266941293486
-0.708808868716196
-0.702347581937991
-0.693247822917077
-0.681462694534106
-0.666942531056532
-0.649643522128956
-0.629538375523086
-0.606628297488449
-0.580954880762843
-0.552609837509484
-0.521740228233355
-0.48854724576706
-0.453277830772071
-0.416210116323961
-0.377635273743208
-0.337839094987883
-0.29708634392729
-0.25560980265301
-0.213604597381474
-0.171227309423
-0.12859879644607
-0.0858095270907499
-0.042926409003197
-3.85275321353352e-07
0.0429256384741316
0.0858087565388553
0.128598026007453
0.171226539097015
0.213603827250849
0.255609032888443
0.297085574623801
0.337838326367237
0.377634506002241
0.416209349740915
0.453277065570997
0.488546482255978
0.521739466585372
0.552609077951111
0.580954123407729
0.606627542363906
0.62953762268141
0.649642771540096
0.666941782636208
0.681461948249359
0.693247078608138
0.702346839520819
0.708808128121459
0.712668674080952
0.713952738485032
0.712668671122541
0.708808122244455
0.702346830714689
0.693247066946202
0.681461933743141
0.666941765348604
0.649642751469936
0.629537599851839
0.606627516764305
0.580954094916362
0.552609046504346
0.521739432007358
0.488546444338874
0.453277024090999
0.416209304376976
0.377634456521959
0.337838272444098
0.297085516086797
0.255608969467093
0.213603758752981
0.171226465385144
0.128597946929782
0.0858086719926228
0.0429255483774759
-4.81018309654538e-07
-0.0429265104445315
-0.0858096342794022
-0.128598909491435
-0.171227428393251
-0.213604722412336
-0.255609933914121
-0.29708648154973
-0.337839239246346
-0.377635424908937
-0.416210274721328
-0.45327799668392
-0.48854741959144
-0.521740410216896
-0.55261002795303
-0.580955079895744
-0.60662850547216
-0.629538592437923
-0.649643748035007
-0.666942765949918
-0.681462938428666
-0.693248075704743
-0.702347843565551
-0.708809139178214
-0.71266969214655
-0.713953763619168
-0.712669703386587
-0.708809161636831
-0.702347877286266
-0.693248120707109
-0.681462994735147
-0.666942833607585
-0.649643827054047
-0.629538682771881
-0.60662860703168
-0.580955192547416
-0.552610151537789
-0.521740544455649
-0.488547564226484
-0.453278151424969
-0.416210439224933
-0.377635598926287
-0.337839422524222
-0.297086673854103
-0.255610135050114
-0.213604932323037
-0.171227646995094
-0.128599136727511
-0.0858098701044695
-0.0429267548736617
-7.340654517517e-07
0.0429252867601337
0.0858084017496027
0.128597668125576
0.171226178042226
0.213603462963864
0.255608665262643
0.29708520364482
0.337837951950488
0.377634128142863
0.416208968367794
0.453276680710635
0.488546093811441
0.521739074593003
0.552608682382329
0.580953724332509
0.606627139850722
0.629537216671462
0.649642362106331
0.666941369823152
0.681461532037033
0.693246659025911
0.702346416567738
0.708807701824423
0.712668244398087
0.713952305373431
0.712668234578665
0.708807682260603
0.702346387207425
0.693246619893693
0.681461483036464
0.666941310977551
0.649642293346941
0.62953713790334
0.606627050912552
0.580953625061817
0.552608572594403
0.521738953976546
0.4885459620809
0.453276537512677
0.41620881340965
0.37763396109456
0.337837772526463
0.297085011492502
0.255608460248278
0.213603244841695
0.171225946713706
0.128597423462156
0.0858081436761935
0.042925015168225
-1.01906492152481e-06
-0.0429270534705885
-0.0858101822498372
-0.128599462473601
-0.17122798643503
-0.213605285471854
-0.255610502040737
-0.297087054792532
-0.337839817624719
-0.377636008365989
-0.416210863340063
-0.453278590481843
-0.488548018551055
-0.521741014379313
-0.55261063732444
-0.580955694504244
-0.606629125367245
-0.629539217653963
-0.649644378586309
-0.666943401908247
-0.681463579871458
-0.693248722672569
-0.702348496138869
-0.708809797439845
-0.712670356136551
-0.713954433439657
-0.712670379075306
-0.70880984328822
-0.702348564981753
-0.693248814539943
-0.681463694802999
-0.666943539965341
-0.649644539861379
-0.62953940206077
-0.606629332932155
-0.580955925196373
-0.552610891020956
-0.521741290897233
-0.48854831772959
-0.453278912114146
-0.416211207187555
-0.377636374252739
-0.337840205276567
-0.297087464105061
-0.255610932945126
-0.213605737814385
-0.171228460203676
-0.128599957675785
-0.085810698890101
-0.0429275915779711
-1.57867348543108e-06
0.0429244340682198
0.0858075410452254
0.128596799271447
0.171225300955573
0.21360257758133
0.255607771523119
0.297084301421058
0.337837041135142
0.37763320856127
0.416208039946737
0.453275743195069
0.488545147105426
0.521738118455385
0.552607716617395
0.580952748730534
0.606626154175823
0.629536220760774
0.649641355780831
0.666940352878105
0.681460504293583
0.693245620422009
0.702345366889495
0.708806640917259
0.712667172204978
0.71395122175441
0.712667139429474
0.708806575428697
0.702345268603507
0.693245489370203
0.681460340545385
0.666940156410365
0.649641126619701
0.629535958959171
0.606625859678634
0.580952421526485
0.552607356687336
0.521737725602558
0.488544721234862
0.453275284122256
0.416207547392028
0.377632682332082
0.337836480902303
0.297083706926678
0.255607142498347
0.2136019137644
0.17122460206824
0.128596065086862
0.0858067714291328
0.0429236287595971
-2.41988623253439e-06
-0.042928468833789
-0.0858116124185893
-0.128600907666778
-0.171229446818474
-0.213606761332424
-0.255611993580489
-0.297088562268533
-0.337841341204932
-0.377637548307009
-0.416212419776937
-0.453280163668791
-0.488549608698098
-0.52174262168122
-0.552612261932717
-0.580957336626598
-0.606630785113453
-0.629540895246669
-0.64964607424161
-0.666945115758427
-0.681465312091421
-0.693250473534841
-0.702350265832095
-0.708811586181064
-0.712672164184651
-0.713956261000801
-0.712672226462547
-0.708811710750445
-0.702350452768144
-0.693250722971509
-0.681465624143107
-0.666945490575134
-0.649646511937771
-0.629541395982002
-0.606631349037234
-0.580957963811732
-0.552612952532222
-0.521743375620516
-0.488550426033877
-0.453281044402781
-0.416213363761118
-0.377638555557975
-0.337842411668733
-0.297089696001279
-0.255613190696859
-0.213608021783935
-0.171230770790078
-0.128602295285675
-0.0858130638670517
-0.0429299843284405
-3.99958009443137e-06
0.042921984722754
0.0858050627867363
0.128594291726317
0.171222763847963
0.213600010501087
0.255605174123532
0.297081673367894
0.337834382186249
0.377630518389526
0.416205318219414
0.453272989713106
0.488542361596037
0.52173530067007
0.552604866350146
0.580949865593134
0.606623237991364
0.629533271218845
0.649638372446428
0.666937335420401
0.681457452375375
0.693242533498814
0.70234224452474
0.708803482643292
0.71266397746316
0.713947990005918
0.712663870087146
0.70880326789511
0.702341922290153
0.693242103644209
0.681456914761793
0.666936689806824
0.649637618514599
0.629532408585216
0.606622266293683
0.580948784268746
0.552603674741762
0.521733998088888
0.488540947233946
0.453271462809195
0.416203677790318
0.37762876363244
0.33783251221972
0.29707968734657
0.255603071255743
0.213597790024321
0.171220425045844
0.128591834009346
0.0858024854758109
0.0429192872240313
-6.81777426666189e-06
-0.0429329238604412
-0.0858161253368461
-0.128605479235337
-0.1712340778649
-0.21361145260116
-0.255616745883289
-0.297093376371108
-0.337846218004259
-0.377642488632613
-0.416217424501202
-0.45328523362345
-0.488554744750967
-0.521747824740681
-0.552617532916725
-0.580962676444764
-0.606636194789109
-0.629546375708824
-0.649651626511496
-0.666950740937363
-0.681471011239363
-0.693256247737356
-0.702356116320619
-0.708817514088379
-0.712678170773309
-0.713962347520668
-0.712678394195142
-0.70881796108657
-0.702356787017809
-0.693257142547996
-0.681472130532851
-0.666952085205827
-0.649653196357684
-0.629548171850072
-0.606638217865003
-0.580964927282008
-0.552620012272936
-0.521750533405585
-0.488557683538238
-0.453288403416798
-0.416220826103429
-0.377646122958291
-0.337850086018508
-0.2970974791048
-0.255621084322281
-0.213616027937471
-0.171238891301307
-0.128610532073519
-0.085821418851396
-0.042938459395452
-1.2596733370673e-05
0.0429132634956749
0.0857962155101751
0.128585316425579
0.17121365843736
0.213590772982087
0.255595802383858
0.297072165387862
0.33782473584369
0.37762073150607
0.416195388687973
0.4532629153446
0.488532140112373
0.521724929812719
0.552594343786774
0.580939188979908
0.606612404843926
0.629522278982665
0.649627218573409
0.666926017256107
0.681445967093318
0.693230878337415
0.702330416574274
0.708791478938711
0.712651794852313
0.713935625355253
0.712651320129477
0.708790529294932
0.702328991542823
0.693228977197161
0.681443588903062
0.666923160821015
0.649623882450745
0.62951846141903
0.606608103862891
0.580934402315599
0.552589068893261
0.521719163953239
0.488525880203446
0.453256158214346
0.416188131006538
0.377612969783222
0.337816466390167
0.297063384704357
0.255586506675118
0.213580958448031
0.171203321325196
0.12857445286774
0.0857848216864199
0.0429013353878978
-2.50630449652949e-05
-0.0429514680548917
-0.085834973988357
-0.128624637954098
-0.171253552238964
-0.213631248391772
-0.255636868908695
-0.297113832445341
-0.33786701304687
-0.377663628660611
-0.416238915586239
-0.453307081979213
-0.488576956662331
-0.521770406631203
-0.552640491443048
-0.580986018354326
-0.606659926956632
-0.629570505338305
-0.649676160925186
-0.666975687654977
-0.681496378124282
-0.693282042857328
-0.702382347840716
-0.708844190626885
-0.712705301102272
-0.71398994077843
-0.712706459716465
-0.708846508561462
-0.702385826478402
-0.693286684304145
-0.681502185240628
-0.66698266389187
-0.649684310457857
-0.629579833004296
-0.606670438291262
-0.580997719320826
-0.552653388808878
-0.521784507602652
-0.488592268855482
-0.453323613665954
-0.416256675414923
-0.3776826258172
-0.337887257096533
-0.297135333378423
-0.255659637112952
-0.213655294791103
-0.17127888792002
-0.128651274543397
-0.0858629234566849
-0.0429807427265441
-5.56755472485895e-05
0.0428693720665942
0.0857514942412711
0.128539747650146
0.171167224381016
0.213543455446121
0.255547583041146
0.297023025489614
0.337774656404146
0.377569693332226
0.416143372052463
0.453209900313838
0.48847810631326
0.521669856356053
0.552538209268886
0.580881971436284
0.606554081561246
0.629462826583178
0.649566612914443
0.666864233263229
0.681382979034018
0.693166659401111
0.702264939135705
0.708724714368487
0.712583713610967
0.713866196820447
0.712580512716832
0.708718310147646
0.702255326697865
0.693153831584602
0.68136692616922
0.666844943207532
0.649544070943968
0.629437015693848
0.606524982163
0.580849561668696
0.552502464913687
0.521630750891703
0.48843561114991
0.453163984882207
0.416094003978645
0.377516838461547
0.337718279057681
0.296963088400351
0.255484047372954
0.213476281036987
0.171096369486569
0.128465169049761
0.0856731471936725
0.0427872103856563
-0.000141699687889602
-0.0430706787102527
-0.0859568223455884
-0.128749188965388
-0.171380872261847
-0.213761405133791
-0.255769931403116
-0.297249871335052
-0.338006100299925
-0.377805837911402
-0.41638432223397
-0.453455763138429
-0.488728991575995
-0.521925876740573
-0.552799480646458
-0.581148613210187
-0.606826217223637
-0.629740583745325
-0.649850123687532
-0.66715363453012
-0.681678412534869
-0.693468272045992
-0.702572883159603
-0.709039147423389
-0.712904799046783
-0.714194103982699
-0.712915416974773
-0.709060393487762
-0.702604777947302
-0.693510846442631
-0.681731707714567
-0.667217702187457
-0.649925025933033
-0.62982639320152
-0.606923016787638
-0.581256496112205
-0.552918549979274
-0.52205624554596
-0.488870782244067
-0.45360910730266
-0.416549360195115
-0.37798271869783
-0.338194981239705
-0.297450918035075
-0.255983317702893
-0.213987313059495
-0.171619492086265
-0.129000719358413
-0.0862214703936056
-0.0433486602006163
-0.000433239181122199
0.0424818793778077
0.0853537819974639
0.128131517624934
0.170748170192635
0.213113262644667
0.255105928525395
0.296569577377196
0.337309073574738
0.377091625051245
0.415652457342147
0.452705767048739
0.487960370445975
0.521138120902561
0.551992062910957
0.580320987483351
0.605977816801863
0.628870820070111
0.648958384970479
0.666239284527271
0.680740789541119
0.692506687870441
0.701586622006883
0.708027464862125
0.71186692073249
0.713129224183082
0.711822697170375
0.707938960645018
0.701453722854164
0.692329221896248
0.680518527084298
0.665971937715542
0.648645607476475
0.628512206832474
0.60557290416284
0.579869253258981
0.551492927129377
0.520590946335058
0.487364463719007
0.452060379366381
0.414956785589654
0.376344812418742
0.336510209874512
0.295717699055435
0.25420001853237
0.212152249590241
0.169730927668011
0.127056862848766
0.0842204748407827
0.0412886208772131
-0.00168780849931298
-0.0446659618032208
-0.0876029894957699
-0.130448006914039
-0.173134166540892
-0.215571062408291
-0.257637901780517
-0.299178170866836
-0.339996814190462
-0.379861124235626
-0.418506416269216
-0.455646982954436
-0.490991744250943
-0.524262665722361
-0.555212913505624
-0.583641409609468
-0.609401216832131
-0.632400753917485
-0.652598566505503
-0.669993593314411
-0.684613278237184
-0.696501589620951
-0.705708358009492
-0.712280652765352
-0.716256383728163
-0.717660001327004
-0.716500054473791
-0.712768402696163
-0.706441004834175
-0.697480361413788
-0.685839815138109
-0.671469949110893
-0.654327209573047
-0.634384567754164
-0.611643498820767
-0.586145868880352
-0.557983667010786
-0.527304233253137
-0.494309042449695
-0.459245319365019
-0.422391483933231
-0.38403899726213
-0.344473944716322
-0.303961387437979
-0.262734409197962
-0.220988441760579
-0.178880376498288
-0.136531384531564
-0.0940322520901059
-0.0514502081547594
-0.00883652100091242
0.0337655745906177
0.0763128397818097
0.118753995290527
0.161021794347424
0.203025427964254
0.244643697447518
0.285719679775527
0.326057906053389
0.365425248103973
0.403556589615967
0.440165776618595
0.47496126371016
0.507664531541503
0.538028245321192
0.565850819338462
0.590984816157652
0.613338181584923
0.632869038482767
0.649575977820579
0.663486195587954
0.674643537162448
0.683097860489048
0.688896440058166
0.692077601309492
0.692666463028705
0.690672552941834
0.686089097776509
0.678893915330775
0.669051989027648
0.656519931998779
0.641252581897065
0.623211855016492
0.602377676686404
0.578760268628199
0.552412388040304
0.523439459880833
0.492005260249496
0.458331219465299
0.422688626385795
0.385384730490729
0.346745288885273
0.307096834316958
0.266751587644947
0.225996777302154
0.18508873145993
0.144251001527767
0.10367520976829
0.0635232975275814
0.0239302366329384
-0.0149931301928861
-0.0531568393297165
-0.0904874611255528
-0.126921954717963
-0.162399461397789
-0.196851541325333
-0.230192167774393
-0.262309315922287
-0.293060019558756
-0.322270294586079
-0.349740469293524
-0.375255436394223
-0.39859837964151
-0.419565852588879
-0.437981870005437
-0.45370898551886
-0.466655101260257
-0.4767757361292
-0.484072344426752
-0.488587788999989
-0.490400192199131
-0.489616239159402
-0.486364746400028
-0.480791013759414
-0.473052152188663
-0.463313250730504
-0.451744004305093
-0.438515385957911
-0.42379612656554
-0.407749051899846
-0.39052757717338
-0.372272792171783
-0.353111609112953
-0.333156430055038
-0.312506681238218
-0.291252283442938
-0.269478630469639
-0.247272069256336
-0.224724521014115
-0.201936027264798
-0.179014679322238
-0.156074280631151
-0.133230758799329
-0.110598501294123
-0.0882874664177191
-0.0664013614645683
-0.0450366749695686
-0.0242820606633921
-0.00421756621516123
0.0150865656967824
0.0335713995097984
0.0511905668502843
0.067910472110808
0.0837086860475531
0.0985702132178546
0.112482026450455
0.125426953991513
0.137378377486365
0.148297087132398
0.158131074222085
0.166818254301081
0.174291380854841
0.180484002220371
0.185336319426237
0.18880014425412
0.190842626405402
0.191448803464192
0.190623212579333
0.188390799319033
0.184797253274554
0.179908812078894
0.173811569404841
0.166610390116533
0.158427587328389
0.149401458341192
0.139684602463637
0.129441755027905
0.118846815794156
0.108078864545563
0.0973171711625312
0.0867353955977569
0.0764952924892709
0.0667403320343465
0.0575897873914616
0.0491339965967119
0.0414315666970317
0.0345091142646717
0.0283636941923015
0.022967509912082
0.0182740375466731
0.0142245271190375
0.0107539770772564
0.00779600442237535
0.00528639098005419
0.00316536501366575
0.00137883649322355
-0.00012114455476024
-0.00137645101401619
-0.00242325631397882
-0.00329257543490441
-0.00401086627276234
-0.00460062865545926
-0.00508096446958789
-0.00546808180555459
-0.0057757371601911
-0.00601561693444708
-0.00619766224245187
-0.00633034347664332
-0.00642089132312629
-0.00647549043587907
-0.00649944101989973
-0.00649729463673429
-0.00647296734633645
-0.00642983426605176
-0.00637080971228906
-0.00629841352854706
-0.00621482759928424
-0.00612194325000958
-0.00602140165573586
-0.00591462773628428
-0.00580285937762889
-0.0056871721127057
-0.00556850037618488
-0.00544765569505141
-0.00532534235766407
-0.00520217089243854
-0.00507866978745924
-0.00495529565260817
-0.00483244200649026
-0.00471044689437913
-0.00458959963187389
-0.00447014674608048
-0.00435229693242248
-0.00423622576214401
-0.00412207943068506
-0.00400997856346397
-0.00390002097558658
-0.00379228464417594
-0.00368682986170683
-0.00358370170935017
-0.0034829316148978
-0.00338453925154449
-0.00328853389711935
-0.00319491589486439
-0.00310367759193521
-0.00301480469117165
-0.00292827689387042
-0.00284406896334269
-0.00276215121771827
-0.00268249034195091
-0.00260505006712571
-0.00252979128384797
-0.00245667302762818
-0.00238565245158143
-0.00231668538597818
-0.00224972661601985
-0.00218473022993474
-0.00212164973077401
-0.00206043827831721
-0.00200104899105112
-0.00194343502389981
-0.00188754982597742
-0.00183334697541581
-0.00178078064892886
-0.00172980549896327
-0.00168037681979901
-0.00163245054050679
-0.00158598337802738
-0.00154093282023252
-0.00149725715747541
-0.0014549156208256
-0.00141386817243528
-0.00137407586687178
-0.00133550056192586
-0.00129810503326636
-0.00126185304210167
-0.0012267092919294
-0.00119263933601791
-0.0011596097906916
-0.00112758807492903
-0.00109654251402609
-0.00106644238373375
-0.00103725785729582
-0.00100895999033555
-0.000981520629726209
-0.000954912478883665
-0.000929109141341631
-0.000904084997034074
-0.0008798150547075
-0.00085627539303786
-0.000833442605249567
-0.000811294085959226
-0.000789807917958292
-0.000768963046855122
-0.000748738896293826
-0.000729115591814487
-0.000710073916985621
-0.000691595333991827
-0.000673661871338816
-0.000656256045030725
-0.00063936112361071
-0.000622960805766732
-0.000607039284871112
-0.000591581443830395
-0.00057657246703885
-0.000561998187749281
-0.000547844821537774
-0.000534098962631789
-0.000520747896366641
-0.000507779123617974
-0.000495180523806851
-0.000482940609380771
-0.000471048053735365
-0.000459491965696844
-0.000448261883113712
-0.000437347594143362
-0.000426739312521895
-0.000416427591346548
-0.000406403066464175
-0.00039665705099059
-0.000387180848379189
-0.00037796618231685
-0.00036900500203356
-0.000360289534183417
-0.000351812366354892
-0.000343566129337477
-0.000335543869814893
-0.000327738717903339
-0.000320144162272574
-0.000312753838149443
-0.000305561548282006
-0.000298561447786067
-0.000291747764693784
-0.000285114832754671
-0.000278657366983148
-0.000272370076338529
-0.000266248004274466
-0.000260286247954244
-0.000254480022735845
-0.000248824789293096
-0.000243316188769522
-0.000237949908010118
-0.000232721777213872
-0.000227627786419773
-0.000222664025833982
-0.000217826796715958
-0.000213112457542927
-0.000208517384367986
-0.000204038250780812
-0.000199671767761928
-0.000195414589407091
-0.00019126384628145
-0.000187216303030958
-0.000183269192546348
-0.000179419612263395
-0.000175664847253433
-0.000172002340140971
-0.000168429355607689
-0.00016494350510809
-0.000161542364998568
-0.000158223585955476
-0.000154984883243752
-0.000151824166262224
-0.000148739146219176
-0.000145727837960328
-0.000142788220662933
-0.000139918407716742
-0.000137116411512477
-0.000134380478157547
-0.000131708777927903
-0.000129099665769752
-0.000126551442684903
-0.000124062420253539
-0.000121631146957666
-0.000119255984544886
-0.000116935522960121
-0.000114668265295278
-0.000112452883884519
-0.000110288046951241
-0.000108172304550785
-0.000106104473894269
-0.000104083321030912
-0.00010210761951739
-0.000100176163858053
-9.82879113711962e-05
-9.64416897390234e-05
-9.463638551729e-05
-9.28710777591784e-05
-9.11446973770178e-05
-8.94562143261478e-05
-8.78047405720288e-05
-8.61892828719836e-05
-8.46090330894881e-05
-8.30630326973032e-05
-8.15504298079752e-05
-8.00704957713874e-05
-7.86222567024623e-05
-7.720508344009e-05
-7.58181181201304e-05
-7.44606774341471e-05
-7.31320410099393e-05
-7.18314035737517e-05
-7.05582404476263e-05
-6.93118180393164e-05
-6.80914407521671e-05
-6.68965614348913e-05
-6.572652148286e-05
-6.45807442932315e-05
-6.34586738103309e-05
-6.23596433357928e-05
-6.1283229049607e-05
-6.02288957005827e-05
-5.91960088945263e-05
-5.81841894315844e-05
-5.71928686815926e-05
-5.62216190127791e-05
-5.52698534994784e-05
-5.43373057633437e-05
-5.34234471206046e-05
-5.25277695138476e-05
-5.16499433758835e-05
-5.07895343660047e-05
-4.99461683122266e-05
-4.91193817427921e-05
-4.83089073560634e-05
-4.75142952237391e-05
-4.67352463361065e-05
-4.59713520079481e-05
-4.52222858877548e-05
-4.4487710351138e-05
-4.37673435499003e-05
-4.30608472287067e-05
-4.2367859664291e-05
-4.16881844084969e-05
-4.10214678785518e-05
-4.03674679791257e-05
-3.97258259239538e-05
-3.90962735888184e-05
-3.84786433627536e-05
-3.78726063423373e-05
-3.72779190409196e-05
-3.66943436730472e-05
-3.61216574024803e-05
-3.5559638559424e-05
-3.50079315491686e-05
-3.44664695896308e-05
-3.39349319234425e-05
-3.34132269173022e-05
-3.290103461364e-05
-3.23982043934323e-05
-3.19045054175728e-05
-3.14197663321656e-05
-3.09437616818326e-05
-3.04764171109204e-05
-3.00174500353093e-05
-2.95666718330107e-05
-2.91239738853785e-05
-2.86892183464257e-05
-2.82621795871465e-05
-2.78427166152259e-05
-2.74306508418036e-05
-2.70258366654339e-05
-2.66281612930495e-05
-2.62374743550108e-05
-2.58536415957641e-05
-2.54764346613759e-05
-2.51058396116468e-05
-2.47416649959947e-05
-2.43837568708114e-05
-2.40320425319411e-05
-2.36863824552318e-05
-2.33467089299265e-05
-2.30127010832898e-05
-2.2684477990291e-05
-2.23618737350059e-05
-2.20446928927524e-05
