2.500713646012446e-9
2.528937032856517e-9
2.557592867119401e-9
2.5865898481833536e-9
2.615982506284174e-9
2.645740393266865e-9
2.6759508295232113e-9
2.7064876152925416e-9
2.7374708674971723e-9
2.768846020134119e-9
2.80065910666652e-9
2.832883475014048e-9
2.865542331152884e-9
2.8986214525445806e-9
2.932131406257613e-9
2.9661384443676513e-9
3.000584884386356e-9
3.0354456470600526e-9
3.0708044817547353e-9
3.106677912327619e-9
3.142943231938824e-9
3.1797143011877467e-9
3.217053685890608e-9
3.254833474278004e-9
3.2931498907735413e-9
3.3319785952318984e-9
3.3713571919382156e-9
3.4112468516218386e-9
3.451679729350081e-9
3.492617435849088e-9
3.5341783860930973e-9
3.5762630604114283e-9
3.61893734590447e-9
3.66220029982298e-9
3.706070540495911e-9
3.7504836220731045e-9
3.795554905229368e-9
3.841204407638601e-9
3.887476020619967e-9
3.934422242792753e-9
3.982003529851206e-9
4.030211679544985e-9
4.079072328328136e-9
4.128618615068562e-9
4.1788336022873865e-9
4.229762041502238e-9
4.2814047789298904e-9
4.3337325952048225e-9
4.3867885296306305e-9
4.440576220406746e-9
4.495090740863408e-9
4.550357313394622e-9
4.6064132149590545e-9
4.663204703756299e-9
4.720840798948154e-9
4.779243853723951e-9
4.83839017315049e-9
4.898433194432725e-9
4.959295919309363e-9
5.020997530135577e-9
5.083513704089739e-9
5.146921940452945e-9
5.2111557941568825e-9
5.276370171659853e-9
5.342459599392556e-9
5.409445489075419e-9
5.477331670052703e-9
5.546139550877241e-9
5.615988879952813e-9
5.6866726917260405e-9
5.758404264652798e-9
5.831139855462218e-9
5.904855436198775e-9
5.979581110403626e-9
6.0553223321810635e-9
6.132105464959565e-9
6.209948038997471e-9
6.28883503760854e-9
6.368819828038939e-9
6.449903451118204e-9
6.532054695912606e-9
6.615355328233384e-9
6.699737559615062e-9
6.785317035994654e-9
6.8720393842485435e-9
6.959886998775163e-9
7.04896346690535e-9
7.1392504312420185e-9
7.23070299122276e-9
7.323372941872498e-9
7.4172801306987995e-9
7.512450566888454e-9
7.608864392578255e-9
7.706530233805366e-9
7.805472013493861e-9
7.90571332350211e-9
8.007291069466827e-9
8.110143771997596e-9
8.214347112572096e-9
8.319873968966768e-9
8.426771385252983e-9
8.534940955978367e-9
8.644507864385458e-9
8.755497497201507e-9
8.867794973491923e-9
8.981507633787806e-9
9.096592331413072e-9
9.213139627008063e-9
9.331029226278446e-9
9.450306692583954e-9
9.571056507724633e-9
9.69316098783541e-9
9.816730511839538e-9
9.941655131800176e-9
1.0068034464297289e-8
1.0195834353696576e-8
1.0324986233358601e-8
1.0455581742972617e-8
1.0587519462679916e-8
1.0720942385000711e-8
1.085566985902213e-8
1.0991750971263049e-8
1.1129188629702999e-8
1.1267984082519672e-8
1.1408090751768236e-8
1.154946767344483e-8
1.1692138421790608e-8
1.1836078692648768e-8
1.1981166688600434e-8
1.2127478062648784e-8
1.2274933851611547e-8
1.2423465866527739e-8
1.2573135347528418e-8
1.2723741647738091e-8
1.2875377394235376e-8
1.3027943304490437e-8
1.3181313656983915e-8
1.3335429381830666e-8
1.3490304560462861e-8
1.364584557101842e-8
1.3801866753076159e-8
1.3958357476914416e-8
1.4115264611099924e-8
1.427243101113563e-8
1.4429704467918464e-8
1.4587063901664134e-8
1.474430481773462e-8
1.4901337191679563e-8
1.5057943680589448e-8
1.521400236239318e-8
1.5369377083743366e-8
1.552385092853753e-8
1.5677213777966348e-8
1.5829352458613693e-8
1.5979911434214728e-8
1.6128731518832464e-8
1.62755780098085e-8
1.6420150988212044e-8
1.656214057622027e-8
1.6701286698855446e-8
1.683725112215589e-8
1.6969650313992136e-8
1.7098122504248462e-8
1.7222345347883205e-8
1.7341813104097905e-8
1.7456092079414646e-8
1.756471957886659e-8
1.7667260354010415e-8
1.7763004383864555e-8
1.7851538325726968e-8
1.793216995433366e-8
1.8004275734645398e-8
1.8067059535623396e-8
1.811996092158375e-8
1.81620405139539e-8
1.8192536898762084e-8
1.8210545575939166e-8
1.8215130133698926e-8
1.8205233385234573e-8
1.8179848712191538e-8
1.8137800453179295e-8
1.807780386495084e-8
1.799871618610416e-8
1.789902267383853e-8
1.7777311127714957e-8
1.7632028638032492e-8
1.7461464844021423e-8
1.7263904638746703e-8
1.7037457340730202e-8
1.6780031948347735e-8
1.6489581987629798e-8
1.6163744856412897e-8
1.580018676707265e-8
1.539627034396233e-8
1.4949241147378907e-8
1.4456157107351322e-8
1.3913833291450835e-8
1.3318993848383678e-8
1.2668040859741184e-8
1.1957156060875855e-8
1.1182316228603329e-8
1.0339169577173359e-8
9.423059266958008e-9
8.42907549247696e-9
7.35197603452718e-9
6.186030348267361e-9
4.925293737426221e-9
3.563333248954233e-9
2.0932055845489712e-9
5.076020883861907e-10
-1.2013596950302095e-9
-3.042176402251552e-9
-5.023693690097001e-9
-7.1557483904185806e-9
-9.448521666553262e-9
-1.1913186679247874e-8
-1.4561599432625652e-8
-1.7406458493407962e-8
-2.0461435932638646e-8
-2.3741140040183275e-8
-2.7261301658781236e-8
-3.103880477743049e-8
-3.5091721636291456e-8
-3.9439567477099896e-8
-4.4103254105235006e-8
-4.9105264112792125e-8
-5.446978364320905e-8
-6.02229351996142e-8
-6.639271542543477e-8
-7.300939683693088e-8
-8.010549146855222e-8
-8.771613109947728e-8
-9.58792191058812e-8
-1.046356763277314e-7
-1.140295885597032e-7
-1.2410875536056589e-7
-1.3492471028493982e-7
-1.46533228064649e-7
-1.589947173316916e-7
-1.7237452987731945e-7
-1.8674354730236818e-7
-2.0217849178282256e-7
-2.1876270294538635e-7
-2.365866017583918e-7
-2.557484047630662e-7
-2.7635488806962596e-7
-2.985221450129654e-7
-3.2237653713683933e-7
-3.4805562960151646e-7
-3.75709479236528e-7
-4.0550164629262507e-7
-4.376107909323114e-7
-4.7223185620792123e-7
-5.095781652788339e-7
-5.498830578673816e-7
-5.934020214017951e-7
-6.404150450971931e-7
-6.912293098206816e-7
-7.461819909220504e-7
-8.056436920620339e-7
-8.700220127181327e-7
-9.397656491871752e-7
-1.0153691954706194e-6
-1.0973781151931985e-6
-1.1863949474082226e-6
-1.2830857191181493e-6
-1.3881873982498158e-6
-1.5025167357333633e-6
-1.6269793494070057e-6
-1.7625811534793387e-6
-1.9104405530234323e-6
-2.071802486799205e-6
-2.24805464017958e-6
-2.4407458107281766e-6
-2.651607044233212e-6
-2.8825754849118582e-6
-3.1358224038181493e-6
-3.4137845974090108e-6
-3.719201441008451e-6
-4.055156887444298e-6
-4.425128593886553e-6
-4.833044532754139e-6
-5.283348756862604e-6
-5.781078138504634e-6
-6.3319518236761135e-6
-6.942475246177378e-6
-7.620062888640172e-6
-8.373181800596368e-6
-9.211520825322503e-6
-0.00001014619001277134
-0.000011189957221987415
-0.000012357527961231171
-0.00001366587916154921
-0.000015134656850418727
-0.00001678665245768793
-0.000018648374103641543
-0.00002075073484010999
-0.000023129884006942956
-0.00002582821477746164
-0.00002889558977566457
-0.000032390837114289725
-0.000036383583427022636
-0.00004095650844666262
-0.000046208129144638785
-0.00005225625204683022
-0.000059242272583453455
-0.00006733655297689201
-0.00007674518047513866
-0.0000877185007215364
-0.00010056194579296981
-0.00011564984522537246
-0.0001334431336660916
-0.0001545121800570673
-0.00017956638316512485
-0.00020949275800157736
-0.00024540653440124037
-0.0002887178877140689
-0.0003412204361673457
-0.0004052092254948141
-0.0004836387658921931
-0.0005803355199465045
-0.0007002842722687452
-0.000850014132173742
-0.0010381172203036138
-0.001275940077315631
-0.0015784910911219687
-0.0019655990731532263
-0.0024633229825922077
-0.003105522061054095
-0.003935302138013909
-0.005005692202959244
-0.00637831381737441
-0.008118008060722163
-0.0102807203506382
-0.012892205527847029
-0.01591850862027416
-0.01923932301490181
-0.022636886523672826
-0.02584708557817587
-0.028608356303477342
-0.03079999521527026
-0.03245479547685616
-0.03366104719843441
-0.034247939499529506
-0.03429445757299286
-0.03382265232445937
-0.03272662795201332
-0.03115131085267954
-0.029074198718743092
-0.026416080477556204
-0.02327204536801628
-0.019884805221410232
-0.016522714244147824
-0.013418563638060719
-0.01071232646075165
-0.008453333497598069
-0.006625198616511333
-0.0051759025202697
-0.004041050955016159
-0.0031576629353321025
-0.0024706633670855418
-0.0019348294425256918
-0.001514389988220745
-0.001181662285750749
-0.0009154707221166621
-0.000699687941414961
-0.0005220176413816743
-0.00037303125723259906
-0.00024542727591343353
-0.00013346987011308555
-0.000032565221993150287
0.00006105959712021215
0.0001506030922857184
0.00023888268535230252
0.0003284914127733493
0.00042193071289235365
0.0005217293945319461
0.0006305571398239648
0.000751339874583025
0.000887383891183372
0.0010425156263299087
0.0012212443743257733
0.0014289558485095306
0.0016721452357079491
0.001958698944378394
0.0022982341719818135
0.0027025038996483642
0.0031858706174510347
0.003765842820904903
0.004463650739523224
0.005304806880307117
0.0063195458659369924
0.007542960258566584
0.009014550659989577
0.01077680592366016
0.012872201158400275
0.01533748332220412
0.018195524485773284
0.02144957201715471
0.025067726525431287
0.02894456391880636
0.032968797896080274
0.037030444928957795
0.04077090286025087
0.04414988994615543
0.04717022504886338
0.04938771542088868
0.051505956108603
0.053647677313834276
0.055008402871966816
0.055697741124664184
0.0560875621885473
0.056339228279088494
0.05650583124221155
0.05660594636579296
0.05664683313813077
0.056630969979360554
0.05655768849729611
0.05642281966671638
0.056215731075610655
0.05590843227720313
0.055417711228921515
0.05450206447983374
0.05277113844152771
0.050523118346571604
0.04846547464420859
0.045917816227163386
0.042674660594118285
0.039163266832682286
0.03522518092828995
0.03112105490874438
0.02711483779837157
0.0232861970674957
0.019760981590084055
0.016611952360676346
0.013851224349731402
0.01146526303491059
0.0094223506729936
0.0076796262207810195
0.006190472456505058
0.004908805922498533
0.003791099610249125
0.002797053344328269
0.001889381615024572
0.0010330443426204868
0.0001941478258521172
-0.000661341909249672
-0.0015689800112025987
-0.002567230474332383
-0.003698731647573993
-0.005011212390781848
-0.006557664596721946
-0.008395148692467932
-0.01058137973780709
-0.013167939221911668
-0.016188598446525874
-0.019645079652137215
-0.023492841413124195
-0.027608264996508595
-0.03182534370687432
-0.03594540357775783
-0.03966678888777184
-0.042962005823158705
-0.04561492233760741
-0.047902428827922915
-0.049977159960261426
-0.051343034263592456
-0.05214444319303301
-0.05267236136173674
-0.053058689116722624
-0.05335622044504503
-0.053590384688205976
-0.05377619003386436
-0.05392373076448269
-0.054040253821625195
-0.054131101148527865
-0.05420022760487397
-0.05425052515487188
-0.05428403906252767
-0.05430211322353855
-0.054305483324238096
-0.054294328043288244
-0.05426828354388876
-0.05422642280563927
-0.05416719796676674
-0.054088340132400395
-0.05398670610245892
-0.05385805294551742
-0.05369670282783073
-0.053495011795859256
-0.0532424111025982
-0.05292332038273022
-0.05251161506793225
-0.05195365100698439
-0.051116482412472616
-0.04970784271773359
-0.04758173672042045
-0.0452322468749964
-0.04250423739890305
-0.039117677964283566
-0.035284746613483894
-0.03102794527991257
-0.02664261507471323
-0.022319432726683797
-0.01821427553630754
-0.014437949060685731
-0.011018839475793742
-0.007934976006473533
-0.0051274520221648795
-0.0025139457695680595
1.5222432771925495e-8
0.0025139666371946493
0.005127444011230824
0.00793491937181205
0.011018713722881253
0.014437732624793208
0.01821394544205937
0.022318964218961485
0.02664198121433497
0.031027116522902253
0.0352836902901964
0.039116357774490816
0.04250261279358894
0.045230272284893375
0.047579360919165405
0.04970500752352194
0.051113121838183874
0.05194969007144622
0.0525069681859161
0.05291788965199963
0.0532360843130809
0.05348766008145367
0.05368817789964293
0.05384818382821334
0.053975295275823315
0.05407515895917089
0.05415198126023816
0.054208862359797244
0.054248020407130164
0.05427094326724648
0.054278486857429704
0.054270930540278844
0.054247995019929295
0.05420882444664446
0.05415193102478385
0.05407509667720079
0.05397522129917457
0.053848098589202524
0.05368808191700258
0.05348755396733134
0.05323596878077168
0.05291776552477274
0.05250683640502536
0.051949551698656726
0.05111297804177727
0.049704859589483896
0.04757921052689503
0.045230121399390324
0.04250246324536094
0.03911621193561191
0.03528355077781974
0.031026986335510893
0.026641863762569735
0.022318863281297636
0.018213865272136906
0.014437677974833023
0.011018689921213094
0.007934932407428258
0.005127500625449049
0.002514074427652117
1.8275920198484133e-7
-0.0025137088140150363
-0.005127134725608311
-0.0079345660295914
-0.01101832287112762
-0.014437310054012095
-0.0182134962761111
-0.022318492996577975
-0.026641491962193193
-0.031026612795854443
-0.03528317525470912
-0.039115834204575414
-0.04250208310753674
-0.04522973863648237
-0.04757882504782991
-0.04970447114625114
-0.0511125864227878
-0.05194915678803391
-0.052506438071437324
-0.05291736362513029
-0.05323556317333055
-0.053487144517585426
-0.05368766850049507
-0.05384768109325316
-0.053974799625231995
-0.05407467074231692
-0.054151500763802214
-0.05420838981490847
-0.054247555995410555
-0.05427048712699372
-0.05427803908824102
-0.05427049120774796
-0.05424756415980801
-0.05420840206833432
-0.054151517114657564
-0.05407469120163266
-0.0539748242068545
-0.05384770981376805
-0.05368770137927961
-0.05348718157688355
-0.053235604438134916
-0.05291740912347077
-0.05250648783442557
-0.05194921085060622
-0.051112644826381476
-0.04970453393863277
-0.04757889226344996
-0.04522981030659199
-0.04250215929458073
-0.03911591495167205
-0.03528326061130599
-0.031026702809625557
-0.02664158667972355
-0.022318592470228764
-0.018213600559566567
-0.01443741920452128
-0.011018436948700869
-0.00793468509573688
-0.005127258842786872
-0.0025138380444298496
4.8353546080505444e-8
0.0025139347854767308
0.0051273556850138105
0.007934782104923214
0.011018534187123072
0.014437516728532806
0.018213698416581575
0.0223186906946505
0.026641685286957994
0.031026801816823338
0.0352833600063679
0.039116014744484076
0.04250225952470776
0.04522991098465276
0.047578993561177105
0.04970463581706422
0.0511127472884285
0.051949314018244264
0.05250659180141102
0.052917513958490994
0.053235710201127856
0.05348728832511821
0.053687809169470524
0.053847818702582435
0.053974934251256254
0.05407480245902836
0.054151629643304514
0.054208515926994966
0.05424767940818166
0.054270607906357085
0.054278157298587044
0.0542706069115237
0.05424767741771391
0.054208512939407975
0.05415162565630087
0.05407479746949406
0.05397492825497048
0.053847811694457806
0.053687801143148146
0.05348727927273853
0.05323570011273408
0.052917502820609655
0.05250657959349112
0.05194930069989118
0.05111273276537779
0.04970461993425096
0.04757897640583825
0.045229892732701366
0.04250223991500485
0.0391159938446697
0.0352833378243375
0.031026778419510223
0.026641660788065062
0.022318665147553093
0.01821367187920646
0.014437489220806152
0.011018505702773644
0.00793475262047023
0.0051273251657853805
0.0025139031911390474
1.5642470382401067e-8
-0.002513871913344324
-0.005127293908834137
-0.007934721396225813
-0.011018474518547611
-0.014437458076494469
-0.01821364076382317
-0.022318634034401204
-0.02664162962813609
-0.03102674716622577
-0.03528330639597266
-0.03911596218710734
-0.04250220800794491
-0.04522986052206695
-0.04757894402681847
-0.04970458726933567
-0.05111269974972874
-0.05194926740809339
-0.05250654606493355
-0.05291746906345357
-0.053235666124035415
-0.05348724504556372
-0.053687766668664275
-0.05384777696283606
-0.05397489325568417
-0.05407476219138725
-0.05415159008782572
-0.05420847706858479
-0.054247641232097445
-0.05427057039849832
-0.054278120445007176
-0.05427057069890282
-0.054247641833050676
-0.05420847797017631
-0.05415159129028338
-0.0540747636949205
-0.05397489506068282
-0.05384777906967254
-0.053687769077646205
-0.05348724775699469
-0.05323566913816249
-0.0529174723799762
-0.05250654968267273
-0.051949271323102834
-0.05111270394923584
-0.04970459173121651
-0.04757894876798698
-0.0452298655738201
-0.042502213331608155
-0.03911596779698695
-0.03528331229694199
-0.031026753372634417
-0.026641636162275984
-0.022318640908669193
-0.018213647991476588
-0.014437465664614773
-0.011018482470136613
-0.007934729711350244
-0.005127302585621875
-0.0025138809487713102
6.251784812601529e-9
0.0025138934485472958
0.005127315074236763
0.007934742182127188
0.011018494918206069
0.0144374780879163
0.018213660392238273
0.022318653295648295
0.026641648553016626
0.031026765784881845
0.0352833247614613
0.039115980335148244
0.04250222595076146
0.045229878294081156
0.047578961537559465
0.04970460459266021
0.05111271692620486
0.05194928438693901
0.05250656281782825
0.0529174855820268
0.053235682406984515
0.05348726109418981
0.05368778248540168
0.053847792550177076
0.05397490861678376
0.054074777329588736
0.05415160500658425
0.05420849177107131
0.054247655721929376
0.0542705846790842
0.05427813452006209
0.05427058457184483
0.05424765550751436
0.0542084914497615
0.05415160457860792
0.054074776795479486
0.05397490797732844
0.05384779180612239
0.053687781638064515
0.05348726014570371
0.053235681359742854
0.05291748444050018
0.05250656159018552
0.051949283092659566
0.0511127156156372
0.04970460335099479
0.04757896030901827
0.04522987697043884
0.042502224677985596
0.03911597906701328
0.03528332348677324
0.03102676445709898
0.026641647097897406
0.022318651673602082
0.018213658561077442
0.014437476026308696
0.011018492619884425
0.00793473965027941
0.005127312317676933
0.0025138904789335057
3.080539975641305e-9
-0.0025138843107906025
-0.005127306129511449
-0.007934733429831116
-0.011018486356907477
-0.014437469714236508
-0.01821365219849911
-0.022318645267538153
-0.02664164066564908
-0.03102675801520523
-0.03528331706966102
-0.03911597269613323
-0.0425022183565655
-0.045229870720929356
-0.04757895405664302
-0.04970459714706575
-0.05111270948774949
-0.05194927699765983
-0.05250655550141759
-0.05291747834678717
-0.05323567525560366
-0.05348725402747643
-0.05368777550311447
-0.053847785652455536
-0.05397490180266968
-0.05407477059812724
-0.0541515983569581
-0.05420848520249117
-0.05424764923305416
-0.054270578269132716
-0.05427812818749822
-0.054270578315857444
-0.054247649326562716
-0.054208485342674154
-0.054151598543935774
-0.05407477083208643
-0.05397490208342697
-0.053847785980266204
-0.053687775878199215
-0.05348725444982835
-0.05323567572530983
-0.052917478864259
-0.05250655606663552
-0.05194927761143723
-0.05111271015049669
-0.04970459786036696
-0.04757895481973457
-0.04522987153314347
-0.042502219219851506
-0.03911597361058079
-0.03528331803565879
-0.031026759032903882
-0.026641641734709853
-0.022318646388290994
-0.0182136533715772
-0.014437470940619129
-0.011018487638063375
-0.00793473476733347
-0.005127307525827425
-0.00251388576826187
1.5590568294981176e-9
0.0025138888900224205
0.005127310658324422
0.007934737917592923
0.011018490812053116
0.014437474143027927
0.018213656604923682
0.02231864965109289
0.026641645020543638
0.031026762334578975
0.035283321338170186
0.03911597690161698
0.04250222249690412
0.04522987478352981
0.047578958074139775
0.049704601099697696
0.05111271336029005
0.05194928080723915
0.05250655925960718
0.05291748205843809
0.053235678923476616
0.05348725765311036
0.05368777908789847
0.053847789197287874
0.05397490530863577
0.05407477406615429
0.05415160178733909
0.054208488596011344
0.0542476525906694
0.054270581590906655
0.05427813147436737
0.05427058156803363
0.05424765254466955
0.054208488526967365
0.05415160169472303
0.0540747739500629
0.05397490516864742
0.0538477890331468
0.053687778898917494
0.053487257438498956
0.0532356786818704
0.052917481788151005
0.05250655895749734
0.05194928046637064
0.051112712961497005
0.04970460061126096
0.04757895751668294
0.045229874196880994
0.04250222182674769
0.03911597616477047
0.03528332053890824
0.031026761489565822
0.02664164415748507
0.02231864878426468
0.01821365574986782
0.014437473307497773
0.01101848999854104
0.007934737125082927
0.0051273098836845474
0.0025138881291310784
8.080437738779695e-10
-0.0025138865125996037
-0.005127308266509426
-0.007934735506657346
-0.011018488377941067
-0.014437471683749734
-0.01821365412112062
-0.022318647149036516
-0.02664164251354696
-0.031026759835703768
-0.0352833188730637
-0.039115974487467224
-0.04250222013813461
-0.045229872497536155
-0.04757895581189227
-0.04970459889565149
-0.05111271123532089
-0.051949278733266685
-0.05250655721994117
-0.05291748004631566
-0.05323567693589598
-0.05348725568832555
-0.05368777714453034
-0.05384778727458232
-0.05397490340563947
-0.05407477218230811
-0.05415159992263956
-0.05420848674961352
-0.05424765076235382
-0.054270579780594866
-0.05427812968157399
-0.054270579792567455
-0.054247650786456804
-0.05420848678576943
-0.054151599970825526
-0.05407477224304801
-0.05397490347877203
-0.053847787360552984
-0.053687777243757284
-0.053487255801214044
-0.05323567706334152
-0.052917480189739255
-0.052506557381006555
-0.051949278917178536
-0.05111271145434822
-0.04970459917152388
-0.047578956130683206
-0.04522987283252971
-0.04250222052567495
-0.03911597491627519
-0.03528331934067923
-0.031026760330965693
-0.026641643018320074
-0.02231864765398282
-0.018213654616413718
-0.014437472164149753
-0.011018488842595101
-0.007934735956832127
-0.00512730870514819
-0.002513886943903991
3.804944463360167e-10
0.0025138877012487867
0.0051273094515564294
0.00793473668521365
0.011018489547447741
0.014437472841702461
0.018213655266616315
0.022318648281043327
0.026641643632743125
0.0310267609435512
0.03528331997203018
0.03911597557988837
0.04250222122493784
0.04522987358139397
0.047578956886322375
0.049704599965054774
0.051112712302626546
0.05194927979605239
0.052506558275448034
0.05291748109385083
0.05323567797496886
0.05348725671877621
0.053687778166350994
0.05384778828757434
0.05397490440997805
0.05407477317835488
0.05415160090951151
0.0542084877281874
0.05424765173220978
0.05427058074184309
0.054278130634319674
0.05427058073706477
0.0542476517225455
0.05420848771387621
0.0541516008908718
0.05407477315526465
0.053974904383318215
0.053847788257387515
0.05368777813314787
0.05348725668349281
0.05323567793852925
0.05291748105822208
0.05250655824371771
0.051949279775015685
0.05111271231155573
0.04970460003434231
0.04757895699663763
0.04522987369366489
0.042502221392547807
0.039115975786409136
0.03528332021397778
0.031026761205167595
0.026641643887778413
0.022318648516151136
0.01821365546752966
0.014437473002665709
0.011018489667683444
0.007934736768092811
0.00512730950342763
0.0025138877291719774
3.9278554452106196e-10
-0.0025138869390583943
-0.005127308699674939
-0.007934735943111518
-0.011018488813475608
-0.014437472114946934
-0.018213654545136074
-0.022318647562466865
-0.026641642915265124
-0.031026760225006816
-0.03528331924903574
-0.039115974852614206
-0.042502220493348626
-0.04522987284422558
-0.04757895615237587
-0.04970459922637609
-0.05111271155783995
-0.05194927905087784
-0.052506557533220505
-0.05291748035544128
-0.05323567724093217
-0.0534872559894477
-0.05368777744181165
-0.05384778756771816
-0.05397490369477013
-0.054074772467369685
-0.054151600203417624
-0.0542084870269027
-0.05424765103571138
-0.054270580049951445
-0.054278129947259036
-0.05427058005434113
-0.054247651044337236
-0.054208487039931384
-0.054151600221232166
-0.05407477248954123
-0.05397490372148489
-0.05384778759914519
-0.053687777478952
-0.05348725603260903
-0.05323567729060305
-0.05291748041264733
-0.05250655759950325
-0.05194927913059825
-0.051112711661770144
-0.04970459937332909
-0.047578956330439216
-0.045229873030083724
-0.042502220718597536
-0.039115975107588956
-0.03528331953105032
-0.03102676052456345
-0.026641643216599092
-0.022318647857836403
-0.018213654824767937
-0.014437472375151144
-0.011018489052859251
-0.007934736162706141
-0.005127308901894503
-0.0025138871266165343
2.1713482256571834e-10
0.0025138875628112926
0.005127309343542684
0.007934736613393402
0.01101848951572275
0.014437472852469746
0.01821365531697335
0.02231864836466711
0.026641643733950598
0.03102676104820779
0.03528332005244641
0.039115975619604275
0.042502221219570535
0.045229873514437365
0.047578956813632396
0.049704599845182836
0.05111271211413179
0.05194927957218499
0.052506558035888024
0.0529174808463137
0.053235677722275325
0.05348725646326076
0.05368777790884845
0.05384778802911612
0.05397490415078664
0.05407477291855723
0.054151600650051916
0.054208487468863975
0.054247651473703376
0.05427058048399691
0.054278130376958465
0.05427058048008708
0.05424765146612797
0.0542084874575685
0.05415160063438875
0.05407477289847506
0.053974904126021996
0.05384778799887578
0.053687777872707024
0.053487256420199226
0.05323567767147072
0.05291748078464678
0.05250655796048265
0.05194927947374809
0.051112711970408974
0.049704599617631864
0.04757895652752678
0.04522987321677958
0.0425022208457456
0.039115975189293405
0.03528331957035322
0.031026760534566274
0.026641643220957578
0.02231864786881391
0.018213654856791283
0.014437472435785432
0.011018489144829514
0.007934736285170349
0.005127309053366777
0.0025138873022902248
-1.9843454478296558e-11
-0.002513887347804677
-0.005127309114061707
-0.007934736372453134
-0.011018489265479912
-0.014437472595473103
-0.01821365505635737
-0.022318648102734293
-0.02664164347381826
-0.031026760792037283
-0.03528331980449139
-0.039115975380459876
-0.04250222099044202
-0.04522987329580037
-0.04757895659810116
-0.04970459963931301
-0.05111271192020923
-0.05194927938573526
-0.05250655785260526
-0.052917480666153226
-0.05323567754507904
-0.053487256288327886
-0.05368777773565705
-0.05384778785837979
-0.053974903982349685
-0.05407477275230525
-0.054151600485863906
-0.05420848730682344
-0.054247651313686
-0.0542705803257212
-0.0542781302210588
-0.05427058032570025
-0.05424765131402817
-0.05420848730748794
-0.05415160048671955
-0.054074772753251975
-0.053974903982451736
-0.053847787857418096
-0.05368777773394635
-0.05348725628352917
-0.05323567753728663
-0.05291748065418739
-0.05250655783329478
-0.051949279350899
-0.05111271185513552
-0.04970459951470242
-0.047578956432258804
-0.045229873123952095
-0.042502220763762685
-0.039115975113749535
-0.03528331950152432
-0.031026760466901917
-0.02664164315072264
-0.022318647793386326
-0.018213654774083304
-0.014437472345234141
-0.011018489048443011
-0.007934736185160095
-0.005127308951862318
-0.0025138872035725102
1.1258187973697449e-10
0.0025138874306296854
0.005127309183715656
0.00793473642454473
0.011018489295915148
0.014437472601584832
0.018213655037340407
0.022318648058751896
0.02664164340988079
0.031026760713491645
0.03528331972197394
0.03911597530369828
0.04250222092110638
0.045229873243919055
0.047578956544651
0.04970459959528584
0.05111271189751284
0.05194927937245099
0.052506557845711226
0.05291748066110737
0.053235677540641825
0.05348725628466532
0.05368777773268538
0.05384778785504666
0.053974903978360696
0.054074772747513204
0.05415160048060878
0.05420848730052316
0.05424765130676897
0.05427058031803051
0.05427813021247689
0.05427058031671439
0.05424765130414061
0.05420848729710861
0.05415160047563184
0.054074772740774366
0.05397490397030752
0.05384778784534068
0.053687777722526635
0.05348725627215787
0.05323567752675878
0.05291748064496529
0.05250655782793004
0.05194927935269512
0.051112711873331135
0.04970459956566632
0.04757895651048098
0.04522987320651907
0.04250222087835709
0.03911597525576842
0.035283319669090304
0.031026760656616414
0.02664164334954743
0.0223186479952148
0.01821365497153059
0.014437472533516469
0.01101848922443542
0.00793473634712723
0.0051273090996798425
0.0025138873381188673
8.48016031654511e-12
-0.00251388732316789
-0.005127309088673083
-0.007934736342281012
-0.01101848922898632
-0.014437472549825876
-0.018213655001394383
-0.022318648040170957
-0.026641643408824106
-0.031026760728863644
-0.035283319752363436
-0.039115975344355444
-0.042502220970528685
-0.04522987329856246
-0.047578956604021005
-0.0497045996623396
-0.05111271196639024
-0.05194927944287991
-0.05250655791728036
-0.05291748073370664
-0.05323567761478817
-0.053487256359328085
-0.05368777780838903
-0.05384778793128881
-0.05397490405553316
-0.0540747728262876
-0.0541516005604355
-0.05420848738160617
-0.05424765138815064
-0.054270580400597734
-0.05427813029594594
-0.05427058040189909
-0.054247651389563015
-0.0542084873832494
-0.05415160056265601
-0.05407477282884396
-0.053974904059067005
-0.05384778793419637
-0.05368777781136174
-0.053487256362124286
-0.05323567761628517
-0.05291748073445537
-0.05250655791550112
-0.05194927943791262
-0.05111271195037867
-0.04970459962579269
-0.047578956553701056
-0.045229873246470466
-0.04250222090031128
-0.039115975260571936
-0.035283319656307814
-0.031026760626402205
-0.026641643308175582
-0.0223186479462953
-0.018213654917624913
-0.014437472479470763
-0.011018489171586874
-0.007934736298994109
-0.0051273090569005295
-0.002513887301117559
2.2194163383114965e-11
0.0025138873453852692
0.005127309102980887
0.007934736347513087
0.011018489222991649
0.01443747253200586
0.01821365497148025
0.022318647997519113
0.02664164335476417
0.031026760664203304
0.03528331967976219
0.03911597526879082
0.04250222089365829
0.0452298732215007
0.04757895652499587
0.04970459958231006
0.05111271189083296
0.05194927936970219
0.05250655784335538
0.05291748065993255
0.053235677540021384
0.05348725628410777
0.05368777773321714
0.053847787854941334
0.05397490397953148
0.05407477274934615
0.05415160048257542
0.05420848730215937
0.054247651308777886
0.054270580319553126
0.05427813021417531
0.05427058031873934
0.05424765130641875
0.054208487298983456
0.05415160047775898
0.054074772743612144
0.05397490397326382
0.05384778784749492
0.05368777772457421
0.05348725627521067
0.053235677530384704
0.05291748064795253
0.05250655783028883
0.05194927935562637
0.051112711875431864
0.04970459956683969
0.04757895650691169
0.04522987320262279
0.04250222087250303
0.03911597524602253
0.03528331965502925
0.031026760638366572
0.026641643325646825
0.02231864796592908
0.018213654937903417
0.014437472494990132
0.011018489180815664
0.007934736300078583
0.00512730905091175
0.0025138872861971816
-4.526607527390326e-11
-0.0025138873776666066
-0.00512730914417174
-0.007934736398179995
-0.011018489285072047
-0.014437472606009378
-0.01821365505712286
-0.022318648095058822
-0.026641643462626666
-0.031026760781586723
-0.03528331980271612
-0.03911597539462443
-0.042502221020808834
-0.045229873347404886
-0.047578956653416056
-0.049704599711631665
-0.0511127120162644
-0.05194927949470592
-0.05250655796836231
-0.052917480784743266
-0.05323567766723805
-0.0534872564116929
-0.053687777861363
-0.05384778798437274
-0.05397490410942753
-0.05407477287954024
-0.054151600614767
-0.054208487435727266
-0.05424765144168427
-0.05427058045526794
-0.05427813035065301
-0.054270580455342554
-0.05424765144433419
-0.05420848743807085
-0.05415160061749428
-0.054074772883688074
-0.053974904114735524
-0.05384778798982973
-0.05368777786723022
-0.05348725641820274
-0.05323567767413776
-0.052917480793168575
-0.052506557975367
-0.05194927949992314
-0.051112712017461474
-0.04970459970247424
-0.047578956638820266
-0.045229873333183554
-0.04250222099604032
-0.03911597536405375
-0.03528331976743794
-0.031026760742350806
-0.026641643424352757
-0.022318648060033055
-0.018213655026169364
-0.014437472580514801
-0.01101848926444598
-0.007934736382104672
-0.005127309130448443
-0.0025138873645365258
-3.1299753073623874e-11
0.0025138873040442384
0.005127309074359747
0.007934736332843214
0.011018489224319687
0.014437472551529358
0.018213655009311054
0.022318648053367623
0.026641643426580333
0.03102676074870181
0.03528331977102675
0.03911597536029782
0.04250222098265882
0.0452298733040281
0.04757895660864866
0.04970459966256266
0.05111271196010845
0.051949279432155826
0.052506557902516314
0.05291748071788548
0.053235677596056366
0.0534872563395372
0.05368777778638422
0.05384778790871202
0.053974904032016
0.05407477280008321
0.05415160053257997
0.05420848735277068
0.05424765135863454
0.05427058036884339
0.05427813026297775
0.05427058036803487
0.05424765135404865
0.05420848734601571
0.054151600524404944
0.05407477278990386
0.05397490401743634
0.05384778789270882
0.053687777767958696
0.053487256316808424
0.05323567757003194
0.052917480686647145
0.05250655786744149
0.051949279387988066
0.051112711899778715
0.04970459957365611
0.04757895649960902
0.04522987318958399
0.04250222084233723
0.03911597519843192
0.03528331959082339
0.031026760556255185
0.02664164323117338
0.022318647862259018
0.01821365482660345
0.014437472379891294
0.011018489063088326
0.007934736180426498
0.005127308928372015
0.0025138871604664394
-1.7463187885453409e-10
-0.002513887514138754
-0.005127309288161859
-0.007934736551973477
-0.01101848944786484
-0.014437472780617645
-0.018213655242859172
-0.02231864829062226
-0.02664164366136217
-0.031026760979089532
-0.035283319991772574
-0.039115975569808684
-0.04250222118266655
-0.045229873490448706
-0.04757895679399969
-0.049704599837419004
-0.05111271212287184
-0.05194927959126949
-0.052506558060550164
-0.05291748087443247
-0.05323567775470811
-0.05348725649861642
-0.05368777794698732
-0.053847788069992096
-0.053974904194024245
-0.054074772965131516
-0.05415160069902594
-0.05420848752046602
-0.05424765152694586
-0.05427058053977431
-0.05427813043499671
-0.0542705805414081
-0.05424765152966308
-0.054208487523807164
-0.05415160070373877
-0.0540747729697086
-0.053974904199290845
-0.05384778807471349
-0.05368777795238886
-0.05348725650103708
-0.05323567775632163
-0.05291748087234124
-0.05250655805092423
-0.05194927956924191
-0.05111271207258746
-0.049704599730507906
-0.047578956648275904
-0.04522987334081665
-0.04250222098082103
-0.03911597533169248
-0.03528331972024329
-0.03102676068633177
-0.026641643371395938
-0.02231864801509375
-0.01821365499546333
-0.014437472567002587
-0.011018489269314867
-0.00793473640212062
-0.0051273091648701965
-0.0025138874116420904
-8.71458163321226e-11
0.002513887240893515
0.005127309006501103
0.007934736262715769
0.011018489152831285
0.014437472479731312
0.018213654937220325
0.02231864798192476
0.02664164335393934
0.031026760674450423
0.0352833196913132
0.039115975273734935
0.04250222089078543
0.04522987320323488
0.04757895650577494
0.04970459955253239
0.05111271184110451
0.05194927930868952
0.05250655777608241
0.05291748058819039
0.053235677464955215
0.05348725620686875
0.053687777652926635
0.053847787774682854
0.05397490389522657
0.05407477266330216
0.05415160039389222
0.05420848721428245
0.05424765121811466
0.0542705802277367
0.05427813012033785
0.05427058022321408
0.05424765120781339
0.05420848719975129
0.05415160037603635
0.05407477264045816
0.05397490386814103
0.05384778774038275
0.05368777761421866
0.0534872561629647
0.05323567741441109
0.05291748053027385
0.052506557707169256
0.05194927922724668
0.05111271173519454
0.049704599403685455
0.04757895632491723
0.04522987301475342
0.04250222066060303
0.03911597501567094
0.035283319404310495
0.031026760368317863
0.026641643044717236
0.022318647677270473
0.01821365464534476
0.014437472203526204
0.01101848889276136
0.007934736018275265
0.00512730877423545
0.0025138870150160507
-3.1033332823495534e-10
-0.002513887635467318
-0.005127309395819044
-0.007934736643256344
-0.011018489521980413
-0.014437472834754494
-0.01821365527937302
-0.022318648310393093
-0.02664164367262602
-0.03102676098900674
-0.03528332001116797
-0.03911597560568367
-0.04250222123659367
-0.045229873571234765
-0.047578956879524584
-0.049704599943675015
-0.05111271225871081
-0.051949279742572116
-0.052506558220597126
-0.05291748103975309
-0.05323567792390981
-0.05348725667143277
-0.05368777812376197
-0.05384778824878939
-0.05397490437795159
-0.054074773150024506
-0.05415160088737943
-0.054208487711132784
-0.05424765172023679
-0.05427058073606364
-0.05427813063527825
-0.054270580742116145
-0.05424765173352655
-0.054208487729699946
-0.05415160091323721
-0.05407477318231714
-0.05397490441421214
-0.05384778829469475
-0.053687778175957
-0.053487256730407454
-0.05323567798887537
-0.05291748111274449
-0.05250655829995238
-0.05194927983027002
-0.05111271235546598
-0.04970460005249111
-0.047578956997383
-0.045229873699114916
-0.04250222137587379
-0.03911597575667239
-0.03528332017320104
-0.031026761162060598
-0.026641643857194162
-0.022318648506610247
-0.01821365548753988
-0.014437473057683886
-0.011018489759545431
-0.007934736899313828
-0.005127309674785446
-0.0025138879422567286
-6.490632412978048e-10
0.002513886637953126
0.0051273083501751195
0.007934735542390535
0.011018488360529972
0.014437471609326654
0.018213653994097363
0.022318646975194197
0.026641642312236237
0.03102675962249772
0.03528331867848087
0.03911597433164526
0.042502220023781664
0.04522987244656304
0.047578955759314964
0.04970459888612337
0.05111271129607532
0.05194927882539792
0.0525065573209723
0.052917480148647195
0.05323567703556826
0.053487255782422444
0.05368777723140044
0.05384778735433408
0.05397490347799742
0.05407477224628478
0.05415159997571347
0.05420848679412928
0.05424765079777976
0.054270579805672216
0.05427812969717679
0.05427057979872498
0.05424765078222303
0.05420848677125988
0.05415159994738557
0.054074772210348475
0.053974903437910296
0.053847787310306865
0.05368777718595085
0.0534872557355246
0.05323567699233218
0.0529174801146046
0.05250655730487675
0.05194927884762059
0.05111271141379549
0.04970459919246318
0.04757895619227359
0.04522987288986007
0.04250222063775293
0.03911597506566094
0.035283319520494766
0.031026760525196446
0.026641643192973467
0.022318647793873977
0.018213654703485238
0.014437472190136762
0.011018488802979646
0.007934735854677348
0.005127308542283838
0.002513886723193615
-6.53908655293323e-10
-0.0025138880251792616
-0.005127309824266794
-0.007934737105137847
-0.011018490010689708
-0.014437473350138336
-0.018213655815300336
-0.02231864886252495
-0.026641644237039686
-0.031026761561346376
-0.03528332058588597
-0.03911597618331973
-0.042502221811564815
-0.04522987414468709
-0.04757895745744102
-0.04970460051981911
-0.05111271282986377
-0.05194928031307354
-0.0525065587954494
-0.05291748162090078
-0.05323567851131118
-0.05348725726592868
-0.05368777872485778
-0.05384778885705106
-0.05397490499159549
-0.054074773773118895
-0.054151601515988586
-0.05420848834859
-0.05424765236411842
-0.054270581387659916
-0.05427813129417287
-0.054270581409066564
-0.05424765240760516
-0.054208488412221756
-0.05415160160328074
-0.05407477387958404
-0.053974905120900175
-0.05384778900786961
-0.05368777889639591
-0.053487257458353796
-0.053235678723294586
-0.05291748185308333
-0.05250655904614117
-0.05194928058041937
-0.05111271310336548
-0.04970460078980819
-0.04757895773232065
-0.045229874440224284
-0.04250222210703571
-0.03911597648219555
-0.03528332089628578
-0.03102676188739241
-0.02664164459016092
-0.022318649251806367
-0.018213656247135994
-0.014437473831979962
-0.0110184905447599
-0.00793473769068306
-0.0051273104644102225
-0.002513888723662312
-1.4141803310233649e-9
0.0025138858993300735
0.005127307649788467
0.007934734889229357
0.011018487759515984
0.014437471067019226
0.018213653503837336
0.02231864652678651
0.026641641877351314
0.03102675917601857
0.03528331817352197
0.039115973738437414
0.04250221933772917
0.04522987163443578
0.04757895491982684
0.04970459795027881
0.051112710223049945
0.05194927767484175
0.05250655612633032
0.0529174789202791
0.05323567577975249
0.05348725450257251
0.05368777592934993
0.05384778603177504
0.053974902134255175
0.054074770882284524
0.05415159859282423
0.054208485391349
0.05424764937527837
0.054270578362918806
0.054278128235361364
0.05427057831697228
0.05424764928168666
0.05420848525061383
0.05415159840513681
0.0540747706452316
0.053974901848818896
0.053847785699217034
0.05368777555154964
0.05348725407522455
0.053235675302938726
0.05291747839408351
0.052506555546070914
0.05194927703974793
0.05111270952189818
0.049704597163741766
0.047578954060248944
0.045229870725804075
0.04250221834717669
0.039115972678306014
0.03528331704482385
0.031026757988530006
0.026641640647600346
0.022318645265521325
0.0182136522202938
0.014437469767125616
0.011018486445823298
0.007934733564698884
0.00512730631562936
0.0025138845577076414
-2.7614512020842658e-9
-0.0025138900769742212
-0.005127311816168
-0.007934739037276612
-0.011018491886093622
-0.01443747516833136
-0.018213657585274382
-0.022318650604336826
-0.02664164598371681
-0.031026763342384394
-0.03528332245469262
-0.03911597816515221
-0.04250222391945758
-0.0452298764051234
-0.047578959768322326
-0.049704602959607616
-0.05111271543659206
-0.05194928302449553
-0.05250656157607387
-0.0529174844565247
-0.05323568139674908
-0.05348726019863378
-0.05368778170263779
-0.05384779188029264
-0.05397490805812998
-0.05407477688303239
-0.05415160467161965
-0.05420849154702787
-0.05424765561027274
-0.054270584677346544
-0.05427813462990723
-0.05427058479305486
-0.05424765584009434
-0.05420849189286015
-0.054151605133877276
-0.054074777461651395
-0.05397490875614698
-0.05384779269729598
-0.05368778264271507
-0.0534872612632732
-0.053235682590870165
-0.05291748578866125
-0.052506563057207065
-0.05194928468150743
-0.05111271733605065
-0.04970460522149015
-0.04757896231746646
-0.04522987909388654
-0.042502226949634896
-0.03911598147477534
-0.035283326027971365
-0.031026767118724298
-0.026641649866450293
-0.02231865453873937
-0.01821366151641262
-0.014437479066691357
-0.011018495748738968
-0.007934742867761543
-0.0051273156294528496
-0.0025138938891713257
-6.5914311302221085e-9
0.0025138806927053146
0.005127302403505967
0.007934729591056138
0.01101848240240096
0.014437465640404391
0.01821364800053224
0.022318640941785314
0.026641636204897855
0.03102675341431018
0.03528331232122926
0.039115967791715944
0.04250221329983009
0.045229865503812604
0.047578948693476585
0.0497045916253556
0.051112703799734364
0.05194927115203941
0.0525065495024654
0.05291747219560168
0.05323566895003889
0.05348724756841922
0.05368776888670961
0.05384777887783733
0.05397489486823029
0.054074763501286933
0.05415159109556033
0.05420847777446966
0.0542476416361308
0.0542705705020513
0.054278120244215536
0.05427057019947195
0.05424764102890732
0.05420847686604454
0.05415158988408948
0.05407476198637293
0.05397489304794484
0.05384777675387083
0.05368776645459074
0.053487244828692035
0.0532356659016716
0.05291746883356189
0.052506545821482564
0.05194926715118082
0.05111269946082102
0.04970458692553436
0.047578943645074805
0.0452298601327844
0.042502207567336546
0.039115961707070164
0.03528330588122418
0.031026746632928575
0.026641629097001927
0.022318633513002818
0.018213640259544413
0.014437457591562317
0.011018474039526023
0.007934720911847958
0.0051272934020784805
0.0025138713605739006
-1.626133380371957e-8
-0.002513903903107528
-0.0051273259958433594
-0.007934753590689028
-0.011018506836109667
-0.014437490525177584
-0.018213673345625406
-0.02231866674870837
-0.026641662454247823
-0.031026780090363502
-0.03528333937972211
-0.039115995216367744
-0.04250224108560983
-0.04522989362971804
-0.04757897726809127
-0.04970462058799448
-0.05111273311961728
-0.0519493008973138
-0.0525065797139282
-0.05291750289770003
-0.05323570016060809
-0.05348727929906264
-0.05368780115071635
-0.05384781169104999
-0.05397492823950976
-0.05407479744605518
-0.0541516256244886
-0.05420851290247003
-0.05424767737266945
-0.0542706068620757
-0.05427815724180725
-0.05427060784547336
-0.05424767934123305
-0.054208515855110516
-0.05415162956488237
-0.05407480237328932
-0.05397493415790858
-0.05384781859568084
-0.053687809050712694
-0.05348728818989356
-0.053235710043978736
-0.05291751377371382
-0.052506591575320685
-0.05194931371909895
-0.05111274683315171
-0.0497046350718576
-0.0475789926136454
-0.04522991000817762
-0.04250225828837791
-0.03911601331813656
-0.035283358410908114
-0.031026800128114897
-0.02664168362045219
-0.022318689118014937
-0.01821369699381774
-0.014437515494188218
-0.011018533152052382
-0.00793478126309168
-0.0051273550216842465
-0.0025139342867577076
-4.8000622282715444e-8
0.0025138382675857335
0.005127258946475512
0.007934685085973297
0.011018436838590301
0.014437418998824456
0.018213600268860212
0.022318592110354203
0.026641586275051567
0.031026702384446263
0.035283260201040605
0.039115914582189895
0.042502158972478415
0.0452298100552084
0.04757889201668686
0.049704533743894115
0.0511126447146319
0.051949210780245884
0.05250648778155863
0.05291740908020356
0.05323560440151501
0.053487181543079
0.05368770135067624
0.05384770978946071
0.053974824180166144
0.054074691177852394
0.05415151709255338
0.0542084020469108
0.054247564141327274
0.054270491189204795
0.0542780390695167
0.05427048711161221
0.054247555981051444
0.054208389803234
0.054151500751363484
0.054074670731304175
0.053974799616483556
0.05384768108965047
0.053687668499050045
0.05348714452124047
0.05323556318189261
0.05291736364141767
0.05250643810002995
0.05194915683925253
0.05111258652256962
0.04970447133995879
0.047578825307242376
0.04522973890188454
0.0425020834527658
0.03911583460936825
0.035283175710102414
0.03102661327922065
0.026641492434645225
0.02231849343143656
0.018213496648222884
0.014437310353942768
0.011018323093024246
0.007934566170759367
0.00512713478003778
0.0025137087795902642
-1.828830268873404e-7
-0.002514074644607344
-0.005127500941790269
-0.00793493283130586
-0.011018690457273118
-0.014437678626842905
-0.018213866029069836
-0.02231886412754819
-0.026641864654330098
-0.031026987240772994
-0.03528355163119767
-0.03911621269749178
-0.04250246390374271
-0.045230121915452996
-0.04757921102698845
-0.04970485998217458
-0.051112978278549374
-0.051949551848445935
-0.0525068365146104
-0.05291776561596402
-0.053235968858176344
-0.05348755403368801
-0.05368808197492419
-0.05384809863893087
-0.05397522134442862
-0.054075096717117396
-0.05415193106122224
-0.05420882447938937
-0.0542479950496156
-0.05427093056719015
-0.05427848688091866
-0.05427094329138999
-0.05424802042544221
-0.054208862378018675
-0.05415198127520549
-0.05407515896742386
-0.05397529527991758
-0.05384818382590361
-0.05368817788926755
-0.053487660065776085
-0.0532360842838609
-0.052917889608911126
-0.052506968121220535
-0.05194968996625436
-0.051113121650558105
-0.04970500718314281
-0.04757936047222874
-0.045230271819394215
-0.04250261218927871
-0.039116357071312065
-0.03528368949306501
-0.031027115674725124
-0.026641980372239627
-0.02231896341615571
-0.018213944713552057
-0.014437731984376355
-0.011018713179920045
-0.007934918918933487
-0.005127443642013718
-0.0025139663384063046
-1.4984524130059413e-8
0.002513945952862335
0.0051274521667972785
0.007934976116100155
0.011018839557153588
0.014437949125858432
0.01821427559196635
0.0223194327767258
0.02664261512757669
0.031027945341550518
0.03528474669348743
0.039117678063063314
0.04250423751900048
0.04523224701632801
0.04758173686537599
0.049707842884674974
0.05111648260411182
0.05195365121167334
0.05251161527429932
0.052923320594934334
0.05324241131280914
0.053495012007177496
0.05369670304147159
0.053858053158323226
0.053986706317274966
0.054088340346696503
0.05416719818045399
0.054226423021211806
0.05426828375936692
0.054294328259641735
0.054305483538126684
0.0543021134396111
0.054284039278524786
0.05425052537247977
0.05420022782258047
0.05413110136703066
0.05404025403841663
0.053923730984218356
0.053776190252994176
0.053590384910543284
0.05335622066608588
0.05305868934081818
0.052672361590886514
0.05214444342760913
0.051343034506332326
0.04997716022331737
0.04790242909800095
0.0456149226064212
0.04296200610676833
0.03966678917532311
0.03594540386894831
0.031825343989097116
0.027608265259083633
0.023492841652233427
0.019645079862513903
0.016188598623932928
0.013167939374287167
0.010581379865254559
0.00839514880205027
0.006557664689310125
0.005011212474169609
0.003698731723101954
0.002567230544924152
0.0015689800812071684
0.0006613419797963484
-0.00019414774878412193
-0.0010330442588729026
-0.0018893815213050502
-0.002797053235874984
-0.0037910994840718347
-0.004908805772493223
-0.0061904722804106815
-0.0076796260080090216
-0.009422350418819486
-0.011465262735316116
-0.013851223993641863
-0.01661195194737234
-0.019760981117593807
-0.0232861965349998
-0.02711483722071073
-0.031121054301078324
-0.0352251802991587
-0.0391632662332604
-0.04267466002320072
-0.045917815688565664
-0.048465474199178654
-0.0505231178958028
-0.05277113798473084
-0.05450206411694844
-0.05541771094135191
-0.055908432025406206
-0.05621573084497507
-0.056422819449976826
-0.0565576882917436
-0.05663096978090633
-0.056646832950027544
-0.05660594618349695
-0.056505831070720755
-0.05633922811429474
-0.056087562044953077
-0.05569774099972536
-0.05500840280700308
-0.053647677351216574
-0.051505956203336145
-0.049387715486351104
-0.04717022517856506
-0.04414989015045881
-0.04077090309682318
-0.037030445223277995
-0.032968798215736006
-0.028944564239803076
-0.025067726841641106
-0.021449572310339976
-0.01819552474890308
-0.015337483558464858
-0.012872201357964663
-0.010776806094873062
-0.009014550806291205
-0.007542960379192923
-0.006319545965921693
-0.005304806963733187
-0.004463650807907451
-0.0037658428760880686
-0.0031858706611129954
-0.0027025039379409356
-0.002298234203337322
-0.00195869897065856
-0.001672145256043584
-0.0014289558634277561
-0.0012212443877455434
-0.0010425156347493964
-0.0008873838976969717
-0.0007513398776606509
-0.0006305571410482707
-0.0005217293942236215
-0.00042193071072300345
-0.0003284914081556079
-0.00023888267672252862
-0.00015060308056742228
-0.0000610595795753979
0.00003256524121056099
0.00013346989723900374
0.0002454273100872729
0.0003730313001016793
0.0005220176975037117
0.0006996880129664436
0.0009154708120124189
0.0011816623997551916
0.0015143901369526428
0.0019348296306185408
0.0024706636111209083
0.003157663251281193
0.004041051364677587
0.005175903047823157
0.006625199288418668
0.00845333434223844
0.010712327497280046
0.013418564858954426
0.01652271561530547
0.019884806663763167
0.02327204677537074
0.026416081732692383
0.02907419975173189
0.031151311643659196
0.032726628578673714
0.03382265271256339
0.03429445772632609
0.03424793945648207
0.03366104690857546
0.0324547949639837
0.030799994515893468
0.028608355355684983
0.02584708440301381
0.022636885205012756
0.01923932166290524
0.015918507342167112
0.012892204393072431
0.010280719390715757
0.008118007277007335
0.00637831319060677
0.005005691714261939
0.003935301756149883
0.0031055217684317284
0.0024633227547723553
0.0019655988934840786
0.0015784909528192143
0.001275939968804624
0.0010381171344856581
0.0008500140626927448
0.0007002842191165947
0.0005803354761138377
0.0004836387299978426
0.0004052091973029018
0.00034122041064584273
0.0002887178683403754
0.00024540651857330955
0.00020949274493737893
0.00017956637418188576
0.0001545121692441972
0.00013344312230657946
0.00011564983749819501
0.00010056194348413458
0.00008771849461224916
0.00007674517645725019
0.00006733654746417375
0.00005924227069331463
0.00005225625012503384
0.00004620812658699335
0.00004095650740044945
0.000036383584380510095
0.000032390837019848255
0.0000288955886835438
0.000025828213111313465
0.00002312988027163166
0.00002075073165869411
0.000018648375028315723
0.000016786652870990236
0.00001513465685841901
0.000013665877067379836
0.000012357527131282193
0.000011189956342947019
0.000010146190353970634
9.21152059917985e-6
8.373185418815788e-6
7.620063037678566e-6
6.942475644553149e-6
6.331950517231973e-6
5.781076717434541e-6
5.283349635979322e-6
4.833044101433214e-6
4.425127328214829e-6
4.055156924194604e-6
3.719201045944856e-6
3.4137854763333664e-6
3.1358221781141897e-6
2.8825768348981063e-6
2.6516089476738817e-6
2.4407474128763126e-6
2.248057412347937e-6
2.0718029751582487e-6
1.9104401030334585e-6
1.7625818909409168e-6
1.6269791511035876e-6
1.5025173579757707e-6
1.3881887867070805e-6
1.283084222168101e-6
1.1863925926371594e-6
1.097376114410139e-6
1.015368810497642e-6
9.397653709178524e-7
8.700203754354773e-7
8.05644692072559e-7
7.461808188380421e-7
6.912278858296254e-7
6.404138823833131e-7
5.934007824110784e-7
5.498842494188901e-7
5.095775544209149e-7
4.7223292688754157e-7
4.3760918218442767e-7
4.0550029394823494e-7
3.757109853650316e-7
3.480561083035684e-7
3.223788907184873e-7
2.985226034224756e-7
2.7635354137306543e-7
2.557484250619333e-7
2.3658538051744607e-7
2.1876301385695404e-7
2.021781909486747e-7
1.8674473167224696e-7
1.72376533303574e-7
1.5899747120942637e-7
1.4653373812207543e-7
1.3492306669003597e-7
1.2410970466600253e-7
1.1402638172759217e-7
1.0463629124323584e-7
9.587615328109297e-8
8.771648041407945e-8
8.010609664951822e-8
7.3006853807423e-8
6.63904448155261e-8
6.022290502767351e-8
5.446942712953132e-8
4.9104528991341206e-8
4.410518335132617e-8
3.9437189431393835e-8
3.5091855447844885e-8
3.104035329733779e-8
2.726047807516513e-8
2.3743711936548648e-8
2.0462880081851233e-8
1.740719365678951e-8
1.4559740131658066e-8
1.1910964940258408e-8
9.451048904239367e-9
7.151803500015047e-9
5.024391701542937e-9
3.042283959476812e-9
1.2034500499235185e-9
-5.09186391396145e-10
-2.0924423263934575e-9
-3.5631054815748123e-9
-4.925092386846024e-9
-6.185353298632724e-9
-7.351653804082193e-9
-8.432550819043447e-9
-9.421916539510465e-9
-1.0340029172078394e-8
-1.1182956772257422e-8
-1.1956504893168734e-8
-1.2665495981602313e-8
-1.331731088648655e-8
-1.3913757500692127e-8
-1.4454371863177767e-8
-1.4949720157565335e-8
-1.539694860813355e-8
-1.5803729776401355e-8
-1.616382137570992e-8
-1.648984113557955e-8
-1.6779762414560416e-8
-1.703874488405899e-8
-1.7263300600091758e-8
-1.7460627782527454e-8
-1.7630424739911373e-8
-1.7778653792822523e-8
-1.7898501476926596e-8
-1.79996984041534e-8
-1.8077662234009478e-8
-1.8136497408324647e-8
-1.8177884220723017e-8
-1.8203226312487362e-8
-1.8212166003251043e-8
-1.8211021709965573e-8
-1.8192561696140465e-8
-1.81643953337537e-8
-1.812112213174597e-8
-1.8069761143433306e-8
-1.8001953136704672e-8
-1.792986322990588e-8
-1.7851505923068777e-8
-1.7761601860180936e-8
-1.7667829936664715e-8
-1.7563370887460886e-8
-1.7451755059897307e-8
-1.7345838758011674e-8
-1.7218960804067304e-8
-1.7097642212432492e-8
-1.696976833879709e-8
-1.6837872265513972e-8
-1.6702412001167693e-8
-1.6560619721757714e-8
-1.6420110562575083e-8
-1.6273517558698477e-8
-1.6127486089248902e-8
-1.5978347089597392e-8
-1.583069133112719e-8
-1.567456919820559e-8
-1.5527135576873983e-8
-1.5371815114880456e-8
-1.5212875101174934e-8
-1.5059467666712338e-8
-1.490119390633281e-8
-1.4745320166763973e-8
-1.4590000407758425e-8
-1.4428338282529385e-8
-1.4272651815642713e-8
-1.4115056096567975e-8
-1.395734371653799e-8
-1.3803101271777632e-8
-1.3647689803905908e-8
-1.3492484118508113e-8
-1.3334909356635269e-8
-1.3182479683228226e-8
-1.3027770220099214e-8
-1.2878317825203783e-8
-1.2723514819172448e-8
-1.2571533735680026e-8
-1.242457748245988e-8
-1.2273564612370077e-8
-1.2126280236664366e-8
-1.1977208931859782e-8
-1.1836141401486569e-8
-1.1692717845909173e-8
-1.154850078611164e-8
-1.1408360777925317e-8
-1.1267796219960295e-8
-1.1130450041138179e-8
-1.0992946627988242e-8
-1.0855203881074029e-8
-1.0719614764842265e-8
-1.0589746070957187e-8
-1.0457084755283244e-8
-1.0326375525665783e-8
-1.0194538353004714e-8
-1.0068659417480725e-8
-9.94257158084916e-9
-9.813749811208736e-9
-9.693010154345665e-9
-9.569167050367393e-9
-9.44954064773611e-9
-9.334550216561866e-9
-9.212166036258283e-9
-9.095854229204585e-9
-8.981304049127453e-9
-8.864485397956697e-9
-8.758073433038603e-9
-8.645715220373269e-9
-8.534245126663503e-9
-8.42482528853373e-9
-8.322534934173214e-9
-8.214305179902712e-9
-8.113998821514755e-9
-8.006880638223876e-9
-7.903788780364641e-9
-7.803917375958785e-9
-7.703458624580876e-9
-7.606383110794138e-9
-7.51510543003304e-9
-7.415708764503703e-9
-7.322917640750812e-9
-7.229453217779918e-9
-7.142194025635718e-9
-7.050126838899003e-9
-6.960350821039557e-9
-6.869975618077081e-9
-6.784697072222284e-9
-6.701373629918562e-9
-6.615059514994148e-9
-6.535394498961161e-9
-6.450511046013913e-9
-6.367121103768332e-9
-6.28925364160888e-9
-6.209585695772018e-9
-6.1318977996339565e-9
-6.054010403513104e-9
-5.9823164360346355e-9
-5.904155876429509e-9
-5.832297127497323e-9
-5.758134879255109e-9
-5.684768809931542e-9
-5.616482413997412e-9
-5.544354275432537e-9
-5.478690607143241e-9
-5.411861327825826e-9
-5.33901039030629e-9
-5.278947035214468e-9
-5.2139404137967196e-9
-5.148993165200845e-9
-5.083244910240762e-9
-5.021597308127032e-9
-4.958942658470313e-9
-4.9010224517428845e-9
-4.8388225836365486e-9
-4.7813179503106795e-9
-4.71904114575904e-9
-4.6618776887061455e-9
-4.604703185066249e-9
-4.551057832182451e-9
-4.496771582230654e-9
-4.442549477812868e-9
-4.386000821337139e-9
-4.334892628032555e-9
-4.2827191415790904e-9
-4.228708069525988e-9
-4.1790381453864625e-9
-4.127847196502945e-9
-4.0773391566002905e-9
-4.027407704740096e-9
-3.982565363627277e-9
-3.9328753526088775e-9
-3.888115685321606e-9
-3.842940789068022e-9
-3.795074294501025e-9
-3.7509987211419006e-9
-3.708056623871257e-9
-3.6608413824424876e-9
-3.6163871010102978e-9
-3.576933441402875e-9
-3.534201583841463e-9
-3.4938102446073875e-9
-3.4514398640769627e-9
-3.4139336956383634e-9
-3.37054068530423e-9
-3.333389667201192e-9
-3.292247210248452e-9
-3.254122540681905e-9
-3.21559378852789e-9
-3.1787822349427246e-9
-3.141292370609426e-9
-3.109875399058758e-9
-3.071907185615749e-9
-3.036313822624405e-9
-3.001531004609748e-9
-2.9677032114762635e-9
-2.9303838450114536e-9
-2.897373725151256e-9
-2.8668470270927998e-9
-2.8327857859285642e-9
-2.8019449330567775e-9
-2.763884119409732e-9
-2.7328689426253213e-9
-2.703770046833777e-9
-2.676679875812224e-9
-2.6458312048463856e-9
-2.6176428075477904e-9
-2.5859224558724013e-9
-2.5565600823400733e-9
-2.5306395801088297e-9
-2.503055355656091e-9
-2.4723212162289155e-9
-2.4486002362283577e-9
-2.4191747857519867e-9
-2.39204244823629e-9
-2.365328868298708e-9
-2.339348571115497e-9
-2.3163286350363867e-9
-2.2867896931850434e-9
-2.2589478989765837e-9
-2.2365361210943433e-9
-2.2094494046293637e-9
-2.190287820744455e-9
-2.165660155227321e-9
-2.142893153684525e-9
-2.1143484591922284e-9
-2.0911429605044357e-9
-2.0704315565116766e-9
-2.049089892136323e-9
-2.0272627179225835e-9
-2.005398904747736e-9
-1.9845867895820108e-9
-1.9622736573741464e-9
-1.942612628083362e-9
-1.9200942812315484e-9
-1.897829262799206e-9
-1.8807218476343274e-9
-1.8598246352721504e-9
-1.8407400758814832e-9
-1.8217057251407566e-9
-1.8045140252835296e-9
-1.7852548598854261e-9
-1.764389538894006e-9
-1.7438865957691875e-9
-1.7264382453327704e-9
-1.706581080966641e-9
-1.6905337462238092e-9
-1.675417601682862e-9
-1.6530261673190523e-9
-1.6390104331159602e-9
-1.6193176268061716e-9
-1.6054052076294206e-9
-1.5886299709992166e-9
-1.5694823466986256e-9
-1.5564581463205367e-9
-1.5402134093304255e-9
-1.5221847625303222e-9
-1.5097249832560303e-9
-1.4884690630441618e-9
-1.4766954237682611e-9
-1.4636412625798934e-9
-1.4465051209355278e-9
-1.4312562158275817e-9
-1.4192701203815765e-9
-1.4038248605917277e-9
-1.389901403395808e-9
-1.378919346494638e-9
-1.3612019574207508e-9
-1.3456791627936743e-9
-1.3292828040180766e-9
-1.3227951644137627e-9
