0
0
0
0
0
0
0
0
0
0
0
0
0
0
0
0
0
0
0
0
0
0
0
0
0
0
0
0
0
0
0
0
0
0
0
0
0
0
0
0
0
0
0
0
0
0
0
0
0
0
0
0
0
0
0
0
0
0
0
0
0
0
0
0
0
0
0
0
0
0
0
0
0
0
0
0
0
0
0
0
0
0
0
0
0
0
0
0
0
0
0
0
0
0
0
0
0
0
0
0
0
0
0
0
0
0
0
0
0
0
0
0
0
0
0
0
0
0
0
0
0
0
0
0
0
0
0
0
0
0
0
0
0
0
0
0
0
0
0
0
0
0
0
0
0
0
0
0
0
0
0
0
0
0
0
0
0
0
-0.000166971
-0.00064789
-0.00141357
-0.00243591
-0.00368783
-0.00514332
-0.00677736
-0.00856597
-0.0104861
-0.0125158
-0.014634
-0.0168205
-0.0190561
-0.0213227
-0.0236027
-0.0258798
-0.0281382
-0.0303634
-0.0325412
-0.0346587
-0.0367035
-0.0386643
-0.0405301
-0.0422912
-0.0439384
-0.045463
-0.0468576
-0.0481149
-0.0492287
-0.0501933
-0.0510036
-0.0516554
-0.0521448
-0.0524688
-0.0526248
-0.052611
-0.0524258
-0.0520686
-0.051539
-0.0508372
-0.0499641
-0.0489208
-0.0477091
-0.0463313
-0.0447898
-0.0430878
-0.0412288
-0.0392166
-0.0370555
-0.0347502
-0.0323057
-0.0297273
-0.0270207
-0.0241919
-0.0212471
-0.018193
-0.0150362
-0.0117841
-0.00844372
-0.00502275
-0.00152891
0.00202988
0.0056455
0.00930969
0.013014
0.01675
0.0205089
0.0242819
0.0280603
0.0318352
0.0355974
0.0393381
0.0430482
0.0467187
0.0503405
0.0539046
0.057402
0.0608237
0.064161
0.067405
0.0705471
0.0735786
0.0764912
0.0792764
0.0819262
0.0844326
0.0867878
0.0889841
0.0910143
0.0928711
0.0945477
0.0960375
0.097334
0.0984313
0.0993236
0.100005
0.100472
0.100718
0.100739
0.100532
0.100092
0.0994169
0.0985038
0.0973502
0.0959542
0.0943146
0.0924305
0.0903014
0.0879275
0.0853095
0.0824486
0.0793466
0.0760058
0.0724293
0.0686207
0.064584
0.0603242
0.0558468
0.0511579
0.0462643
0.0411737
0.0358943
0.0304351
0.0248059
0.0190171
0.0130801
0.00700682
0.000810295
-0.00549583
-0.011897
-0.0183778
-0.0249221
-0.0315126
-0.0381313
-0.0447593
-0.0513767
-0.0579626
-0.0644954
-0.0709521
-0.0773092
-0.0835419
-0.0896243
-0.0955297
-0.10123
-0.106697
-0.1119
-0.116809
-0.12139
-0.125611
-0.129437
-0.132833
-0.135762
-0.138186
-0.140065
-0.14136
-0.142029
-0.142028
-0.141679
-0.141049
-0.140137
-0.138936
-0.137441
-0.135647
-0.133554
-0.13116
-0.12847
-0.125493
-0.122244
-0.118744
-0.115017
-0.111092
-0.107004
-0.102786
-0.0984748
-0.0941047
-0.0897104
-0.0853236
-0.0809715
-0.0766796
-0.072468
-0.0683539
-0.0643513
-0.0604692
-0.0567151
-0.0530918
-0.0496022
-0.046245
-0.0430176
-0.0399178
-0.0369396
-0.034078
-0.0313266
-0.0286784
-0.0261265
-0.0236642
-0.0212832
-0.0189765
-0.0167365
-0.0145557
-0.0124268
-0.0103424
-0.00829491
-0.00627725
-0.00428275
-0.00230387
-0.000333175
0.00163577
0.00361002
0.00559739
0.00760427
0.00963788
0.0117051
0.0138144
0.0159719
0.0181857
0.0204628
0.022811
0.0252375
0.0277498
0.0303555
0.0330616
0.0358752
0.0388029
0.0418498
0.045022
0.0483225
0.0517556
0.0553213
0.0590199
0.062848
0.0668004
0.0708686
0.0750406
0.0793016
0.0836316
0.088009
0.0924049
0.0967914
0.101134
0.1054
0.109551
0.113554
0.117373
0.120979
0.124342
0.127443
0.130262
0.13279
0.135018
0.136945
0.138573
0.139904
0.140946
0.141701
0.142176
0.142374
0.142296
0.141941
0.141307
0.140391
0.139185
0.137686
0.135889
0.133791
0.131393
0.128699
0.125718
0.122466
0.118962
0.115231
0.111303
0.107211
0.10299
0.0986752
0.0943024
0.0899052
0.085515
0.0811599
0.0768646
0.0726503
0.0685335
0.0645278
0.0606429
0.0568857
0.0532601
0.0497679
0.0464081
0.0431786
0.0400761
0.0370954
0.0342311
0.0314774
0.028827
0.0262731
0.0238081
0.021425
0.019116
0.016874
0.0146911
0.0125602
0.0104736
0.00842453
0.00640492
0.00440808
0.00242731
0.000455026
-0.00151572
-0.003492
-0.00548065
-0.00748938
-0.00952461
-0.0115941
-0.0137044
-0.0158636
-0.0180789
-0.0203578
-0.0227073
-0.0251355
-0.0276494
-0.0302566
-0.0329643
-0.0357794
-0.0387079
-0.0417564
-0.0449297
-0.0482319
-0.0516661
-0.0552334
-0.0589333
-0.0627624
-0.0667161
-0.0707854
-0.0749588
-0.0792208
-0.0835524
-0.0879302
-0.0923278
-0.0967152
-0.101059
-0.105326
-0.109479
-0.113482
-0.117303
-0.120909
-0.124274
-0.127375
-0.130195
-0.132724
-0.134953
-0.136881
-0.13851
-0.139843
-0.140885
-0.141641
-0.142117
-0.142316
-0.142028
-0.141679
-0.141049
-0.140137
-0.138936
-0.137441
-0.135647
-0.133554
-0.13116
-0.12847
-0.125493
-0.122244
-0.118744
-0.115017
-0.111092
-0.107004
-0.102786
-0.0984748
-0.0941047
-0.0897104
-0.0853236
-0.0809715
-0.0766796
-0.072468
-0.0683539
-0.0643513
-0.0604692
-0.0567151
-0.0530918
-0.0496022
-0.046245
-0.0430176
-0.0399178
-0.0369396
-0.034078
-0.0313266
-0.0286784
-0.0261265
-0.0236642
-0.0212832
-0.0189765
-0.0167365
-0.0145557
-0.0124268
-0.0103424
-0.00829491
-0.00627725
-0.00428275
-0.00230387
-0.000333175
0.00163577
0.00361002
0.00559739
0.00760427
0.00963788
0.0117051
0.0138144
0.0159719
0.0181857
0.0204628
0.022811
0.0252375
0.0277498
0.0303555
0.0330616
0.0358752
0.0388029
0.0418498
0.045022
0.0483225
0.0517556
0.0553213
0.0590199
0.062848
0.0668004
0.0708686
0.0750406
0.0793016
0.0836316
0.088009
0.0924049
0.0967914
0.101134
0.1054
0.109551
0.113554
0.117373
0.120979
0.124342
0.127443
0.130262
0.13279
0.135018
0.136945
0.138573
0.139904
0.140946
0.141701
0.142176
0.142374
0.142296
0.141941
0.141307
0.140391
0.139185
0.137686
0.135889
0.133791
0.131393
0.128699
0.125718
0.122466
0.118962
0.115231
0.111303
0.107211
0.10299
0.0986752
0.0943024
0.0899052
0.085515
0.0811599
0.0768646
0.0726503
0.0685335
0.0645278
0.0606429
0.0568857
0.0532601
0.0497679
0.0464081
0.0431786
0.0400761
0.0370954
0.0342311
0.0314774
0.028827
0.0262731
0.0238081
0.021425
0.019116
0.016874
0.0146911
0.0125602
0.0104736
0.00842453
0.00640492
0.00440808
0.00242731
0.000455026
-0.00151572
-0.003492
-0.00548065
-0.00748938
-0.00952461
-0.0115941
-0.0137044
-0.0158636
-0.0180789
-0.0203578
-0.0227073
-0.0251355
-0.0276494
-0.0302566
-0.0329643
-0.0357794
-0.0387079
-0.0417564
-0.0449297
-0.0482319
-0.0516661
-0.0552334
-0.0589333
-0.0627624
-0.0667161
-0.0707854
-0.0749588
-0.0792208
-0.0835524
-0.0879302
-0.0923278
-0.0967152
-0.101059
-0.105326
-0.109479
-0.113482
-0.117303
-0.120909
-0.124274
-0.127375
-0.130195
-0.132724
-0.134953
-0.136881
-0.13851
-0.139843
-0.140885
-0.141641
-0.142117
-0.142316
-0.142028
-0.141679
-0.141049
-0.140137
-0.138936
-0.137441
-0.135647
-0.133554
-0.13116
-0.12847
-0.125493
-0.122244
-0.118744
-0.115017
-0.111092
-0.107004
-0.102786
-0.0984748
-0.0941047
-0.0897104
-0.0853236
-0.0809715
-0.0766796
-0.072468
-0.0683539
-0.0643513
-0.0604692
-0.0567151
-0.0530918
-0.0496022
-0.046245
-0.0430176
-0.0399178
-0.0369396
-0.034078
-0.0313266
-0.0286784
-0.0261265
-0.0236642
-0.0212832
-0.0189765
-0.0167365
-0.0145557
-0.0124268
-0.0103424
-0.00829491
-0.00627725
-0.00428275
-0.00230387
-0.000333175
0.00163577
0.00361002
0.00559739
0.00760427
0.00963788
0.0117051
0.0138144
0.0159719
0.0181857
0.0204628
0.022811
0.0252375
0.0277498
0.0303555
0.0330616
0.0358752
0.0388029
0.0418498
0.045022
0.0483225
0.0517556
0.0553213
0.0590199
0.062848
0.0668004
0.0708686
0.0750406
0.0793016
0.0836316
0.088009
0.0924049
0.0967914
0.101134
0.1054
0.109551
0.113554
0.117373
0.120979
0.124342
0.127443
0.130262
0.13279
0.135018
0.136945
0.138573
0.139904
0.140946
0.141701
0.142176
0.142374
0.142296
0.141941
0.141307
0.140391
0.139185
0.137686
0.135889
0.133791
0.131393
0.128699
0.125718
0.122466
0.118962
0.115231
0.111303
0.107211
0.10299
0.0986752
0.0943024
0.0899052
0.085515
0.0811599
0.0768646
0.0726503
0.0685335
0.0645278
0.0606429
0.0568857
0.0532601
0.0497679
0.0464081
0.0431786
0.0400761
0.0370954
0.0342311
0.0314774
0.028827
0.0262731
0.0238081
0.021425
0.019116
0.016874
0.0146911
0.0125602
0.0104736
0.00842453
0.00640492
0.00440808
0.00242731
0.000455026
-0.00151572
-0.003492
-0.00548065
-0.00748938
-0.00952461
-0.0115941
-0.0137044
-0.0158636
-0.0180789
-0.0203578
-0.0227073
-0.0251355
-0.0276494
-0.0302566
-0.0329643
-0.0357794
-0.0387079
-0.0417564
-0.0449297
-0.0482319
-0.0516661
-0.0552334
-0.0589333
-0.0627624
-0.0667161
-0.0707854
-0.0749588
-0.0792208
-0.0835524
-0.0879302
-0.0923278
-0.0967152
-0.101059
-0.105326
-0.109479
-0.113482
-0.117303
-0.120909
-0.124274
-0.127375
-0.130195
-0.132724
-0.134953
-0.136881
-0.13851
-0.139843
-0.140885
-0.141641
-0.142117
-0.142316
-0.142028
-0.141679
-0.141049
-0.140137
-0.138936
-0.137441
-0.135647
-0.133554
-0.13116
-0.12847
-0.125493
-0.122244
-0.118744
-0.115017
-0.111092
-0.107004
-0.102786
-0.0984748
-0.0941047
-0.0897104
-0.0853236
-0.0809715
-0.0766796
-0.072468
-0.0683539
-0.0643513
-0.0604692
-0.0567151
-0.0530918
-0.0496022
-0.046245
-0.0430176
-0.0399178
-0.0369396
-0.034078
-0.0313266
-0.0286784
-0.0261265
-0.0236642
-0.0212832
-0.0189765
-0.0167365
-0.0145557
-0.0124268
-0.0103424
-0.00829491
-0.00627725
-0.00428275
-0.00230387
-0.000333175
0.00163577
0.00361002
0.00559739
0.00760427
0.00963788
0.0117051
0.0138144
0.0159719
0.0181857
0.0204628
0.022811
0.0252375
0.0277498
0.0303555
0.0330616
0.0358752
0.0388029
0.0418498
0.045022
0.0483225
0.0517556
0.0553213
0.0590199
0.062848
0.0668004
0.0708686
0.0750406
0.0793016
0.0836316
0.088009
0.0924049
0.0967914
0.101134
0.1054
0.109551
0.113554
0.117373
0.120979
0.124342
0.127443
0.130262
0.13279
0.135018
0.136945
0.138573
0.139904
0.140946
0.141701
0.142176
0.142374
0.142296
0.141941
0.141307
0.140391
0.139185
0.137686
0.135889
0.133791
0.131393
0.128699
0.125718
0.122466
0.118962
0.115231
0.111303
0.107211
0.10299
0.0986752
0.0943024
0.0899052
0.085515
0.0811599
0.0768646
0.0726503
0.0685335
0.0645278
0.0606429
0.0568857
0.0532601
0.0497679
0.0464081
0.0431786
0.0400761
0.0370954
0.0342311
0.0314774
0.028827
0.0262731
0.0238081
0.021425
0.019116
0.016874
0.0146911
0.0125602
0.0104736
0.00842453
0.00640492
0.00440808
0.00242731
0.000455026
-0.00151572
-0.003492
-0.00548065
-0.00748938
-0.00952461
-0.0115941
-0.0137044
-0.0158636
-0.0180789
-0.0203578
-0.0227073
-0.0251355
-0.0276494
-0.0302566
-0.0329643
-0.0357794
-0.0387079
-0.0417564
-0.0449297
-0.0482319
-0.0516661
-0.0552334
-0.0589333
-0.0627624
-0.0667161
-0.0707854
-0.0749588
-0.0792208
-0.0835524
-0.0879302
-0.0923278
-0.0967152
-0.101059
-0.105326
-0.109479
-0.113482
-0.117303
-0.120909
-0.124274
-0.127375
-0.130195
-0.132724
-0.134953
-0.136881
-0.13851
-0.139843
-0.140885
-0.141641
-0.142117
-0.142316
-0.142028
-0.141679
-0.141049
-0.140137
-0.138936
-0.137441
-0.135647
-0.133554
-0.13116
-0.12847
-0.125493
-0.122244
-0.118744
-0.115017
-0.111092
-0.107004
-0.102786
-0.0984748
-0.0941047
-0.0897104
-0.0853236
-0.0809715
-0.0766796
-0.072468
-0.0683539
-0.0643513
-0.0604692
-0.0567151
-0.0530918
-0.0496022
-0.046245
-0.0430176
-0.0399178
-0.0369396
-0.034078
-0.0313266
-0.0286784
-0.0261265
-0.0236642
-0.0212832
-0.0189765
-0.0167365
-0.0145557
-0.0124268
-0.0103424
-0.00829491
-0.00627725
-0.00428275
-0.00230387
-0.000333175
0.00163577
0.00361002
0.00559739
0.00760427
0.00963788
0.0117051
0.0138144
0.0159719
0.0181857
0.0204628
0.022811
0.0252375
0.0277498
0.0303555
0.0330616
0.0358752
0.0388029
0.0418498
0.045022
0.0483225
0.0517556
0.0553213
0.0590199
0.062848
0.0668004
0.0708686
0.0750406
0.0793016
0.0836316
0.088009
0.0924049
0.0967914
0.101134
0.1054
0.109551
0.113554
0.117373
0.120979
0.124342
0.127443
0.130262
0.13279
0.135018
0.136945
0.138573
0.139904
0.140946
0.141701
0.142176
0.142374
0.142296
0.141941
0.141307
0.140391
0.139185
0.137686
0.135889
0.133791
0.131393
0.128699
0.125718
0.122466
0.118962
0.115231
0.111303
0.107211
0.10299
0.0986752
0.0943024
0.0899052
0.085515
0.0811599
0.0768646
0.0726503
0.0685335
0.0645278
0.0606429
0.0568857
0.0532601
0.0497679
0.0464081
0.0431786
0.0400761
0.0370954
0.0342311
0.0314774
0.028827
0.0262731
0.0238081
0.021425
0.019116
0.016874
0.0146911
0.0125602
0.0104736
0.00842453
0.00640492
0.00440808
0.00242731
0.000455026
-0.00151572
-0.003492
-0.00548065
-0.00748938
-0.00952461
-0.0115941
-0.0137044
-0.0158636
-0.0180789
-0.0203578
-0.0227073
-0.0251355
-0.0276494
-0.0302566
-0.0329643
-0.0357794
-0.0387079
-0.0417564
-0.0449297
-0.0482319
-0.0516661
-0.0552334
-0.0589333
-0.0627624
-0.0667161
-0.0707854
-0.0749588
-0.0792208
-0.0835524
-0.0879302
-0.0923278
-0.0967152
-0.101059
-0.105326
-0.109479
-0.113482
-0.117303
-0.120909
-0.124274
-0.127375
-0.130195
-0.132724
-0.134953
-0.136881
-0.13851
-0.139843
-0.140885
-0.141641
-0.142117
-0.142316
-0.142028
-0.141679
-0.141049
-0.140137
-0.138936
-0.137441
-0.135647
-0.133554
-0.13116
-0.12847
-0.125493
-0.122244
-0.118744
-0.115017
-0.111092
-0.107004
-0.102786
-0.0984748
-0.0941047
-0.0897104
-0.0853236
-0.0809715
-0.0766796
-0.072468
-0.0683539
-0.0643513
-0.0604692
-0.0567151
-0.0530918
-0.0496022
-0.046245
-0.0430176
-0.0399178
-0.0369396
-0.034078
-0.0313266
-0.0286784
-0.0261265
-0.0236642
-0.0212832
-0.0189765
-0.0167365
-0.0145557
-0.0124268
-0.0103424
-0.00829491
-0.00627725
-0.00428275
-0.00230387
-0.000333175
0.00163577
0.00361002
0.00559739
0.00760427
0.00963788
0.0117051
0.0138144
0.0159719
0.0181857
0.0204628
0.022811
0.0252375
0.0277498
0.0303555
0.0330616
0.0358752
0.0388029
0.0418498
0.045022
0.0483225
0.0517556
0.0553213
0.0590199
0.062848
0.0668004
0.0708686
0.0750406
0.0793016
0.0836316
0.088009
0.0924049
0.0967914
0.101134
0.1054
0.109551
0.113554
0.117373
0.120979
0.124342
0.127443
0.130262
0.13279
0.135018
0.136945
0.138573
0.139904
0.140946
0.141701
0.142176
0.142374
0.142296
0.141941
0.141307
0.140391
0.139185
0.137686
0.135889
0.133791
0.131393
0.128699
0.125718
0.122466
0.118962
0.115231
0.111303
0.107211
0.10299
0.0986752
0.0943024
0.0899052
0.085515
0.0811599
0.0768646
0.0726503
0.0685335
0.0645278
0.0606429
0.0568857
0.0532601
0.0497679
0.0464081
0.0431786
0.0400761
0.0370954
0.0342311
0.0314774
0.028827
0.0262731
0.0238081
0.021425
0.019116
0.016874
0.0146911
0.0125602
0.0104736
0.00842453
0.00640492
0.00440808
0.00242731
0.000455026
-0.00151572
-0.003492
-0.00548065
-0.00748938
-0.00952461
-0.0115941
-0.0137044
-0.0158636
-0.0180789
-0.0203578
-0.0227073
-0.0251355
-0.0276494
-0.0302566
-0.0329643
-0.0357794
-0.0387079
-0.0417564
-0.0449297
-0.0482319
-0.0516661
-0.0552334
-0.0589333
-0.0627624
-0.0667161
-0.0707854
-0.0749588
-0.0792208
-0.0835524
-0.0879302
-0.0923278
-0.0967152
-0.101059
-0.105326
-0.109479
-0.113482
-0.117303
-0.120909
-0.124274
-0.127375
-0.130195
-0.132724
-0.134953
-0.136881
-0.13851
-0.139843
-0.140885
-0.141641
-0.142117
-0.142316
-0.142028
-0.141679
-0.141049
-0.140137
-0.138936
-0.137441
-0.135647
-0.133554
-0.13116
-0.12847
-0.125493
-0.122244
-0.118744
-0.115017
-0.111092
-0.107004
-0.102786
-0.0984748
-0.0941047
-0.0897104
-0.0853236
-0.0809715
-0.0766796
-0.072468
-0.0683539
-0.0643513
-0.0604692
-0.0567151
-0.0530918
-0.0496022
-0.046245
-0.0430176
-0.0399178
-0.0369396
-0.034078
-0.0313266
-0.0286784
-0.0261265
-0.0236642
-0.0212832
-0.0189765
-0.0167365
-0.0145557
-0.0124268
-0.0103424
-0.00829491
-0.00627725
-0.00428275
-0.00230387
-0.000333175
0.00163577
0.00361002
0.00559739
0.00760427
0.00963788
0.0117051
0.0138144
0.0159719
0.0181857
0.0204628
0.022811
0.0252375
0.0277498
0.0303555
0.0330616
0.0358752
0.0388029
0.0418498
0.045022
0.0483225
0.0517556
0.0553213
0.0590199
0.062848
0.0668004
0.0708686
0.0750406
0.0793016
0.0836316
0.088009
0.0924049
0.0967914
0.101134
0.1054
0.109551
0.113554
0.117373
0.120979
0.124342
0.127443
0.130262
0.13279
0.135018
0.136945
0.138573
0.139904
0.140946
0.141701
0.142176
0.142374
0.142296
0.141941
0.141307
0.140391
0.139185
0.137686
0.135889
0.133791
0.131393
0.128699
0.125718
0.122466
0.118962
0.115231
0.111303
0.107211
0.10299
0.0986752
0.0943024
0.0899052
0.085515
0.0811599
0.0768646
0.0726503
0.0685335
0.0645278
0.0606429
0.0568857
0.0532601
0.0497679
0.0464081
0.0431786
0.0400761
0.0370954
0.0342311
0.0314774
0.028827
0.0262731
0.0238081
0.021425
0.019116
0.016874
0.0146911
0.0125602
0.0104736
0.00842453
0.00640492
0.00440808
0.00242731
0.000455026
-0.00151572
-0.003492
-0.00548065
-0.00748938
-0.00952461
-0.0115941
-0.0137044
-0.0158636
-0.0180789
-0.0203578
-0.0227073
-0.0251355
-0.0276494
-0.0302566
-0.0329643
-0.0357794
-0.0387079
-0.0417564
-0.0449297
-0.0482319
-0.0516661
-0.0552334
-0.0589333
-0.0627624
-0.0667161
-0.0707854
-0.0749588
-0.0792208
-0.0835524
-0.0879302
-0.0923278
-0.0967152
-0.101059
-0.105326
-0.109479
-0.113482
-0.117303
-0.120909
-0.124274
-0.127375
-0.130195
-0.132724
-0.134953
-0.136881
-0.13851
-0.139843
-0.140885
-0.141641
-0.142117
-0.142316
-0.142028
-0.141679
-0.141049
-0.140137
-0.138936
-0.137441
-0.135647
-0.133554
-0.13116
-0.12847
-0.125493
-0.122244
-0.118744
-0.115017
-0.111092
-0.107004
-0.102786
-0.0984748
-0.0941047
-0.0897104
-0.0853236
-0.0809715
-0.0766796
-0.072468
-0.0683539
-0.0643513
-0.0604692
-0.0567151
-0.0530918
-0.0496022
-0.046245
-0.0430176
-0.0399178
-0.0369396
-0.034078
-0.0313266
-0.0286784
-0.0261265
-0.0236642
-0.0212832
-0.0189765
-0.0167365
-0.0145557
-0.0124268
-0.0103424
-0.00829491
-0.00627725
-0.00428275
-0.00230387
-0.000333175
0.00163577
0.00361002
0.00559739
0.00760427
0.00963788
0.0117051
0.0138144
0.0159719
0.0181857
0.0204628
0.022811
0.0252375
0.0277498
0.0303555
0.0330616
0.0358752
0.0388029
0.0418498
0.045022
0.0483225
0.0517556
0.0553213
0.0590199
0.062848
0.0668004
0.0708686
0.0750406
0.0793016
0.0836316
0.088009
0.0924049
0.0967914
0.101134
0.1054
0.109551
0.113554
0.117373
0.120979
0.124342
0.127443
0.130262
0.13279
0.135018
0.136945
0.138573
0.139904
0.140946
0.141701
0.142176
0.142374
0.142296
0.141941
0.141307
0.140391
0.139185
0.137686
0.135889
0.133791
0.131393
0.128699
0.125718
0.122466
0.118962
0.115231
0.111303
0.107211
0.10299
0.0986752
0.0943024
0.0899052
0.085515
0.0811599
0.0768646
0.0726503
0.0685335
0.0645278
0.0606429
0.0568857
0.0532601
0.0497679
0.0464081
0.0431786
0.0400761
0.0370954
0.0342311
0.0314774
0.028827
0.0262731
0.0238081
0.021425
0.019116
0.016874
0.0146911
0.0125602
0.0104736
0.00842453
0.00640492
0.00440808
0.00242731
0.000455026
-0.00151572
-0.003492
-0.00548065
-0.00748938
-0.00952461
-0.0115941
-0.0137044
-0.0158636
-0.0180789
-0.0203578
-0.0227073
-0.0251355
-0.0276494
-0.0302566
-0.0329643
-0.0357794
-0.0387079
-0.0417564
-0.0449297
-0.0482319
-0.0516661
-0.0552334
-0.0589333
-0.0627624
-0.0667161
-0.0707854
-0.0749588
-0.0792208
-0.0835524
-0.0879302
-0.0923278
-0.0967152
-0.101059
-0.105326
-0.109479
-0.113482
-0.117303
-0.120909
-0.124274
-0.127375
-0.130195
-0.132724
-0.134953
-0.136881
-0.13851
-0.139843
-0.140885
-0.141641
-0.142117
-0.142316
-0.142028
-0.141679
-0.141049
-0.140137
-0.138936
-0.137441
-0.135647
-0.133554
-0.13116
-0.12847
-0.125493
-0.122244
-0.118744
-0.115017
-0.111092
-0.107004
-0.102786
-0.0984748
-0.0941047
-0.0897104
-0.0853236
-0.0809715
-0.0766796
-0.072468
-0.0683539
-0.0643513
-0.0604692
-0.0567151
-0.0530918
-0.0496022
-0.046245
-0.0430176
-0.0399178
-0.0369396
-0.034078
-0.0313266
-0.0286784
-0.0261265
-0.0236642
-0.0212832
-0.0189765
-0.0167365
-0.0145557
-0.0124268
-0.0103424
-0.00829491
-0.00627725
-0.00428275
-0.00230387
-0.000333175
0.00163577
0.00361002
0.00559739
0.00760427
0.00963788
0.0117051
0.0138144
0.0159719
0.0181857
0.0204628
0.022811
0.0252375
0.0277498
0.0303555
0.0330616
0.0358752
0.0388029
0.0418498
0.045022
0.0483225
0.0517556
0.0553213
0.0590199
0.062848
0.0668004
0.0708686
0.0750406
0.0793016
0.0836316
0.088009
0.0924049
0.0967914
0.101134
0.1054
0.109551
0.113554
0.117373
0.120979
0.124342
0.127443
0.130262
0.13279
0.135018
0.136945
0.138573
0.139904
0.140946
0.141701
0.142176
0.142374
0.142296
0.141941
0.141307
0.140391
0.139185
0.137686
0.135889
0.133791
0.131393
0.128699
0.125718
0.122466
0.118962
0.115231
0.111303
0.107211
0.10299
0.0986752
0.0943024
0.0899052
0.085515
0.0811599
0.0768646
0.0726503
0.0685335
0.0645278
0.0606429
0.0568857
0.0532601
0.0497679
0.0464081
0.0431786
0.0400761
0.0370954
0.0342311
0.0314774
0.028827
0.0262731
0.0238081
0.021425
0.019116
0.016874
0.0146911
0.0125602
0.0104736
0.00842453
0.00640492
0.00440808
0.00242731
0.000455026
-0.00151572
-0.003492
-0.00548065
-0.00748938
-0.00952461
-0.0115941
-0.0137044
-0.0158636
-0.0180789
-0.0203578
-0.0227073
-0.0251355
-0.0276494
-0.0302566
-0.0329643
-0.0357794
-0.0387079
-0.0417564
-0.0449297
-0.0482319
-0.0516661
-0.0552334
-0.0589333
-0.0627624
-0.0667161
-0.0707854
-0.0749588
-0.0792208
-0.0835524
-0.0879302
-0.0923278
-0.0967152
-0.101059
-0.105326
-0.109479
-0.113482
-0.117303
-0.120909
-0.124274
-0.127375
-0.130195
-0.132724
-0.134953
-0.136881
-0.13851
-0.139843
-0.140885
-0.141641
-0.142117
-0.142316
-0.142028
-0.141679
-0.141049
-0.140137
-0.138936
-0.137441
-0.135647
-0.133554
-0.13116
-0.12847
-0.125493
-0.122244
-0.118744
-0.115017
-0.111092
-0.107004
-0.102786
-0.0984748
-0.0941047
-0.0897104
-0.0853236
-0.0809715
-0.0766796
-0.072468
-0.0683539
-0.0643513
-0.0604692
-0.0567151
-0.0530918
-0.0496022
-0.046245
-0.0430176
-0.0399178
-0.0369396
-0.034078
-0.0313266
-0.0286784
-0.0261265
-0.0236642
-0.0212832
-0.0189765
-0.0167365
-0.0145557
-0.0124268
-0.0103424
-0.00829491
-0.00627725
-0.00428275
-0.00230387
-0.000333175
0.00163577
0.00361002
0.00559739
0.00760427
0.00963788
0.0117051
0.0138144
0.0159719
0.0181857
0.0204628
0.022811
0.0252375
0.0277498
0.0303555
0.0330616
0.0358752
0.0388029
0.0418498
0.045022
0.0483225
0.0517556
0.0553213
0.0590199
0.062848
0.0668004
0.0708686
0.0750406
0.0793016
0.0836316
0.088009
0.0924049
0.0967914
0.101134
0.1054
0.109551
0.113554
0.117373
0.120979
0.124342
0.127443
0.130262
0.13279
0.135018
0.136945
0.138573
0.139904
0.140946
0.141701
0.142176
0.142374
0.142296
0.141941
0.141307
0.140391
0.139185
0.137686
0.135889
0.133791
0.131393
0.128699
0.125718
0.122466
0.118962
0.115231
0.111303
0.107211
0.10299
0.0986752
0.0943024
0.0899052
0.085515
0.0811599
0.0768646
0.0726503
0.0685335
0.0645278
0.0606429
0.0568857
0.0532601
0.0497679
0.0464081
0.0431786
0.0400761
0.0370954
0.0342311
0.0314774
0.028827
0.0262731
0.0238081
0.021425
0.019116
0.016874
0.0146911
0.0125602
0.0104736
0.00842453
0.00640492
0.00440808
0.00242731
0.000455026
-0.00151572
-0.003492
-0.00548065
-0.00748938
-0.00952461
-0.0115941
-0.0137044
-0.0158636
-0.0180789
-0.0203578
-0.0227073
-0.0251355
-0.0276494
-0.0302566
-0.0329643
-0.0357794
-0.0387079
-0.0417564
-0.0449297
-0.0482319
-0.0516661
-0.0552334
-0.0589333
-0.0627624
-0.0667161
-0.0707854
-0.0749588
-0.0792208
-0.0835524
-0.0879302
-0.0923278
-0.0967152
-0.101059
-0.105326
-0.109479
-0.113482
-0.117303
-0.120909
-0.124274
-0.127375
-0.130195
-0.132724
-0.134953
-0.136881
-0.13851
-0.139843
-0.140885
-0.141641
-0.142117
-0.142316
-0.142028
-0.141679
-0.141049
-0.140137
-0.138936
-0.137441
-0.135647
-0.133554
-0.13116
-0.12847
-0.125493
-0.122244
-0.118744
-0.115017
-0.111092
-0.107004
-0.102786
-0.0984748
-0.0941047
-0.0897104
-0.0853236
-0.0809715
-0.0766796
-0.072468
-0.0683539
-0.0643513
-0.0604692
-0.0567151
-0.0530918
-0.0496022
-0.046245
-0.0430176
-0.0399178
-0.0369396
-0.034078
-0.0313266
-0.0286784
-0.0261265
-0.0236642
-0.0212832
-0.0189765
-0.0167365
-0.0145557
-0.0124268
-0.0103424
-0.00829491
-0.00627725
-0.00428275
-0.00230387
-0.000333175
0.00163577
0.00361002
0.00559739
0.00760427
0.00963788
0.0117051
0.0138144
0.0159719
0.0181857
0.0204628
0.022811
0.0252375
0.0277498
0.0303555
0.0330616
0.0358752
0.0388029
0.0418498
0.045022
0.0483225
0.0517556
0.0553213
0.0590199
0.062848
0.0668004
0.0708686
0.0750406
0.0793016
0.0836316
0.088009
0.0924049
0.0967914
0.101134
0.1054
0.109551
0.113554
0.117373
0.120979
0.124342
0.127443
0.130262
0.13279
0.135018
0.136945
0.138573
0.139904
0.140946
0.141701
0.142176
0.142374
0.142296
0.141941
0.141307
0.140391
0.139185
0.137686
0.135889
0.133791
0.131393
0.128699
0.125718
0.122466
0.118962
0.115231
0.111303
0.107211
0.10299
0.0986752
0.0943024
0.0899052
0.085515
0.0811599
0.0768646
0.0726503
0.0685335
0.0645278
0.0606429
0.0568857
0.0532601
0.0497679
0.0464081
0.0431786
0.0400761
0.0370954
0.0342311
0.0314774
0.028827
0.0262731
0.0238081
0.021425
0.019116
0.016874
0.0146911
0.0125602
0.0104736
0.00842453
0.00640492
0.00440808
0.00242731
0.000455026
-0.00151572
-0.003492
-0.00548065
-0.00748938
-0.00952461
-0.0115941
-0.0137044
-0.0158636
-0.0180789
-0.0203578
-0.0227073
-0.0251355
-0.0276494
-0.0302566
-0.0329643
-0.0357794
-0.0387079
-0.0417564
-0.0449297
-0.0482319
-0.0516661
-0.0552334
-0.0589333
-0.0627624
-0.0667161
-0.0707854
-0.0749588
-0.0792208
-0.0835524
-0.0879302
-0.0923278
-0.0967152
-0.101059
-0.105326
-0.109479
-0.113482
-0.117303
-0.120909
-0.124274
-0.127375
-0.130195
-0.132724
-0.134953
-0.136881
-0.13851
-0.139843
-0.140885
-0.141641
-0.142117
-0.142316
-0.142028
-0.141679
-0.141049
-0.140137
-0.138936
-0.137441
-0.135647
-0.133554
-0.13116
-0.12847
-0.125493
-0.122244
-0.118744
-0.115017
-0.111092
-0.107004
-0.102786
-0.0984748
-0.0941047
-0.0897104
-0.0853236
-0.0809715
-0.0766796
-0.072468
-0.0683539
-0.0643513
-0.0604692
-0.0567151
-0.0530918
-0.0496022
-0.046245
-0.0430176
-0.0399178
-0.0369396
-0.034078
-0.0313266
-0.0286784
-0.0261265
-0.0236642
-0.0212832
-0.0189765
-0.0167365
-0.0145557
-0.0124268
-0.0103424
-0.00829491
-0.00627725
-0.00428275
-0.00230387
-0.000333175
0.00163577
0.00361002
0.00559739
0.00760427
0.00963788
0.0117051
0.0138144
0.0159719
0.0181857
0.0204628
0.022811
0.0252375
0.0277498
0.0303555
0.0330616
0.0358752
0.0388029
0.0418498
0.045022
0.0483225
0.0517556
0.0553213
0.0590199
0.062848
0.0668004
0.0708686
0.0750406
0.0793016
0.0836316
0.088009
0.0924049
0.0967914
0.101134
0.1054
0.109551
0.113554
0.117373
0.120979
0.124342
0.127443
0.130262
0.13279
0.135018
0.136945
0.138573
0.139904
0.140946
0.141701
0.142176
0.142374
0.142296
0.141941
0.141307
0.140391
0.139185
0.137686
0.135889
0.133791
0.131393
0.128699
0.125718
0.122466
0.118962
0.115231
0.111303
0.107211
0.10299
0.0986752
0.0943024
0.0899052
0.085515
0.0811599
0.0768646
0.0726503
0.0685335
0.0645278
0.0606429
0.0568857
0.0532601
0.0497679
0.0464081
0.0431786
0.0400761
0.0370954
0.0342311
0.0314774
0.028827
0.0262731
0.0238081
0.021425
0.019116
0.016874
0.0146911
0.0125602
0.0104736
0.00842453
0.00640492
0.00440808
0.00242731
0.000455026
-0.00151572
-0.003492
-0.00548065
-0.00748938
-0.00952461
-0.0115941
-0.0137044
-0.0158636
-0.0180789
-0.0203578
-0.0227073
-0.0251355
-0.0276494
-0.0302566
-0.0329643
-0.0357794
-0.0387079
-0.0417564
-0.0449297
-0.0482319
-0.0516661
-0.0552334
-0.0589333
-0.0627624
-0.0667161
-0.0707854
-0.0749588
-0.0792208
-0.0835524
-0.0879302
-0.0923278
-0.0967152
-0.101059
-0.105326
-0.109479
-0.113482
-0.117303
-0.120909
-0.124274
-0.127375
-0.130195
-0.132724
-0.134953
-0.136881
-0.13851
-0.139843
-0.140885
-0.141641
-0.142117
-0.142316
-0.142028
-0.141679
-0.141049
-0.140137
-0.138936
-0.137441
-0.135647
-0.133554
-0.13116
-0.12847
-0.125493
-0.122244
-0.118744
-0.115017
-0.111092
-0.107004
-0.102786
-0.0984748
-0.0941047
-0.0897104
-0.0853236
-0.0809715
-0.0766796
-0.072468
-0.0683539
-0.0643513
-0.0604692
-0.0567151
-0.0530918
-0.0496022
-0.046245
-0.0430176
-0.0399178
-0.0369396
-0.034078
-0.0313266
-0.0286784
-0.0261265
-0.0236642
-0.0212832
-0.0189765
-0.0167365
-0.0145557
-0.0124268
-0.0103424
-0.00829491
-0.00627725
-0.00428275
-0.00230387
-0.000333175
0.00163577
0.00361002
0.00559739
0.00760427
0.00963788
0.0117051
0.0138144
0.0159719
0.0181857
0.0204628
0.022811
0.0252375
0.0277498
0.0303555
0.0330616
0.0358752
0.0388029
0.0418498
0.045022
0.0483225
0.0517556
0.0553213
0.0590199
0.062848
0.0668004
0.0708686
0.0750406
0.0793016
0.0836316
0.088009
0.0924049
0.0967914
0.101134
0.1054
0.109551
0.113554
0.117373
0.120979
0.124342
0.127443
0.130262
0.13279
0.135018
0.136945
0.138573
0.139904
0.140946
0.141701
0.142176
0.142374
0.142296
0.141941
0.141307
0.140391
0.139185
0.137686
0.135889
0.133791
0.131393
0.128699
0.125718
0.122466
0.118962
0.115231
0.111303
0.107211
0.10299
0.0986752
0.0943024
0.0899052
0.085515
0.0811599
0.0768646
0.0726503
0.0685335
0.0645278
0.0606429
0.0568857
0.0532601
0.0497679
0.0464081
0.0431786
0.0400761
0.0370954
0.0342311
0.0314774
0.028827
0.0262731
0.0238081
0.021425
0.019116
0.016874
0.0146911
0.0125602
0.0104736
0.00842453
0.00640492
0.00440808
0.00242731
0.000455026
-0.00151572
-0.003492
-0.00548065
-0.00748938
-0.00952461
-0.0115941
-0.0137044
-0.0158636
-0.0180789
-0.0203578
-0.0227073
-0.0251355
-0.0276494
-0.0302566
-0.0329643
-0.0357794
-0.0387079
-0.0417564
-0.0449297
-0.0482319
-0.0516661
-0.0552334
-0.0589333
-0.0627624
-0.0667161
-0.0707854
-0.0749588
-0.0792208
-0.0835524
-0.0879302
-0.0923278
-0.0967152
-0.101059
-0.105326
-0.109479
-0.113482
-0.117303
-0.120909
-0.124274
-0.127375
-0.130195
-0.132724
-0.134953
-0.136881
-0.13851
-0.139843
-0.140885
-0.141641
-0.142117
-0.142316
-0.142028
-0.141679
-0.141049
-0.140137
-0.138936
-0.137441
-0.135647
-0.133554
-0.13116
-0.12847
-0.125493
-0.122244
-0.118744
-0.115017
-0.111092
-0.107004
-0.102786
-0.0984748
-0.0941047
-0.0897104
-0.0853236
-0.0809715
-0.0766796
-0.072468
-0.0683539
-0.0643513
-0.0604692
-0.0567151
-0.0530918
-0.0496022
-0.046245
-0.0430176
-0.0399178
-0.0369396
-0.034078
-0.0313266
-0.0286784
-0.0261265
-0.0236642
-0.0212832
-0.0189765
-0.0167365
-0.0145557
-0.0124268
-0.0103424
-0.00829491
-0.00627725
-0.00428275
-0.00230387
-0.000333175
0.00163577
0.00361002
0.00559739
0.00760427
0.00963788
0.0117051
0.0138144
0.0159719
0.0181857
0.0204628
0.022811
0.0252375
0.0277498
0.0303555
0.0330616
0.0358752
0.0388029
0.0418498
0.045022
0.0483225
0.0517556
0.0553213
0.0590199
0.062848
0.0668004
0.0708686
0.0750406
0.0793016
0.0836316
0.088009
0.0924049
0.0967914
0.101134
0.1054
0.109551
0.113554
0.117373
0.120979
0.124342
0.127443
0.130262
0.13279
0.135018
0.136945
0.138573
0.139904
0.140946
0.141701
0.142176
0.142374
0.142213
0.141366
0.139877
0.137788
0.135143
0.131982
0.128343
0.124266
0.119787
0.114942
0.109765
0.10429
0.0985489
0.092573
0.086392
0.0800349
0.0735293
0.0669019
0.0601784
0.0533833
0.04654
0.0396711
0.0327982
0.0259416
0.019121
0.0123549
0.00566119
-0.000943586
-0.00744352
-0.0138237
-0.02007
-0.0261692
-0.032109
-0.0378776
-0.0434644
-0.0488595
-0.0540537
-0.0590385
-0.0638062
-0.0683501
-0.0726637
-0.0767414
-0.0805787
-0.0841712
-0.0875154
-0.0906083
-0.0934478
-0.0960321
-0.0983601
-0.100431
-0.102246
-0.103804
-0.105108
-0.106158
-0.106956
-0.107506
-0.10781
-0.107872
-0.107696
-0.107286
-0.106646
-0.105782
-0.1047
-0.103404
-0.101902
-0.1002
-0.0983041
-0.0962219
-0.0939607
-0.091528
-0.0889316
-0.0861797
-0.0832803
-0.0802422
-0.0770737
-0.0737838
-0.0703813
-0.0668753
-0.063275
-0.0595896
-0.0558285
-0.052001
-0.0481168
-0.0441852
-0.0402158
-0.0362179
-0.0322013
-0.0281753
-0.0241493
-0.0201328
-0.0161349
-0.012165
-0.00823202
-0.00434491
-0.000512581
0.00325633
0.00695346
0.0105705
0.0140991
0.0175317
0.0208606
0.0240782
0.0271775
0.0301519
0.0329946
0.0356995
0.0382606
0.0406725
0.04293
0.0450282
0.0469628
0.0487298
0.0503255
0.0517469
0.0529914
0.0540566
0.0549411
0.0556433
0.0561629
0.0564995
0.0566536
0.0566262
0.0564188
0.0560337
0.0554735
0.0547417
0.0538424
0.0527803
0.0515607
0.0501899
0.0486746
0.0470222
0.0452411
0.0433405
0.0413299
0.0392201
0.0370225
0.0347492
0.0324135
0.030029
0.0276108
0.0251744
0.0227363
0.0203143
0.0179265
0.0155924
0.0133324
0.0111677
0.00912074
0.00721472
0.00547411
0.00392426
0.0025916
0.00150368
0.000689004
0.000177603
0
0
0
0
0
0
0
0
0
0
0
0
0
0
0
0
0
0
0
0
0
0
0
0
0
0
0
0
0
0
0
0
0
0
0
0
0
0
0
0
0
0
0
0
0
0
0
0
0
0
0
0
0
0
0
0
0
0
0
0
0
0
0
0
0
0
0
0
0
0
0
0
0
0
0
0
0
0
0
0
0
0
0
0
0
0
0
0
0
0
0
0
0
0
0
0
0
0
0
0
0
0
0
0
0
0
0
0
0
0
0
0
0
0
0
0
0
0
0
0
0
0
0
0
0
0
0
0
0
0
0
0
0
0
0
0
0
0
0
0
0
0
0
0
0
0
0
0
0
0
0
0
0
0
0
0
0
0
