0
0
0
0
0
0
0
0
0
0
0
0
0
0
0
0
0
0
0
0
0
0
0
0
0
0
0
0
0
0
0
0
0
0
0
0
0
0
0
0
0
0
0
0
0
0
0
0
0
0
0
0
0
0
0
0
0
0
0
0
0
0
0
0
0
0
0
0
0
0
0
0
0
0
0
0
0
0
0
0
0
0
0
0
0
0
0
0
0
0
0
0
0
0
0
0
0
0
0
0
0
0
0
0
0
0
0
0
0
0
0
0
0
0
0
0
0
0
0
0
0
0
0
0
0
0
0
0
0
0
0
0
0
0
0
0
0
0
0
0
0
0
0
0
0
0
0
0
0
0
0
0
0
0
0
0
0
0
-0.000324579
-0.00125945
-0.00274787
-0.0047352
-0.00716882
-0.00999814
-0.0131746
-0.0166514
-0.020384
-0.0243295
-0.0284469
-0.0326972
-0.037043
-0.0414489
-0.045881
-0.0503072
-0.0546974
-0.0590227
-0.0632561
-0.0673721
-0.0713469
-0.0751582
-0.0787851
-0.0822083
-0.0854099
-0.0883736
-0.0910842
-0.0935282
-0.095693
-0.0975679
-0.0991429
-0.10041
-0.101361
-0.101991
-0.102294
-0.102267
-0.101907
-0.101212
-0.100182
-0.0988183
-0.0971209
-0.0950929
-0.0927376
-0.0900591
-0.0870627
-0.0837543
-0.0801406
-0.0762293
-0.0720287
-0.0675477
-0.062796
-0.0577842
-0.0525232
-0.0470247
-0.0413008
-0.0353643
-0.0292286
-0.0229073
-0.0164146
-0.0097653
-0.00297437
0.00394276
0.0109703
0.0180922
0.0252922
0.0325535
0.0398593
0.0471927
0.0545364
0.0618731
0.0691854
0.0764557
0.0836664
0.0908001
0.0978391
0.104766
0.111563
0.118213
0.124699
0.131004
0.13711
0.143002
0.148662
0.154074
0.159224
0.164095
0.168671
0.172939
0.176884
0.180493
0.18375
0.186645
0.189164
0.191296
0.19303
0.194354
0.19526
0.195737
0.195778
0.195374
0.194519
0.193207
0.191432
0.18919
0.186477
0.18329
0.179628
0.175491
0.170877
0.16579
0.16023
0.154203
0.147711
0.140762
0.133361
0.125518
0.117242
0.108542
0.0994326
0.0899254
0.0800356
0.0697794
0.0591742
0.0482389
0.0369941
0.0254618
0.0136653
0.0016298
-0.010618
-0.0230499
-0.035636
-0.0483445
-0.0611421
-0.0739937
-0.0868625
-0.0997098
-0.112495
-0.125176
-0.137708
-0.150046
-0.16214
-0.173941
-0.185397
-0.196454
-0.207055
-0.217143
-0.226656
-0.235532
-0.243706
-0.251111
-0.257678
-0.263336
-0.268011
-0.271626
-0.274102
-0.27536
-0.275316
-0.274592
-0.273292
-0.271412
-0.268946
-0.26589
-0.262239
-0.257996
-0.253168
-0.247772
-0.241831
-0.235378
-0.228457
-0.221119
-0.213423
-0.205432
-0.197214
-0.188835
-0.180362
-0.171859
-0.163384
-0.15499
-0.14672
-0.138615
-0.130704
-0.123014
-0.11556
-0.108357
-0.101408
-0.094719
-0.0882875
-0.082109
-0.076175
-0.0704774
-0.0650047
-0.0597453
-0.0546861
-0.0498112
-0.0451103
-0.0405656
-0.036165
-0.031892
-0.0277344
-0.0236767
-0.0197043
-0.0158039
-0.0119608
-0.00816141
-0.00439288
-0.000640284
0.0031092
0.00686928
0.0106538
0.0144763
0.0183504
0.0222903
0.02631
0.0304231
0.0346442
0.0389884
0.0434689
0.0481012
0.0528988
0.0578776
0.0630489
0.0684283
0.0740282
0.0798585
0.0859312
0.0922543
0.0988318
0.105669
0.112763
0.120112
0.127703
0.135522
0.143549
0.151753
0.160102
0.168551
0.177052
0.185548
0.193979
0.20228
0.210383
0.21822
0.225727
0.232842
0.239509
0.245683
0.251327
0.25641
0.260915
0.264831
0.268153
0.270882
0.273023
0.274582
0.275564
0.275973
0.275811
0.275078
0.27377
0.271882
0.269408
0.266343
0.262685
0.258434
0.253599
0.248196
0.242247
0.235788
0.228861
0.221515
0.213812
0.205815
0.19759
0.189206
0.180727
0.172218
0.163737
0.155337
0.147062
0.138952
0.131036
0.12334
0.115881
0.108672
0.101719
0.0950255
0.0885888
0.082405
0.0764669
0.0707647
0.0652874
0.0600237
0.0549592
0.0500818
0.045376
0.0408275
0.0364227
0.0321466
0.0279849
0.0239226
0.0199473
0.0160424
0.0121959
0.00839326
0.00462079
0.000865235
-0.00288801
-0.0066511
-0.0104386
-0.0142641
-0.0181418
-0.0220852
-0.0261072
-0.0302234
-0.0344474
-0.0387938
-0.0432779
-0.0479131
-0.0527133
-0.0576942
-0.0628688
-0.0682514
-0.0738534
-0.0796867
-0.0857612
-0.0920865
-0.0986671
-0.105506
-0.112603
-0.119954
-0.127547
-0.135369
-0.143398
-0.151605
-0.159955
-0.168406
-0.176909
-0.185408
-0.193841
-0.202144
-0.210249
-0.218088
-0.225596
-0.232713
-0.239382
-0.245559
-0.251204
-0.256289
-0.260796
-0.264713
-0.268037
-0.270768
-0.27291
-0.274471
-0.275455
-0.275865
-0.275316
-0.274592
-0.273292
-0.271412
-0.268946
-0.26589
-0.262239
-0.257996
-0.253168
-0.247772
-0.241831
-0.235378
-0.228457
-0.221119
-0.213423
-0.205432
-0.197214
-0.188835
-0.180362
-0.171859
-0.163384
-0.15499
-0.14672
-0.138615
-0.130704
-0.123014
-0.11556
-0.108357
-0.101408
-0.094719
-0.0882875
-0.082109
-0.076175
-0.0704774
-0.0650047
-0.0597453
-0.0546861
-0.0498112
-0.0451103
-0.0405656
-0.036165
-0.031892
-0.0277344
-0.0236767
-0.0197043
-0.0158039
-0.0119608
-0.00816141
-0.00439288
-0.000640284
0.0031092
0.00686928
0.0106538
0.0144763
0.0183504
0.0222903
0.02631
0.0304231
0.0346442
0.0389884
0.0434689
0.0481012
0.0528988
0.0578776
0.0630489
0.0684283
0.0740282
0.0798585
0.0859312
0.0922543
0.0988318
0.105669
0.112763
0.120112
0.127703
0.135522
0.143549
0.151753
0.160102
0.168551
0.177052
0.185548
0.193979
0.20228
0.210383
0.21822
0.225727
0.232842
0.239509
0.245683
0.251327
0.25641
0.260915
0.264831
0.268153
0.270882
0.273023
0.274582
0.275564
0.275973
0.275811
0.275078
0.27377
0.271882
0.269408
0.266343
0.262685
0.258434
0.253599
0.248196
0.242247
0.235788
0.228861
0.221515
0.213812
0.205815
0.19759
0.189206
0.180727
0.172218
0.163737
0.155337
0.147062
0.138952
0.131036
0.12334
0.115881
0.108672
0.101719
0.0950255
0.0885888
0.082405
0.0764669
0.0707647
0.0652874
0.0600237
0.0549592
0.0500818
0.045376
0.0408275
0.0364227
0.0321466
0.0279849
0.0239226
0.0199473
0.0160424
0.0121959
0.00839326
0.00462079
0.000865235
-0.00288801
-0.0066511
-0.0104386
-0.0142641
-0.0181418
-0.0220852
-0.0261072
-0.0302234
-0.0344474
-0.0387938
-0.0432779
-0.0479131
-0.0527133
-0.0576942
-0.0628688
-0.0682514
-0.0738534
-0.0796867
-0.0857612
-0.0920865
-0.0986671
-0.105506
-0.112603
-0.119954
-0.127547
-0.135369
-0.143398
-0.151605
-0.159955
-0.168406
-0.176909
-0.185408
-0.193841
-0.202144
-0.210249
-0.218088
-0.225596
-0.232713
-0.239382
-0.245559
-0.251204
-0.256289
-0.260796
-0.264713
-0.268037
-0.270768
-0.27291
-0.274471
-0.275455
-0.275865
-0.275316
-0.274592
-0.273292
-0.271412
-0.268946
-0.26589
-0.262239
-0.257996
-0.253168
-0.247772
-0.241831
-0.235378
-0.228457
-0.221119
-0.213423
-0.205432
-0.197214
-0.188835
-0.180362
-0.171859
-0.163384
-0.15499
-0.14672
-0.138615
-0.130704
-0.123014
-0.11556
-0.108357
-0.101408
-0.094719
-0.0882875
-0.082109
-0.076175
-0.0704774
-0.0650047
-0.0597453
-0.0546861
-0.0498112
-0.0451103
-0.0405656
-0.036165
-0.031892
-0.0277344
-0.0236767
-0.0197043
-0.0158039
-0.0119608
-0.00816141
-0.00439288
-0.000640284
0.0031092
0.00686928
0.0106538
0.0144763
0.0183504
0.0222903
0.02631
0.0304231
0.0346442
0.0389884
0.0434689
0.0481012
0.0528988
0.0578776
0.0630489
0.0684283
0.0740282
0.0798585
0.0859312
0.0922543
0.0988318
0.105669
0.112763
0.120112
0.127703
0.135522
0.143549
0.151753
0.160102
0.168551
0.177052
0.185548
0.193979
0.20228
0.210383
0.21822
0.225727
0.232842
0.239509
0.245683
0.251327
0.25641
0.260915
0.264831
0.268153
0.270882
0.273023
0.274582
0.275564
0.275973
0.275811
0.275078
0.27377
0.271882
0.269408
0.266343
0.262685
0.258434
0.253599
0.248196
0.242247
0.235788
0.228861
0.221515
0.213812
0.205815
0.19759
0.189206
0.180727
0.172218
0.163737
0.155337
0.147062
0.138952
0.131036
0.12334
0.115881
0.108672
0.101719
0.0950255
0.0885888
0.082405
0.0764669
0.0707647
0.0652874
0.0600237
0.0549592
0.0500818
0.045376
0.0408275
0.0364227
0.0321466
0.0279849
0.0239226
0.0199473
0.0160424
0.0121959
0.00839326
0.00462079
0.000865235
-0.00288801
-0.0066511
-0.0104386
-0.0142641
-0.0181418
-0.0220852
-0.0261072
-0.0302234
-0.0344474
-0.0387938
-0.0432779
-0.0479131
-0.0527133
-0.0576942
-0.0628688
-0.0682514
-0.0738534
-0.0796867
-0.0857612
-0.0920865
-0.0986671
-0.105506
-0.112603
-0.119954
-0.127547
-0.135369
-0.143398
-0.151605
-0.159955
-0.168406
-0.176909
-0.185408
-0.193841
-0.202144
-0.210249
-0.218088
-0.225596
-0.232713
-0.239382
-0.245559
-0.251204
-0.256289
-0.260796
-0.264713
-0.268037
-0.270768
-0.27291
-0.274471
-0.275455
-0.275865
-0.275316
-0.274592
-0.273292
-0.271412
-0.268946
-0.26589
-0.262239
-0.257996
-0.253168
-0.247772
-0.241831
-0.235378
-0.228457
-0.221119
-0.213423
-0.205432
-0.197214
-0.188835
-0.180362
-0.171859
-0.163384
-0.15499
-0.14672
-0.138615
-0.130704
-0.123014
-0.11556
-0.108357
-0.101408
-0.094719
-0.0882875
-0.082109
-0.076175
-0.0704774
-0.0650047
-0.0597453
-0.0546861
-0.0498112
-0.0451103
-0.0405656
-0.036165
-0.031892
-0.0277344
-0.0236767
-0.0197043
-0.0158039
-0.0119608
-0.00816141
-0.00439288
-0.000640284
0.0031092
0.00686928
0.0106538
0.0144763
0.0183504
0.0222903
0.02631
0.0304231
0.0346442
0.0389884
0.0434689
0.0481012
0.0528988
0.0578776
0.0630489
0.0684283
0.0740282
0.0798585
0.0859312
0.0922543
0.0988318
0.105669
0.112763
0.120112
0.127703
0.135522
0.143549
0.151753
0.160102
0.168551
0.177052
0.185548
0.193979
0.20228
0.210383
0.21822
0.225727
0.232842
0.239509
0.245683
0.251327
0.25641
0.260915
0.264831
0.268153
0.270882
0.273023
0.274582
0.275564
0.275973
0.275811
0.275078
0.27377
0.271882
0.269408
0.266343
0.262685
0.258434
0.253599
0.248196
0.242247
0.235788
0.228861
0.221515
0.213812
0.205815
0.19759
0.189206
0.180727
0.172218
0.163737
0.155337
0.147062
0.138952
0.131036
0.12334
0.115881
0.108672
0.101719
0.0950255
0.0885888
0.082405
0.0764669
0.0707647
0.0652874
0.0600237
0.0549592
0.0500818
0.045376
0.0408275
0.0364227
0.0321466
0.0279849
0.0239226
0.0199473
0.0160424
0.0121959
0.00839326
0.00462079
0.000865235
-0.00288801
-0.0066511
-0.0104386
-0.0142641
-0.0181418
-0.0220852
-0.0261072
-0.0302234
-0.0344474
-0.0387938
-0.0432779
-0.0479131
-0.0527133
-0.0576942
-0.0628688
-0.0682514
-0.0738534
-0.0796867
-0.0857612
-0.0920865
-0.0986671
-0.105506
-0.112603
-0.119954
-0.127547
-0.135369
-0.143398
-0.151605
-0.159955
-0.168406
-0.176909
-0.185408
-0.193841
-0.202144
-0.210249
-0.218088
-0.225596
-0.232713
-0.239382
-0.245559
-0.251204
-0.256289
-0.260796
-0.264713
-0.268037
-0.270768
-0.27291
-0.274471
-0.275455
-0.275865
-0.275316
-0.274592
-0.273292
-0.271412
-0.268946
-0.26589
-0.262239
-0.257996
-0.253168
-0.247772
-0.241831
-0.235378
-0.228457
-0.221119
-0.213423
-0.205432
-0.197214
-0.188835
-0.180362
-0.171859
-0.163384
-0.15499
-0.14672
-0.138615
-0.130704
-0.123014
-0.11556
-0.108357
-0.101408
-0.094719
-0.0882875
-0.082109
-0.076175
-0.0704774
-0.0650047
-0.0597453
-0.0546861
-0.0498112
-0.0451103
-0.0405656
-0.036165
-0.031892
-0.0277344
-0.0236767
-0.0197043
-0.0158039
-0.0119608
-0.00816141
-0.00439288
-0.000640284
0.0031092
0.00686928
0.0106538
0.0144763
0.0183504
0.0222903
0.02631
0.0304231
0.0346442
0.0389884
0.0434689
0.0481012
0.0528988
0.0578776
0.0630489
0.0684283
0.0740282
0.0798585
0.0859312
0.0922543
0.0988318
0.105669
0.112763
0.120112
0.127703
0.135522
0.143549
0.151753
0.160102
0.168551
0.177052
0.185548
0.193979
0.20228
0.210383
0.21822
0.225727
0.232842
0.239509
0.245683
0.251327
0.25641
0.260915
0.264831
0.268153
0.270882
0.273023
0.274582
0.275564
0.275973
0.275811
0.275078
0.27377
0.271882
0.269408
0.266343
0.262685
0.258434
0.253599
0.248196
0.242247
0.235788
0.228861
0.221515
0.213812
0.205815
0.19759
0.189206
0.180727
0.172218
0.163737
0.155337
0.147062
0.138952
0.131036
0.12334
0.115881
0.108672
0.101719
0.0950255
0.0885888
0.082405
0.0764669
0.0707647
0.0652874
0.0600237
0.0549592
0.0500818
0.045376
0.0408275
0.0364227
0.0321466
0.0279849
0.0239226
0.0199473
0.0160424
0.0121959
0.00839326
0.00462079
0.000865235
-0.00288801
-0.0066511
-0.0104386
-0.0142641
-0.0181418
-0.0220852
-0.0261072
-0.0302234
-0.0344474
-0.0387938
-0.0432779
-0.0479131
-0.0527133
-0.0576942
-0.0628688
-0.0682514
-0.0738534
-0.0796867
-0.0857612
-0.0920865
-0.0986671
-0.105506
-0.112603
-0.119954
-0.127547
-0.135369
-0.143398
-0.151605
-0.159955
-0.168406
-0.176909
-0.185408
-0.193841
-0.202144
-0.210249
-0.218088
-0.225596
-0.232713
-0.239382
-0.245559
-0.251204
-0.256289
-0.260796
-0.264713
-0.268037
-0.270768
-0.27291
-0.274471
-0.275455
-0.275865
-0.275316
-0.274592
-0.273292
-0.271412
-0.268946
-0.26589
-0.262239
-0.257996
-0.253168
-0.247772
-0.241831
-0.235378
-0.228457
-0.221119
-0.213423
-0.205432
-0.197214
-0.188835
-0.180362
-0.171859
-0.163384
-0.15499
-0.14672
-0.138615
-0.130704
-0.123014
-0.11556
-0.108357
-0.101408
-0.094719
-0.0882875
-0.082109
-0.076175
-0.0704774
-0.0650047
-0.0597453
-0.0546861
-0.0498112
-0.0451103
-0.0405656
-0.036165
-0.031892
-0.0277344
-0.0236767
-0.0197043
-0.0158039
-0.0119608
-0.00816141
-0.00439288
-0.000640284
0.0031092
0.00686928
0.0106538
0.0144763
0.0183504
0.0222903
0.02631
0.0304231
0.0346442
0.0389884
0.0434689
0.0481012
0.0528988
0.0578776
0.0630489
0.0684283
0.0740282
0.0798585
0.0859312
0.0922543
0.0988318
0.105669
0.112763
0.120112
0.127703
0.135522
0.143549
0.151753
0.160102
0.168551
0.177052
0.185548
0.193979
0.20228
0.210383
0.21822
0.225727
0.232842
0.239509
0.245683
0.251327
0.25641
0.260915
0.264831
0.268153
0.270882
0.273023
0.274582
0.275564
0.275973
0.275811
0.275078
0.27377
0.271882
0.269408
0.266343
0.262685
0.258434
0.253599
0.248196
0.242247
0.235788
0.228861
0.221515
0.213812
0.205815
0.19759
0.189206
0.180727
0.172218
0.163737
0.155337
0.147062
0.138952
0.131036
0.12334
0.115881
0.108672
0.101719
0.0950255
0.0885888
0.082405
0.0764669
0.0707647
0.0652874
0.0600237
0.0549592
0.0500818
0.045376
0.0408275
0.0364227
0.0321466
0.0279849
0.0239226
0.0199473
0.0160424
0.0121959
0.00839326
0.00462079
0.000865235
-0.00288801
-0.0066511
-0.0104386
-0.0142641
-0.0181418
-0.0220852
-0.0261072
-0.0302234
-0.0344474
-0.0387938
-0.0432779
-0.0479131
-0.0527133
-0.0576942
-0.0628688
-0.0682514
-0.0738534
-0.0796867
-0.0857612
-0.0920865
-0.0986671
-0.105506
-0.112603
-0.119954
-0.127547
-0.135369
-0.143398
-0.151605
-0.159955
-0.168406
-0.176909
-0.185408
-0.193841
-0.202144
-0.210249
-0.218088
-0.225596
-0.232713
-0.239382
-0.245559
-0.251204
-0.256289
-0.260796
-0.264713
-0.268037
-0.270768
-0.27291
-0.274471
-0.275455
-0.275865
-0.275316
-0.274592
-0.273292
-0.271412
-0.268946
-0.26589
-0.262239
-0.257996
-0.253168
-0.247772
-0.241831
-0.235378
-0.228457
-0.221119
-0.213423
-0.205432
-0.197214
-0.188835
-0.180362
-0.171859
-0.163384
-0.15499
-0.14672
-0.138615
-0.130704
-0.123014
-0.11556
-0.108357
-0.101408
-0.094719
-0.0882875
-0.082109
-0.076175
-0.0704774
-0.0650047
-0.0597453
-0.0546861
-0.0498112
-0.0451103
-0.0405656
-0.036165
-0.031892
-0.0277344
-0.0236767
-0.0197043
-0.0158039
-0.0119608
-0.00816141
-0.00439288
-0.000640284
0.0031092
0.00686928
0.0106538
0.0144763
0.0183504
0.0222903
0.02631
0.0304231
0.0346442
0.0389884
0.0434689
0.0481012
0.0528988
0.0578776
0.0630489
0.0684283
0.0740282
0.0798585
0.0859312
0.0922543
0.0988318
0.105669
0.112763
0.120112
0.127703
0.135522
0.143549
0.151753
0.160102
0.168551
0.177052
0.185548
0.193979
0.20228
0.210383
0.21822
0.225727
0.232842
0.239509
0.245683
0.251327
0.25641
0.260915
0.264831
0.268153
0.270882
0.273023
0.274582
0.275564
0.275973
0.275811
0.275078
0.27377
0.271882
0.269408
0.266343
0.262685
0.258434
0.253599
0.248196
0.242247
0.235788
0.228861
0.221515
0.213812
0.205815
0.19759
0.189206
0.180727
0.172218
0.163737
0.155337
0.147062
0.138952
0.131036
0.12334
0.115881
0.108672
0.101719
0.0950255
0.0885888
0.082405
0.0764669
0.0707647
0.0652874
0.0600237
0.0549592
0.0500818
0.045376
0.0408275
0.0364227
0.0321466
0.0279849
0.0239226
0.0199473
0.0160424
0.0121959
0.00839326
0.00462079
0.000865235
-0.00288801
-0.0066511
-0.0104386
-0.0142641
-0.0181418
-0.0220852
-0.0261072
-0.0302234
-0.0344474
-0.0387938
-0.0432779
-0.0479131
-0.0527133
-0.0576942
-0.0628688
-0.0682514
-0.0738534
-0.0796867
-0.0857612
-0.0920865
-0.0986671
-0.105506
-0.112603
-0.119954
-0.127547
-0.135369
-0.143398
-0.151605
-0.159955
-0.168406
-0.176909
-0.185408
-0.193841
-0.202144
-0.210249
-0.218088
-0.225596
-0.232713
-0.239382
-0.245559
-0.251204
-0.256289
-0.260796
-0.264713
-0.268037
-0.270768
-0.27291
-0.274471
-0.275455
-0.275865
-0.275316
-0.274592
-0.273292
-0.271412
-0.268946
-0.26589
-0.262239
-0.257996
-0.253168
-0.247772
-0.241831
-0.235378
-0.228457
-0.221119
-0.213423
-0.205432
-0.197214
-0.188835
-0.180362
-0.171859
-0.163384
-0.15499
-0.14672
-0.138615
-0.130704
-0.123014
-0.11556
-0.108357
-0.101408
-0.094719
-0.0882875
-0.082109
-0.076175
-0.0704774
-0.0650047
-0.0597453
-0.0546861
-0.0498112
-0.0451103
-0.0405656
-0.036165
-0.031892
-0.0277344
-0.0236767
-0.0197043
-0.0158039
-0.0119608
-0.00816141
-0.00439288
-0.000640284
0.0031092
0.00686928
0.0106538
0.0144763
0.0183504
0.0222903
0.02631
0.0304231
0.0346442
0.0389884
0.0434689
0.0481012
0.0528988
0.0578776
0.0630489
0.0684283
0.0740282
0.0798585
0.0859312
0.0922543
0.0988318
0.105669
0.112763
0.120112
0.127703
0.135522
0.143549
0.151753
0.160102
0.168551
0.177052
0.185548
0.193979
0.20228
0.210383
0.21822
0.225727
0.232842
0.239509
0.245683
0.251327
0.25641
0.260915
0.264831
0.268153
0.270882
0.273023
0.274582
0.275564
0.275973
0.275811
0.275078
0.27377
0.271882
0.269408
0.266343
0.262685
0.258434
0.253599
0.248196
0.242247
0.235788
0.228861
0.221515
0.213812
0.205815
0.19759
0.189206
0.180727
0.172218
0.163737
0.155337
0.147062
0.138952
0.131036
0.12334
0.115881
0.108672
0.101719
0.0950255
0.0885888
0.082405
0.0764669
0.0707647
0.0652874
0.0600237
0.0549592
0.0500818
0.045376
0.0408275
0.0364227
0.0321466
0.0279849
0.0239226
0.0199473
0.0160424
0.0121959
0.00839326
0.00462079
0.000865235
-0.00288801
-0.0066511
-0.0104386
-0.0142641
-0.0181418
-0.0220852
-0.0261072
-0.0302234
-0.0344474
-0.0387938
-0.0432779
-0.0479131
-0.0527133
-0.0576942
-0.0628688
-0.0682514
-0.0738534
-0.0796867
-0.0857612
-0.0920865
-0.0986671
-0.105506
-0.112603
-0.119954
-0.127547
-0.135369
-0.143398
-0.151605
-0.159955
-0.168406
-0.176909
-0.185408
-0.193841
-0.202144
-0.210249
-0.218088
-0.225596
-0.232713
-0.239382
-0.245559
-0.251204
-0.256289
-0.260796
-0.264713
-0.268037
-0.270768
-0.27291
-0.274471
-0.275455
-0.275865
-0.275316
-0.274592
-0.273292
-0.271412
-0.268946
-0.26589
-0.262239
-0.257996
-0.253168
-0.247772
-0.241831
-0.235378
-0.228457
-0.221119
-0.213423
-0.205432
-0.197214
-0.188835
-0.180362
-0.171859
-0.163384
-0.15499
-0.14672
-0.138615
-0.130704
-0.123014
-0.11556
-0.108357
-0.101408
-0.094719
-0.0882875
-0.082109
-0.076175
-0.0704774
-0.0650047
-0.0597453
-0.0546861
-0.0498112
-0.0451103
-0.0405656
-0.036165
-0.031892
-0.0277344
-0.0236767
-0.0197043
-0.0158039
-0.0119608
-0.00816141
-0.00439288
-0.000640284
0.0031092
0.00686928
0.0106538
0.0144763
0.0183504
0.0222903
0.02631
0.0304231
0.0346442
0.0389884
0.0434689
0.0481012
0.0528988
0.0578776
0.0630489
0.0684283
0.0740282
0.0798585
0.0859312
0.0922543
0.0988318
0.105669
0.112763
0.120112
0.127703
0.135522
0.143549
0.151753
0.160102
0.168551
0.177052
0.185548
0.193979
0.20228
0.210383
0.21822
0.225727
0.232842
0.239509
0.245683
0.251327
0.25641
0.260915
0.264831
0.268153
0.270882
0.273023
0.274582
0.275564
0.275973
0.275811
0.275078
0.27377
0.271882
0.269408
0.266343
0.262685
0.258434
0.253599
0.248196
0.242247
0.235788
0.228861
0.221515
0.213812
0.205815
0.19759
0.189206
0.180727
0.172218
0.163737
0.155337
0.147062
0.138952
0.131036
0.12334
0.115881
0.108672
0.101719
0.0950255
0.0885888
0.082405
0.0764669
0.0707647
0.0652874
0.0600237
0.0549592
0.0500818
0.045376
0.0408275
0.0364227
0.0321466
0.0279849
0.0239226
0.0199473
0.0160424
0.0121959
0.00839326
0.00462079
0.000865235
-0.00288801
-0.0066511
-0.0104386
-0.0142641
-0.0181418
-0.0220852
-0.0261072
-0.0302234
-0.0344474
-0.0387938
-0.0432779
-0.0479131
-0.0527133
-0.0576942
-0.0628688
-0.0682514
-0.0738534
-0.0796867
-0.0857612
-0.0920865
-0.0986671
-0.105506
-0.112603
-0.119954
-0.127547
-0.135369
-0.143398
-0.151605
-0.159955
-0.168406
-0.176909
-0.185408
-0.193841
-0.202144
-0.210249
-0.218088
-0.225596
-0.232713
-0.239382
-0.245559
-0.251204
-0.256289
-0.260796
-0.264713
-0.268037
-0.270768
-0.27291
-0.274471
-0.275455
-0.275865
-0.275316
-0.274592
-0.273292
-0.271412
-0.268946
-0.26589
-0.262239
-0.257996
-0.253168
-0.247772
-0.241831
-0.235378
-0.228457
-0.221119
-0.213423
-0.205432
-0.197214
-0.188835
-0.180362
-0.171859
-0.163384
-0.15499
-0.14672
-0.138615
-0.130704
-0.123014
-0.11556
-0.108357
-0.101408
-0.094719
-0.0882875
-0.082109
-0.076175
-0.0704774
-0.0650047
-0.0597453
-0.0546861
-0.0498112
-0.0451103
-0.0405656
-0.036165
-0.031892
-0.0277344
-0.0236767
-0.0197043
-0.0158039
-0.0119608
-0.00816141
-0.00439288
-0.000640284
0.0031092
0.00686928
0.0106538
0.0144763
0.0183504
0.0222903
0.02631
0.0304231
0.0346442
0.0389884
0.0434689
0.0481012
0.0528988
0.0578776
0.0630489
0.0684283
0.0740282
0.0798585
0.0859312
0.0922543
0.0988318
0.105669
0.112763
0.120112
0.127703
0.135522
0.143549
0.151753
0.160102
0.168551
0.177052
0.185548
0.193979
0.20228
0.210383
0.21822
0.225727
0.232842
0.239509
0.245683
0.251327
0.25641
0.260915
0.264831
0.268153
0.270882
0.273023
0.274582
0.275564
0.275973
0.275811
0.275078
0.27377
0.271882
0.269408
0.266343
0.262685
0.258434
0.253599
0.248196
0.242247
0.235788
0.228861
0.221515
0.213812
0.205815
0.19759
0.189206
0.180727
0.172218
0.163737
0.155337
0.147062
0.138952
0.131036
0.12334
0.115881
0.108672
0.101719
0.0950255
0.0885888
0.082405
0.0764669
0.0707647
0.0652874
0.0600237
0.0549592
0.0500818
0.045376
0.0408275
0.0364227
0.0321466
0.0279849
0.0239226
0.0199473
0.0160424
0.0121959
0.00839326
0.00462079
0.000865235
-0.00288801
-0.0066511
-0.0104386
-0.0142641
-0.0181418
-0.0220852
-0.0261072
-0.0302234
-0.0344474
-0.0387938
-0.0432779
-0.0479131
-0.0527133
-0.0576942
-0.0628688
-0.0682514
-0.0738534
-0.0796867
-0.0857612
-0.0920865
-0.0986671
-0.105506
-0.112603
-0.119954
-0.127547
-0.135369
-0.143398
-0.151605
-0.159955
-0.168406
-0.176909
-0.185408
-0.193841
-0.202144
-0.210249
-0.218088
-0.225596
-0.232713
-0.239382
-0.245559
-0.251204
-0.256289
-0.260796
-0.264713
-0.268037
-0.270768
-0.27291
-0.274471
-0.275455
-0.275865
-0.275316
-0.274592
-0.273292
-0.271412
-0.268946
-0.26589
-0.262239
-0.257996
-0.253168
-0.247772
-0.241831
-0.235378
-0.228457
-0.221119
-0.213423
-0.205432
-0.197214
-0.188835
-0.180362
-0.171859
-0.163384
-0.15499
-0.14672
-0.138615
-0.130704
-0.123014
-0.11556
-0.108357
-0.101408
-0.094719
-0.0882875
-0.082109
-0.076175
-0.0704774
-0.0650047
-0.0597453
-0.0546861
-0.0498112
-0.0451103
-0.0405656
-0.036165
-0.031892
-0.0277344
-0.0236767
-0.0197043
-0.0158039
-0.0119608
-0.00816141
-0.00439288
-0.000640284
0.0031092
0.00686928
0.0106538
0.0144763
0.0183504
0.0222903
0.02631
0.0304231
0.0346442
0.0389884
0.0434689
0.0481012
0.0528988
0.0578776
0.0630489
0.0684283
0.0740282
0.0798585
0.0859312
0.0922543
0.0988318
0.105669
0.112763
0.120112
0.127703
0.135522
0.143549
0.151753
0.160102
0.168551
0.177052
0.185548
0.193979
0.20228
0.210383
0.21822
0.225727
0.232842
0.239509
0.245683
0.251327
0.25641
0.260915
0.264831
0.268153
0.270882
0.273023
0.274582
0.275564
0.275973
0.275811
0.275078
0.27377
0.271882
0.269408
0.266343
0.262685
0.258434
0.253599
0.248196
0.242247
0.235788
0.228861
0.221515
0.213812
0.205815
0.19759
0.189206
0.180727
0.172218
0.163737
0.155337
0.147062
0.138952
0.131036
0.12334
0.115881
0.108672
0.101719
0.0950255
0.0885888
0.082405
0.0764669
0.0707647
0.0652874
0.0600237
0.0549592
0.0500818
0.045376
0.0408275
0.0364227
0.0321466
0.0279849
0.0239226
0.0199473
0.0160424
0.0121959
0.00839326
0.00462079
0.000865235
-0.00288801
-0.0066511
-0.0104386
-0.0142641
-0.0181418
-0.0220852
-0.0261072
-0.0302234
-0.0344474
-0.0387938
-0.0432779
-0.0479131
-0.0527133
-0.0576942
-0.0628688
-0.0682514
-0.0738534
-0.0796867
-0.0857612
-0.0920865
-0.0986671
-0.105506
-0.112603
-0.119954
-0.127547
-0.135369
-0.143398
-0.151605
-0.159955
-0.168406
-0.176909
-0.185408
-0.193841
-0.202144
-0.210249
-0.218088
-0.225596
-0.232713
-0.239382
-0.245559
-0.251204
-0.256289
-0.260796
-0.264713
-0.268037
-0.270768
-0.27291
-0.274471
-0.275455
-0.275865
-0.275316
-0.274592
-0.273292
-0.271412
-0.268946
-0.26589
-0.262239
-0.257996
-0.253168
-0.247772
-0.241831
-0.235378
-0.228457
-0.221119
-0.213423
-0.205432
-0.197214
-0.188835
-0.180362
-0.171859
-0.163384
-0.15499
-0.14672
-0.138615
-0.130704
-0.123014
-0.11556
-0.108357
-0.101408
-0.094719
-0.0882875
-0.082109
-0.076175
-0.0704774
-0.0650047
-0.0597453
-0.0546861
-0.0498112
-0.0451103
-0.0405656
-0.036165
-0.031892
-0.0277344
-0.0236767
-0.0197043
-0.0158039
-0.0119608
-0.00816141
-0.00439288
-0.000640284
0.0031092
0.00686928
0.0106538
0.0144763
0.0183504
0.0222903
0.02631
0.0304231
0.0346442
0.0389884
0.0434689
0.0481012
0.0528988
0.0578776
0.0630489
0.0684283
0.0740282
0.0798585
0.0859312
0.0922543
0.0988318
0.105669
0.112763
0.120112
0.127703
0.135522
0.143549
0.151753
0.160102
0.168551
0.177052
0.185548
0.193979
0.20228
0.210383
0.21822
0.225727
0.232842
0.239509
0.245683
0.251327
0.25641
0.260915
0.264831
0.268153
0.270882
0.273023
0.274582
0.275564
0.275973
0.275811
0.275078
0.27377
0.271882
0.269408
0.266343
0.262685
0.258434
0.253599
0.248196
0.242247
0.235788
0.228861
0.221515
0.213812
0.205815
0.19759
0.189206
0.180727
0.172218
0.163737
0.155337
0.147062
0.138952
0.131036
0.12334
0.115881
0.108672
0.101719
0.0950255
0.0885888
0.082405
0.0764669
0.0707647
0.0652874
0.0600237
0.0549592
0.0500818
0.045376
0.0408275
0.0364227
0.0321466
0.0279849
0.0239226
0.0199473
0.0160424
0.0121959
0.00839326
0.00462079
0.000865235
-0.00288801
-0.0066511
-0.0104386
-0.0142641
-0.0181418
-0.0220852
-0.0261072
-0.0302234
-0.0344474
-0.0387938
-0.0432779
-0.0479131
-0.0527133
-0.0576942
-0.0628688
-0.0682514
-0.0738534
-0.0796867
-0.0857612
-0.0920865
-0.0986671
-0.105506
-0.112603
-0.119954
-0.127547
-0.135369
-0.143398
-0.151605
-0.159955
-0.168406
-0.176909
-0.185408
-0.193841
-0.202144
-0.210249
-0.218088
-0.225596
-0.232713
-0.239382
-0.245559
-0.251204
-0.256289
-0.260796
-0.264713
-0.268037
-0.270768
-0.27291
-0.274471
-0.275455
-0.275865
-0.275316
-0.274592
-0.273292
-0.271412
-0.268946
-0.26589
-0.262239
-0.257996
-0.253168
-0.247772
-0.241831
-0.235378
-0.228457
-0.221119
-0.213423
-0.205432
-0.197214
-0.188835
-0.180362
-0.171859
-0.163384
-0.15499
-0.14672
-0.138615
-0.130704
-0.123014
-0.11556
-0.108357
-0.101408
-0.094719
-0.0882875
-0.082109
-0.076175
-0.0704774
-0.0650047
-0.0597453
-0.0546861
-0.0498112
-0.0451103
-0.0405656
-0.036165
-0.031892
-0.0277344
-0.0236767
-0.0197043
-0.0158039
-0.0119608
-0.00816141
-0.00439288
-0.000640284
0.0031092
0.00686928
0.0106538
0.0144763
0.0183504
0.0222903
0.02631
0.0304231
0.0346442
0.0389884
0.0434689
0.0481012
0.0528988
0.0578776
0.0630489
0.0684283
0.0740282
0.0798585
0.0859312
0.0922543
0.0988318
0.105669
0.112763
0.120112
0.127703
0.135522
0.143549
0.151753
0.160102
0.168551
0.177052
0.185548
0.193979
0.20228
0.210383
0.21822
0.225727
0.232842
0.239509
0.245683
0.251327
0.25641
0.260915
0.264831
0.268153
0.270882
0.273023
0.274582
0.275564
0.275973
0.275811
0.275078
0.27377
0.271882
0.269408
0.266343
0.262685
0.258434
0.253599
0.248196
0.242247
0.235788
0.228861
0.221515
0.213812
0.205815
0.19759
0.189206
0.180727
0.172218
0.163737
0.155337
0.147062
0.138952
0.131036
0.12334
0.115881
0.108672
0.101719
0.0950255
0.0885888
0.082405
0.0764669
0.0707647
0.0652874
0.0600237
0.0549592
0.0500818
0.045376
0.0408275
0.0364227
0.0321466
0.0279849
0.0239226
0.0199473
0.0160424
0.0121959
0.00839326
0.00462079
0.000865235
-0.00288801
-0.0066511
-0.0104386
-0.0142641
-0.0181418
-0.0220852
-0.0261072
-0.0302234
-0.0344474
-0.0387938
-0.0432779
-0.0479131
-0.0527133
-0.0576942
-0.0628688
-0.0682514
-0.0738534
-0.0796867
-0.0857612
-0.0920865
-0.0986671
-0.105506
-0.112603
-0.119954
-0.127547
-0.135369
-0.143398
-0.151605
-0.159955
-0.168406
-0.176909
-0.185408
-0.193841
-0.202144
-0.210249
-0.218088
-0.225596
-0.232713
-0.239382
-0.245559
-0.251204
-0.256289
-0.260796
-0.264713
-0.268037
-0.270768
-0.27291
-0.274471
-0.275455
-0.275865
-0.275316
-0.274592
-0.273292
-0.271412
-0.268946
-0.26589
-0.262239
-0.257996
-0.253168
-0.247772
-0.241831
-0.235378
-0.228457
-0.221119
-0.213423
-0.205432
-0.197214
-0.188835
-0.180362
-0.171859
-0.163384
-0.15499
-0.14672
-0.138615
-0.130704
-0.123014
-0.11556
-0.108357
-0.101408
-0.094719
-0.0882875
-0.082109
-0.076175
-0.0704774
-0.0650047
-0.0597453
-0.0546861
-0.0498112
-0.0451103
-0.0405656
-0.036165
-0.031892
-0.0277344
-0.0236767
-0.0197043
-0.0158039
-0.0119608
-0.00816141
-0.00439288
-0.000640284
0.0031092
0.00686928
0.0106538
0.0144763
0.0183504
0.0222903
0.02631
0.0304231
0.0346442
0.0389884
0.0434689
0.0481012
0.0528988
0.0578776
0.0630489
0.0684283
0.0740282
0.0798585
0.0859312
0.0922543
0.0988318
0.105669
0.112763
0.120112
0.127703
0.135522
0.143549
0.151753
0.160102
0.168551
0.177052
0.185548
0.193979
0.20228
0.210383
0.21822
0.225727
0.232842
0.239509
0.245683
0.251327
0.25641
0.260915
0.264831
0.268153
0.270882
0.273023
0.274582
0.275564
0.275973
0.275685
0.274066
0.271201
0.267174
0.262066
0.255956
0.24892
0.241033
0.232365
0.222987
0.212965
0.202365
0.191247
0.179673
0.167701
0.155387
0.142784
0.129944
0.116917
0.10375
0.0904893
0.0771783
0.0638585
0.0505701
0.0373507
0.0242364
0.0112617
-0.00154103
-0.0141411
-0.0265095
-0.0386189
-0.0504435
-0.0619596
-0.0731445
-0.0839774
-0.0944387
-0.104511
-0.114178
-0.123425
-0.132237
-0.140604
-0.148514
-0.155958
-0.162927
-0.169416
-0.175417
-0.180928
-0.185944
-0.190464
-0.194486
-0.19801
-0.201038
-0.203572
-0.205614
-0.20717
-0.208243
-0.20884
-0.208967
-0.208633
-0.207845
-0.206612
-0.204945
-0.202854
-0.200351
-0.197446
-0.194154
-0.190486
-0.186457
-0.182081
-0.177372
-0.172346
-0.167018
-0.161405
-0.155522
-0.149386
-0.143015
-0.136426
-0.129635
-0.122662
-0.115524
-0.108238
-0.100825
-0.0933
-0.0856838
-0.0779938
-0.0702489
-0.0624672
-0.0546672
-0.0468669
-0.039085
-0.0313389
-0.0236466
-0.0160259
-0.0084939
-0.00106779
0.00623545
0.0133997
0.0204088
0.0272471
0.0338993
0.0403505
0.0465863
0.0525933
0.0583579
0.0638676
0.0691105
0.0740748
0.0787499
0.0831259
0.0871935
0.0909438
0.0943696
0.0974636
0.10022
0.102633
0.104699
0.106415
0.107778
0.108787
0.109441
0.109742
0.109691
0.109291
0.108546
0.107463
0.106047
0.104306
0.10225
0.0998883
0.0972337
0.094299
0.0910988
0.0876492
0.0839677
0.0800731
0.0759863
0.071729
0.0673254
0.0628003
0.058181
0.0534962
0.0487757
0.0440523
0.0393598
0.0347336
0.0302115
0.0258326
0.0216386
0.0176725
0.0139794
0.0106068
0.0076037
0.00502151
0.00291348
0.00133516
0.000344045
0
0
0
0
0
0
0
0
0
0
0
0
0
0
0
0
0
0
0
0
0
0
0
0
0
0
0
0
0
0
0
0
0
0
0
0
0
0
0
0
0
0
0
0
0
0
0
0
0
0
0
0
0
0
0
0
0
0
0
0
0
0
0
0
0
0
0
0
0
0
0
0
0
0
0
0
0
0
0
0
0
0
0
0
0
0
0
0
0
0
0
0
0
0
0
0
0
0
0
0
0
0
0
0
0
0
0
0
0
0
0
0
0
0
0
0
0
0
0
0
0
0
0
0
0
0
0
0
0
0
0
0
0
0
0
0
0
0
0
0
0
0
0
0
0
0
0
0
0
0
0
0
0
0
0
0
0
0