0.000026985747772124098
-0.000017892836362673986
-0.00002307069983929045
0.000025738187804431013
-0.000012805046766356457
-0.00003854589137439556
0.000013179868403837282
6.946694193287097e-7
-0.00002498983650957021
-8.647835968680947e-6
-9.582689743619722e-6
0.000010343735425456077
0.00002942547702857033
0.00002408246356133028
2.8590122617381506e-6
-0.00003162994395933298
0.000016234024165603913
0.000026844666938603756
8.13937834777669e-6
0.000010683144440899156
-0.000014653741129817361
0.0000211091019298209
0.00003661036687899057
-6.274467728615887e-6
0.00002935322211375618
-0.00004710680462414098
0.000019426042549886066
0.000021046356943856598
-4.493508946034451e-6
-1.5888193504435152e-6
0.00002118468589667895
-0.0000341572101528089
-7.948015325816407e-7
0.000035146467706286744
0.000023326216778710278
-4.96283486392716e-6
0.000042473009870283435
0.00002754004810757246
-0.00001663659894836273
0.000028045161782164346
0.00005838702411008946
0.000057227203726742134
0.000017722037581981778
0.000013734672331888697
0.00001243123499467631
0.00002048673658843033
-6.155557818706618e-6
-0.000021633611327567386
-9.571372277751224e-6
6.7646217927210375e-6
0.000018225810872156712
-0.000018394255993173484
-4.465352341057597e-6
1.4262912901431773e-6
-0.00002514298270971455
0.000015083310122093102
-4.268934555445312e-6
0.00004326355219670802
-0.000022224589370393183
-9.155889512161546e-6
0.00004302599604623689
-1.411844087874006e-6
-6.998802736268238e-6
-0.00005483583449330729
0.00002389782220114554
6.811913863575297e-6
0.000013686687318242443
-0.000016460597470565167
0.000030442017650121193
-0.000011607373555561639
0.00003581506172151299
0.000015213092608088585
-0.00004516192509284031
0.00004156108727203571
-0.000011536863246188153
0.000045552172891578455
0.000039584737256029087
-8.503908930169768e-6
0.000032969456738174824
0.00003834850154163468
6.009118276107697e-6
0.000018657942961061022
0.000010192529610305733
-2.835035048608049e-6
-9.47354380141503e-6
-3.675086619495064e-7
0.000024528668347260734
0.000041023758634095183
-0.000017666721147851836
0.000025380980642949258
0.00007271733627430297
0.00005473252978910996
0.00003754644943310752
-7.703448238622596e-6
-8.394806197202373e-6
0.0000503163381127467
0.00003831940168451124
-0.000019368622432119675
0.00003135903774375042
0.000020526012247750424
5.516703568441133e-6
0.000019328808447336093
0.000016788249020586272
0.00004232283459818972
0.000060488125267918266
0.00005849707879238542
-4.7932526851527595e-6
0.00007981689368196606
0.000037323481119820614
0.00001613813077632045
0.00004365304738238873
1.6744989704066922e-6
0.0001069517563440527
0.0000902717290872647
-1.2587688311383821e-6
0.00006809785200124788
0.000050364978949598035
0.000029181648526262752
0.000025975633896049557
0.00008746884548049667
0.00002371410505221736
0.000018256131072726687
0.000014750723066787383
0.00007586565130619866
0.0000556278755660044
0.00003840726782073831
0.00009986574516175011
0.00007931402489135251
0.00007479214441336858
0.00010437301503832574
0.00005409085126729873
0.00007011754821001537
0.00002941364882003533
0.00008462995933399032
0.0000813295237698327
0.00007730659642907903
0.000050049390504036335
0.0001062226946417891
0.00009208470091614652
0.0000628758031501707
0.00004122732013997611
0.00008609658991586699
0.00007714309290372396
0.00009750281332881234
0.0001120732837711021
0.00010362103350395313
0.00013496967999018073
0.00007706504783390023
0.00010575581443086938
0.0001283185127252135
0.00010609487997347459
0.00010658697466519232
0.00010844868210452155
0.00012784958223641043
0.00012411789367700892
0.00012989594601466815
0.00009079707854852264
0.00016712515114976201
0.0001723940884779415
0.00017146058677323776
0.00019445489850661635
0.00018944149272409353
0.00017734299410483164
0.00024284178609576098
0.00020043891077887324
0.00020259157602749657
0.00022517501044034608
0.00022108602057975576
0.0001984480522370258
0.00031665901731255276
0.0002710466418548488
0.0003034175124324162
0.0003109511685819185
0.00028218241944578764
0.0003169567518834406
0.0002910235277472408
0.0003254112078487192
0.00036708476676549826
0.00040149639371282015
0.0004148413207155954
0.00041758453698479846
0.00041951691012374773
0.0004433784659923953
0.0004746888676801286
0.00048269530149175024
0.0004784944267463751
0.0004794620472546479
0.0005342496950084212
0.0005687296559106724
0.0005846205612987733
0.0006044564150299841
0.0006109502536998534
0.0006895592439667017
0.0007035673659214031
0.0007230502441040243
0.0008336021786910707
0.0008370720716498106
0.000839316263560962
0.0008993493093546308
0.0009425259828834767
0.0010433484977638574
0.0010622355716266442
0.0011741980937039253
0.001175202682495062
0.001237335800656445
0.0012676443035854604
0.001380430527554807
0.0014461632954996485
0.0014882902894599352
0.0015890221970001072
0.0016764340913172108
0.0017393550263643067
0.0018660209715656321
0.0019966678930016983
0.002081685597829522
0.0021849132513543576
0.0022931342273444007
0.002449396308204341
0.0025304265404254432
0.00269779100467026
0.0028474386628188695
0.0029914119646139623
0.0031693511633233734
0.00335194154201951
0.0035119217700821264
0.003707479300684679
0.003896851044388082
0.004033675427047253
0.004305857424261905
0.004492763022720968
0.004692664693348129
0.004939972321904014
0.0051380731483259496
0.005370053395704303
0.005589733313223538
0.005811467397534898
0.006034262154261942
0.006158521872632254
0.006296705012380014
0.006391345060516146
0.006424356283957803
0.006428575210573881
0.006297525843970879
0.006082364387426847
0.005705962541525219
0.005164492635153274
0.004311822721768919
0.003160846096309106
0.0016355415926637394
-0.000385985819984416
-0.0030380264757465408
-0.0064832365180611294
-0.010823133447901749
-0.016377102663780747
-0.023114774676439784
-0.03140746176002545
-0.041183500694315436
-0.05239432363340732
-0.06492751680913855
-0.07859407631885311
-0.09281923702717415
-0.10714871552528427
-0.12098912869192259
-0.13381270422571928
-0.14493386539136102
-0.15400154763637156
-0.16050661305994168
-0.1641355825388448
-0.16465790572940991
-0.1620538421412293
-0.15625046519388228
-0.14717329711361618
-0.13507125715240145
-0.119885546662753
-0.10172252437557393
-0.08063321409385774
-0.05666121621004883
-0.0297591874180256
2.855234183286005e-7
0.03237448157874293
0.06709345616984105
0.10359311934781205
0.1412873535270406
0.17911370286382722
0.2163619343030344
0.2517780835768375
0.2846076780790126
0.313903367124784
0.3389847441141723
0.3594332978694885
0.37491896202709707
0.3854015951796997
0.3911034195210868
0.39212663317110535
0.38882636200144444
0.38160257746189047
0.37064073329624075
0.35606617473080965
0.33802559592629033
0.3164253542774665
0.29130134314038747
0.2625276324985473
0.23024997670506445
0.19457282325949946
0.1559095323079077
0.11472173749883145
0.0717299043855678
0.027704690308385804
-0.016432566180793567
-0.0599711432539596
-0.10219910307413646
-0.14262737967354916
-0.18107402855814386
-0.21722390285267104
-0.2511211217513474
-0.2828584119495821
-0.312413606830262
-0.3398899306900409
-0.36521050390499554
-0.38837964291158994
-0.4091414323515864
-0.4272751195965612
-0.4424008189122815
-0.45416703403500985
-0.46216929947343693
-0.4662242755747117
-0.4659872175437727
-0.4616589357835694
-0.45342228692044745
-0.4416828121320682
-0.4267999694009358
-0.40914373105331525
-0.38901778167873174
-0.36668277460339865
-0.34221991769930604
-0.3156546422696416
-0.28703913391972646
-0.25628156660153556
-0.22334921368402225
-0.1881794202407392
-0.15081188455067898
-0.11142728739457812
-0.07035682694272692
-0.028112839128435527
0.014664850332803184
0.05729987105103114
0.09908621949985084
0.13953548824691855
0.17813311796675269
0.21463215166382785
0.24896322921059394
0.2811088305771021
0.3111151481689709
0.33905798523936687
0.3650032994336564
0.38887722042051126
0.4106449004969506
0.43016153302189586
0.4470889585956906
0.46110517939792156
0.4718967519117924
0.47899117330156177
0.4821146594486046
0.48110580761301763
0.4760139850836775
0.4671227654464325
0.4546933781644158
0.4391508037272495
0.42088126936935394
0.4001960423531332
0.37731687196566066
0.35228363414273783
0.3252880308736662
0.2962489216434872
0.265072977811154
0.23174832017039793
0.19622910607943686
0.15855526188589492
0.1188674359581125
0.07750258517042838
0.034936229903354
-0.008191552384015966
-0.051100658782779196
-0.09325023167531848
-0.13396836937234924
-0.17285776214785772
-0.2096890283778824
-0.2442958717775304
-0.2767024028688548
-0.3069731446284995
-0.3351438519062078
-0.3612789494243457
-0.3853916573455645
-0.40740590136651955
-0.4270682641741155
-0.4442382396611734
-0.4585221934994259
-0.46949179994080426
-0.476849318820514
-0.4801906212088248
-0.47940632242154213
-0.4745837692752001
-0.4658798863544305
-0.4536716275682783
-0.4383059701622866
-0.4201983419823918
-0.3996368184534273
-0.37691330297492825
-0.3520223933818861
-0.3251891348156959
-0.2962144675511022
-0.2651955136663946
-0.23198490463198773
-0.1966365413138831
-0.15904038335963042
-0.11947269091260827
-0.0782021057924128
-0.03572403636543368
0.007322578939116403
0.05028326502329195
0.09239135457871049
0.13313639933642507
0.17208807306724516
0.20893812300987014
0.24360703423932525
0.2760828416645009
0.3064128625045953
0.33464544661473167
0.36088921590298856
0.3849985456826229
0.4070743017287466
0.4268588894012045
0.4440870473483205
0.45843696828369107
0.46953576650855566
0.47698096739019397
0.4805009669737084
0.47990269266398855
0.47517944572313536
0.4666097245303942
0.45449308939977995
0.43926113130930444
0.42121176006830163
0.40071143375621304
0.37806080429400724
0.3532668234542756
0.32646302000421384
0.2976035193987681
0.26662353825037877
0.23350849937894766
0.19818221227312283
0.16069412509834807
0.12118920752390744
0.07995140819940545
0.03749051640814943
-0.0055468954400931985
-0.048508771368716834
-0.09070238023761235
-0.13149080484732706
-0.17053222357996442
-0.20746775408261503
-0.2422277090883917
-0.2748034969492403
-0.30519434443324056
-0.333501775614328
-0.35980957091520344
-0.3840419986810377
-0.40616646990368377
-0.426030394283713
-0.4433561337565605
-0.4578306304565019
-0.4690864551206827
-0.47666239745452726
-0.4803335280259445
-0.4798759125129147
-0.475334464896663
-0.46687476221352703
-0.4548944875396502
-0.4397575161329816
-0.42180154486296484
-0.4014656009078117
-0.37883790785491583
-0.3541388397581204
-0.3274118976757275
-0.29861808353633523
-0.2677624361421182
-0.23470057847449854
-0.19945068509569816
-0.16203745909006215
-0.12258769589798263
-0.08144223322175502
-0.039031619282123696
0.004002693837186405
0.04698887032576719
0.0892050892064153
0.1300896167719847
0.16915870460387433
0.20619949173619856
0.2410376865970058
0.2736746412968446
0.30412724782565176
0.3325491843687484
0.3589028064761352
0.3832281969680594
0.40542207239930267
0.42537580427367755
0.4428343117049575
0.45742961144196775
0.4687736911033496
0.4765138956326016
0.4803141257125147
0.48002601110790927
0.4756062215713704
0.4672958150672664
0.4554451323827003
0.44039668806815613
0.4225689377647178
0.4022820750648982
0.379736804796159
0.3551281175864909
0.32845279167642527
0.29976376441637087
0.2689622985313796
0.23599198658234316
0.20081432159426832
0.16349296302879984
0.12411708697149856
0.08301500856645785
0.04063456048010057
-0.002379914603923995
-0.0453725732954767
-0.08761315669896634
-0.1285714011223702
-0.16773695592584947
-0.20482476320450704
-0.2397449624142677
-0.272466449287824
-0.3030339201112178
-0.3315337820007595
-0.3579362272102142
-0.3823514122027708
-0.40462668824781944
-0.42468007139655406
-0.4421959580004652
-0.4569093771084085
-0.4683822658092809
-0.47629319927569785
-0.48022858517864075
-0.4800807004776674
-0.4757890677718009
-0.467677461419953
-0.4559260109032265
-0.44099470960412074
-0.4232671617763326
-0.403049989171217
-0.38061580426210656
-0.3560708961382178
-0.32945731936504685
-0.30085507519499094
-0.27012140822515585
-0.23725655770675338
-0.20215942642720292
-0.16488813059360327
-0.12558502135830008
-0.08454965695892808
-0.04219174788786911
0.0007887298754580371
0.04379561105443449
0.08610939039495052
0.12712108204031922
0.16629741535206236
0.20349755940085754
0.23851034887511796
0.27130997204605967
0.3019894969053464
0.3305114553993023
0.35700365824110286
0.381478808871386
0.40384379211031207
0.4239893047262959
0.4416136793660189
0.4564126327915991
0.468040259768621
0.4760553220443122
0.4801487097080917
0.4801552098237477
0.4760638016800846
0.4680392331147416
0.45643741003783633
0.44161801190623345
0.4239742771664775
0.40385450810945317
0.38147597149323514
0.35700777111664833
0.33051253735268565
0.301958385511948
0.2712981652033569
0.23851208818749062
0.20351787644949806
0.16631890767600424
0.12709586473357656
0.08609716608617918
0.04380865085034769
0.0007930468056602206
-0.042227946696711954
-0.08454040181761156
-0.12559942069389285
-0.16490297605440085
-0.2021602810336468
-0.237252052631298
-0.2701254594029291
-0.3008598458306354
-0.3294799152135098
-0.3560650969152219
-0.38061749815557805
-0.40305585303562264
-0.4232623643177042
-0.44100811487367264
-0.4559482663774189
-0.46765524561589866
-0.4758322266859589
-0.48007270272209285
-0.48020995101320346
-0.47627775883705237
-0.4683762885940946
-0.45690649059788474
-0.44220810961529583
-0.42465905257620035
-0.40463777047219485
-0.38235302152792805
-0.35795443075368033
-0.33151973083930913
-0.3030428747804556
-0.27247424476470716
-0.2397682340593318
-0.20483991784300667
-0.1677150228173421
-0.12855047610206544
-0.08763759669660874
-0.045391894995684336
-0.002390555402885686
0.04064548563280941
0.08300317987638277
0.1241242116142304
0.16348471055692998
0.2008102067629232
0.23598429355564185
0.2689454579138893
0.29976209162585116
0.3284629428408327
0.3551176622039476
0.379760304546911
0.40227932252222537
0.4225442034533991
0.4403872874057822
0.45542299863038255
0.46727763967661157
0.4755912027520739
0.48000302079850127
0.48031011141899144
0.47647879620982236
0.46874423111109503
0.4573925134653829
0.4428073939840092
0.42536971453496353
0.4054338248909125
0.3832154054814974
0.35889148550729216
0.3325460685661623
0.304141356327539
0.2736460253681933
0.2409969579516039
0.20618889351884812
0.1691529743012591
0.13005651760662162
0.08919295030248789
0.04697216900212419
0.004004009040160201
-0.03905614855018946
-0.08144912831893829
-0.12260889648552868
-0.16204352627903484
-0.19945797089213013
-0.23472267257779164
-0.2677811158883887
-0.2986592345180874
-0.3274219703391782
-0.3541640732320299
-0.3788562778332731
-0.40146584783923334
-0.4218620882332352
-0.43977824067167415
-0.4549148875429274
-0.4669119804481289
-0.4753426707655624
-0.4799016903558006
-0.48036611713524574
-0.4767141217185953
-0.46911706423324134
-0.4578684141585126
-0.44340592044607524
-0.4260554241734659
-0.40620366588784734
-0.38408472875217287
-0.3598250799319118
-0.33354890583849256
-0.30522643877288413
-0.2748255920232163
-0.24225840429497608
-0.2074929814158876
-0.17055666620201582
-0.1315495863340322
-0.09073100311475871
-0.048550470346828065
-0.0055898066794104265
0.03746395833496668
0.07990280534930023
0.12111809857624826
0.16063640037633453
0.19813050317765654
0.23346100463830588
0.2665881803670685
0.29755454221521827
0.3264040428462259
0.3532216529232371
0.37798800034992497
0.4006876926943374
0.4211374469008857
0.4391417580541898
0.4544194355900233
0.4665289459829913
0.47511545281162665
0.4798148728575972
0.4804307399245811
0.47692611397876244
0.4694658863068096
0.4583479605320222
0.4439838602712381
0.4267506749746429
0.40699162848791354
0.3849228226284421
0.3607426219452778
0.33455600206511726
0.3063160245362955
0.27598379458682726
0.24350026668967065
0.20883128860536354
0.17196382091377416
0.13301793020117642
0.09226808284217895
0.050132734912998
0.007181898167122965
-0.035865080703592386
-0.07834007362651041
-0.1196204184432884
-0.1592034017254273
-0.19678251602352748
-0.23218658797056468
-0.26539779409067604
-0.2964340438548015
-0.3253774017562342
-0.3522450338416259
-0.37709683174366093
-0.39987110622395666
-0.4204246888066519
-0.43854077740402125
-0.45390940256816725
-0.4661577347706556
-0.47485919695187706
-0.4796961713327459
-0.4804688370865879
-0.4771098735168581
-0.46979629206646945
-0.45882954992005315
-0.4445577571479702
-0.42742827670306716
-0.4077637680602044
-0.38579632669227715
-0.3617079985366989
-0.3355541563666297
-0.3073932967351719
-0.2771402438996601
-0.24474738533251061
-0.2101374686142785
-0.1733479858445727
-0.13449832465882433
-0.09378936965592517
-0.05171192646203494
-0.008791518898815014
0.03429518903633822
0.07680925668685501
0.11811217260056679
0.15777615178168308
0.19543599776209583
0.23091116875267356
0.2641967758419401
0.2953331026558089
0.32432142421400945
0.3512951580907773
0.3762192196590722
0.39907451918528974
0.41971372284347613
0.43790211330822126
0.45339511953851896
0.4657444602264496
0.47461637231604675
0.4796112776584311
0.4805224865363285
0.4773119429555445
0.47014523645114153
0.4593014821247569
0.4451527890829039
0.42812178641561677
0.40852014123242286
0.38663903089926627
0.36263292595073265
0.3365827513843026
0.3084805431913652
0.27830335670975537
0.24598791856882812
0.21146339100437614
0.17476674513855847
0.13596478668104514
0.09533749866177184
0.053290834762313936
0.01039212741654407
-0.03269627411088321
-0.07523205022460033
-0.11660782373783997
-0.15633904296439463
-0.1940656982214066
-0.22963655606951464
-0.26301251973088924
-0.29421821756142325
-0.32329519546360785
-0.3503273467503148
-0.3753287177445415
-0.3982542248491681
-0.4189756660367105
-0.43730998969651513
-0.4528733819188545
-0.465361908992417
-0.4743301609790502
-0.47948120208392875
-0.48056042344785765
-0.4775027545138238
-0.47046716391388177
-0.4597578658158212
-0.44572543693864625
-0.42879345602305613
-0.40929561516482443
-0.38748114938651973
-0.3635450340582915
-0.3375718677479402
-0.30954995907202865
-0.27946656567041667
-0.24721635458650487
-0.21279376016659673
-0.1761576568476766
-0.13745004883247253
-0.09687301013405285
-0.05486468946479612
-0.011979798050447237
0.03109801579228193
0.07367490921663766
0.11510924714092789
0.15489278877848767
0.19270230760159712
0.22836655689629362
0.26181570288573636
0.29309403726300964
0.32226903193623874
0.34936649943529857
0.3744470915851649
0.397448707899183
0.41825486063701217
0.4366580427290103
0.45234574666620897
0.4649499140601559
0.47407373371491907
0.47937650079186495
0.4805797750930566
0.47769361311069414
0.470797470031789
0.460222275206177
0.4463043490005271
0.4294736814686848
0.41005870100836433
0.38833247815042704
0.3644790967931285
0.33857839094785824
0.3106237731740928
0.2806113372930015
0.24844836212157104
0.21410818998610337
0.1775495173087227
0.13891272372985658
0.09841175927957248
0.05642763724856928
0.01356877971076953
-0.029513573897006044
-0.07211105562092476
-0.11360849047296834
-0.15346291304913753
-0.19133872800380575
-0.22707751378630164
-0.2606163879512203
-0.2919742224338395
-0.32121328786540365
-0.3484087589046439
-0.37354811390113374
-0.3966284076579258
-0.41752728603657296
-0.43601943361423495
-0.4518158281502357
-0.46454596863303427
-0.4738126778563
-0.47924376091481713
-0.4806127232534135
-0.47787180931823364
-0.47112737524479387
-0.46067167288543637
-0.4468779343996446
-0.43013343843324997
-0.4108156336234552
-0.3891818447586918
-0.36539132369146304
-0.33955782255699507
-0.3117057715390274
-0.28176641904742106
-0.24968935861160838
-0.21541788302415887
-0.17895893241590133
-0.1403832910262038
-0.09994112495486529
-0.058017536091687055
-0.015179058937808507
0.027916325252148395
0.07055306794474307
0.11209622083840569
0.15201749352707897
0.18997955198564964
0.225801651214547
0.2594184328748675
0.29085398144580515
0.3201669621932837
0.34743463235227584
0.37265150859209856
0.3958169594646905
0.41679854227188656
0.4353923056183004
0.45128520445417847
0.4641232386862346
0.47352878092584494
0.4791152371487806
0.4806323304209317
0.47804188578869816
0.4714384157406352
0.4611133292303748
0.4474379385442326
0.4308081001435296
0.41157912604569646
0.3900233258953304
0.36631859687070073
0.34055477204727735
0.31276604015731496
0.282906121122054
0.25090759551186065
0.2167233143804851
0.1803392481130152
0.14185130988344108
0.10146801887614265
0.05958881849582781
0.01676175877845824
-0.026324574177653697
-0.06899068132782772
-0.11058137366444673
-0.1505805746711301
-0.18861830215998113
-0.2245095792376729
-0.25821021858255916
-0.2897267109462703
-0.3191173588272487
-0.34646006086130304
-0.37176221635119583
-0.3949975187851662
-0.41605458467869283
-0.43474494812991715
-0.45074646718226846
-0.4637160981965822
-0.47324502680070474
-0.47897109977949837
-0.4806516529603407
-0.4782119415693432
-0.47175835336568867
-0.46156489828143793
-0.4479999356256159
-0.4314747323921604
-0.4123168874862553
-0.3908547274634367
-0.36721893262896943
-0.3415446069206664
-0.3138294570664442
-0.28404975545390304
-0.2521365415078907
-0.2180303696186751
-0.18172191726144207
-0.14331409935767642
-0.10299026140804184
-0.06116455321736308
-0.01836899106533359
0.02474596437756717
0.06743261545424793
0.10906528481831135
0.14912256125802836
0.18723632691836065
0.22321953377838394
0.2569963040297816
0.288598336424959
0.31806540348614687
0.3454852480719909
0.37085894186371526
0.3941766054792998
0.4153256997613768
0.4340963732931968
0.45020630080578744
0.4632987513076661
0.4729593186707139
0.47883676782734846
0.48067740876595594
0.4783815420989596
0.47206826021906667
0.46200272509709106
0.4485556858405567
0.4321325225354395
0.41308167933600803
0.3916881085714059
0.3681322308592303
0.34253623350932677
0.3148928364936116
0.2851980814485005
0.2533577411523204
0.21934174941915074
0.1831166487433106
0.1447636139530427
0.1045062705802377
0.06272411820442082
0.01995627800086781
-0.023137359302003013
-0.06585780780779904
-0.10756094022512806
-0.14767268964886526
-0.18586780497652816
-0.22193297546009155
-0.25578730339032
-0.28746233818388295
-0.3170037032277637
-0.3444957203459442
-0.36995818356645543
-0.39335270759632696
-0.41457143611169317
-0.43343858894471154
-0.4496643028227789
-0.46287070469016894
-0.472670810520375
-0.47868501159897797
-0.4806802904315251
-0.47854410713909895
-0.47236392285433665
-0.4624312889014319
-0.4491101327917205
-0.43279661503354855
-0.4138297065522895
-0.39252234194437674
-0.36905280039554433
-0.3435173840990872
-0.3159698577175685
-0.2863310443891363
-0.2545850156706067
-0.22063362820818455
-0.18448794200716737
-0.146217204703996
-0.10602627583013076
-0.06430100023621714
-0.021552960434288712
0.021540309529539756
0.06428971391547664
0.1060414013717446
0.14622568723414464
0.1844949735039549
0.22062425908174405
0.25457298106367676
0.2863341285159278
0.3159586750407475
0.34352451072237167
0.3690393180265259
0.39252259111132515
0.41383096502727235
0.43278773992984565
0.44910733230960775
0.4624413738942519
0.4723681948358837
0.47853522339433036
0.480680316778354
0.4786835337682431
0.4726659964836607
0.46286818147014047
0.4496625788927806
0.4334423370029882
0.41456964311728545
0.393341341249039
0.36997045072710977
0.3445025364031414
0.3170077840648186
0.2874663986593979
0.25579194720880044
0.22193811075027478
0.18586349825725518
0.14767101182232034
0.10755871565270597
0.06587510052603032
0.023141052410950175
-0.019952082187017814
-0.062718037521465
-0.10451132933238151
-0.14475776283631941
-0.18311503343815716
-0.21933566776280197
-0.2533454900317267
-0.2851846291467728
-0.31489154534466346
-0.3425371685597808
-0.3681327929377083
-0.39168883624125117
-0.4130760466551593
-0.4321301787750852
-0.4485596106509152
-0.46201083390790626
-0.472065075240102
-0.47837334220715444
-0.48065751660933115
-0.478832395115782
-0.4729611693412314
-0.46328996744762935
-0.45020396054663503
-0.4340947356730734
-0.41531532041816793
-0.3941722196222306
-0.3708580824394513
-0.34547952366777174
-0.31807104851342816
-0.2885959155858746
-0.257005282362997
-0.22321498337117182
-0.1872409873654838
-0.1491360874841798
-0.10906687469001877
-0.06743016036476608
-0.024736736117074498
0.018371044303540744
0.061160269854144536
0.10299138631312914
0.14330353654333688
0.18172581706571106
0.2180146707710161
0.2521386613999927
0.28405510310029247
0.31383543547322923
0.3415444876362981
0.36721020699775786
0.3908574786141286
0.41232882452980557
0.43147667327782796
0.44800334968080635
0.46155841460092767
0.47175425606953597
0.4782202000005349
0.4806573918293747
0.4789796050335347
0.4732357269743317
0.46372584402421063
0.4507490309903754
0.43473526690097425
0.41605701883477214
0.3949971467260519
0.37176225182269135
0.346463826694115
0.31912210980676736
0.2897313749697056
0.2582127510196764
0.22450619411088912
0.18860298566858727
0.1505785870595045
0.11057824253835692
0.06900238342492694
0.026335468080729278
-0.016760702403857332
-0.05959359002336164
-0.10147048963284797
-0.14185182396398088
-0.18034035576659077
-0.21671425748907758
-0.25091571062597995
-0.2829143411416475
-0.31277138167658075
-0.34055978006176235
-0.3663093040592303
-0.39001114832491635
-0.4115775465621214
-0.430803615934301
-0.44744101299836364
-0.4611253284914246
-0.4714439933596618
-0.4780349491211734
-0.4806464215144959
-0.47909287907267195
-0.47352988616313035
-0.4641340577276737
-0.4512803620653559
-0.4353855972708731
-0.4168012142583167
-0.3958187852581179
-0.3726569811983975
-0.3474344585150025
-0.32016090589980284
-0.2908519783860423
-0.2594125873632857
-0.22580738662361982
-0.18998936067169964
-0.1520213276786449
-0.11209573490340942
-0.07056546049363244
-0.027924779182406063
0.015173482680973169
0.05801737472112943
0.09994580791754848
0.1403778105981847
0.17895400074614592
0.21541028011878238
0.24968101379545476
0.2817642079027427
0.3117040843972759
0.3395769138318341
0.36540097128095084
0.3891754656907974
0.41080741951376054
0.43013296732828576
0.4468715641383781
0.4606574529682909
0.47112936534955396
0.4778763565153363
0.48062097854744446
0.4792327195852077
0.47379693143472273
0.4645592902979812
0.45182480495400335
0.4360143269877829
0.41752341805725046
0.3966464065915163
0.3735369567139119
0.3483994503770749
0.32122109947862637
0.2919762599683715
0.260616675755636
0.22708845813596876
0.19135844042281014
0.15345896687317223
0.11361070468994558
0.07211259540556973
0.02952018602741019
-0.013573223456025194
-0.056442050111061716
-0.09841567840875484
-0.13892524100492382
-0.17755862609044534
-0.2141117783435111
-0.24846209719234164
-0.28061484506711043
-0.31064241228027134
-0.3385603178394788
-0.3644611727856533
-0.3883339546884321
-0.41005370291435167
-0.4294788124010207
-0.4463094920771044
-0.46022491018538
-0.4708034952251002
-0.4777013739337197
-0.4805828578298579
-0.47935571545693173
-0.4740797727027727
-0.46494263620647536
-0.4523443767103111
-0.43664212751592457
-0.41825365490209715
-0.3974374666711215
-0.3744395502822747
-0.34937542760273177
-0.3222533648779515
-0.2930998103776079
-0.2618093227731064
-0.22835623387955648
-0.19272057365263534
-0.15489252634404382
-0.11510909172989758
-0.07368319273466616
-0.031103561401814066
0.01198617820686071
0.054854120900821306
0.09688321314004741
0.13744834389693633
0.17616277240730666
0.2127945949052126
0.24723046435551893
0.2794494383779829
0.30954477605214625
0.3375686473395179
0.3635531894026823
0.3874757429125115
0.4092940958703889
0.428784876674347
0.4457453761884667
0.4597621755920364
0.4704855813357784
0.47751994144356363
0.480565123664482
0.4794913852610932
0.4743517496126243
0.4653576595054839
0.452875281265925
0.4372798583322509
0.41898048612347516
0.39824051828078283
0.3753336182896025
0.35033619128634924
0.3233016814898505
0.29420801578866485
0.26301997342746314
0.22964095496742354
0.1940635969381259
0.15632853688439083
0.11661265570860227
0.07523095987072254
0.032695441000693166
-0.01038298289707218
-0.05329159175316879
-0.09534216658351335
-0.1359652828826942
-0.17475736086672394
-0.21146866374856085
-0.2459813993449506
-0.27831435977666513
-0.30847976094481466
-0.33658741601280795
-0.36261831365114355
-0.38663528508607725
-0.40852889788138474
-0.4281203890915129
-0.44515192490923533
-0.45929047752494445
-0.47014545723248813
-0.4773238555807092
-0.48050377222895796
-0.47959708518188493
-0.47461083563266565
-0.46574922900735927
-0.4533845993587572
-0.4378951387432866
-0.41970361451360166
-0.39907473444151725
-0.3762268971596985
-0.35129931991288826
-0.32433168284358405
-0.29532972925872525
-0.2642231429278866
-0.23091336421531986
-0.1954397038168419
-0.15776821587967238
-0.11812755069276977
-0.07680331275939939
-0.03429463060668956
0.008785734447117362
0.05170886036068325
0.09380439266471342
0.13449937332850861
0.17337156481972932
0.21015413182912465
0.24475343858159873
0.27712480366358366
0.30740264882534285
0.3355679451856347
0.36170261815333526
0.38576629869896273
0.40774632436972896
0.4274350746827531
0.444566565072967
0.45883738324910406
0.4698031668546816
0.4771009985989002
0.4804546132895005
0.4797023735847096
0.4748620986954741
0.4661530341716002
0.4538887285100024
0.4385455197996952
0.4204075563295957
0.3998584603433206
0.37709055358372556
0.35224690744923237
0.32537301835739807
0.2964213889106404
0.26538893576808276
0.23217674213210956
0.19677683487795775
0.1591909959604268
0.11962839802781364
0.07833166761880721
0.03587236775238143
-0.00718316188636302
-0.05012843955665021
-0.09226138059962789
-0.13302185086511822
-0.17196842324333936
-0.20880944162174847
-0.24352161178273612
-0.2759956968494946
-0.3063122712736216
-0.33457591145650944
-0.360773333405024
-0.38494191345268647
-0.40698048704441836
-0.4267575095577291
-0.44399803195003823
-0.45835957450966974
-0.46946704326068445
-0.4769209698450288
-0.480429599867079
-0.4798098958888158
-0.47510663435072203
-0.46653810752721236
-0.4544085233553169
-0.4391654324425508
-0.42114667659874505
-0.4006686902319647
-0.3779944191287918
-0.3532123024089186
-0.3264097431823158
-0.29754235769370363
-0.2665894011802524
-0.2334719036520243
-0.19812317179872255
-0.16062799450608384
-0.12111290021321065
-0.07991050135460331
-0.037488953424875036
0.005579994890621447
0.048541586719381954
0.09073606475989719
0.13154804934511843
0.17055701956052718
0.20748033803542507
0.2422503421463143
0.2748045012453914
0.305205808305121
0.3335388304044514
0.3598243349610614
0.3840822742970536
0.4061800175801611
0.4260473247954605
0.4433799790990681
0.4578697392736893
0.46910864018376197
0.4766864409059438
0.4803417173483239
0.47990226778675954
0.4753378371126366
0.4669214806345953
0.4549343012755094
0.43977978390113825
0.42185349605778916
0.4014703370515319
0.3788516433305243
0.35416493135209576
0.32743190017652285
0.29865170840709276
0.26777261143561304
0.2347067943102404
0.19948399519889806
0.16206857069876435
0.12261127620975838
0.08144475417132654
0.039034777765748686
-0.003983501994812301
-0.04696921476383405
-0.08918746269169432
-0.13005681704700037
-0.16915683182577673
-0.2062042045921602
-0.24101284049909186
-0.27365989401007956
-0.30415650885072926
-0.3325358534036437
-0.35890199547261187
-0.3832246523681578
-0.40544987155634243
-0.42538270455752
-0.4428031118971197
-0.4574097691095624
-0.46875826087994915
-0.47649262128820064
-0.4803175239250347
-0.4800223147176824
-0.4756087863535912
-0.46729735902480385
-0.45542663714486786
-0.44041523619826367
-0.4225805064788949
-0.4022744131348273
-0.37975662723267395
-0.3551344029156586
-0.3284488287668721
-0.29976617628105395
-0.26894327962730663
-0.23601383108789262
-0.20084352255243337
-0.16349693045104444
-0.12413789374493737
-0.0830402781193189
-0.040637498186442335
0.002376731166221417
0.04534937978959173
0.08763679480781697
0.1285636977046627
0.16772313876444941
0.20481331048890963
0.2397521483179563
0.27247254711380303
0.30302179149877484
0.3315065924566073
0.3579301095869332
0.38234556421091626
0.40461058378041687
0.4246370551642062
0.4421969216662157
0.4568828230078337
0.46837330739198957
0.4762532009202579
0.4801709192031925
0.4800525341325947
0.4757968074543847
0.46763556541905976
0.455920884029621
0.44100290024875527
0.4232468814545373
0.4030359605946614
0.38057499976736714
0.3560221785621081
0.3294306269753538
0.3008078724077328
0.2700953529185499
0.23722384192261592
0.20212912345577586
0.16487026959124332
0.1255745790103714
0.08451581856302491
0.04216278442477792
-0.0008629162049428785
-0.04384723014985242
-0.0861629415491112
-0.12714531233061022
-0.16637154736993354
-0.20357736184954933
-0.23855361074890885
-0.27137799322073297
-0.3020387071070257
-0.330575534643883
-0.35706713304928356
-0.38154022182970215
-0.4039131373431933
-0.42404217024242846
-0.4416672268305092
-0.45648754420742416
-0.46809833331120043
-0.4761154620606544
-0.48024228800565016
-0.48024819637315963
-0.4761199416823907
-0.4680954472451592
-0.4565005721220661
-0.44168119751486895
-0.42405606982097704
-0.40394930541510876
-0.3815873656113767
-0.35714751890000823
-0.3306284276503797
-0.30207126022394193
-0.27142430643327137
-0.23861155002091938
-0.20363114906673713
-0.16643423322430617
-0.12721906470902988
-0.08624297169218173
-0.04394693133565608
-0.0009348406608379752
0.04206499741237101
0.08439471529701806
0.1254171949775054
0.16471518356802903
0.2019974539373241
0.23706826292587346
0.2699445766399962
0.30065566202862365
0.32929988682879163
0.35585135022859626
0.38039401525060246
0.4028427997526391
0.42303055959588326
0.44076023218485416
0.45568612247593837
0.46741202600655696
0.4755533926838776
0.4798178725920539
0.479911579553778
0.4759825445504407
0.468074063954254
0.4565971043043404
0.44188375130086394
0.42431205875841743
0.40423609218482887
0.38195803306120996
0.3575593996416735
0.3311326285882311
0.3026166442341842
0.27203568893852315
0.23927924422041158
0.2043841320599463
0.1672353853946931
0.12802482286670916
0.08706491809664961
0.04480562505255238
0.0017812128294360178
-0.04127937712672276
-0.08369619250243515
-0.12484343504238728
-0.16426700866136906
-0.20162850634378093
-0.2368571294136096
-0.26982759558906033
-0.30067242854037235
-0.3294341823706696
-0.3561753194209508
-0.38080813608665937
-0.4034010670438546
-0.42375045588447946
-0.4416449692882155
-0.4567421962003159
-0.4686652163516033
-0.4770418709051146
-0.4814946461143887
-0.4818946556425859
-0.47818310060758246
-0.4705085886522717
-0.4592404734194861
-0.44474316350100596
-0.42740793594319365
-0.4075451270134717
-0.38548509098718536
-0.3612804705277841
-0.33504942627682727
-0.30678732005988796
-0.2764827049934216
-0.24399328021245914
-0.20935472457403975
-0.1725503510988974
-0.13365895851929208
-0.09298559473453138
-0.05101944072996806
-0.008311695708269855
0.03440930660817756
0.07656400001660198
0.1173982566701405
0.156495823328526
0.1935167056509031
0.2283535786176429
0.26100846482115464
0.29142903384509433
0.3197200966506232
0.3459324410657381
0.37011754845090555
0.39213990647092073
0.41192555362469285
0.4291965548286987
0.4436372041794922
0.4548779664722457
0.462535977698641
0.4662553665410111
0.46581099931459596
0.4612231002349692
0.45269398578997405
0.4403702735041137
0.4247667423763621
0.4062174955925936
0.385096765107533
0.3616442637084633
0.33600298061506056
0.30817442709306764
0.27829987286594876
0.24625937896536174
0.2119640709238049
0.17551878752827843
0.1367993668592338
0.09602161992965721
0.05358334107476545
0.00990181434537313
-0.034271008942051734
-0.0781995487602555
-0.1209633116471931
-0.16181179796223516
-0.20006186653893857
-0.2352402826150495
-0.26702595632167014
-0.29523315477799184
-0.3198930053543481
-0.34092970861808813
-0.35844953982089467
-0.3725014540145592
-0.3829128912624412
-0.3896028982520828
-0.3922180530208616
-0.39053799260043226
-0.38415118707091284
-0.3729145831540764
-0.3566914308530298
-0.3355760282962697
-0.30980327787943646
-0.279938388425406
-0.24668438723409689
-0.210898219759456
-0.17352367395478183
-0.13563719808179941
-0.09812662794460564
-0.06182703934034858
-0.02746591283455981
0.004583158811660426
0.033885562620497266
0.06035026275318302
0.08394627366041177
0.10457171737169332
0.1223075769019903
0.13705797868004843
0.1487391394204155
0.15727808753702824
0.16258605122604924
0.16479490574457661
0.16377755991514306
0.15966271326377998
0.15283144986997688
0.14347425221665236
0.1319994715218598
0.11902285888911884
0.10505608605619346
0.09067302792309416
0.07651971684828456
0.06301712733887074
0.050624719642908135
0.03966227807263243
0.03007124701847506
0.022032405849540602
0.015406406781795222
0.010089237557959154
0.00585631919243077
0.002609430715428564
0.00003591249354422609
-0.001927889321515782
-0.003383085768923325
-0.004421052417499409
-0.005200953177781591
-0.00577434152413452
-0.006118453151830725
-0.0063314910158868976
-0.006412409684733943
-0.00643538220978592
-0.0063881463734763765
-0.006269223385409116
-0.0061009898980219366
-0.005940780490448115
-0.005760523726394771
-0.005588757167605133
-0.0053031917469131004
-0.005100868242787487
-0.004858722574955801
-0.004700195808104674
-0.004474359731410506
-0.004317246138180202
-0.004053232106548383
-0.0037998297708222092
-0.0036736553793324904
-0.0034890861728538243
-0.0032985786980473625
-0.0031394056892143176
-0.0029982548879433557
-0.002826533981276587
-0.0026348577507470444
-0.00255608031691985
-0.002392649929430197
-0.002285550668584336
-0.0021720012801766204
-0.002043748112368325
-0.0019253097956891546
-0.0018604884564708117
-0.001755201084318901
-0.0016799798128600636
-0.0015947684555006536
-0.001518322644591677
-0.0013992829592349215
-0.001366733386302727
-0.0012773349225465185
-0.0012337307595208181
-0.0011518035625445837
-0.0011244511342685796
-0.0010698456976075364
-0.0010065519496117818
-0.000952272450117557
-0.0008864973267118757
-0.0008482188283829785
-0.0008022196786456019
-0.0007927166920355576
-0.0007397956953579403
-0.0007348747018076468
-0.0006780393845938009
-0.0006302497878102275
-0.0006179848652905728
-0.0005882130693110937
-0.0005276895151574713
-0.000538710461993767
-0.00047590072319660234
-0.0004883186578309748
-0.00048496531851415897
-0.00046499388025765493
-0.00045005299960640096
-0.0004108254312277917
-0.00040026164301049084
-0.00039321053522362525
-0.0003564410355261962
-0.00034815572422672357
-0.00033731771683465246
-0.0003421440882953332
-0.0003307451931216606
-0.00034108670980026207
-0.0002856047436655888
-0.00028569157117638123
-0.00023611953476726182
-0.00022416617587109002
-0.00023453321748871268
-0.00019076968523781406
-0.00019602913096638156
-0.00019104162562470577
-0.00018282913613983147
-0.00018489449226363153
-0.0001961367625583542
-0.0001984750293403867
-0.0001579462447293623
-0.00016988623705676376
-0.00019242627536663004
-0.00015519931487509628
-0.00019169450742053624
-0.0001823953811972654
-0.0001411763031811137
-0.00013038031117722964
-0.00014310541900503385
-0.0000949504577056276
-0.00016830156251606843
-0.00010448566423744136
-0.00008487145126692726
-0.00010886450213769707
-0.0000863370001695369
-0.00010519875882250064
-0.00010714501288892157
-0.00007806547615771016
-0.00007971148885334235
-0.0001081582859096696
-0.00008716168347838893
-0.00005142883300319046
-0.00010794092973258594
-0.00008591239345427297
-0.000054634342436229125
-0.00011828842950604313
-0.00010951880213094423
-0.0000799121996096515
-0.00009218306650460172
-0.0000694229150197124
-0.00010523222359075874
-0.0000790311964588175
-0.000053266645557923335
-0.00007248042668077667
-0.000044401568555520166
-0.00006212332209162175
-0.00005382913632631673
-0.00007372966611984548
-0.000035433531891734295
-0.00005631855144424514
-0.00004966339889730347
-0.00007157557886526527
-0.000014725968912717374
-0.00003445794065258935
-0.00002804516837613694
-0.00004846722350824029
-0.0000363023072193494
-0.00002786310791563097
-0.00001689142508879861
0.000030142956146440815
-0.00002278905311692868
-0.00003363254883183486
-0.000016789725745680635
-0.00004196889069505483
-0.000013382964916451924
-0.000030465590749908136
0.00001390289590141176
-0.0000266431507975818
-0.00006839517236222558
-6.9600883238028896e-6
-0.00008069989079501145
-7.450516223449733e-6
-0.000017250195867081264
-0.000026171431651127867
-0.00002680520043507528
-0.000014039958218175526
-0.00002796130916608649
-0.00005451418699781778
-0.00007153589678362505
-0.000010510182732771076
0.000019480265920165465
-0.00003284827865861061
-8.106453793972861e-6
-0.000054079211729617815
-0.00002411995858657691
-0.00005741505354559823
-0.000025679617106848745
-0.000014141344524554775
0.000043999888187858056
1.6009247928218775e-6
-4.407676660002499e-6
2.1110714070892783e-6
-0.000015959851303968516
-0.00011358792521669701
-0.000019412172608789803
7.236855838754255e-6
0.00003216641971353028
-0.000012247531203533797
0.00002584217409649103
-0.00001979246319813071
-0.000039090364925085254
-1.956996070033139e-6
-0.00005337894585020912
0.00001066184954914573
0.000027798938381356618
-1.9296218395948605e-6
-0.000017136173256558026
-0.0000178875293334914
-6.88118465059295e-6
0.00002487633502429156
-5.926309750121007e-6
-0.00006996574382300769
5.142720048260109e-6
4.1881735097396295e-6
8.749379960160837e-6
0.00003356390769960649
-0.000023542413026390415
-0.000054627492100310524
0.000049954026995440845
-0.000026290791441323692
-0.00003956629307609752
0.000050106321974600143
-0.000027720158956512994
-0.000021128652936605718
0.00002314712767499438
-0.000015680914119006942
5.495029180471185e-7
-0.00006262185016302378
-7.860391355648337e-6
-1.3288511181950548e-6
-0.00001210484950937728
-0.000011927467721577722
-0.000013439447395212575
0.00005563900991481836
-0.000022122813245416534
0.00001673970065628971
0.000016555666058816896
-0.00001810386661967894
0.000036596149217043
5.503211836238369e-6
-7.80972816035838e-6
-0.000034977442105157985
1.7058587895718355e-6
-4.636185393303317e-6
5.167987034414202e-6
-0.000010894168931912913
-0.00002327214341551279
-0.00001603584676551517
-7.229888576402318e-7
