3.5227189032120785e-9
3.562534711117819e-9
3.60282552215542e-9
3.6437152582442706e-9
3.68512051860615e-9
3.727067602446235e-9
3.769584668705592e-9
3.812620449486322e-9
3.856294384041505e-9
3.900392759754227e-9
3.945300553638789e-9
3.9906859043137965e-9
4.036655718280658e-9
4.083308707650342e-9
4.130540059452934e-9
4.178379068990193e-9
4.226893617972936e-9
4.276015567147021e-9
4.325796651351006e-9
4.376311743057304e-9
4.42748557745831e-9
4.479346625857346e-9
4.5318667977704614e-9
4.585148598469392e-9
4.6391124749473285e-9
4.693802143577244e-9
4.74926220739305e-9
4.805400417847342e-9
4.862336494897936e-9
4.920144614706152e-9
4.978522556527249e-9
5.037950096062508e-9
5.09802476771881e-9
5.1589513946059464e-9
5.22073523567304e-9
5.283309959741485e-9
5.346783193435859e-9
5.4110786095918274e-9
5.476259463334632e-9
5.542418138638495e-9
5.6094081073883576e-9
5.677331112306363e-9
5.746177234380609e-9
5.8159937803803515e-9
5.886769109838345e-9
5.958481402738418e-9
6.031175073918108e-9
6.104905807671169e-9
6.17966807411005e-9
6.255441579586006e-9
6.33223760098026e-9
6.410082334788213e-9
6.489053577894477e-9
6.56911930786467e-9
6.6502288803114605e-9
6.732482431808912e-9
6.8158697202468215e-9
6.9003938988714655e-9
6.986161796167752e-9
7.073047784462161e-9
7.161170504628685e-9
7.250478873641005e-9
7.34101752545223e-9
7.4328067302301285e-9
7.525913206079492e-9
7.620270712303792e-9
7.71593268501283e-9
7.812832422711582e-9
7.911169479018938e-9
8.010814561819449e-9
8.111873224819243e-9
8.214337372284306e-9
8.31817575996084e-9
8.423433948830106e-9
8.530147736329882e-9
8.638247923344657e-9
8.747960746056712e-9
8.859130942222573e-9
8.971752070443233e-9
9.085970762199295e-9
9.201660497671681e-9
9.319050756725989e-9
9.437952825429585e-9
9.55847554231412e-9
9.680625992262978e-9
9.804429490994305e-9
9.929876609254775e-9
1.0056994119068078e-8
1.0185876669282176e-8
1.031641979673251e-8
1.044871478828437e-8
1.0582734970960949e-8
1.0718550532783349e-8
1.0856182700377194e-8
1.099557573840735e-8
1.1136837960842384e-8
1.1279853756635783e-8
1.1424758047772232e-8
1.1571583371013132e-8
1.1720192029060556e-8
1.1870732356330002e-8
1.2023148441829773e-8
1.2177551107675688e-8
1.2333777095071099e-8
1.2492094495639485e-8
1.2652263579436744e-8
1.2814410233386027e-8
1.2978500279947188e-8
1.314463327131983e-8
1.3312636567385067e-8
1.3482724686080066e-8
1.36547905788764e-8
1.3828787415475945e-8
1.4004847208953714e-8
1.4182844617258474e-8
1.4362802681540685e-8
1.4544843243587034e-8
1.4728770005597854e-8
1.4914686571599344e-8
1.5102501768681042e-8
1.5292312484810384e-8
1.5484078937518625e-8
1.567772996092885e-8
1.587321801097534e-8
1.607058768697507e-8
1.6269804918913788e-8
1.6470765107033165e-8
1.6673483429385977e-8
1.6877893369494657e-8
1.7084044454803833e-8
1.7291730298761752e-8
1.7500983548648168e-8
1.7711762236386372e-8
1.7923985982779067e-8
1.8137556928426237e-8
1.835238804371193e-8
1.8568460013480485e-8
1.8785618649742004e-8
1.9003787303587654e-8
1.9222859286456197e-8
1.9442686440718594e-8
1.9663157735194018e-8
1.9884152466124974e-8
2.0105581838541846e-8
2.0327125862054985e-8
2.0548774269692056e-8
2.0770272511183134e-8
2.0991442310036513e-8
2.1212093032223547e-8
2.1431984670716648e-8
2.165079901343258e-8
2.1868412703274793e-8
2.2084500266550093e-8
2.2298768011189132e-8
2.2510925430382984e-8
2.272057303638573e-8
2.2927398966942526e-8
2.3131048983447503e-8
2.333107874825944e-8
2.352709164831337e-8
2.3718634323590043e-8
2.390515079745221e-8
2.4086125554142634e-8
2.4261045748530423e-8
2.4429393508203413e-8
2.459041239406121e-8
2.4743455224057448e-8
2.4887869880658146e-8
2.5022786435306732e-8
2.5147448071016477e-8
2.5261057928852345e-8
2.536256854228864e-8
2.5451073786919685e-8
2.5525583843611102e-8
2.5584836701976247e-8
2.5627811297853272e-8
2.565318778495625e-8
2.5659635569103758e-8
2.5645722085322682e-8
2.5609964877252354e-8
2.555066489150541e-8
2.5466267990135782e-8
2.5354784505131213e-8
2.5214349608398195e-8
2.5042920927564468e-8
2.483819713558724e-8
2.4597974028208346e-8
2.4319627470560547e-8
2.400060181420693e-8
2.363799274805393e-8
2.3228866986697182e-8
2.276990491805357e-8
2.225773007467234e-8
2.1688724104612633e-8
2.1058967210119347e-8
2.0364347999837712e-8
1.9600386389211412e-8
1.876253651041839e-8
1.7845479782652738e-8
1.684408562120307e-8
1.5752536990292132e-8
1.45648388544069e-8
1.327427835072727e-8
1.1874099994183431e-8
1.0356668165112938e-8
8.714287317657128e-9
6.938314432454499e-9
5.01965920073567e-9
2.9486994621420153e-9
7.150922665698502e-10
-1.6923980920664875e-9
-4.285462855239101e-9
-7.076908175925661e-9
-1.0080315523168673e-8
-1.3310135554224268e-8
-1.678211900464395e-8
-2.0512918102498134e-8
-2.4520511066180747e-8
-2.8823983960137758e-8
-3.344418100410938e-8
-3.840296814841583e-8
-4.3724391076201536e-8
-4.943368503443713e-8
-5.555852075959011e-8
-6.21281834712429e-8
-6.917456587450858e-8
-7.673160082059522e-8
-8.483605217760356e-8
-9.352744446389817e-8
-1.0284824730663076e-7
-1.1284456975162586e-7
-1.2356566305532004e-7
-1.3506503726096876e-7
-1.4740024014617547e-7
-1.6063352198233719e-7
-1.748320138713528e-7
-1.9006845273913128e-7
-2.064213775358397e-7
-2.2397582391537063e-7
-2.428240528300935e-7
-2.6306562526339103e-7
-2.848088588333251e-7
-3.0817097034943615e-7
-3.3327954995865446e-7
-3.6027278306418357e-7
-3.8930118013490224e-7
-4.2052814774042694e-7
-4.5413180791010164e-7
-4.903059790032789e-7
-5.292619027009815e-7
-5.712301767886617e-7
-6.164622531464476e-7
-6.652329969493267e-7
-7.1784272202013e-7
-7.746202403375587e-7
-8.359254609561561e-7
-9.021526857946684e-7
-9.737346907284508e-7
-1.0511465738930622e-6
-1.1349103050508793e-6
-1.2255999968048718e-6
-1.3238478998299758e-6
-1.4303505503598421e-6
-1.5458765793057778e-6
-1.6712745900903817e-6
-1.8074828275732352e-6
-1.9555396066488447e-6
-2.1165952880014756e-6
-2.2919258335478093e-6
-2.482948087664292e-6
-2.6912376441889277e-6
-2.9185481733989324e-6
-3.16683460869123e-6
-3.438278649353559e-6
-3.7353188830547044e-6
-4.060684152629218e-6
-4.417432986163853e-6
-4.808998381657374e-6
-5.239239076334183e-6
-5.712499536062305e-6
-6.233678671706225e-6
-6.808309834362969e-6
-7.44265338837461e-6
-8.143804890756714e-6
-8.919820599260376e-6
-9.779864906501722e-6
-0.000010734382623373707
-0.000011795301257399242
-0.000012976269430930338
-0.00001429293794026071
-0.00001576329280963048
-0.00001740804976878977
-0.00001925112408014797
-0.000021320191322683434
-0.00002364735755145326
-0.000026269964850830954
-0.000029231560418984448
-0.000032583067917801364
-0.00003638420654244757
-0.00004070521772610116
-0.000045628972763815616
-0.000051253554566532716
-0.00005769543413556901
-0.00006509339229943013
-0.00007361338312071185
-0.00008345459041874709
-0.00009485700338236897
-0.00010811093712869515
-0.0001235690536212487
-0.00014166161503612108
-0.00016291593929821857
-0.00018798134510849762
-0.00021766131139567575
-0.00025295516796762735
-0.00029511245294636975
-0.0003457041908143467
-0.0004067168954432219
-0.00048067723698906676
-0.0005708182464990876
-0.0006813019424345367
-0.0008175186630238274
-0.000986490474361106
-0.001197414933123035
-0.0014623957599551912
-0.0017974168272487827
-0.0022236204515785046
-0.0027689394806448505
-0.003470083171196455
-0.004374749038280975
-0.005543660265446868
-0.0070515187919199685
-0.008985130912514665
-0.011435838255978123
-0.01448245112985582
-0.01816125037200294
-0.0224244036024191
-0.02710243488047561
-0.03188858259878613
-0.03641078996917053
-0.040300591970305825
-0.04338795362397738
-0.045719070693124614
-0.04741831741745499
-0.04824507251515213
-0.048310602454980416
-0.04764597031656035
-0.04610200069431522
-0.04388285143416187
-0.04095682348149701
-0.03721233222967623
-0.03278332990624051
-0.028011724685384213
-0.023275547135711908
-0.018902730214993103
-0.015090453955915961
-0.011908210624698445
-0.009332917069779057
-0.007291293703762449
-0.005692628340342762
-0.004448199665716752
-0.0034804233961276475
-0.002725594163248637
-0.0021333211164124366
-0.0016646076109916713
-0.0012896235617644012
-0.0009856503628889201
-0.0007353662139697504
-0.0005254890958860371
-0.0003457333675444456
-0.00018801896898290734
-0.00004587458926057125
0.00008601469627467073
0.00021215462187048158
0.00033651408965156384
0.00046274591021707064
0.0005943738599115281
0.0007349602719557596
0.0008882659279284593
0.0010584125798245734
0.0012500578020786983
0.0014685918968909085
0.001720367107643453
0.0020129702896318296
0.002355551213745538
0.002759219464891098
0.00323752279087681
0.0038070176181861973
0.00448793638917267
0.005304943324558068
0.0062879454520133014
0.007472882244381244
0.008902345218739678
0.010625769271947041
0.012698798905326509
0.01518128816864583
0.018133071746120277
0.021605915069884005
0.025632038011214706
0.030216015118567845
0.03531290967266827
0.04077421069399524
0.04644314922147199
0.05216479132707405
0.057433974043600365
0.06219395297154372
0.06644869848728803
0.06957247664491248
0.07255644254475432
0.07557348483683184
0.07749033819751512
0.07846140861366284
0.07901054938498127
0.07936507132009817
0.07959976485254644
0.07974079697502824
0.07979839412290102
0.07977604764340815
0.07967281597015882
0.07948282619353068
0.07919110042658542
0.07875820850234766
0.07806692953660029
0.07677705742492777
0.07433870115744502
0.0711719152272341
0.06827331257921167
0.06468442540987701
0.06011579174294927
0.05516929104970319
0.04962170909167124
0.0438402267700621
0.03819666881942682
0.03280326280523597
0.02783729204631907
0.023401254887756733
0.019512217657239282
0.016151114256097866
0.013273263886391672
0.010818288190658429
0.008720517487862641
0.006915034012872302
0.005340521272103201
0.003940208411988226
0.0026615713384920098
0.0014552490943248047
0.00027349562519228716
-0.0009316327262225575
-0.0022102224962739486
-0.00361645791289477
-0.005210403618045807
-0.0070592952566195235
-0.009237782508376164
-0.011826246396721645
-0.014905990126276133
-0.018549676538692043
-0.022804879262776728
-0.027674024412396938
-0.03309436647120756
-0.03889176371502132
-0.04483236251218502
-0.05063629082414904
-0.055878606250060074
-0.060520578278201384
-0.06425774167281759
-0.0674801520552165
-0.07040282572896582
-0.0723269327510686
-0.07345587745032815
-0.07419955574523315
-0.07474377563645468
-0.07516290800694014
-0.0754927751674695
-0.07575451915106675
-0.07596235977283572
-0.07612650579898646
-0.07625448242472034
-0.07635186086067447
-0.07642271501679287
-0.07646992605622469
-0.07649538712476374
-0.0765001345836839
-0.07648442013763716
-0.0764477312495756
-0.07638876202576951
-0.0763053319932822
-0.07619424495998373
-0.07605107309940141
-0.07586983939429229
-0.07564254547980793
-0.07535842331853487
-0.07500258471598721
-0.0745530816106603
-0.07397311232108103
-0.07318710832505895
-0.07200778887366921
-0.0700234380324162
-0.06702839244008468
-0.06371866608642145
-0.0598757190467101
-0.05510507270436492
-0.04970562224984484
-0.04370906617418081
-0.037531451520178304
-0.03144138457739288
-0.025658449703686952
-0.020338738678131966
-0.015522239100896184
-0.011178000738365374
-0.007223041819259618
-0.0035413956907672916
2.101423890826655e-8
0.0035414242100022847
0.007223029604376173
0.011177919942158823
0.015522060825779695
0.02033843252901931
0.025657983312629244
0.03144072309093201
0.037530557039195195
0.04370789712900335
0.049704132714200426
0.05510321160452105
0.0598734292765151
0.06371588351322574
0.06702504470820803
0.07001944332038902
0.07200305430003529
0.07318152815239981
0.07396656591850972
0.07454543103708833
0.07499367188941647
0.07534806669894666
0.07563053616843557
0.07585593653518229
0.07603499844373862
0.07617567642468155
0.076283896008815
0.07636402442125445
0.0764191863691759
0.07645147780838643
0.07646210446980768
0.07645145989172761
0.07641915063022868
0.07636397105021209
0.07628382529410813
0.07617558875706132
0.07603489432184878
0.0758558165720782
0.0756304011006337
0.07534791739624792
0.07499350936767607
0.07454525647312213
0.07396638067000183
0.07318133378790666
0.07200285265362381
0.07001923652177142
0.06702483491647936
0.06371567309627282
0.0598732213562035
0.0551030093534051
0.04970393977743903
0.04370771755980521
0.03753039536823492
0.031440584495379106
0.02565787362684385
0.020338358369653066
0.015522029675190351
0.011177940246818762
0.007223110892158457
0.0035415772230784452
2.578641334979253e-7
-0.0035410613443446325
-0.007222594562679365
-0.011177423167439046
-0.015521511548865862
-0.020337838903555325
-0.025657352533343305
-0.031440061494248155
-0.03752987018968396
-0.04370718993490721
-0.04970340945370825
-0.05510247607090583
-0.05987268484622848
-0.06371513310849154
-0.06702429113305902
-0.07001868872864422
-0.0720023006235651
-0.07318077724784841
-0.07396581936993511
-0.07454469018562628
-0.07499293788163004
-0.07534734051604144
-0.07562981864680943
-0.07585522838330484
-0.0760343002568928
-0.07617498869761732
-0.07628321914731648
-0.07636335875230628
-0.07641853214968738
-0.07645083523355485
-0.07646147368036918
-0.07645084098008344
-0.07641854364654828
-0.07636337600706584
-0.07628324217141483
-0.07617501750598163
-0.07603433486830814
-0.07585526882022399
-0.07562986493513418
-0.07534739268524965
-0.07499299596431648
-0.07454475421660266
-0.07396588938460015
-0.07318085327553762
-0.07200238266923846
-0.07001877676950677
-0.0670243852784526
-0.06371523351884432
-0.05987279145569994
-0.05510258899150451
-0.0497035287702068
-0.04370731576765128
-0.03753000268806363
-0.03144020078034133
-0.02565749873610672
-0.020337992136564786
-0.015521671916356889
-0.011177590769346612
-0.00722276949793841
-0.0035412437136192344
6.795618861922166e-8
0.0035413796669515846
0.007222905573670328
0.01117772704768205
0.015521808474564356
0.020338129047174785
0.025657636064688794
0.03144033858189616
0.03753014100283744
0.043707454638080304
0.04970366821545516
0.05510272904971927
0.05987293218871917
0.0637153749659518
0.06702452760793878
0.07001891997914124
0.07200252679330307
0.07318099844372981
0.07396603570346914
0.07454490177278814
0.07499314483759885
0.07534754295406212
0.07563001667763607
0.07585542211509634
0.07603448979502843
0.07617517414494682
0.07628340060410786
0.07636353631618097
0.07641870591589522
0.07645100529489555
0.07646164012716436
0.07645100390056377
0.07641870312630109
0.07636353212989522
0.07628339501871717
0.0761751671572711
0.07603448140101535
0.07585541230992014
0.07563000545562013
0.0753475303083659
0.07499313076044169
0.07454488625505093
0.07396601873399218
0.07318098000637997
0.07200250686043644
0.07001889850962081
0.06702450461020525
0.0637153504659369
0.05987290612163197
0.05510270141808769
0.04970363900848631
0.043707423856914784
0.037530108657492386
0.031440304669329705
0.025657600582310796
0.020338091984156984
0.01552176981406324
0.011177686769088863
0.007222863653794948
0.00354133608111069
2.2679250472245063e-8
-0.003541290707015751
-0.007222818232994174
-0.011177641271862096
-0.015521724212989647
-0.02033804625680401
-0.02565755471267444
-0.03144025865132341
-0.03753006249968628
-0.04370737756663807
-0.0497035926148342
-0.05510265493457387
-0.05987285953957116
-0.06371530379811237
-0.06702445775217432
-0.070018851508143
-0.072002459734405
-0.07318093268954097
-0.07396597117945038
-0.07454483843463716
-0.07499308265248927
-0.07534748189317542
-0.07562995671445999
-0.07585536322464628
-0.07603443195343101
-0.07617511732914907
-0.07628334479197961
-0.07636348148631339
-0.07641865204751433
-0.07645095236799102
-0.07646158812217625
-0.0764509527985281
-0.07641865290908231
-0.07636348277961484
-0.07628334651822417
-0.07617511948999872
-0.07603443455111229
-0.07585536626202206
-0.07562996019517267
-0.075347485822069
-0.0749930870358997
-0.07454484328183687
-0.07396597650600398
-0.07318093852860506
-0.07200246616843273
-0.07001885867483613
-0.06702446556746575
-0.06371531209678294
-0.05987286855549068
-0.05510266460132257
-0.04970360292045921
-0.04370738844531763
-0.037530073842932256
-0.03144027040605276
-0.025657566822247086
-0.02033805870001677
-0.01552173699359741
-0.011177654410101611
-0.007222831761463721
-0.0035413046647171024
8.250026299953368e-9
0.003541321137266542
0.00722284815312447
0.011177670672031457
0.01552175308754108
0.02033807460605644
0.02565758254560874
0.031440285990569396
0.03753008938547754
0.04370740403677182
0.049703618736718296
0.055102680750645665
0.059872885064394026
0.06371532907492022
0.06702448266162787
0.07001887615139846
0.07200248416369623
0.07318095683567655
0.07396599500454477
0.07454486192809848
0.07499310581288951
0.07534750472270159
0.0756299792165914
0.07585538540326463
0.07603445381292381
0.07617513887421765
0.07628336602727162
0.07636350241666727
0.07641867267805773
0.07645097270346736
0.07646160816767038
0.0764509725587971
0.07641867238896384
0.07636350198417803
0.07628336545271507
0.07617513815899907
0.07603445295978542
0.07585538441574649
0.07562997809946267
0.07534750348247451
0.07499310445850534
0.07454486047437633
0.07396599347901911
0.07318095530103774
0.07200248278276662
0.07001887519949139
0.06702448196032625
0.0637153282784803
0.05987288464335591
0.05510268055953512
0.04970361874095096
0.04370740409072218
0.037530089254784106
0.0314402855525771
0.025657581668512803
0.02033807322837754
0.015521751196006017
0.011177668284823217
0.007222845308860784
0.0035413178848248787
4.6401887088764895e-9
-0.0035413085828780435
-0.007222835942817729
-0.011177658815790428
-0.015521741591687748
-0.02033806346873085
-0.025657571751450354
-0.031440275501137656
-0.037530079129409664
-0.0437073939491112
-0.04970360869688249
-0.05510267068449443
-0.059872874952399416
-0.06371531884248638
-0.06702447254116371
-0.07001886596598694
-0.07200247382229678
-0.07318094647511472
-0.07396598470494957
-0.07454485171829447
-0.07499309570485803
-0.07534749472144073
-0.07562996932492262
-0.07585537562263123
-0.0760344441436241
-0.07617512931641317
-0.0762833565804181
-0.07636349308001905
-0.07641866345019509
-0.07645096358315229
-0.07646159915323478
-0.07645096364903659
-0.07641866358187724
-0.07636349327750235
-0.07628335684413884
-0.07617512964610954
-0.07603444453962933
-0.07585537608468934
-0.07562996985339314
-0.07534749531638003
-0.07499309636661493
-0.07454485244706113
-0.07396598550054556
-0.07318094733798083
-0.07200247475115594
-0.07001886695967846
-0.06702447360167216
-0.06371531997297863
-0.05987287614976375
-0.055102671951565436
-0.049703610034563146
-0.043707395360114344
-0.03753008061688409
-0.03144027706781352
-0.02565757340139721
-0.02033806520519093
-0.015521743419284266
-0.011177660738855778
-0.00722283796746198
-0.003541310715852063
2.3906775407425787e-9
0.0035413155089325152
0.007222842796512665
0.011177665625643058
0.015521748381493882
0.020338070253512756
0.025657578536304956
0.03144028227506677
0.037530085860547256
0.04370740060696628
0.04970361521900406
0.05510267703234497
0.059872881119014516
0.06371532478936263
0.06702447840389256
0.07001887164985984
0.0720024792781189
0.07318095178176298
0.07396598990956964
0.07454485684046912
0.07499310075365406
0.07534749970214502
0.07562997424112143
0.07585538047711578
0.07603444893904601
0.07617513405431875
0.07628336126236242
0.07636349770737878
0.07641866802450022
0.07645096810485084
0.07646160362379756
0.07645096806862534
0.07641866795155773
0.07636349759744047
0.07628336111433565
0.07617513386743899
0.07603444871170326
0.07585538020757165
0.07562997392623012
0.07534749933848425
0.07499310033549741
0.07454485636009259
0.0739659893512496
0.07318095111061004
0.07200247840322015
0.07001887041776608
0.0670244769145464
0.06371532323531527
0.059872879238504415
0.05510267490630785
0.049703612867846844
0.0437073981129598
0.037530083355519175
0.03144027982940345
0.025657576226051214
0.02033806811632425
0.015521746428507174
0.011177663852566586
0.0072228411887797165
0.0035413140474412678
1.0570566630199418e-9
-0.0035413119371165563
-0.0072228390895393525
-0.0111776617712111
-0.015521744370636257
-0.02033806608571483
-0.02565757422319534
-0.031440277850987484
-0.03753008139020668
-0.04370739615024825
-0.049703610886879475
-0.05510267289382986
-0.05987287718955283
-0.06371532113728622
-0.06702447480831723
-0.07001886827218726
-0.07200247620234049
-0.07318094887824662
-0.07396598710156561
-0.07454485409801999
-0.07499309806350236
-0.07534749705725387
-0.07562997163678775
-0.07585537790987709
-0.07603444640668876
-0.07617513155461383
-0.07628335879391249
-0.07636349526862912
-0.07641866561497501
-0.07645096572434938
-0.07646160127121122
-0.07645096574383227
-0.07641866565447322
-0.07636349532827316
-0.07628335887420615
-0.07617513165623542
-0.07603444653046293
-0.07585537805786699
-0.07562997181021863
-0.07534749725908202
-0.07499309829688741
-0.07454485436915236
-0.07396598742052125
-0.0731809492685939
-0.07200247672550832
-0.07001886903207052
-0.06702447573739653
-0.06371532210605209
-0.05987287837452755
-0.05510267424033214
-0.049703612382254535
-0.0437073977388377
-0.03753008298345563
-0.03144027940210292
-0.025657575682077147
-0.020338067427654812
-0.01552174558888737
-0.011177662870364808
-0.007222840081545681
-0.0035413128368233936
2.3509181921051536e-10
0.00354131328936172
0.0072228404835122054
0.011177663190902055
0.015521745803375888
0.020338067522069656
0.025657575657613126
0.031440279281471126
0.037530082820979034
0.04370739758476017
0.04970361233679392
0.05510267436347404
0.05987287868025015
0.0637153226553368
0.06702447632208047
0.07001886980506093
0.07200247776377944
0.07318095044854282
0.07396598866997106
0.0745448556602859
0.07499309961776775
0.07534749860213255
0.07562997317210737
0.07585537943424302
0.0760344479199017
0.07617513305727408
0.07628336028556909
0.0763634967493315
0.07641866708361379
0.07645096718142029
0.07646160271687434
0.07645096717826491
0.07641866707759838
0.07636349674057827
0.07628336027494464
0.07617513304587292
0.07603444790952607
0.07585537942640055
0.0756299731685953
0.0753474986071843
0.0749930996358144
0.0745448556997444
0.07396598874434718
0.07318095058998032
0.07200247805535971
0.07001887038745992
0.0670244771042516
0.06371532346143002
0.059872879750022916
0.055102675623763406
0.04970361376874862
0.043707399114956115
0.037530084330002364
0.031440280706646916
0.025657576931428845
0.02033806861246622
0.015521746703447073
0.011177663908195768
0.007222841036214291
0.0035413137012071318
5.293758104933386e-10
-0.0035413126369193758
-0.007222839956229987
-0.011177662802321372
-0.015521745562795874
-0.02033806743235917
-0.025657575709684827
-0.03144027944785169
-0.037530083048263815
-0.04370739782404386
-0.04970361249585725
-0.05510267438699184
-0.05987287855451719
-0.06371532232473426
-0.06702447597329955
-0.0700188692990426
-0.07200247703144168
-0.07318094960089269
-0.07396598777167111
-0.07454485473616462
-0.0749930986784919
-0.07534749765393012
-0.07562997221793956
-0.07585537847766186
-0.0760344469624716
-0.07617513209945262
-0.07628335932908267
-0.07636349579510364
-0.07641866613238092
-0.07645096623259089
-0.07646160177130885
-0.07645096623538837
-0.07641866613767988
-0.07636349580313506
-0.07628335933957363
-0.07617513211190641
-0.07603444697534266
-0.0758553784910553
-0.07562997223015244
-0.07534749766359528
-0.07499309868308583
-0.07454485473238524
-0.0739659877516928
-0.07318094954837369
-0.07200247690258436
-0.07001886902028984
-0.06702447559323456
-0.06371532193791858
-0.05987287803466025
-0.05510267377439744
-0.04970361180222714
-0.043707397090430075
-0.037530082341518146
-0.03144027880378574
-0.02565757516928911
-0.020338067018201185
-0.015521745285945313
-0.011177662666972678
-0.007222839963933668
-0.0035413127892391857
2.296132613967127e-10
0.003541313247400288
0.007222840419298836
0.011177663117344298
0.015521745729290572
0.020338067453453373
0.02565757559476065
0.0314402792204859
0.03753008274985201
0.04370739749337478
0.04970361220297387
0.0551026741777309
0.0598728784412597
0.06371532235136809
0.06702447600745844
0.07001886943902531
0.07200247733123993
0.07318094998255437
0.07396598818962485
0.07454485517182992
0.07499309912453506
0.07534749810688837
0.07562997267457358
0.07585537893641453
0.07603444742215619
0.0761751325595354
0.07628335978832991
0.07636349625318183
0.07641866658869219
0.07645096668796823
0.07646160222480694
0.07645096668748762
0.07641866658830294
0.07636349625202243
0.07628335978779356
0.07617513255978135
0.07603444742422956
0.07585537894079605
0.07562997268245375
0.0753474981205224
0.07499309914736103
0.07454485520738056
0.0739659882450599
0.07318095007710847
0.07200247751027196
0.07001886978283468
0.06702447646328814
0.06371532282086838
0.059872879058146276
0.05510267489965534
0.04970361301921437
0.043707398361578144
0.03753008359970743
0.03144028001511983
0.02565757629396623
0.02033806803558185
0.015521746186925327
0.011177663451096618
0.0072228406329532665
0.003541313348106288
2.2205585676264392e-10
-0.00354131290103138
-0.007222840178659072
-0.011177662984975908
-0.015521745705688317
-0.020338067538529448
-0.025657575783081168
-0.03144027949554443
-0.03753008308135529
-0.04370739785300246
-0.049703612540419446
-0.05510267445777777
-0.05987287865482183
-0.06371532246600302
-0.06702447611710628
-0.07001886947512977
-0.07200247725315606
-0.07318094984556842
-0.07396598802648957
-0.07454485499579039
-0.07499309894070223
-0.07534749791735158
-0.07562997248166246
-0.07585537874221297
-0.0760344472269922
-0.07617513236367611
-0.07628335959278174
-0.0763634960573137
-0.07641866639432705
-0.07645096649441079
-0.07646160203161186
-0.0764509664954363
-0.07641866639668536
-0.0763634960608098
-0.07628335959607414
-0.07617513236769255
-0.07603444723080004
-0.07585537874673623
-0.07562997248505286
-0.07534749791901059
-0.07499309893852353
-0.07454485498907545
-0.0739659880116445
-0.07318094981516164
-0.07200247718458383
-0.07001886933089539
-0.06702447592270977
-0.06371532226697718
-0.059872878390924256
-0.055102674147501265
-0.049703612188073586
-0.04370739748098941
-0.03753008272085689
-0.031440279164268926
-0.02565757550160615
-0.02033806731790513
-0.01552174555025831
-0.01117766289568445
-0.007222840156401976
-0.0035413129444235867
1.1283580027524797e-10
0.0035413131703146234
0.0072228403857603745
0.011177663130067695
0.01552174579252966
0.020338067568566893
0.025657575761056792
0.03144027943213623
0.03753008299245776
0.043707397752963575
0.0497036124542721
0.05510267440349246
0.05987287863565072
0.06371532249743901
0.06702447615129899
0.07001886954727028
0.07200247738253121
0.07318095000374271
0.07396598819646664
0.07454485517134776
0.07499309911929258
0.07534749809786852
0.07562997266319564
0.07585537892343014
0.07603444740823136
0.07617513254480457
0.07628335977237279
0.07636349623683364
0.07641866657271525
0.07645096667134947
0.07646160220825525
0.0764509666712331
0.07641866657157616
0.07636349623576658
0.07628335976983273
0.0761751325426627
0.07603444740458257
0.07585537892132316
0.0756299726611202
0.0753474980964415
0.07499309912059696
0.07454485517628036
0.07396598820569605
0.0731809500246143
0.07200247743012643
0.07001886964407958
0.06702447628235864
0.06371532263191323
0.05987287881562336
0.05510267461476403
0.049703612695166814
0.043707398007723997
0.03753008324196319
0.03144027966387719
0.02565757596346631
0.020338067734077658
0.015521745919624234
0.011177663219230752
0.0072228404374803734
0.003541313187736279
9.683701557636114e-11
-0.0035413129911610135
-0.00722284023279166
-0.011177663001565464
-0.015521745686384735
-0.020338067480798076
-0.025657575688125964
-0.03144027936914229
-0.03753008293369401
-0.043707397692944135
-0.0497036123862328
-0.05510267432007587
-0.05987287853910522
-0.06371532238181103
-0.0670244760343968
-0.07001886941602192
-0.07200247723072628
-0.07318094984303472
-0.07396598803190028
-0.07454485500647272
-0.07499309895480968
-0.0753474979327139
-0.07562997249900791
-0.07585537876096511
-0.076034447246192
-0.0761751323835705
-0.07628335961267924
-0.07636349607787242
-0.07641866641476286
-0.0764509665150197
-0.076461602051799
-0.07645096651608764
-0.07641866641739017
-0.07636349608186754
-0.07628335961779587
-0.07617513238962961
-0.07603444725411912
-0.075855378769753
-0.07562997251001644
-0.07534749794500219
-0.07499309896772986
-0.07454485502014879
-0.07396598804779246
-0.07318094986042148
-0.07200247724814182
-0.07001886943247031
-0.06702447605034925
-0.06371532239914111
-0.059872878555955696
-0.0551026743383029
-0.04970361240392198
-0.04370739771241232
-0.03753008295632993
-0.0314402793938473
-0.025657575717276195
-0.020338067513215364
-0.015521745723558317
-0.011177663045650578
-0.007222840282974171
-0.0035413130466431324
3.360574895280024e-11
0.003541313117464303
0.007222840358091988
0.011177663129078393
0.015521745819982368
0.020338067625465486
0.02565757584691967
0.03144027954278558
0.03753008312069554
0.043707397893068406
0.04970361259163359
0.055102674527852384
0.059872878745126396
0.0637153225811303
0.06702447623541473
0.07001886961326914
0.0720024774208002
0.07318095002641246
0.07396598821117625
0.07454485518287163
0.07499309912748033
0.07534749810404776
0.07562997266761887
0.0758553789280615
0.0760344474111851
0.07617513254669922
0.0762833597747346
0.0763634962383559
0.07641866657427462
0.07645096667199416
0.07646160220844656
0.07645096667128601
0.07641866657072384
0.0763634962345819
0.07628335976950729
0.07617513254022869
0.07603444740296204
0.07585537891708558
0.0756299726568214
0.07534749809196428
0.07499309911372638
0.07454485516710241
0.07396598819508868
0.07318095000725351
0.07200247740064782
0.07001886959104256
0.06702447621139682
0.06371532255645913
0.059872878717511804
0.05510267449824088
0.049703612560502014
0.04370739785729667
0.03753008308308225
0.031440279501585115
0.025657575802754577
0.020338067577622087
0.015521745766648661
0.011177663070415423
0.00722284029082965
0.003541313040675108
-5.142541070186246e-11
-0.003541313146489274
-0.007222840395932868
-0.011177663176916446
-0.015521745875885222
-0.020338067686799705
-0.0256575759120368
-0.03144027960734688
-0.03753008318388661
-0.04370739794915567
-0.04970361263676463
-0.0551026745620389
-0.05987287876601377
-0.06371532258983421
-0.06702447624067887
-0.07001886960760642
-0.07200247739943766
-0.07318094999852026
-0.07396598818201063
-0.0745448551515805
-0.07499309909767751
-0.07534749807434309
-0.07562997263920872
-0.07585537890035243
-0.07603444738519548
-0.07617513252056321
-0.0762833597498325
-0.07636349621541519
-0.076418666551291
-0.0764509666519818
-0.07646160218980738
-0.07645096665229378
-0.07641866655338062
-0.07636349621825235
-0.0762833597541609
-0.07617513252558857
-0.07603444739004393
-0.07585537890611817
-0.07562997264598241
-0.07534749808036156
-0.07499309910210034
-0.0745448551561519
-0.07396598818307872
-0.07318094999394062
-0.07200247738015553
-0.07001886955912207
-0.06702447617461862
-0.06371532252177162
-0.05987287867233006
-0.05510267445069262
-0.04970361250970254
-0.043707397812289966
-0.03753008304887561
-0.031440279481812126
-0.02565757580046846
-0.02033806759446092
-0.015521745803322445
-0.01117766312378882
-0.007222840360720843
-0.0035413131241083624
-4.196076411792967e-11
0.0035413130411727028
0.007222840282749747
0.011177663055461721
0.015521745747760888
0.0203380675514113
0.025657575772529726
0.03144027946601154
0.03753008304069413
0.04370739780688469
0.049703612498850976
0.05510267442696514
0.05987287863678973
0.06371532246477067
0.06702447611621022
0.07001886948786187
0.0720024772866516
0.07318094988819893
0.07396598806995483
0.07454485504050243
0.07499309898486901
0.07534749796076093
0.07562997252430531
0.0758553787835767
0.07603444726607049
0.07617513240109525
0.0762833596279925
0.07636349609181191
0.07641866642702091
0.0764509665255794
0.0764616020596708
0.07645096652361377
0.07641866642185945
0.07636349608329733
0.07628335961845617
0.07617513238927044
0.07603444725000048
0.07585537876410732
0.07562997250243605
0.07534749793569197
0.07499309895576683
0.0745448550084856
0.07396598803316023
0.07318094984241523
0.07200247722939854
0.07001886941056165
0.06702447602417914
0.06371532236768494
0.059872878519204795
0.05510267429492705
0.04970361235207385
0.04370739765025004
0.03753008287980223
0.031440279302398295
0.025657575608860204
0.020338067390001505
0.015521745585613462
0.011177662892620613
0.0072228401144705575
0.003541312863794084
-2.3450362077064774e-10
-0.003541313334287719
-0.007222840595024452
-0.011177663389358094
-0.01552174610348253
-0.02033806793171105
-0.025657576173335715
-0.03144027988564482
-0.037530083471097306
-0.043707398242673286
-0.049703612929998114
-0.05510267484351371
-0.05987287903621196
-0.06371532284134192
-0.06702447649135666
-0.07001886984504319
-0.07200247761867208
-0.07318095020801878
-0.0739659883859043
-0.07454485535443096
-0.07499309929808075
-0.07534749827537902
-0.07562997283940426
-0.07585537909832035
-0.07603444758413207
-0.07617513272010269
-0.07628335994966663
-0.0763634964135998
-0.0764186667519963
-0.07645096685208937
-0.07646160239075402
-0.07645096685343859
-0.07641866675428467
-0.07636349641851367
-0.07628335995671841
-0.07617513272681618
-0.07603444759044098
-0.07585537910668473
-0.07562997284474889
-0.07534749827903617
-0.07499309929958242
-0.07454485535035181
-0.07396598837172118
-0.07318095017144041
-0.07200247753672347
-0.07001886967337766
-0.0670244762575335
-0.06371532260096338
-0.059872878713959854
-0.05510267446385625
-0.04970361249784728
-0.043707397786284255
-0.03753008302302352
-0.031440279468493766
-0.025657575809516532
-0.020338067632741222
-0.015521745873912689
-0.011177663230440102
-0.007222840502969744
-0.0035413133054170735
-2.635025770852555e-10
0.0035413127778387097
0.007222839972404553
0.011177662694862164
0.01552174533152573
0.02033806707978269
0.025657575243055702
0.03144027888548891
0.03753008242319617
0.043707397167830904
0.04970361186435403
0.05510267381764016
0.05987287805704301
0.0637153219355039
0.06702447558771836
0.07001886899270608
0.07200247684741276
0.07318094947980874
0.07396598767714951
0.07454485465398698
0.07499309860320251
0.07534749758337667
0.07562997214762662
0.07585537840697773
0.07603444689184702
0.07617513202557824
0.07628335925343266
0.07636349571764978
0.07641866605176638
0.07645096614906922
0.0764616016837718
0.07645096614552936
0.07641866604400285
0.07636349570711348
0.07628335924152417
0.07617513201050768
0.07603444687325656
0.07585537838702616
0.07562997212613805
0.07534749756039995
0.07499309858284517
0.07454485463872991
0.07396598766836146
0.07318094948721648
0.07200247689607574
0.07001886911980963
0.06702447576990184
0.06371532212480861
0.059872878317334094
0.055102674130050745
0.049703612222711246
0.04370739755213229
0.037530082799635205
0.03144027923505539
0.025657575544862414
0.02033806732762935
0.015521745521958664
0.011177662829121793
0.007222840056999932
0.0035413128187958775
-2.5877831309200457e-10
-0.0035413133308969513
-0.00722284055362365
-0.011177663300732082
-0.015521745959886151
-0.02033806773027129
-0.02565757591688585
-0.031440279580598945
-0.037530083143191624
-0.0437073979106125
-0.04970361263064691
-0.055102674604817055
-0.05987287886572435
-0.06371532276201278
-0.06702447642473507
-0.07001886984863645
-0.07200247772392698
-0.0731809503690727
-0.07396598857388309
-0.07454485555931215
-0.07499309951558288
-0.075347498502622
-0.07562997307585102
-0.07585537934186436
-0.0760344478329202
-0.0761751329751461
-0.0762833602108085
-0.07636349668103438
-0.0764186670218465
-0.07645096712814073
-0.07646160266874885
-0.07645096713882839
-0.0764186670452768
-0.0763634967135129
-0.07628336025624707
-0.07617513303311453
-0.07603444790435016
-0.07585537942639084
-0.07562997317440949
-0.07534749861853249
-0.07499309965035789
-0.07454485571538673
-0.07396598875801856
-0.07318095059224491
-0.07200247802427388
-0.07001887028404201
-0.06702447695697039
-0.06371532331817632
-0.05987287954597258
-0.0551026753799072
-0.049703613492700055
-0.04370739883328201
-0.037530084074416256
-0.03144028050116746
-0.025657576799119883
-0.020338068564247542
-0.015521746749064392
-0.011177664049027055
-0.007222841276053259
-0.0035413140424010885
-9.771394612606963e-10
0.0035413120740340706
0.007222839270893866
0.01117766198363431
0.015521744606487448
0.020338066335711825
0.02565757448081486
0.03144027811393675
0.03753008165580029
0.04370739641596398
0.04970361115232785
0.055102673154988305
0.059872877448181795
0.06371532138841947
0.06702447505013638
0.07001886850742126
0.07200247643018015
0.07318094909394575
0.07396598730462417
0.07454485428749627
0.0749930982389102
0.0753474972173917
0.07562997178318279
0.0758553780403631
0.07603444652195666
0.07617513165472904
0.07628335887985757
0.07636349533931545
0.07641866567023888
0.07645096576494698
0.07646160129527703
0.07645096575273157
0.07641866564812598
0.07636349530507652
0.07628335883515253
0.07617513160280324
0.0760344464612776
0.07585537797424755
0.07562997170999841
0.07534749714225017
0.07499309816572479
0.0745448542227533
0.07396598725778077
0.07318094909185795
0.07200247653407046
0.07001886882750731
0.0670244755178463
0.06371532186715277
0.05987287812276766
0.05510267396748314
0.04970361208947075
0.04370739742600412
0.037530082644451054
0.031440279035445495
0.025657575283046224
0.020338066995659026
0.015521745119928359
0.011177662362362388
0.007222839528853964
0.00354131223363316
-8.941086267266724e-10
-0.003541314010945766
-0.007222841274027188
-0.011177664058975611
-0.015521746754891673
-0.020338068558341367
-0.025657576771295612
-0.031440280460906044
-0.037530084040253577
-0.043707398817815206
-0.04970361353888491
-0.05510267550815701
-0.059872879758023516
-0.06371532364032766
-0.06702447731232046
-0.07001887072525861
-0.0720024785803387
-0.07318095121998829
-0.07396598942871078
-0.07454485641909951
-0.07499310038427835
-0.07534749937888582
-0.07562997396078901
-0.0758553802350821
-0.07603444873563547
-0.07617513388891546
-0.0762833611323657
-0.07636349761272239
-0.07641866796442624
-0.07645096807913326
-0.07646160363220285
-0.07645096811004169
-0.07641866802824783
-0.07636349770875192
-0.07628336126065256
-0.07617513404797997
-0.0760344489294818
-0.07585538046266284
-0.07562997421998985
-0.07534749967247661
-0.07499310071515418
-0.07454485678701166
-0.07396598983647763
-0.07318095167279752
-0.07200247909525279
-0.07001887132805296
-0.06702447798494617
-0.06371532435431855
-0.05987288055754656
-0.05510267637427025
-0.04970361447413561
-0.04370739980876812
-0.037530085063984066
-0.031440281505793
-0.02565757782563529
-0.020338069616912376
-0.015521747818295047
-0.011177665132179746
-0.0072228423609141165
-0.0035413151190588055
-2.0294539420328894e-9
0.0035413110612161226
0.007222838313504713
0.011177661097449566
0.01552174380248125
0.020338065619211993
0.02565757385078163
0.031440277554573036
0.03753008112609991
0.04370739588120305
0.049703610543577026
0.05510267242813521
0.059872876590621155
0.06371532035992877
0.06702447398567461
0.07001886730447227
0.07200247503944128
0.07318094759134008
0.07396598573909653
0.07454485267571431
0.07499309658780573
0.0753474955341085
0.07562997006763172
0.0758553762942968
0.07603444474688395
0.07617512985036672
0.07628335704739336
0.07636349348020724
0.07641866378274169
0.07645096385120966
0.07646159935395969
0.07645096378275937
0.07641866364895336
0.07636349327668968
0.07628335677665042
0.07617512951342259
0.07603444434038997
0.07585537581754902
0.07562996951676722
0.07534749491528264
0.07499309589589691
0.07454485190705545
0.07396598488994748
0.07318094665148824
0.07200247397786692
0.07001886607881509
0.06702447262096245
0.06371531891950184
0.05987287499392847
0.05510267069643586
0.04970360868417594
0.04370739391741363
0.03753007909786323
0.03144027547977562
0.02565757175555138
0.02033806351055336
0.01552174168112554
0.011177658965200692
0.0072228361584921056
0.0035413088787875496
-4.24793603236973e-9
-0.0035413173816598114
-0.007222844679383247
-0.011177667509905256
-0.015521750263622758
-0.020338072134468452
-0.02565758042219527
-0.031440284182006874
-0.03753008781837678
-0.04370740264541436
-0.04970361738799398
-0.05510267936342866
-0.05987288362095964
-0.06371532748931635
-0.0670244811989003
-0.07001887461951334
-0.07200248245815491
-0.07318095511366807
-0.0739659933563734
-0.07454486038962607
-0.07499310439702282
-0.0753475034390578
-0.07562997807051666
-0.07585538439842851
-0.07603445295232587
-0.07617513815962745
-0.076283365458672
-0.07636350199695575
-0.07641867240643943
-0.07645097258183518
-0.076461608196087
-0.07645097273801173
-0.07641867271613825
-0.07636350246000495
-0.07628336607749876
-0.0761751389322486
-0.07603445388080031
-0.07585538548109158
-0.07562997930724041
-0.07534750482867149
-0.07499310593967601
-0.07454486208139603
-0.07396599520055479
-0.07318095710124131
-0.07200248457618508
-0.07001887683540502
-0.067024483536834
-0.06371532998083772
-0.05987288622020134
-0.05510268208822483
-0.04970362023910845
-0.04370740563948713
-0.03753009098034199
-0.0314402875248944
-0.025657583958560548
-0.020338075874257462
-0.015521754207569101
-0.011177671658304024
-0.007222849026356347
-0.003541321927047813
-8.984239949894398e-9
0.003541303954903796
0.0072228310477790965
0.011177653668240518
0.015521736201901944
0.020338057847688582
0.025657565906553912
0.031440269439355836
0.03753007285956744
0.04370738747476476
0.04970360202762141
0.05510266382324498
0.059872867901176595
0.0637153116000762
0.06702446509521728
0.07001885832849777
0.07200246599531734
0.07318093844795924
0.07396597646963382
0.07454484327157136
0.07499308704530862
0.07534748584386888
0.07562996022742734
0.07585536630169623
0.07603443459742068
0.07617511954453794
0.07628334657653874
0.07636348284168387
0.07641865297504113
0.07645095286770456
0.0764615881936907
0.07645095244499084
0.07641865212902209
0.07636348156894353
0.07628334487732572
0.07617511741714061
0.07603443204779613
0.0758553633229349
0.07562995682165945
0.07534748200759227
0.07499308278049997
0.07454483857645126
0.07396597134512847
0.07318093289432213
0.07200246002510376
0.07001885196046405
0.0670244583177474
0.063715304374471
0.05987286026025471
0.05510265575987069
0.049703593526973726
0.043707378524097985
0.037530063426780454
0.03144025950831978
0.025657555459491693
0.02033804686622798
0.01552172467521339
0.011177641584259927
0.007222818395092628
0.0035412907172301025
-2.282176646309587e-8
-0.003541336380530113
-0.0072228641220013845
-0.011177687414575184
-0.015521770644005917
-0.020338093000852465
-0.02565760176803795
-0.03144030599634478
-0.037530110064406125
-0.04370742528241591
-0.0497036403473825
-0.05510270260505347
-0.05987290713783007
-0.06371535125087632
-0.06702450537030406
-0.07001889909276614
-0.07200250717955448
-0.07318098019013085
-0.07396601885577361
-0.07454488633486314
-0.0749931308188474
-0.07534753034913712
-0.07563000548046427
-0.07585541232363241
-0.07603448140559364
-0.07617516715612674
-0.07628339501048079
-0.07636353211481085
-0.0764187031099266
-0.07645100387616227
-0.07646164009932857
-0.07645100526031746
-0.07641870587797782
-0.07636353627466672
-0.07628340055358718
-0.07617517408998678
-0.07603448972888291
-0.07585542204195876
-0.07563001659279807
-0.07534754285464221
-0.0749931447164686
-0.07454490162158464
-0.07396603551342178
-0.07318099818650019
-0.07200252639467496
-0.07001891931001354
-0.06702452675282487
-0.06371537407595079
-0.05987293105499507
-0.055102727738626664
-0.04970366673923544
-0.04370745306216545
-0.03753013943591417
-0.031440337082424955
-0.025657634687999968
-0.020338127822518853
-0.015521807407837263
-0.01117772613082027
-0.007222904782497769
-0.003541378981011186
-6.7346046320211e-8
0.003541244267091886
0.00722277001815272
0.011177591279287576
0.015521672431675763
0.020337992668901527
0.025657499289617924
0.03144020135078863
0.03753000326357638
0.04370731632742838
0.04970352928764187
0.055102589444465916
0.05987279184239709
0.06371523381631748
0.06702438556079157
0.07001877698322252
0.0720023827889506
0.07318085334478316
0.07396588943194045
0.0745447542500766
0.07499299598306577
0.07534739269788364
0.0756298649413456
0.0758552688217384
0.0760343348656176
0.07617501749936686
0.07628324216533183
0.07636337599665448
0.07641854363340958
0.07645084096631473
0.07646147366648992
0.07645083521825803
0.07641853213366476
0.07636335873186881
0.07628321912575715
0.07617498867320131
0.07603430023336163
0.07585522835951217
0.0756298186204696
0.07534734048716683
0.07499293784956158
0.07454469014884338
0.07396581932632211
0.07318077718756967
0.07200230052682804
0.07001868855487176
0.06702429091414949
0.06371513288724184
0.05987268456237557
0.05510247575038587
0.049703409100574795
0.04370718957618525
0.037529869859409544
0.03144006122333329
0.02565735234679081
0.020337838821509118
0.015521511585870344
0.011177423341457991
0.007222594887081934
0.003541061834113183
-2.5718093718979874e-7
-0.0035415763212046877
-0.007223109740798004
-0.011177938814060803
-0.015522027939340306
-0.020338356322989196
-0.025657871275637872
-0.031440581900874204
-0.03753039263757415
-0.043707714795877005
-0.049703937178782506
-0.05510300703851877
-0.05987321935530442
-0.06371567153016748
-0.06702483339810855
-0.07001923533621351
-0.0720028519458938
-0.07318133333692563
-0.07396638034420581
-0.07454525621573159
-0.07499350915527038
-0.07534791721864552
-0.07563040095133322
-0.07585581644267961
-0.0760348942076412
-0.07617558865886773
-0.0762838252064296
-0.0763639709742064
-0.0764191505654523
-0.07645145983501245
-0.07646210442043883
-0.07645147776737114
-0.07641918633807707
-0.07636402439925907
-0.07628389599665229
-0.07617567642389907
-0.07603499845910859
-0.07585593656450637
-0.07563053621824943
-0.07534806677643381
-0.0749936720006978
-0.07454543119744754
-0.07396656614567267
-0.07318152849963822
-0.0720030549064677
-0.07001944440368692
-0.0670250461306296
-0.06371588498727136
-0.05987343118093635
-0.05510321383044332
-0.0497041352276993
-0.04370789980723966
-0.03753055968623609
-0.03144072561051542
-0.025657985583955996
-0.0203384344993795
-0.015522062476531647
-0.011177921279738615
-0.00722303064382006
-0.003541424979744954
-2.1541021590546465e-8
0.0035413953856453274
0.007223041721972997
0.011178000836944077
0.015522239384182396
0.020338739139309468
0.02565845031952513
0.031441385320351595
0.03753145234529255
0.04370906703450042
0.049705623075553484
0.0551050734479563
0.059875719690420076
0.0637186665892782
0.06702839293873147
0.07002343841850016
0.07200778909753158
0.07318710845968938
0.07397311241910487
0.07455308168915438
0.07500258477896593
0.07535842337168523
0.07564254552736904
0.07586983943305449
0.07605107313373048
0.07619424499169249
0.0763053320219235
0.0763887620512879
0.07644773127288411
0.07648442015699548
0.07650013460334133
0.07649538714148275
0.0764699260684304
0.0764227150260239
0.07635186086554188
0.07625448242987598
0.07612650579184037
0.07596235976240678
0.07575451913220448
0.0754927751431028
0.07516290796406426
0.07474377557833725
0.07419955566376193
0.07345587732132629
0.07232693253032338
0.07040282532996227
0.06748015153045135
0.06425774112776997
0.060520577571920406
0.05587860542137717
0.050636289882812296
0.04483236150759912
0.03889176271389483
0.03309436551393029
0.027674023535454353
0.022804878491605365
0.018549675872355727
0.014905989564178464
0.01182624592596889
0.009237782117893705
0.007059294933365719
0.005210403349181009
0.003616457685861844
0.002210222305621277
0.0009316325590557114
-0.00027349577428117076
-0.0014552492318678526
-0.002661571470758425
-0.0039402085464886535
-0.0053405214085982715
-0.006915034157900857
-0.008720517647614735
-0.010818288370762404
-0.013273264086903347
-0.016151114486520065
-0.01951221791496982
-0.02340125517453394
-0.02783729236299594
-0.03280326314012859
-0.03819666916122013
-0.043840227099638834
-0.04962170940370074
-0.05516929128307003
-0.060115791920927544
-0.06468442552488894
-0.06827331255889575
-0.07117191521099046
-0.07433870113013306
-0.07677705727847038
-0.07806692931325623
-0.07875820824875299
-0.07919110016580062
-0.07948282592321392
-0.07967281569508106
-0.07977604736396642
-0.0797983938442215
-0.07974079668857734
-0.07959976455974199
-0.07936507102407503
-0.0790105490810251
-0.07846140829339986
-0.07749033782061
-0.07557348435256254
-0.07255644200779003
-0.06957247615302875
-0.06644869790731703
-0.06219395230751303
-0.057433973354933186
-0.05216479059279925
-0.04644314849040262
-0.04077420999988549
-0.03531290902911414
-0.03021601453901046
-0.02563203750336922
-0.02160591463538664
-0.01813307138037287
-0.015181287864407787
-0.012698798651058923
-0.010625769060818907
-0.008902345043710114
-0.007472882101084909
-0.006287945332551456
-0.00530494322551425
-0.004487936309086558
-0.003807017552304796
-0.0032375227351516206
-0.0027592194156590717
-0.002355551168659736
-0.0020129702509952448
-0.001720367075839695
-0.0014685918679948858
-0.0012500577752490364
-0.0010584125585330342
-0.0008882659042161109
-0.0007349602479642988
-0.0005943738385266685
-0.00046274588186930087
-0.0003365140617597597
-0.00021215459647124624
-0.00008601465881236776
0.00004587463010122424
0.00018801901458770896
0.0003457334200776167
0.0005254891625693097
0.000735366300359029
0.000985650465759085
0.0012896236883662355
0.0016646077729489885
0.002133321321734427
0.002725594428699509
0.0034804237373313694
0.00444820010500188
0.005692628908112627
0.007291294432336514
0.009332917999370707
0.011908211793331965
0.015090455382386962
0.01890273189724824
0.02327554902289994
0.028011726667457677
0.03278333184347886
0.03721233394759183
0.040956824886606506
0.04388285250656869
0.04610200152928717
0.04764597081487971
0.04831060262943908
0.048245072421251305
0.04741831697272944
0.04571906993761062
0.04338795261388209
0.04030059060980147
0.0364107882986765
0.03188858072666471
0.027102432969176343
0.022424401795575047
0.018161248770009325
0.01448244977359379
0.011435837148627963
0.00898513002877686
0.007051518100484108
0.0055436597250914715
0.004374748620787926
0.003470082849023354
0.002768939225541947
0.002223620260102499
0.0017974166757200318
0.001462395638115342
0.001197414836440371
0.0009864903954131855
0.000817518598810855
0.0006813018928567947
0.0005708182040762544
0.0004806772090015264
0.00040671686414367795
0.000345704165668166
0.0002951124337418156
0.0002529551534129015
0.00021766129893961489
0.00018798133764780497
0.00016291592474855667
0.0001416616061638491
0.00012356904613662297
0.00010811093186271196
0.00009485700146402652
0.00008345458629914609
0.00007361338210052748
0.00006509338810935455
0.00005769542870226368
0.000051253551867219544
0.00004562896940149701
0.00004070521476696624
0.00003638420893931916
0.00003258306751072411
0.000029231557945093408
0.00002626996440135088
0.00002364735387475123
0.000021320190623706902
0.00001925111802074187
0.000017408051120042766
0.000015763294391702704
0.000014292937355898041
0.000012976267437439055
0.000011795300340424156
0.000010734381594625298
9.77986529396849e-6
8.919819520237529e-6
8.143805662433689e-6
7.442651284215356e-6
6.808310191080117e-6
6.233677876238218e-6
5.712502376369961e-6
5.239239844238353e-6
4.80899783459344e-6
4.4174322265041295e-6
4.0606877781230394e-6
3.735319673663664e-6
3.4382737134543294e-6
3.1668352786817194e-6
2.9185496602723764e-6
2.691238845886874e-6
2.482948169549364e-6
2.291924594929953e-6
2.116593898999739e-6
1.9555410373849475e-6
1.8074828812195367e-6
1.6712764467533586e-6
1.545878783114345e-6
1.4303529565702475e-6
1.3238479337758191e-6
1.225598276723205e-6
1.1349123394808122e-6
1.0511499096983538e-6
9.737324684029418e-7
9.021522559412022e-7
8.359270601906995e-7
7.746202714575368e-7
7.178408965352524e-7
6.652323635181192e-7
6.164651307126305e-7
5.712316627673449e-7
5.292601647872806e-7
4.903018959031726e-7
4.5413137042304986e-7
4.2053094702503804e-7
3.8929852219740924e-7
3.602741867295314e-7
3.3328137135440973e-7
3.0817234871958756e-7
2.848103011578465e-7
2.630650047985691e-7
2.428257124919647e-7
2.2397246928588968e-7
2.0642073612201413e-7
1.9006800067525335e-7
1.7483076365570885e-7
1.6063356912736253e-7
1.4740283865354572e-7
1.350647802154385e-7
1.2356715421243611e-7
1.1284696670559625e-7
1.0285044253955333e-7
9.352928180577911e-8
8.483482047328481e-8
7.672894176768613e-8
6.917543396315973e-8
6.212800062491104e-8
5.555881854814864e-8
4.9433888526512936e-8
4.372039609548346e-8
3.8402403993195425e-8
3.3442953923439004e-8
2.8822784624372023e-8
2.452020690516044e-8
2.0512053098277103e-8
1.6781913654914572e-8
1.3312362585474887e-8
1.0079456137373901e-8
7.076927439313854e-9
4.2857160966770765e-9
1.6916126244743603e-9
-7.135520393002427e-10
-2.9462094054888026e-9
-5.019091878164359e-9
-6.939917741693837e-9
-8.712239375129371e-9
-1.035643690848631e-8
-1.1875248110618736e-8
-1.3273235222841843e-8
-1.4564866723091105e-8
-1.575236621297857e-8
-1.6842461021786658e-8
-1.7847228614961822e-8
-1.876714837529328e-8
-1.960027586258395e-8
-2.0362496441578743e-8
-2.1056408478921638e-8
-2.1692890065198487e-8
-2.225843903265753e-8
-2.277104004294748e-8
-2.3228867088883716e-8
-2.363729496716797e-8
-2.400248104924826e-8
-2.4319276715995166e-8
-2.4600577968459234e-8
-2.4839472109037208e-8
-2.5042763304733333e-8
-2.5218883823959738e-8
-2.5352030132718023e-8
-2.5466077175984647e-8
-2.555041044823372e-8
-2.5609224704156336e-8
-2.5646466575093734e-8
-2.5664540892074703e-8
-2.5650567005782257e-8
-2.56264687725376e-8
-2.5585530674569817e-8
-2.553117604898321e-8
-2.5450876081291573e-8
-2.5363458761956436e-8
-2.5262560005121344e-8
-2.5145386705888077e-8
-2.502621452314462e-8
-2.48882950466041e-8
-2.474106953155715e-8
-2.459217486723874e-8
-2.4426400994973616e-8
-2.42585294043e-8
-2.4088308970887226e-8
-2.3902849431231634e-8
-2.371911610497364e-8
-2.352298846237302e-8
-2.3332642289152656e-8
-2.3130825156380048e-8
-2.2928586606217854e-8
-2.2720607999300585e-8
-2.251071285582203e-8
-2.2300539610221426e-8
-2.208445957860295e-8
-2.1865823191213306e-8
-2.1651111323741153e-8
-2.1428373937461068e-8
-2.120991642260724e-8
-2.0993076652553063e-8
-2.077094048324501e-8
-2.055198195811267e-8
-2.03271118220189e-8
-2.0105408159494184e-8
-1.9881457361973126e-8
-1.966503159103362e-8
-1.943790046585247e-8
-1.922507011985798e-8
-1.9004496771171606e-8
-1.878647400546368e-8
-1.8574422054400817e-8
-1.835574728350199e-8
-1.8136917928475194e-8
-1.7923982227591962e-8
-1.7712948290023748e-8
-1.7504802936975852e-8
-1.7291720429998873e-8
-1.708265170526713e-8
-1.6879060161221843e-8
-1.667482968529033e-8
-1.646884263425558e-8
-1.6268445210161454e-8
-1.6069617003889725e-8
-1.5873460238638715e-8
-1.5679889313105997e-8
-1.548234943616246e-8
-1.529617342884287e-8
-1.5095825126307156e-8
-1.49155213213511e-8
-1.4728052321632937e-8
-1.4548788191090413e-8
-1.435565127610067e-8
-1.4182113253964966e-8
-1.400439258050381e-8
-1.3826383906849445e-8
-1.3650809606827247e-8
-1.3481452305995726e-8
-1.3315083095914723e-8
-1.31433972680684e-8
-1.2977470304981474e-8
-1.2813513841693462e-8
-1.2651036055302391e-8
-1.2487852940981853e-8
-1.233574762383431e-8
-1.218097066153918e-8
-1.2019668410451081e-8
-1.1872307318134584e-8
-1.171773179553612e-8
-1.157430470836023e-8
-1.1422388541264276e-8
-1.1277770577107047e-8
-1.1137519764074983e-8
-1.0998521743638058e-8
-1.0854436169780206e-8
-1.0721071068262544e-8
-1.0584517944610537e-8
-1.0449231184258122e-8
-1.0319848665601817e-8
-1.0186056240519534e-8
-1.0061730313077225e-8
-9.931498972314925e-9
-9.803666329612423e-9
-9.680501715843448e-9
-9.558617314567066e-9
-9.43678169994601e-9
-9.31594519414291e-9
-9.202868432169674e-9
-9.082797394250148e-9
-8.970974905947028e-9
-8.86227070172656e-9
-8.750771000980348e-9
-8.638948500489594e-9
-8.532207715285767e-9
-8.426395694460114e-9
-8.313417070726044e-9
-8.21298580220133e-9
-8.114569783377444e-9
-8.011147507446591e-9
-7.91164388230328e-9
-7.814222687860585e-9
-7.717984939874576e-9
-7.621735386972036e-9
-7.525087687321365e-9
-7.438014479948821e-9
-7.342423887042813e-9
-7.253930280141107e-9
-7.159964376917167e-9
-7.072356696009626e-9
-6.984204076077851e-9
-6.904490641322598e-9
-6.818477658705908e-9
-6.732630749328308e-9
-6.648740262383213e-9
-6.5716265259505344e-9
-6.4900593255164875e-9
-6.409627838169038e-9
-6.332844892713258e-9
-6.253437930871616e-9
-6.177568522476957e-9
-6.105553060786754e-9
-6.035060236924924e-9
-5.955191874336451e-9
-5.889426496670847e-9
-5.818276301899576e-9
-5.746845394255795e-9
-5.681988313598757e-9
-5.6071323382849935e-9
-5.539931815594686e-9
-5.478008839966592e-9
-5.410078973390392e-9
-5.345887032658407e-9
-5.283234037979277e-9
-5.22478137672157e-9
-5.158255573336202e-9
-5.099339032635209e-9
-5.0307382661548165e-9
-4.978089573588797e-9
-4.921633906176973e-9
-4.864883098429482e-9
-4.810201137965001e-9
-4.7458923403808634e-9
-4.691421085300336e-9
-4.638317627222247e-9
-4.587036703323144e-9
-4.531276657061312e-9
-4.48251801494177e-9
-4.4285158931652836e-9
-4.376820272657061e-9
-4.325317873593336e-9
-4.277974403965135e-9
-4.229351598806278e-9
-4.178861421813996e-9
-4.133655124371684e-9
-4.0791025295345194e-9
-4.043281420664739e-9
-3.993303462187011e-9
-3.941847696864505e-9
-3.898576338511926e-9
-3.855667652808904e-9
-3.813838420759399e-9
-3.77217815163438e-9
-3.724683791821293e-9
-3.6871109834407875e-9
-3.643668824936395e-9
-3.6087665831782246e-9
-3.5612311006740993e-9
-3.5221029182213977e-9
-3.4800597719123225e-9
-3.4444163078611945e-9
-3.411239279087865e-9
-3.368348392847277e-9
-3.3282828107714203e-9
-3.2950428053172054e-9
-3.2580927129956414e-9
-3.224208573112131e-9
-3.1871564132088457e-9
-3.1544373556911454e-9
-3.1145121142345505e-9
-3.0794384797609458e-9
-3.047738281970068e-9
-3.0134797031373415e-9
-2.984869623960362e-9
-2.9517381519472587e-9
-2.9212855522831953e-9
-2.8843414008089814e-9
-2.8597381722550856e-9
-2.82062742957841e-9
-2.794953984138488e-9
-2.761933504490875e-9
-2.7328540795160717e-9
-2.709226198347544e-9
-2.6791105907503614e-9
-2.6442504200882408e-9
-2.6203023450319115e-9
-2.5901917093823315e-9
-2.5659101500180403e-9
-2.5340426008895836e-9
-2.510810339196518e-9
-2.4860758092492094e-9
-2.4579856993890076e-9
-2.435395015969441e-9
-2.4044721153242776e-9
-2.380515482586744e-9
-2.3605378267057804e-9
-2.3335106664934834e-9
-2.3072361200803644e-9
-2.2850746057148602e-9
-2.2586719798180705e-9
-2.237206121517934e-9
-2.219058757000969e-9
-2.1937507369775104e-9
-2.1734008701373843e-9
-2.146642572665879e-9
-2.1214203644005225e-9
-2.1072744213126386e-9
-2.0798928495126996e-9
-2.0601307438407042e-9
-2.0383909508645803e-9
-2.0219732696774485e-9
-1.997871690269343e-9
-1.9752399269242664e-9
-1.953542807173765e-9
-1.938919523017835e-9
-1.914926145586972e-9
-1.892297666807502e-9
-1.879946286082385e-9
-1.8599310292006404e-9
