-4.85528448087483e-6
-4.947942732042842e-6
-5.042745814547125e-6
-5.139752131226945e-6
-5.239021909296661e-6
-5.340617277725062e-6
-5.444602313799695e-6
-5.551043145660184e-6
-5.660007991885304e-6
-5.771567262795272e-6
-5.8857936181598664e-6
-6.002762068019143e-6
-6.122550040372826e-6
-6.2452374934743345e-6
-6.370906980359345e-6
-6.499643766924016e-6
-6.631535928567028e-6
-6.766674438311909e-6
-6.905153295058492e-6
-7.0470696314481926e-6
-7.192523826120675e-6
-7.341619630125334e-6
-7.4944643029048195e-6
-7.651168734268645e-6
-7.811847584442871e-6
-7.976619440415097e-6
-8.145606958108887e-6
-8.318937023879348e-6
-8.49674091850466e-6
-8.679154486010292e-6
-8.866318326426287e-6
-9.058377962264875e-6
-9.255484055335344e-6
-9.457792598514252e-6
-9.665465139122494e-6
-9.878668986099531e-6
-0.000010097577460562297
-0.000010322370136736616
-0.000010553233081609544
-0.000010790359146002207
-0.000011033948219887
-0.000011284207539739382
-0.000011541351987191898
-0.000011805604410405463
-0.000012077195952383542
-0.000012356366410072419
-0.000012643364585513027
-0.000012938448695477192
-0.000013241886745417394
-0.000013553956959114245
-0.000013874948230338121
-0.00001420516057240548
-0.00001454490560437911
-0.000014894507065971187
-0.000015254301340553383
-0.000015624638027536702
-0.000016005880510772652
-0.00001639840658908489
-0.000016802609120814924
-0.000017218896687600812
-0.000017647694334052705
-0.000018089444286262327
-0.00001854460676079774
-0.000019013660784228844
-0.000019497105056189073
-0.000019995458874739978
-0.00002050926308818518
-0.00002103908110836102
-0.000021585499985946028
-0.000022149131513383565
-0.0000227306134110211
-0.00002333061058007373
-0.000023949816394007126
-0.000024588954088211318
-0.00002524877820874734
-0.000025930076150985038
-0.000026633669768005303
-0.000027360417074532766
-0.00002811121404724377
-0.000028886996524072917
-0.0000296887422113021
-0.00003051747278733055
-0.000031374256147809785
-0.00003226020876278292
-0.0000331764981692296
-0.00003412434562556265
-0.0000351050288729374
-0.0000361198851134816
-0.000037170314131351016
-0.00003825778157207678
-0.00003938382247971736
-0.000040550044977361573
-0.00004175813421203187
-0.0000430098565085534
-0.000044307063787489025
-0.000045651698244266646
-0.000047045797307079945
-0.000048491498930917476
-0.00004999104715935841
-0.00005154679808562541
-0.000053161226161010073
-0.00005483693088211895
-0.00005657664394010581
-0.000058383236791155667
-0.000060259728712048427
-0.00006220929538074913
-0.00006423527801533989
-0.00006634119309366223
-0.00006853074270093814
-0.00007080782558813994
-0.00007317654891696966
-0.0000756412408285149
-0.00007820646381415279
-0.00008087702900584264
-0.00008365801143902845
-0.00008655476633689142
-0.00008957294651103599
-0.00009271852098288617
-0.0000959977948630165
-0.0000994174306501566
-0.00010298447099062046
-0.00010670636308016927
-0.00011059098476765289
-0.000114646672537285
-0.00011888225152704094
-0.00012330706767014799
-0.0001279310222139549
-0.00013276460876804645
-0.00013781895306610783
-0.0001431058556936538
-0.000148637837989719
-0.00015442819142472646
-0.00016049103068491898
-0.0001668413508091835
-0.00017349508870388535
-0.0001804691893925686
-0.00018778167738695684
-0.0001954517336767933
-0.00020349977869222853
-0.0002119475618862116
-0.0002208182583936904
-0.00023013657346957714
-0.00023992885527282748
-0.0002502232168405197
-0.00026104966797764804
-0.0002724402579659176
-0.00028442923003831814
-0.0002970531887074246
-0.00031035128101623654
-0.0003243653930650927
-0.0003391403631117703
-0.00035472421282154495
-0.0003711683982543665
-0.00038852808246349986
-0.00040686243166302317
-0.0004262349371587993
-0.00044671376544028847
-0.00046837213903628346
-0.00049128875108184
-0.0005155482166746907
-0.0005412415646145972
-0.0005684667731946438
-0.0005973293543985611
-0.0006279429909742869
-0.0006604302315129804
-0.0006949232490328933
-0.0007315646691818659
-0.0007705084746944606
-0.0008119209934631906
-0.0008559819781604749
-0.00090288578628105
-0.0009528426701144466
-0.0010060801871859322
-0.0010628447426082278
-0.0011234032758279443
-0.001188045105359521
-0.001257083946252416
-0.0013308601163528068
-0.0014097429485645308
-0.0014941334278527675
-0.0015844670729309863
-0.0016812170840145835
-0.0017848977793742196
-0.0018960683446161565
-0.002015336919788519
-0.0021433650501666104
-0.0022808725271863065
-0.0024286426459494345
-0.002587527905034455
-0.0027584561726990728
-0.002942437340653955
-0.0031405704819070734
-0.0033540515222976208
-0.0035841814254112918
-0.003832374876769975
-0.004100169434222061
-0.004389235085847686
-0.0047013841222281185
-0.005038581184170972
-0.005402953286135987
-0.005796799535322631
-0.006222600160181166
-0.006683024322330941
-0.0071809360010217154
-0.007719396995405824
-0.008301665766576254
-0.008931190412457084
-0.009611593496865243
-0.010346645689661784
-0.011140224147712742
-0.011996250179939601
-0.012918598858221754
-0.013910970669831732
-0.014976711788404156
-0.0161185646929783
-0.017338324159489743
-0.01863636435086483
-0.020010989836135883
-0.021457545551774187
-0.022967196353540727
-0.024525254188506398
-0.026108889015612004
-0.02768401006839107
-0.029201055931755926
-0.030589411810398644
-0.031750244330785514
-0.03254784273869661
-0.0328003232352699
-0.03227212910250098
-0.030673345712679496
-0.027673764655593524
-0.022940064798885038
-0.016197497634969065
-0.0073011755615969036
0.0037132699445802464
0.016625189096056203
0.031068819259170235
0.04659153204515769
0.062705471187271
0.07892690865157759
0.09481392892048422
0.11001370208858405
0.12431497427114857
0.13768076110289826
0.1502317629319861
0.16217322800010095
0.17368813118538115
0.18483213992402503
0.19546075462432494
0.2052100036314306
0.2135393604121252
0.2198216642266549
0.2234408878480291
0.2238596990794723
0.22064695931152783
0.21348356844910668
0.20217220759566565
0.18666384227782187
0.16709223292885966
0.14378956461715564
0.11725646838276295
0.08808470121357782
0.056862997518870535
0.02410693435921691
-0.009764825542425424
-0.04441271641501164
-0.07953811545327619
-0.11484831529767543
-0.15004001847844098
-0.18480234645331395
-0.21882770090879866
-0.25181846067227714
-0.2834872543867451
-0.3135538117416376
-0.34173874509302987
-0.3677546226497827
-0.39130098208680564
-0.4120749116025892
-0.42980434774352533
-0.4442949598647203
-0.4554622598187755
-0.46331843409915957
-0.46790857284083126
-0.46922423807534863
-0.4671365078970964
-0.46138245864816557
-0.4516188613947829
-0.4375260992981
-0.4189098680450179
-0.3957396834846844
-0.36810574193885615
-0.3361352609326619
-0.2999291692388159
-0.2595538963735643
-0.21508592831277812
-0.16668123087456105
-0.11463054358045051
-0.05936889654290802
-0.0014365159348099024
0.058577563451655795
0.12006622079388116
0.1823853626826659
0.2447932835824888
0.3063822518221809
0.3660507453738612
0.42256156953194884
0.4746974257167368
0.5214643120209029
0.562248299801858
0.5968532663272467
0.6254216178145466
0.6482973122476421
0.6658928812247462
0.6785919766034622
0.6866908470715978
0.6903688810702443
0.6896764086870446
0.6845316233181034
0.6747247159932347
0.65993426432364
0.6397667286242986
0.6138322548725021
0.5818640663487643
0.5438672944433326
0.5002467696938289
0.4518379953657253
0.399793981241695
0.3453639659426974
0.2896663262202398
0.23354383194363182
0.17752253290744371
0.12184413837577478
0.06653138870390356
0.011459426561931371
-0.04357768224265619
-0.09880590264843048
-0.15441179602553207
-0.2104799250405494
-0.26692425598720204
-0.32341687645291683
-0.37932978876458817
-0.4337223943118991
-0.48541562649927544
-0.5331702247546458
-0.5759242174271102
-0.612987598334018
-0.6441065979803554
-0.6693920709428445
-0.6891765641894386
-0.7038714622624955
-0.7138618867028499
-0.7194442621445689
-0.7207958102960298
-0.7179627750088339
-0.710858095733596
-0.6992659156095116
-0.6828576744972384
-0.6612306255353896
-0.6339821597532269
-0.6008277681018347
-0.5617496382020688
-0.5171267834597288
-0.4677710665704414
-0.41481943842043967
-0.3595150164540536
-0.30297816545373185
-0.2460577028340492
-0.1892861320733219
-0.132909950186688
-0.07695433051611139
-0.021294533811085762
0.03427732962913074
0.08999109301773232
0.1460391238709364
0.20251393025570275
0.259339804692041
0.31620148618536587
0.3724850201658497
0.4272628326116672
0.47936408581687195
0.5275494559154597
0.5707480556983938
0.6082556295980253
0.6398043357051423
0.6654952683170579
0.6856567586640709
0.7007006060604304
0.7110153435235143
0.7169023709510698
0.7185445130490339
0.7159937527258946
0.7091686523618252
0.6978585790174202
0.6817392199091755
0.6604100430775321
0.6334670948888331
0.6006193969439523
0.5618370388012852
0.5174832805026819
0.46835531671012476
0.4155818416457935
0.36040665998357335
0.30395821871518186
0.24709698774723127
0.19036716664408027
0.13402497774302294
0.07810268089662262
0.02248002456374846
-0.03304876059040899
-0.0887136019191088
-0.14470919690498424
-0.20113280389616744
-0.25791610656275415
-0.3147538104098351
-0.3710435831591246
-0.4258687503643609
-0.47806488144642734
-0.5263909944004292
-0.5697657589375115
-0.6074690716874994
-0.6392173368313854
-0.6651002177318776
-0.6854402710960759
-0.7006483126261766
-0.7111150503502431
-0.7171457669660433
-0.7189279226678633
-0.7165183822621827
-0.7098405741523093
-0.6986884268576594
-0.6827413061316671
-0.6616004238191373
-0.634860110631168
-0.6022226294067192
-0.563645699894994
-0.5194764711487894
-0.47049695341671544
-0.4178269523481672
-0.3627103555406586
-0.3062832391045956
-0.24941744641450303
-0.19266871532710975
-0.13630289213193247
-0.08035923685125498
-0.02472189890465291
0.030812857363045495
0.08647513312165446
0.14246202077341688
0.19887557452818722
0.2556548990808762
0.3125047011056943
0.36883435512768337
0.42373828215177994
0.47605880145197094
0.5245537101659153
0.568131621983477
0.606056787062305
0.6380298550512156
0.6641289476962674
0.6846707308017107
0.7000649690258416
0.7107045335366448
0.716898617636549
0.7188393651720887
0.7165885776500147
0.7100746069442496
0.6990960100803566
0.6833359240556998
0.6623974432743248
0.6358733819498015
0.6034594910842512
0.5651013508608762
0.5211301026921298
0.4723124654908155
0.41975907478338526
0.36471359114650354
0.30831951890006626
0.25146002241064797
0.19470243311814026
0.13832232566806352
0.08236607402336416
0.02672233530978391
-0.028810494299358187
-0.08446259521974231
-0.14043335707799642
-0.1968295243163842
-0.2535975115373866
-0.31045192843134545
-0.36681381374491784
-0.42178875663808485
-0.47422605001589446
-0.5228825950192878
-0.5666572315700288
-0.6047986645714712
-0.6369916887684908
-0.6633026730155416
-0.6840421766241842
-0.6996187508791094
-0.7104273295491716
-0.7167809628520021
-0.7188764525137893
-0.7167805250176394
-0.7104264531428198
-0.699617434382187
-0.6840404176736052
-0.6633004683489258
-0.6369890342134377
-0.6047955551118869
-0.5666536615118283
-0.5228785582570911
-0.4742215403533859
-0.4217837680882052
-0.3668083407323407
-0.3104459658714725
-0.2535910548095676
-0.1968225691785118
-0.14042589955609425
-0.08445463149002284
-0.02880202055976385
0.026731322986884617
0.08237557984802134
0.13833235428314938
0.19471298971815953
0.251471112827041
0.30833114966382386
0.36472576955292413
0.4197718089718965
0.4723257645428305
0.5211439767238438
0.5651158110742707
0.6034745497530566
0.635889052335963
0.6624137395086176
0.6833528610209558
0.699113603327461
0.7100928726562058
0.7166075326597283
0.7188590270236305
0.716919004674499
0.7107256649999564
0.7000868651327808
0.6846934128252036
0.664152438043872
0.6380541773643363
0.60608196634154
0.5681576847349312
0.5245806845483292
0.47608671739153363
0.4237671714026874
0.36886425127405453
0.31253563952009306
0.2556869168655244
0.19890871046146977
0.14249631526699874
0.08651062818732044
0.030849596566600683
-0.02468387050982277
-0.08031987282348145
-0.13626214476398651
-0.19262653579454783
-0.24937378494184706
-0.3062380451424047
-0.362663577913752
-0.41777853930728304
-0.4704468524940282
-0.5194246287427795
-0.5635920605967192
-0.6021671351850114
-0.6348027000655496
-0.6615410315229008
-0.6826798624114413
-0.6986248575565603
-0.7097748005753203
-0.7164503210743711
-0.7188574856764345
-0.7170728607411276
-0.7110395756976132
-0.7005701639813008
-0.6853593359198815
-0.6650163759736295
-0.6391304604985214
-0.6073790245601703
-0.5696723964748929
-0.526294163863482
-0.47796442222160507
-0.42576449436405456
-0.3709353551441616
-0.31464142810308926
-0.25779938051611945
-0.2010115371453216
-0.14458318447889004
-0.08858263024023345
-0.032912606799845874
0.022621593335308138
0.07824990824171894
0.13417811858318338
0.1905264876314745
0.24726276745957979
0.30413074775599175
0.36058624121455646
0.41576879086950175
0.46854996409613564
0.5176859729233669
0.5620481429186603
0.6008393025777188
0.6336962180637778
0.6606488283585757
0.6819881420178503
0.6981181440643037
0.7094393991872673
0.7162762548437833
0.7188393815305251
0.717210258305993
0.7113369483180902
0.7010366778275722
0.686008102724456
0.6658627503598273
0.6401888861648621
0.6086582478613117
0.5711698140582607
0.5279915030906809
0.4798276499174703
0.42774922369196205
0.37299563277158276
0.31673780241519245
0.25990339819034114
0.20310647135812818
0.1466623859667538
0.09064696008266977
0.03496780478346553
-0.020567319061507775
-0.07618810693264055
-0.13210230205700912
-0.18843448957668574
-0.24515933535485684
-0.30203017478289645
-0.35851432787753107
-0.4137627869783906
-0.466654975698025
-0.5159475344131718
-0.5605032313620996
-0.599509880284491
-0.6325881028530882
-0.6597553099511009
-0.6812955770994573
-0.697611048702717
-0.7091039717608726
-0.7161023617551129
-0.718821472964659
-0.7173476918126674
-0.7116340182951797
-0.7015023871314251
-0.6866554412208057
-0.6667070369301922
-0.6412446754385392
-0.6099345986274981
-0.5726646386275558
-0.5296871454215497
-0.48169059697052985
-0.42973532538189296
-0.37505883479533897
-0.31883830772883553
-0.26201231449433793
-0.20520665850868272
-0.14874686622743674
-0.09271636553882186
-0.037027740218359056
0.01850869532207874
0.07412231305678509
0.13002273529223968
0.1863387774319596
0.24305191996025552
0.2999249520503846
0.3564366544146089
0.41174952603152953
0.46475105323456906
0.514198630069811
0.5589467809118308
0.5981684566072423
0.6314680782347982
0.658850340614895
0.6805921767633434
0.6970937274869505
0.708758821283426
0.7159190904603124
0.7187943522868806
0.7174758949376961
0.7119216581540149
0.701958300191725
0.6872924912547571
0.6675405009795087
0.6422892107546097
0.6111995668165702
0.574148459702199
0.5313727778526401
0.4835450537094444
0.4317147039363665
0.3771169896695887
0.3209351009736009
0.26411841392390567
0.20730450641577375
0.15082915094559501
0.09478348468054032
0.03908515844838937
-0.016452874331570277
-0.07205958117714292
-0.12794638021457008
-0.1842462258788878
-0.24094731427801255
-0.2978217956956875
-0.3543598622973278
-0.40973557212212447
-0.4628446750218362
-0.5124456413297056
-0.5573850682667534
-0.596821203171494
-0.6303422171962536
-0.6579399038734922
-0.679883843428385
-0.6965720078147427
-0.7084097040327915
-0.7157321285132724
-0.7187636398930751
-0.7176004220739082
-0.7122053570916008
-0.7024098411477104
-0.6879246107381283
-0.6683684309953184
-0.6433277055621002
-0.6124582836591609
-0.5756263204984191
-0.5330533554930432
-0.4853958951006743
-0.4336921674998112
-0.3791748513599462
-0.3230328895277486
-0.2662263593964944
-0.20940463221363498
-0.1529138088157399
-0.09685283500700567
-0.041144523332351954
0.014395448040298927
0.06999556117313603
0.1258689469445947
0.18215260792190494
0.2388413569643893
0.2957166120473826
0.3522799249610129
0.4077169603912809
0.46093192688996004
0.5106846910061877
0.5558142428038054
0.5954642932162538
0.6292067211963046
0.6570202367562301
0.6791668563532315
0.6960422155757623
0.708052994728542
0.7155379001377357
0.718725809353132
0.7177177955992239
0.7124816854559128
0.7028536268799566
0.6885484604443018
0.6691875270813066
0.6443568923987631
0.6137075056677734
0.577094994334924
0.5347256668468234
0.4872399311945365
0.43566455948934185
0.3812293079571157
0.32512861246796565
0.26833314181288015
0.21150407597622417
0.15499792508284838
0.09892154284643619
0.04320299853104784
-0.012339218918337976
-0.06793302505095633
-0.1237931806382423
-0.1800606458277746
-0.23673675155060878
-0.2936120893771059
-0.35019951644314484
-0.40569634692806517
-0.45901543759565994
-0.5089183681950811
-0.5542368445632792
-0.5941002158207114
-0.6280640335249947
-0.6560937450370952
-0.6784435914603595
-0.6955067022772092
-0.7076910236744292
-0.7153387160970518
-0.7186831526982591
-0.7178302892033646
-0.7127528986790457
-0.7032918940355852
-0.6891662565134613
-0.6699999812014142
-0.6453789330101655
-0.6149493566692977
-0.5785565605128848
-0.5363917454475525
-0.4890791564916595
-0.43763384775734454
-0.3832823127756632
-0.3272242158096758
-0.27044070160358497
-0.2136047706773453
-0.15708342196974281
-0.10099151623631003
-0.04526247478573634
0.010282316343283608
0.0658701250626739
0.12171725936239128
0.1779685467697343
0.23463173777900645
0.2915065028121918
0.3481169476389711
0.40367207403957006
0.45709357075000717
0.5071450445379314
0.5526512426622059
0.5927273345001879
0.6269125162874587
0.6551587969583036
0.6777124302550634
0.6949638676421198
0.7073222115809455
0.7151330192834502
0.718634135321782
0.7179363906981262
0.713017506593566
0.7037231735004982
0.6897765487355539
0.6708043580191491
0.6463924005702957
0.6161824103114399
0.5800095861512217
0.5380501501842916
0.4909121279568142
0.439598599488539
0.38533245529023685
0.3293183185287214
0.2725476888384514
0.2157053953366916
0.15916900377393822
0.1030614809062959
0.04732169572256916
-0.008225982029942956
-0.06380809142586752
-0.11964240516936815
-0.1758775283072656
-0.23252753259491996
-0.28940107197759174
-0.3460334418356544
-0.40164536507617304
-0.4551675404743626
-0.505365912368708
-0.5510585976073409
-0.5913467752432325
-0.6257532655419299
-0.6542164666670145
-0.676974432571213
-0.6944147625964883
-0.7069476035902388
-0.7149218505858513
-0.7185797944739672
-0.7180371338954122
-0.7132765394758827
-0.7041484913507516
-0.6903803571851543
-0.6716016679322215
-0.6473982897532279
-0.6174076377310315
-0.5814550118475655
-0.5397017891589363
-0.4927397271475337
-0.44155968164789283
-0.38738059998345065
-0.3314117900868414
-0.2746549798211509
-0.2178068312228551
-0.16125555330126307
-0.10513231759211822
-0.04938153670625591
0.006169348967158534
0.061746068374003094
0.11756777661122453
0.173786766727877
0.2304233336465799
0.2872950189693716
0.3439482464229195
0.39961548902820776
0.45323662791232716
0.5035802520788609
0.5494581783721165
0.5899577921767774
0.6245855245451748
0.6532659941598132
0.6762288424850305
0.6938586405216011
0.7065664653656997
0.7147044892957356
0.7185194235186313
0.7181318262237771
0.713529318527059
0.7045671817193829
0.6909770269693852
0.6723912632188841
0.6483959538759255
0.6186243853445086
0.5828921699169402
0.5413459783261548
0.49456125933867656
0.44351640068206
0.38942606675658925
0.3335039715284417
0.27676193879535954
0.21990846395955468
0.163342474090574
0.10720344403742653
0.051441426280536835
-0.004112980927897796
-0.05968461501571448
-0.11549393131402601
-0.17169682168877748
-0.22831970637901408
-0.28518891825809745
-0.3418619459814266
-0.3975830372058753
-0.45130142200090695
-0.5017886374999949
-0.5478505330075427
-0.5885609040569052
-0.6234097867507921
-0.6523078553893927
-0.6754761261118267
-0.6932959632341624
-0.7061792576930244
-0.7144813967663849
-0.7184534850030175
-0.7182209316142913
-0.7137763089304284
-0.7049797103755457
-0.6915670226794232
-0.6731736037015009
-0.6493858420592363
-0.6198330837754323
-0.5843214652831312
-0.5429830944819575
-0.49637707863549885
-0.44546909976625804
-0.3914692002190265
-0.33559521681195464
-0.2788689312860389
-0.22201066891759252
-0.16543014791333163
-0.1092752447181647
-0.05350174822416149
0.002056497903166948
0.05762335807766558
0.11342050584449226
0.1696073430470268
0.22621631761551703
0.28308245686206984
0.33977424885626023
0.39554773605609544
0.4493616583139122
0.4999908006009899
0.5462353789462974
0.5871558098420925
0.6222257362808266
0.6513417272066604
0.6747159605679708
0.6927264135726738
0.7057856723139817
0.714252275142774
0.7183816920321097
0.7183041742137891
0.7140172456823157
0.7053858224584162
0.6921500978211389
0.6739484476975404
0.6503677115410469
0.6210334813884857
0.5857426300813702
0.5446128507808299
0.4981868842942392
0.447417475827042
0.3935097074152883
0.3376852512137096
0.2809757032452837
0.22411321110592672
0.167518355452139
0.1113475122893213
0.0555623037404503
-9.325229848028531e-8
-0.055562488491200226
-0.1113476918603178
-0.16751852666449613
-0.2241133711642972
-0.28097584986132174
-0.33768538271428244
-0.393509822843673
-0.447417574996751
-0.49818696776728055
-0.5446129197198114
-0.5857426860574785
-0.6210335261247798
-0.650367746693985
-0.6739484747115195
-0.6921501178467008
-0.7053858363386492
-0.714017253970235
-0.7183041772097873
-0.7183816898384112
-0.7142522676667555
-0.7057856592585242
-0.6927263943884945
-0.674715934424371
-0.6513416929632881
-0.6222256924954525
-0.5871557548622228
-0.5462353110367298
-0.4999907181814049
-0.4493615601798727
-0.39554762162356744
-0.3397741182811996
-0.28308231107039217
-0.22621615825639252
-0.1696071723954131
-0.11342032668130385
-0.057623173579939374
-0.002056311488730874
0.053501933039010414
0.10927542450252432
0.16543031947225137
0.22201082943568554
0.2788690784532597
0.33559534892301657
0.3914693162835546
0.44546919956037073
0.4963771626701891
0.5429831638910874
0.5843215216153488
0.6198331287423543
0.6493858773225053
0.6731736307172022
0.691567042621574
0.7049797241031133
0.7137763170124758
0.7182209343685618
0.7184534825401709
0.7144813889990017
0.7061792443356827
0.6932959437442004
0.6754760996574998
0.6523078208332033
0.623409742660504
0.5885608487725696
0.5478504648022635
0.5017885547872882
0.4513013235869307
0.3975829225008018
0.3418618151234386
0.2851887721609602
0.22831954667082996
0.17169665061768088
0.11549375164280615
0.05968442990223848
0.004112793777860157
-0.05144161195484386
-0.10720362480244146
-0.1633426467318541
-0.2199086256416365
-0.2767620871689595
-0.33350410486145743
-0.38942618401115253
-0.443516501599765
-0.4945613444063968
-0.5413460486726881
-0.5828922270930053
-0.6186244310703459
-0.6483959898315529
-0.6723912908639902
-0.6909770474808826
-0.7045671959546888
-0.7135293270629038
-0.7181318293797463
-0.718519421406089
-0.7147044818438337
-0.7065664522955493
-0.6938586213166807
-0.6762288163520143
-0.6532659599889226
-0.6245854809354013
-0.5899577374987226
-0.5494581109102548
-0.5035801702343526
-0.45323653046188733
-0.39961537534172475
-0.3439481166040559
-0.28729487388587205
-0.23042317490057038
-0.17378659653937345
-0.1175675977208357
-0.061745883919380795
-0.00616916233904949
0.0493817220060488
0.10513249813472847
0.1612557258849912
0.2178069930135719
0.27465512847054185
0.3314119238594117
0.3873807178327544
0.44155978328731516
0.4927398130421939
0.5397018603907464
0.5814550699278552
0.6174076843570377
0.6473983265728851
0.6716016964054136
0.6903803784826467
0.7041485063382216
0.7132765487326967
0.718037137743013
0.7185797930309605
0.714921843771893
0.7069475911274428
0.6944147439653352
0.6769744069704501
0.6542164329824572
0.6257532223610461
0.5913467209313472
0.5510585304432438
0.5053658307486113
0.4551674431643435
0.401645251430566
0.34603331193795056
0.28940092668591094
0.23252737349072733
0.17587735760020068
0.11964222558588397
0.06380790610619533
0.008225794364378109
-0.04732188222822086
-0.10306166280959624
-0.15916917784964896
-0.215705558723454
-0.27254783915744035
-0.3293184539972422
-0.38533257482343414
-0.4395987027474575
-0.49091221535773016
-0.538050222776388
-0.58000964542328
-0.6161824579411529
-0.6463924382112203
-0.6708043871442376
-0.6897765705260699
-0.7037231888496558
-0.713017516091129
-0.7179363946886396
-0.7186341339340895
-0.7151330124617701
-0.707322199059099
-0.6949638489249617
-0.677712404560234
-0.6551587632004879
-0.6269124730928388
-0.5927272802653407
-0.5526511756964502
-0.5071449632637244
-0.4570934739426953
-0.4036719610403179
-0.3481168185251562
-0.2915063584090331
-0.23463157963870218
-0.17796837707417418
-0.12171708081739006
-0.06586994078574403
-0.010282129722555461
0.04526266025492124
0.10099169709656852
0.15708359499251098
0.21360493297879898
0.2704408507917635
0.327224350090414
0.3832824310587623
0.4376339497240953
0.4890792425779182
0.5363918167445488
0.5785566185490274
0.6149494031634712
0.6453789696391623
0.6700000094466116
0.6891662775666451
0.7032919087905738
0.7127529077225107
0.717830292892494
0.7186831511641476
0.7153387092959121
0.7076910113607858
0.6955066839770793
0.6784435664228575
0.6560937121971803
0.6280639915124511
0.5941001630192183
0.5542367792426617
0.5089182887228813
0.45901534267456673
0.4056962358367596
0.3501993891981507
0.2936119467633309
0.23673659508901776
0.18006047768513944
0.1237930034993709
0.06793284201628101
0.0123390333595923
-0.04320318312417383
-0.09892172303171945
-0.15499809763557781
-0.21150423802198937
-0.2683332909595114
-0.3251287469146525
-0.38122942657834313
-0.4356646619134102
-0.4872400177925489
-0.534725738631356
-0.5770950527672037
-0.6137075524404279
-0.6443569291880683
-0.6691875553875722
-0.688548481490125
-0.7028536415784623
-0.7124816944290782
-0.7177177992107558
-0.7187258077462689
-0.7155378932609731
-0.7080529823437929
-0.6960421972090046
-0.6791668312400618
-0.6570202038474919
-0.6292066791350678
-0.595464240421986
-0.5558141775898282
-0.5106846117892393
-0.46093183240440594
-0.40771684992954754
-0.3522797985069131
-0.2957164703477713
-0.23884120147790422
-0.18215244076150058
-0.1258687707562292
-0.06999537902950058
-0.014395263302543215
0.04114470717212723
0.09685301450043883
0.1529139807112922
0.2094047936147034
0.26622650788555285
0.3230330232891514
0.37917496927730426
0.4336922692260253
0.48539598105583137
0.5330534267518005
0.5756263785866416
0.6124583302952838
0.6433277424391534
0.6683684595995579
0.6879246322738655
0.7024098565064396
0.7122053668701703
0.7176004266135353
0.7187636393144295
0.715732122755967
0.7084096928339677
0.6965719906896228
0.6798838195953881
0.6579398722559319
0.6303421764066275
0.5968211515747746
0.55738500410091
0.5124455629209241
0.46284458102971254
0.40973546176798736
0.35435973554431943
0.2978216532997439
0.24094715773635356
0.1842460573546682
0.12794620241292542
0.07205939722070946
0.01645268764057673
-0.03908534433110197
-0.09478366623794349
-0.15082932486137612
-0.20730466971117184
-0.26411856411593754
-0.3209352361618514
-0.3771171086641236
-0.4317148063514115
-0.48354513993085635
-0.5313728489859243
-0.5741485173115091
-0.6111996127052477
-0.6422892466954239
-0.6675405285562455
-0.6872925117528916
-0.7019583145732415
-0.7119216670721599
-0.7174758987836972
-0.7187943512214509
-0.7159190844555436
-0.7087588100954356
-0.6970937106414021
-0.6805921534900173
-0.6588503098232698
-0.6314680384986907
-0.5981684062361022
-0.558946718071589
-0.5141985529939591
-0.4647509604930234
-0.4117494167924758
-0.3564365285945927
-0.2999248103692949
-0.2430517639010178
-0.18633860915506184
-0.13002255748169592
-0.07412212883306527
-0.018508508097009064
0.03702792689013582
0.09271654813737668
0.14874704141126263
0.2052068232675047
0.26201246628627134
0.3188384445858032
0.3750589554515585
0.4297354293505498
0.48169068456062825
0.5296872176770344
0.572664697092602
0.6099346450890294
0.6412447116820738
0.6667070645534512
0.6866554615243572
0.7015024010872469
0.7116340265641456
0.7173476947918268
0.7188214708304959
0.7161023545005158
0.7091039591902797
0.6976110304053538
0.6812955523866379
0.6597552778603817
0.6325880621028723
0.5995098293361605
0.560503168514461
0.5159474579932488
0.46665488429475616
0.41376267968516534
0.35851420449981514
0.3020300359106841
0.24515918234607137
0.188434324465987
0.13210212746480773
0.07618792589959411
0.020567134936588616
-0.03496798850450209
-0.09064713992981188
-0.14666255866390202
-0.20310663398167694
-0.25990354829310486
-0.3167379381398714
-0.3729957529494007
-0.4277493279155585
-0.4798277385045555
-0.5279915770044984
-0.5711698747214283
-0.6086582969014827
-0.6401889252060704
-0.6658627808793204
-0.6860081259352199
-0.701036694653025
-0.7113369593913174
-0.7172102640055773
-0.7188393820103784
-0.7162762500769589
-0.7094393889358727
-0.6981181278578513
-0.6819881191183572
-0.660648797701548
-0.633696178279554
-0.6008392520487712
-0.5620480799078126
-0.5176858957614028
-0.4685498714531878
-0.4157686819604673
-0.36058611597303286
-0.3041306068799054
-0.24726261237644623
-0.19052632042391188
-0.13417794186597742
-0.07824972505368931
-0.022621407034681896
0.03291279274677228
0.08858281233629109
0.14458335945100373
0.20101170202716545
0.2577995328107348
0.3146415658516059
0.37093547707911756
0.4257645999532631
0.47796451168338816
0.5262942381192982
0.569672456941036
0.607379072951946
0.6391304985549289
0.6650164052969786
0.6853593578328198
0.7005701794967074
0.7110395855058517
0.7170728652649897
0.7188574850950354
0.7164503153741356
0.7097747895235577
0.698624840696003
0.6826798390078573
0.6615410005300303
0.6348026601327493
0.6021670847174403
0.5635919978668259
0.5194245520798174
0.47044676052380074
0.4177784311669225
0.36266345343130435
0.30623790488851604
0.24937363023880463
0.1926263686372776
0.13626196769477197
0.08031968883124312
0.024683682899445253
-0.030849784334825322
-0.08651081265787351
-0.1424964931597568
-0.1989088788065018
-0.25568707315468486
-0.3125357817693931
-0.3688643781718284
-0.42376728233445227
-0.47608681247889995
-0.5245807645647
-0.5681577509328917
-0.6060820202453843
-0.638054220556597
-0.6641524719805632
-0.6846934387231879
-0.7000868839478149
-0.7107256773869023
-0.7169190110242092
-0.7188590275205987
-0.716607527281369
-0.7100928611875452
-0.6991135853186315
-0.6833528357431256
-0.6624137059541745
-0.6358890091928715
-0.6034744954767202
-0.565115744028068
-0.5211438953466501
-0.47232566760644484
-0.41977169578991674
-0.36472564013379166
-0.3083310047414806
-0.25147095384558504
-0.1947128187434169
-0.13833217390462307
-0.08237539308702173
-0.02673113315295506
0.028802209983338076
0.08445481703177547
0.14042607790774916
0.19682273732597932
0.2535912101969483
0.3104461064733132
0.36680846521040766
0.42178387587305133
0.47422163165425507
0.5228786340040755
0.5666537232008678
0.604795604504429
0.6369890731262123
0.6633004984110682
0.6840404402555496
0.6996174505022444
0.7104264635093581
0.7167805300713228
0.7188764524743404
0.7167809577076694
0.7104273191208316
0.6996187347508149
0.6840421541030058
0.6633026431016299
0.6369916501441713
0.6047986156410365
0.5666571705551874
0.5228825201832824
0.47422595990055816
0.4217886502942868
0.3668136909524588
0.3104517897636627
0.2535973583227307
0.19682935858506942
0.14043318140554478
0.08446241264308708
0.028810308154900925
-0.026722521511844396
-0.08236625677408622
-0.13832250161768989
-0.19470259923869654
-0.25146017612201277
-0.3083196581684134
-0.36471371462653673
-0.41975918185000344
-0.4723125563092114
-0.5211301781364273
-0.5651014123101493
-0.6034595402358699
-0.635873420549468
-0.6623974729328762
-0.6833359461169187
-0.69909602559386
-0.7100746166288061
-0.7165885819799062
-0.7188393643727348
-0.7168986117540552
-0.7107045224106288
-0.7000649522732355
-0.6846707077920982
-0.6641289175079229
-0.63802981643076
-0.6060567385137018
-0.5681315618446311
-0.5245536367668482
-0.4760587133760972
-0.42373817843643236
-0.3688342354656136
-0.3125045659455383
-0.2556547496236544
-0.19887541264061803
-0.14246184891563365
-0.08647495422372027
-0.03081267467764414
0.02472208194510904
0.08035941678502159
0.13630306567711636
0.19266887949333805
0.24941759865918123
0.3062833774542153
0.3627104786714966
0.4178270596755826
0.4704970451107716
0.5194765480395734
0.5636457633094917
0.6022226809372355
0.6348601518887864
0.6616004562721322
0.6827413310005547
0.6986884450738081
0.7098405863311121
0.7165183887786425
0.7189279236696645
0.7171457624042845
0.7111150399841751
0.7006482959967387
0.6854402474812169
0.6651001861154672
0.6392172959008183
0.607469019892819
0.5697656945768529
0.5263909158088721
0.4780647872147638
0.425868639592228
0.3710434556165563
0.31475366665539056
0.25791594790741296
0.20113263234664616
0.1447090150315191
0.08871341274851262
0.033048567461806996
-0.022480218111782194
-0.07810287132977878
-0.1340251616702724
-0.19036734097831742
-0.24709714981824582
-0.3039583664235763
-0.3604067918822352
-0.4155819570173364
-0.46835541562233607
-0.5174833636934735
-0.561837107579058
-0.6006194528902284
-0.6334671397166446
-0.660410078356899
-0.6817392470121777
-0.6978585990183784
-0.7091686660475287
-0.7159937605947314
-0.7185445153632024
-0.7169023677681879
-0.7110153346952136
-0.7007005912178649
-0.6856567371852731
-0.6654952392477856
-0.6398042978214268
-0.6082555814173454
-0.5707479955747489
-0.5275493822565733
-0.4793639972576564
-0.42726272827474104
-0.3724848998403058
-0.3162013503949693
-0.2593396547260437
-0.20251376803508375
-0.1460389519233115
-0.08999091431913359
-0.034277147493083776
0.021294715906538815
0.07695450904031789
0.13291012179121878
0.18928629367545538
0.24605785182189602
0.3029782997674396
0.35951513470894275
0.4148195400323463
0.46777115175324174
0.5171268531685463
0.5617496939321044
0.6008278116457095
0.6339821929479771
0.6612306500442034
0.6828576917179429
0.6992659265794928
0.7108581011931918
0.7179627753777929
0.7207958057818011
0.7194442527238109
0.7138618721703647
0.7038714421910159
0.6891765379168591
0.6693920374905163
0.6441065560566713
0.6129875463899797
0.5759241537088793
0.5331701474697569
0.48541553406562904
0.43372228560249004
0.37932966332314244
0.3234167345975678
0.26692409885596013
0.2104797544676423
0.15441161444318977
0.09880571298847164
0.04357748772517731
-0.01145962252805805
-0.06653158269972423
-0.1218443271671004
-0.1775227136019856
-0.2335440020849643
-0.2896664839671499
-0.3453641101330532
-0.3997941115103705
-0.4518381121258417
-0.5002468740735437
-0.5438673880751486
-0.5818641511503462
-0.613832332776477
-0.6397668014497776
-0.6599343335899159
-0.6747247828922687
-0.6845316887087453
-0.6896764731212663
-0.6903689448254454
-0.6866909101983235
-0.678592038989606
-0.66589294259304
-0.6482973721085801
-0.6254216754289739
-0.5968533206463686
-0.5622483495118659
-0.5214643556006288
-0.47469746156549303
-0.4225615962163951
-0.36605076178314777
-0.3063822574158538
-0.24479327845797919
-0.18238534753581806
-0.12006619684197882
-0.058577532211549974
0.001436552772633721
0.05936893734838825
0.11463058691079427
0.16668127548455622
0.21508597322165046
0.2595539407146496
0.29992921226206765
0.33613530200807273
0.36810578060219756
0.39573971956096193
0.41890990167939496
0.43752613098069953
0.45161889186554743
0.4613824888291152
0.46713653872140276
0.4692242704000075
0.46790860743478097
0.4633184715421021
0.4554623005948015
0.4442950043605192
0.4298043963159884
0.41207496461230436
0.39130103992334986
0.3677546857314199
0.34173881379900817
0.31355388639694437
0.2834873350973325
0.25181854726903546
0.21882779285939247
0.18480244285059302
0.15004011809479925
0.11484841670371089
0.07953821719726568
0.04441281717671044
0.009764924164166954
-0.024106838813682526
-0.056862905872394405
-0.08808461420558336
-0.11725638679471588
-0.14378948925970406
-0.1670921646496299
-0.18666378183210552
-0.20217215561156646
-0.2134835252857626
-0.22064692500241603
-0.22385967339428392
-0.2234408702630422
-0.219821653975352
-0.21353935651959827
-0.205210005021761
-0.19546076020531675
-0.18483214860793337
-0.17368814201716173
-0.16217324014388948
-0.15023177563902368
-0.13768077377623134
-0.12431498641451301
-0.11001371326850676
-0.09481393881427673
-0.07892691701339354
-0.06270547786048085
-0.046591537005277066
-0.03106882255813661
-0.016625190859286335
-0.0037132703635152247
0.007301176242791394
0.016197499145891442
0.02294006691500155
0.02767376714530001
0.030673348383742863
0.0322721317982439
0.032800325875304966
0.03254784524669163
0.03175024667349892
0.030589413963629186
0.02920105792370586
0.027684011879008652
0.02610889065608811
0.024525255671967325
0.02296719770589386
0.021457546780584928
0.020010990963792493
0.018636365369948196
0.017338325099997755
0.016118565556929955
0.01497671258008362
0.01391097141346101
0.012918599547155797
0.011996250820910815
0.011140224750087187
0.01034664625751165
0.009611594030615678
0.008931190924892444
0.00830166625089738
0.0077193974489325025
0.007180936430089468
0.006683024734693144
0.006222600566213659
0.005796799918682955
0.005402953647641058
0.00503858153414316
0.004701384470290078
0.00438923542874485
0.004100169752802852
0.0038323751928716495
0.0035841817318214802
0.003354051822158114
0.003140570765841892
0.002942437618939909
0.002758456448751924
0.0025875281651699454
0.0024286429077846946
0.002280872793669284
0.002143365295513819
0.002015337160258381
0.0018960685770261746
0.0017848980025886444
0.0016812172987421539
0.0015844672744443884
0.0014941336400149034
0.00140974314638922
0.0013308603209593887
0.001257084141525961
0.0011880452951167656
0.0011234034646443957
0.0010628449349614395
0.0010060803662571235
0.000952842843448412
0.000902885954702116
0.000855982149316164
0.0008119211613475837
0.0007705086493841774
0.0007315648269796968
0.0006949234083252396
0.0006604303760226864
0.0006279431316223168
0.0005973295087252196
0.0005684669307132705
0.0005412417048393529
0.0005155483529332046
0.0004912888882446769
0.0004683722748261955
0.00044671388723932205
0.00042623505574415264
0.00040686255518493895
0.0003885281996197709
0.0003711685286808355
0.00035472432116722053
0.0003391404767865752
0.000324365495472173
0.00031035139249316996
0.0002970532992768133
0.0002844293323179277
0.00027244035821578184
0.0002610497756119561
0.0002502233221524367
0.00023992894633694062
0.00023013667792033736
0.00022081835645244768
0.00021194764813099032
0.00020349987127728887
0.0001954518166404127
0.00018778177033204328
0.0001804692768570378
0.00017349517057460895
0.0001668414340228496
0.0001604911237263423
0.0001544282718353707
0.0001486379126276479
0.00014310593586488188
0.00013781902100581307
0.00013276469436052015
0.00012793108413438714
0.0001233071356938713
0.00011888233083345201
0.00011464674671155206
0.00011059105097546664
0.00010670641958205488
0.00010298452407268426
0.00009941748028708445
0.00009599786744435054
0.00009271857187090603
0.00008957299940238843
0.00008655484734996804
0.00008365806826058412
0.00008087707872031123
0.00007820652903945877
0.0000756413040536646
0.00007317660687466843
0.00007080788443159459
0.00006853080246958091
0.00006634124725405537
0.0000642353338625751
0.00006220933710505843
0.00006025977201659893
0.00005838328540306965
0.00005657669181048777
0.00005483697425838633
0.00005316126533462185
0.000051546839139677555
0.00004999109568629
0.00004849154520450976
0.00004704583969319974
0.0000456517434572563
0.00004430709389388174
0.000043009897469446274
0.00004175818040842488
0.000040550069082136146
0.000039383854436338596
0.000038257828886588994
0.00003717034367080719
0.00003611993091397863
0.000035105064370305795
0.00003412438443413166
0.000033176536381628175
0.00003226024816521331
0.000031374281876814954
0.000030517511457452117
0.000029688784591056168
0.00002888702634171606
0.000028111265041931442
0.000027360446356564125
0.000026633693434408992
0.000025930100834599535
0.00002524881719116043
0.000024588981102708643
0.000023949844982897238
0.00002333063270288148
0.00002273064922501226
0.00002214916172598786
0.00002158553317674139
0.00002103912076689127
0.00002050930360581246
0.00001999548674760181
0.00001949712203361289
0.00001901367884073222
0.000018544639680835507
0.00001808948044025657
0.000017647709845295153
0.000017218924152356224
0.0000168026298796572
0.000016398423108284057
0.000016005913639004953
0.000015624659812795128
0.00001525432802473901
0.000014894527235103342
0.000014544918433439495
0.000014205187646957216
0.000013874975082326115
0.00001355398427950618
0.00001324189579286914
0.000012938465346329511
0.00001264338177967792
0.000012356388822016266
0.000012077230219527208
0.000011805629287429311
0.000011541365687010502
0.000011284235031617175
0.000011033973467235655
0.000010790374115096544
0.000010553259883539178
0.000010322387723657526
0.000010097595528448327
9.878693439378794e-6
9.66548168929329e-6
9.457820324561291e-6
9.25550179858905e-6
9.058407901756936e-6
8.866351616155904e-6
8.67917703765779e-6
8.496747960437113e-6
8.318947211835182e-6
8.145635022830485e-6
7.976633635002023e-6
7.811852169409689e-6
7.65118773847448e-6
7.494477912187455e-6
7.341632674458093e-6
7.19254445974022e-6
7.047078426127057e-6
6.9051714068576135e-6
6.766685761582505e-6
6.631545580368855e-6
6.499657151379435e-6
6.370911125149791e-6
6.245244487478045e-6
6.122559213564619e-6
6.002786734731714e-6
5.8858090434543785e-6
5.771579928238626e-6
5.660026214477756e-6
5.551069778880913e-6
5.444626645130108e-6
5.34062055353434e-6
5.239039194651622e-6
5.139766640504427e-6
5.042759539581848e-6
4.947945483799208e-6
