0.000022806532857362995
-0.000038970512446215895
0.00004953819716207266
0.00005201094226200194
-7.744444610486513e-6
-0.0000387332817218362
0.0000179089733980891
9.427119782490609e-6
0.00003775963324561869
-0.00003168004084674087
0.00004657636671361952
-4.653403218249664e-6
-0.00010891862845566737
0.000020606796407499758
-4.911289545843023e-6
2.182922792399556e-6
8.85645273253204e-6
0.0000312374964553355
-7.378416134203284e-6
9.132065027596136e-6
0.00006624805730108741
0.00008068000747068658
0.00007353401281412707
0.000026352207050517005
-0.00009884172797027259
0.000052656844869445826
0.000012028426093294776
-0.00007398942580805028
0.00002289394175809843
0.00009122059609994283
0.000019854277579699328
-0.00006176452383819485
-2.70358726799112e-6
0.000015309488555037075
-0.00008654424207299215
0.000032339259734143545
0.00010070294110973275
-0.000022407985752942795
-0.00001895759450520024
0.000041884375550122095
0.00002065981498661841
-0.00008378346278863715
0.000012314990193498567
6.553606350880412e-6
0.0001033429343892152
-0.00001679359785470793
-0.00001975069098244026
0.000051649899565039435
0.00006632914632875289
0.0000554625948501174
0.0000292582327592974
-8.704738467692032e-6
0.00004322983554446022
0.00005172361993697266
0.00005752407806260902
8.719393370740523e-6
-0.000018639870993079627
-0.000017500936862770463
0.00005548025889469474
0.000030047018019823747
-0.000013778031681038812
0.00008521455586198233
-0.000021584248624085196
-3.39596786138933e-6
-0.000023364122209663998
0.000025300328568495523
0.00006310764673400683
0.0000384540230605749
0.00004862611756577272
-0.000020081852672826565
0.0000656346143852345
-2.517358777219696e-6
0.00005092640281105199
-3.4945497896499714e-6
0.000052832332825369124
-0.000011111448423980339
0.000034032261611336674
0.00003988423154522504
5.584764204329034e-6
0.000041362077673200704
-0.00009905486961856668
7.309191036112815e-6
0.00008518531706379542
0.0000474018466965545
0.000029333025199630806
0.00001502702683445439
0.00007335709500988835
0.000015849387089711725
0.00007333777085208463
0.00001400650163589729
0.00014225588342522207
7.887630748616673e-6
0.000031264481079266495
0.00010829716104170635
0.00007967415427771172
0.00004043040878718282
-2.0768841853833693e-6
0.00007674173976873609
0.00004593617848250676
0.000052033997756057653
0.00010886968216891275
0.0001027537754593995
8.207303317841815e-6
0.000019633352876867077
0.00007155885529923547
0.00004515212128271365
0.00011627949054247803
0.00004696592926871072
0.0000846892360715334
0.00007884057698547113
-0.000015316176037953258
0.000026917570221719198
0.00007426537971946635
0.000030181147133625475
0.00005811009815562082
0.00008367279418628944
0.00006160511671566162
0.00006126421921471938
0.00007154177270046634
0.00008293351569003778
0.00006893517347881544
0.00008745071486015824
0.0000664628732918589
0.00006427341898021498
0.00011214163219376
0.00012031533748316978
0.00011501508258699557
0.00006593547894082566
0.00010957685687764273
0.00007478875130741101
0.00009439978207422308
0.00008507241728620054
0.00008880924493868237
0.00012063550592376734
0.0001711705347780804
0.00011962770042359441
0.00014250899586971608
0.00014497770616533654
0.00010126636783221807
0.00009496268154787908
0.0001501288170872715
0.00011169275629399674
0.00009751221845021889
0.00011507808547971712
0.00012458831595871722
0.000124529551491588
0.00019142040408711347
0.00011832392673229482
0.0001444906519431146
0.00014376716276288755
0.0001700034116017409
0.00011931036872729334
0.000228883288782444
0.000167505374607248
0.00017816356896033082
0.00023837333600907655
0.0001515070170642597
0.0002790074371832544
0.00017998044694381474
0.00016647616850385812
0.00030553425308847714
0.00020134994399684036
0.0003346541594697096
0.00024105207013661115
0.0002954502600629771
0.0002997533667871274
0.0003323116221328648
0.00025724423214808977
0.00028082377565042755
0.00032968131710303525
0.0003653939727114407
0.00040483452196049064
0.00043355005656203386
0.00045757899488391623
0.0003932292116309157
0.0004808355171374221
0.0004334763071064937
0.00045336884076936385
0.0005001938477919636
0.000550187617552068
0.0005215411621300924
0.0006269896022024817
0.0005889672125108369
0.0006285393319773522
0.0006641399533488107
0.0006913781131410997
0.000693349989109854
0.0007902622973384796
0.0007757935580070981
0.0007932725364817311
0.0009006556843731339
0.000964467872080801
0.0009972668892432902
0.001052163557478587
0.0009953505374877857
0.0010577535648905027
0.0011916488584588075
0.0012262569335266152
0.0012487150662619623
0.0013138712473928524
0.0013697068553055918
0.0014479912889987516
0.0015261485364469062
0.0016620035915888454
0.0016427774013265273
0.0017770020080431844
0.0018409876385310571
0.0019913380595828153
0.002150998539481225
0.002212607366301311
0.002325092514696256
0.002463518134536182
0.0025304882719405456
0.0027658813436963556
0.0028790411778323146
0.003050538495636171
0.0031744676425164834
0.003429057487039458
0.003588342945275025
0.0038018748330187115
0.004000414297170562
0.004273754454875915
0.004513100436163918
0.004730283540919763
0.00501880886482281
0.00528543697251402
0.0055908627709334545
0.005958390749378085
0.006218731523458898
0.006555530425963162
0.006940856586118859
0.007331312079173654
0.007680504665369957
0.008135360025718607
0.00852373537058178
0.008992456213160308
0.009379900887115648
0.00983185925157962
0.010329140679631057
0.010701921779546302
0.011131102185183473
0.011508024476427167
0.01182157238373305
0.01212213406349386
0.01225495149075217
0.012167114494579282
0.012024716204329345
0.01145435700218384
0.010593235365551784
0.009171617330162316
0.0071651781033946595
0.004219238249089123
0.00020807476040075187
-0.005270087350186976
-0.012559470037901132
-0.021917713433020146
-0.03368749006194248
-0.047793035936927644
-0.06417432270696226
-0.08234058716637917
-0.10179144252471395
-0.12182659545455628
-0.14141515580548464
-0.15976825115650478
-0.1760589790018881
-0.18944189799510572
-0.1996017391432824
-0.20600647793211035
-0.20863445145178372
-0.20749364737639128
-0.20263435731047147
-0.19445744206860704
-0.18334505719418584
-0.16968162347892574
-0.15403728044718848
-0.13666443103297565
-0.11789228653575187
-0.09761108114582089
-0.07577944604588406
-0.0521744352131936
-0.026549046518962678
0.0010260639566114045
0.030306779049483486
0.06107258900517382
0.09278394420277611
0.12489873189176046
0.15677344354560233
0.18772897084813642
0.21729318522331312
0.24526202219060322
0.2715132301133273
0.2963064822432219
0.3202065181262602
0.34342498372344393
0.36639808769267285
0.3889776029299441
0.41106658566042426
0.4320935202331684
0.4512824657637137
0.4676657729344617
0.4802917001792514
0.4881259288583516
0.4902190668502605
0.48593136574369705
0.4747911512711345
0.4568240848817432
0.43229256998808724
0.4019674126171839
0.3666029837139748
0.3272998293839434
0.28487535282838616
0.2401763297578584
0.19392817551594685
0.14621329892015844
0.09718353072090363
0.04666648499164056
-0.005763992712160697
-0.060036497136037356
-0.11647520090368246
-0.17472882142906376
-0.2343392836222925
-0.29448715318410945
-0.3540339075584852
-0.41186644105726455
-0.4664599908314651
-0.516502662594102
-0.5610567347381364
-0.5996606170520803
-0.6320419373188895
-0.6584337843631638
-0.6792567558012849
-0.6947548324659621
-0.7053923779598894
-0.7114018062967532
-0.7129429911976687
-0.7097308115925643
-0.7018900871815621
-0.6891132592831636
-0.6709626919468941
-0.6471890975118313
-0.6173505267073781
-0.5813164595802801
-0.5393662317787054
-0.49211068468435865
-0.4404950005748391
-0.38566632998068456
-0.3288488252774176
-0.27104089157820793
-0.212918978610846
-0.15487936435797534
-0.0970382455382029
-0.03945485436811558
0.017973806347160212
0.07549387192500082
0.13332220539113482
0.19139424381708098
0.24974291851482688
0.3082744362263027
0.36637958213127103
0.42325113635585154
0.47796953878684345
0.5292095697656461
0.5758834561817339
0.6170596383907008
0.652338566360596
0.6816140931541754
0.7049732354904684
0.7230040120087774
0.7358482057819902
0.7439988306795381
0.7476906899079944
0.7468942346729434
0.7417510644404566
0.7320434736320127
0.7175491356109942
0.6978909111702235
0.6726290528830055
0.6414877890231682
0.6042411252820314
0.5612410797357107
0.5128374744140702
0.46011457617658624
0.40429293304786934
0.3465120347637466
0.28780374469259745
0.22874530497219453
0.16985592931466953
0.1112685781935547
0.052964804268017626
-0.005230098988810676
-0.06339878587990322
-0.12171220737044058
-0.18039271733912993
-0.23926686795604538
-0.2983274164417996
-0.35684612824775724
-0.4142134716547165
-0.46940736480484574
-0.5211986995973124
-0.5684193049176718
-0.6101402846650897
-0.6459251992168584
-0.6756155341561008
-0.6995502138585119
-0.7179294418931588
-0.7312255480744606
-0.7397904545248944
-0.7437952942355024
-0.7434225465787281
-0.738634461100296
-0.7293195721749435
-0.7150831922660702
-0.6957093418491656
-0.6708649171159385
-0.6400512342986753
-0.6032204021003441
-0.5604581927590404
-0.512377255961934
-0.45992528279442857
-0.40429923251601085
-0.3466945575269565
-0.2880598977338375
-0.2291077789169952
-0.17025534579238616
-0.11172087930871531
-0.053503983595827836
0.00454400587947795
0.0626634276378582
0.12096092417693667
0.17949066816991335
0.2383728316893095
0.29732440302403057
0.35584902201199103
0.4132480453974044
0.46851847927795404
0.5203767093172047
0.5676903949337536
0.6096311522472971
0.6455632730782191
0.675495400139945
0.6995807930217351
0.7182161726309092
0.7316388319465215
0.7403656811369115
0.7444427206262003
0.744205158303604
0.7395696027178816
0.7303296570616516
0.716304611089039
0.6971501594252543
0.6724293537066646
0.6418308409846432
0.6051914842382871
0.5626423402072341
0.5147397183692524
0.46241438861136985
0.40683354006157985
0.349319454168152
0.290648997560578
0.23168296687609174
0.17286322069965737
0.11431108907724233
0.05603417714644232
-0.0020832423235598377
-0.060196902339734355
-0.11845728166067367
-0.17704768843034122
-0.23586549386278835
-0.2948812607157665
-0.3534190145953205
-0.4108784034517718
-0.46622564703322894
-0.5182523680156481
-0.5657954169099854
-0.6079447458338068
-0.6441085910815413
-0.6743048158958577
-0.6985640666261989
-0.7173453146645115
-0.7309931549588267
-0.7398832375674932
-0.7441748122032253
-0.7441109719058455
-0.7395861799874597
-0.7305296937797773
-0.7167561244392772
-0.6977595527411892
-0.6733018408105352
-0.6429096432218898
-0.60649669793411
-0.5641380395181154
-0.516430115387787
-0.46424867543653847
-0.4087891541806757
-0.3513184507888301
-0.2926902806446608
-0.23372986517268562
-0.17489292525122888
-0.11636859719985293
-0.05808027545881403
0.000025130229450915453
0.05813830235166977
0.11638609103821289
0.17492649122192339
0.23382749607799655
0.2927564389255327
0.3513410314145779
0.4088768849090905
0.4643319780153304
0.5165119048123585
0.5642442640000591
0.6065694166901416
0.6429681075286582
0.6733627856127776
0.6978273838967511
0.716842948820966
0.7306483932950524
0.7396763112913447
0.7441624070165063
0.7442819764620769
0.7399648460535806
0.7310659142168083
0.7173942740071453
0.6986222226928823
0.6743726470090172
0.6442072882451163
0.6080051099644909
0.5658731647351953
0.5183591154842103
0.4663124435688365
0.4109620609863913
0.35349588208433136
0.29493374636641567
0.2359885413150821
0.1771464881286543
0.11854864958294338
0.06025118929599928
0.0021403975374156693
-0.0559534345239492
-0.1142090925891994
-0.17272113454740934
-0.23156997165041018
-0.2905525148801008
-0.34914993178072845
-0.4067578569143586
-0.4623086411489706
-0.5146056327791036
-0.5625321790400503
-0.6050841196978146
-0.6417528298047135
-0.6723089931833488
-0.6970299551784794
-0.7161830785982349
-0.7301859687797249
-0.7393804539789876
-0.7440489330142065
-0.7442724487294281
-0.7401215987733314
-0.7314549498262745
-0.7179786811525183
-0.6994135832862673
-0.6753583316464853
-0.645434875186782
-0.6094215932198208
-0.5675473751497995
-0.5201517369729791
-0.46830492628269144
-0.4130402404982131
-0.3556501079876986
-0.29708843782287103
-0.23816361345901785
-0.17930905547254705
-0.12065953662804847
-0.062407835516831496
-0.004302377088951743
0.05378978863110502
0.11201466256675378
0.17057416088070793
0.22940234568656792
0.28837659578674474
0.34702132116919865
0.4046416090460681
0.46025788870164647
0.5127443021901281
0.5608415990161146
0.6036125870269337
0.6405016183773565
0.671269839914018
0.6962049341559923
0.7156114539508912
0.7297812009997959
0.7391510252930058
0.7439741332694485
0.7443636999483902
0.740389584150124
0.7318647817869964
0.7185743801022845
0.7002231282518613
0.6763458681472027
0.6466682083733727
0.6109016325756051
0.5691803911982897
0.5220198629551259
0.47028602622325133
0.4151527457612149
0.3577914351443781
0.29927345082946244
0.24031842247866445
0.18147125574701622
0.12283962057158641
0.06454347773453499
0.006426244892326653
-0.05165041665903542
-0.10989212939263837
-0.16842422191110484
-0.22724192564919368
-0.2861963299267827
-0.34483825740252827
-0.40257034233034666
-0.4582998922778336
-0.5108740314217286
-0.5591575502296963
-0.6021207961095313
-0.6392253061739698
-0.6702393499835303
-0.6953705326073493
-0.7149273060604097
-0.7293117117130549
-0.7388653519411743
-0.743854162558919
-0.7444424473990839
-0.7405832527447593
-0.7322675662390687
-0.7191345009536884
-0.7009869935707821
-0.6773094510811454
-0.6478465247765872
-0.6122923413679469
-0.570854333551011
-0.5238490063520067
-0.47226020706497324
-0.41724528896925145
-0.35994900207835206
-0.30144916794411614
-0.24253970758147392
-0.1836262036270236
-0.12502858940936895
-0.06673374904701944
-0.00860025465600107
0.049496319692168785
0.1077207919001024
0.1662424368754047
0.2250606884080997
0.2839880793189042
0.34267312185503057
0.4004346746607347
0.4562466706257552
0.5089843161137985
0.5574594728184705
0.6006453876605371
0.6379420056325655
0.6691934132097176
0.6945634220885224
0.7143510214674959
0.728903297664084
0.7386048443941612
0.7437730706169788
0.7444897047734947
0.740837539929718
0.7326516436957566
0.71974019764984
0.7017463209067297
0.6783030537224204
0.6490505771681768
0.6137458620803837
0.5724637355004512
0.5257014157042509
0.47424191013804556
0.4193216157723638
0.3620978416547684
0.3036449705546713
0.24470431105341503
0.18581319849681974
0.12719840540432545
0.06887318436548212
0.010748184115705148
-0.047334880275594834
-0.10556182423704225
-0.16406800183945577
-0.22288155587972278
-0.28183473530158976
-0.3405442731705042
-0.39832966592815905
-0.4542432103054359
-0.507116270971899
-0.5557604062373778
-0.599117564387485
-0.636680428333468
-0.6681628928598126
-0.6937079840196445
-0.7136816000057624
-0.7284217364751157
-0.7383505723586903
-0.7436516309766812
-0.7445425574160475
-0.741038421278429
-0.7330386318129632
-0.7202973447539199
-0.7024845719829012
-0.6792687304065173
-0.6502349880397339
-0.6151592934050696
-0.5741151739266768
-0.5274961218837366
-0.47621835624926173
-0.42141508061918265
-0.3642468518693988
-0.30581360432054555
-0.24689520051094105
-0.18798760180978866
-0.12935549878940464
-0.07103108383249115
-0.012901745856405477
0.04518772631230689
0.1034060028538312
0.161913198916582
0.22070763308173408
0.2796573319133556
0.33837637381804203
0.39621581113591087
0.4522323172706479
0.5052508861351956
0.5540398096323318
0.5976282170414898
0.6353804541439405
0.667103233141466
0.6928843244755605
0.713040573689279
0.7279763995155314
0.7380438870860053
0.7435487610994289
0.7446012594611988
0.7412715675901529
0.7334117255256506
0.7208492229607801
0.7032503121180433
0.6802333359882945
0.6514223960911711
0.6165649877379825
0.5757474141603705
0.5293251640394159
0.4782087912607258
0.42348738580500134
0.36637750174385453
0.3079784409407179
0.24906210913220755
0.1901717468060987
0.13154163080909928
0.07318251861241422
0.015061448567616252
-0.04300616054045362
-0.10124896720773699
-0.15970824552176682
-0.21850413493350482
-0.2774675329834227
-0.3362015811267991
-0.39410532349335636
-0.45019478444464384
-0.5033353961257013
-0.5523050854480539
-0.5961369741116849
-0.6341187574636572
-0.6660366947051543
-0.6920197890010006
-0.7123924283012074
-0.7275166781837992
-0.7377655427915656
-0.7434025203547383
-0.7446173025618285
-0.7414494766141845
-0.7337963153713792
-0.7214027823841321
-0.7040128667374733
-0.681165739494149
-0.6525834433444616
-0.6179572876563479
-0.5773294084934667
-0.5311155745245655
-0.48015244079506153
-0.42556773030165596
-0.368527018320662
-0.31016074013515993
-0.25125167195439846
-0.19234304614977923
-0.13368721367324451
-0.07535011853197053
-0.01721070327136297
0.04088348396800379
0.09907026759216493
0.1575585498922859
0.2163167001510553
0.27525002155646344
0.33404147504824006
0.3920000666153054
0.44815696142510814
0.501422304898
0.5505790492052725
0.5945746243687015
0.63281644677613
0.6649745361580198
0.6911808891799769
0.7117152262337874
0.7270398857672085
0.7374563515088013
0.743263627151842
0.7446529718929648
0.7416511456896422
0.7341467664432978
0.721952293241646
0.7047332021476206
0.6821218073031399
0.6537677966519971
0.6193754868991147
0.578948377197247
0.5329471360165203
0.48211721109893013
0.4276260233584987
0.3706638042343802
0.31231956944773226
0.253440100192542
0.19452549749087572
0.13587782491241635
0.07751331972191268
0.019360046415847404
-0.03872611435342952
-0.09693203353297368
-0.15538593414661356
-0.21413885789886714
-0.2730907213313966
-0.3318573121831017
-0.3898441936950873
-0.44612087270265627
-0.4995329328334984
-0.5488381636247323
-0.593067070330627
-0.6314745012574012
-0.6638679064911425
-0.6902962228309127
-0.7110652889509932
-0.7265643852615676
-0.7371537758596056
-0.7431309254391812
-0.7446763009707097
-0.7418487127657472
-0.734522531831313
-0.7225078501350742
-0.7054834948848734
-0.6830793255244465
-0.6549193096863047
-0.6207385563869112
-0.5805564558471503
-0.5347221438413389
-0.4840786775527122
-0.42970819339527566
-0.3728222787330993
-0.3145035002430536
-0.2556188760762957
-0.19670875838025084
-0.1380321832905385
-0.07966080616714921
-0.021503392289881806
0.03657567673819517
0.0947765851484025
0.15320312405163905
0.21195461373583077
0.2708991375648319
0.32971348832117553
0.3877326846960757
0.4440790807924256
0.4976305516913618
0.54711733870966
0.5915307508495875
0.6301812956398193
0.6627957298479314
0.6894157388628606
0.7103956076549132
0.7260798914311201
0.7368569222233282
0.7429954344408359
0.7447126723805811
0.742016974746917
0.7348614968521799
0.7230423504706358
0.7062026298368582
0.6840001464811513
0.6560593882369873
0.6221032797686017
0.5821294051208046
0.5365305105224218
0.4860106358613904
0.4317593692666336
0.3749486012435392
0.3166584904840479
0.25781510739193847
0.1988732590029394
0.14020061166772926
0.08181114334671812
0.023654176698422128
-0.034419150751313084
-0.09259862845519316
-0.1510295737572164
-0.20977320603307179
-0.26872867239338794
-0.3275440637776682
-0.3856214775391541
-0.4420379856500292
-0.49569056653200516
-0.5453352758838386
-0.5899909324837884
-0.6288693671926066
-0.6616866710535916
-0.6885302191617638
-0.7097135255163332
-0.7255951252577352
-0.7365550238565453
-0.742851970160271
-0.744726255133983
-0.7421922373145002
-0.7352260817213029
-0.7235485839693816
-0.7069149588534979
-0.68492083498294
-0.6572000281759665
-0.6234717460020468
-0.5837206935837652
-0.538313632531004
-0.4879691698639419
-0.4338285553792921
-0.37708134000683996
-0.3188525769886828
-0.25997997958111546
-0.20107511660108948
-0.14236744410399998
-0.08396860888485976
-0.025796091219651936
0.03226197631373096
0.0904367659407089
0.14887259184941842
0.2076001819437086
0.2665442887211569
0.32535673761987716
0.38348116557842776
0.43998833483754035
0.4937724896886315
0.543607997178719
0.588446346505121
0.6275289088999328
0.6605776257431711
0.687650147169198
0.709024643379671
0.7250834313576089
0.7362252656382763
0.7427137439497792
0.7447360583413436
0.7423821660267195
0.7355673115515629
0.7240558086288315
0.7076060478184153
0.6858450547776631
0.6583389896385299
0.6248417815160427
0.5853127435767898
0.5400636473883799
0.4899174237114271
0.43588492421597463
0.3792196216101511
0.32102540906385657
0.26216283471061347
0.20323955020469597
0.1445322195287516
0.08611691660402579
0.02795212070746484
-0.03011327049136212
-0.08828407487106561
-0.1466969103681487
-0.20541804168915195
-0.2643674465900763
-0.32320218222647534
-0.3813454797582475
-0.4379464069503993
-0.4918384346856018
-0.5418310535278356
-0.5868614330559448
-0.6261906556317627
-0.6594643190280864
-0.6867566602278489
-0.7083254960124187
-0.7245832845132808
-0.7358810441728284
-0.7425521206739393
-0.7447438975997869
-0.7425428562097302
-0.7358944181546069
-0.7245789530759036
-0.708321501657289
-0.6867404088489639
-0.6594586889463145
-0.6261758236769892
-0.5868598007826762
-0.5418547727369208
-0.491843358191875
-0.4379325762668271
-0.3813501628031793
-0.32320524168968395
-0.264343067577149
-0.20541711010066133
-0.1467014879993153
-0.08829244682360654
-0.030108212515819875
0.027963654795965638
0.08613014773114908
0.14454577563155216
0.20324721337778515
0.2621655338934839
0.3210239313059994
0.3792250056215079
0.43589180478895934
0.48990721110316665
0.5400738499442536
0.585298045803087
0.6248383236452045
0.6583438948139534
0.6858433334758257
0.7076281149709344
0.7240740834976683
0.7355560860443382
0.742384032959997
0.7447486330929625
0.7426939411745956
0.7362184202244966
0.7250743302420466
0.7090248368958378
0.6876534906650069
0.6605774167120516
0.6275240443933052
0.5884292718472622
0.5436031672682482
0.49377129555163995
0.43998559686984734
0.38348442432101726
0.32537760516360104
0.2665433382885475
0.20760472025321808
0.1488756963455452
0.09044259704262277
0.03226589319677514
-0.025815799692443346
-0.08395927214173793
-0.14237171696514123
-0.2010504329595311
-0.25997673950449085
-0.3188460179839453
-0.37708520410390245
-0.43382204353685117
-0.48797541068242983
-0.5382952620775102
-0.5837216223928974
-0.6234853117867516
-0.6572016777147136
-0.6849326016829038
-0.706911709611516
-0.7235480932902173
-0.7352123202812464
-0.7421915671222069
-0.7447161039089242
-0.7428599876791984
-0.7365304639197715
-0.7255934878636924
-0.7097043141787408
-0.6885434672387779
-0.6616912017893657
-0.6288530894697689
-0.5899762333281281
-0.5453496645474165
-0.4956955633987877
-0.44204047937882684
-0.3856186772984286
-0.32754045244106295
-0.26871325910994837
-0.2097730347084306
-0.1510422537829336
-0.09260203142852426
-0.03441391553692178
0.023670609677028585
0.08181533454242075
0.14021007772724142
0.19888480336393755
0.2578153653375107
0.3166735067258346
0.374937137685543
0.43176396647869913
0.4860215672270835
0.5365270624161577
0.5821466197962039
0.6221125892714102
0.6560603335449248
0.6840163020349822
0.7061966947472198
0.7230284385740452
0.7348644695501909
0.742018265969748
0.7447079985879425
0.7430046572049241
0.7368400956435583
0.7260664178939675
0.710388737228933
0.6894238618654605
0.6627871900553537
0.6301730144558513
0.5915236482019748
0.5471105794082496
0.4976170488549648
0.44409687591344454
0.3877376073085772
0.329714368734038
0.2709145577716373
0.21196418442653053
0.15320789207940513
0.09475513229079126
0.03657221138650881
-0.021505903936337487
-0.07966037801479568
-0.1380244915976724
-0.19671337960318858
-0.2556256269540805
-0.3145131882501956
-0.3728024203605559
-0.4297024398564457
-0.4840697455620262
-0.5347279069945119
-0.580542185206621
-0.6207383506983379
-0.6549121976848803
-0.6830558298369988
-0.7054792631370049
-0.7225014144633695
-0.7345136645941339
-0.7418484359143088
-0.7447012104309545
-0.7431412792837675
-0.7371551701679048
-0.726556774330564
-0.7110525369149087
-0.690279573020172
-0.6638746750310898
-0.6315087144075519
-0.5930622450204099
-0.5488390072882576
-0.4995248126653762
-0.44612225268744676
-0.38986241577510744
-0.3318655426429079
-0.2730756899448007
-0.21414674716417975
-0.15539190622664242
-0.0969236865118456
-0.038721883193982606
0.01933752780570714
0.07749583706087884
0.13584498281831892
0.19452696051985505
0.2534313959463216
0.31234426542262617
0.3706671298895261
0.42762122499717614
0.48210888748556724
0.5329372306288135
0.5789393497980272
0.6193523865588888
0.6537569943216713
0.6821433150795757
0.7047389561409492
0.721958379861706
0.7341568318850543
0.7416532728992928
0.7446591183671677
0.7432841275084814
0.7374643392350893
0.7270337278195539
0.7117130539721052
0.6911611027237993
0.6649693149894447
0.6328008422869482
0.5945991612578283
0.5505854670594836
0.5014157224260141
0.448175528919833
0.3919890217002676
0.33405663681818404
0.2752665973837636
0.21632574791074183
0.15754206155572037
0.09907504099587132
0.0408720397830617
-0.01721625414719478
-0.07535284813331963
-0.13369863515542815
-0.19234197368103462
-0.25125138832552235
-0.31015692275779805
-0.36853601581306106
-0.4255611396083463
-0.4801606323804428
-0.5311144618265111
-0.5773281650807927
-0.6179717295370927
-0.6525848259654125
-0.6811989747360396
-0.7040104413092718
-0.7214291165853438
-0.733785421629852
-0.7414370405235496
-0.744634983865053
-0.7434111274854347
-0.7377727754173415
-0.7275155682015626
-0.7123792575725707
-0.6920136632628835
-0.6660398863170386
-0.6341220989905277
-0.5961261048406972
-0.5523137362508985
-0.503317675586627
-0.4501842206285457
-0.394098238621409
-0.336213640294382
-0.27744132572027863
-0.21852190265097618
-0.15972828682255574
-0.10123894015565416
-0.04304064704438305
0.01505328194089191
0.07319950174719765
0.13152378870352008
0.19016142844843648
0.24904706167907992
0.3079688129798118
0.3663790320780709
0.4234761423071132
0.47818773896394
0.5293415501394959
0.5756930390478783
0.6165589866998237
0.6514369128475254
0.680234324995584
0.7032634127400819
0.720858686102573
0.7333927790996506
0.7412538718961894
0.7445808738394729
0.7435448091367112
0.7380590667991174
0.7279855761687927
0.7130299897383233
0.6928690058833796
0.6671011812179616
0.6353754455491168
0.5976414140023765
0.5540114928700299
0.5052349347013178
0.45221698042649494
0.396200234161549
0.33837635007287264
0.2796548964085401
0.22069373988832808
0.16188052486187707
0.10341171028558624
0.04519329681045756
-0.012910488778137079
-0.07102364021221419
-0.12935328611145805
-0.18798430269219096
-0.2468984187438748
-0.3058131562738828
-0.36425077372319214
-0.42141506367242004
-0.47624038020095677
-0.5274998668546623
-0.574110400954518
-0.6151618468553076
-0.6502327753029886
-0.6792780669451398
-0.7025332292504708
-0.7203174865613728
-0.7330371552253836
-0.7410359405308954
-0.7445459071904532
-0.7436364226496659
-0.7383232571794236
-0.7284242339834027
-0.7136885769633052
-0.6937325208250666
-0.6681497650871022
-0.6366723585525872
-0.5991391089032916
-0.5557468269275685
-0.5071021318706594
-0.45424721904182347
-0.3983254467176607
-0.3405229002498284
-0.28183652651104796
-0.22287894520201057
-0.16405386185936882
-0.10556504679792635
-0.047333448781840766
0.010752445615828787
0.06888678219026947
0.1271892500502995
0.18580972813067367
0.24469767002105663
0.3035910321188108
0.3620979716987487
0.41932770426530647
0.47425839257657515
0.5256583681999909
0.5724589551478514
0.6137614321909448
0.649016719504876
0.678321265410476
0.7017377423623437
0.7197394858235633
0.7326550353193308
0.7408409680427269
0.7444918965710583
0.743782093884188
0.7386146622470777
0.7288788096860479
0.714339663383525
0.6945504824549787
0.6692142992124914
0.6379368288868416
0.600630110777805
0.5574719266305385
0.5089997302878132
0.4562785377070827
0.40044870818169287
0.342698464462057
0.2840136218355037
0.22502508894353476
0.16622502117542456
0.10771668292238627
0.04950520241113972
-0.008598291873813299
-0.06671833418978682
-0.12503191588473206
-0.18364773773809512
-0.24248286938237612
-0.301443439716859
-0.3599646911635719
-0.41722833201333004
-0.47228867986489065
-0.5238622790604858
-0.5708705594815423
-0.6123160434147148
-0.6478351571332804
-0.6773258097504825
-0.7009757890603386
-0.7191682996324441
-0.7322211584924723
-0.7406054796176129
-0.7444526661610935
-0.7438721757317192
-0.7388556464476219
-0.7293203044821494
-0.7149395216455998
-0.6954072374928157
-0.6702394285958824
-0.6391968869129498
-0.6021340802053544
-0.5591507982110487
-0.510870485025322
-0.45828896237860095
-0.40254775178858276
-0.3448432216061153
-0.2861863692194
-0.22720354914269467
-0.16840773734289952
-0.10989585505185714
-0.051652393079104415
0.006444856822666928
0.06454103529159208
0.12284194333757713
0.1814695381505365
0.24033721402745625
0.2992625608720893
0.3578077979072389
0.41512605378378864
0.4702873910913524
0.5220063003936964
0.5691932651253991
0.6108765180792586
0.6466145407424149
0.6763453144608809
0.7002203029085038
0.718562030790181
0.7318427861491487
0.7403948102089271
0.744344569594223
0.7439880587382038
0.7391389148657806
0.7297566800479063
0.7155550245320966
0.6962287132363333
0.6712914879859435
0.6404629482758385
0.6036025052048187
0.5608401718577252
0.5127324377240506
0.4602997933010159
0.40465801631133835
0.34698650621998167
0.2883709790323813
0.22941767271742147
0.17057628543690612
0.11202950841078825
0.053804866754335365
-0.004329192282632535
-0.06239495717738194
-0.12070180757254075
-0.17928840628319123
-0.23814806923501755
-0.297107571224747
-0.3556377650156101
-0.41304242516618556
-0.46830514174384963
-0.520172526842476
-0.567551033140104
-0.6094315548422818
-0.6454154239089691
-0.6753582422293303
-0.6994082529210749
-0.7179980355991735
-0.7314342266112706
-0.7401527755859962
-0.7443043024024496
-0.7440834300624808
-0.7394151610609545
-0.7302085384145128
-0.7161756675470863
-0.697034759784486
-0.6723423743620217
-0.6417350531683468
-0.6050658107277059
-0.5625335081929475
-0.5145742866694898
-0.4623132014129318
-0.40674912354450904
-0.34919383523279635
-0.2905296987029203
-0.2315976100848392
-0.17278710331699582
-0.11423524727170176
-0.055968157026907876
0.0021535113528290783
0.06024669539205395
0.11851911724638517
0.17707984970614019
0.23595026192903612
0.2949045731799238
0.35346015201894576
0.41095194615948566
0.4662934510715026
0.5183187156916651
0.5658404060033295
0.6079762204573325
0.6441796092772245
0.6743308362814817
0.6986148104971107
0.7173954436183156
0.731039962864501
0.7399018403823121
0.7441964680937003
0.7441246911058399
0.7396496551336964
0.7305996202963867
0.716807054906539
0.6977955271879013
0.6732913926526224
0.6429530647826037
0.606562545490384
0.5641924047299443
0.5164692221197582
0.4642924094689863
0.40879860617175645
0.3513324484590085
0.29270079508927205
0.23374455556571264
0.17493617506771306
0.11637444093257701
0.05808986565693379
-0.00002168614042270914
-0.05811329952739567
-0.11641511243081067
-0.174951491021931
-0.23381599819714866
-0.29274298811651867
-0.3513502575520068
-0.408882595549155
-0.46434162474713614
-0.5165285341113445
-0.564215472243823
-0.6065618812175123
-0.6430073096206655
-0.6733657470131325
-0.6978341038066644
-0.7167776981007445
-0.7306349269777558
-0.739657159851912
-0.7441648898191201
-0.7442498063833829
-0.7399389306367016
-0.731018728894007
-0.7174235952903891
-0.6986433846905109
-0.6743424711922626
-0.6442195326298451
-0.608001301471078
-0.565881385911311
-0.518337867323044
-0.46631350015918166
-0.41099690431197883
-0.3534764736772996
-0.2949727628481103
-0.23599411492595304
-0.17714319670985237
-0.11858244152627244
-0.060299566659672156
-0.0021925883267847903
0.055889412868799566
0.11418416741375816
0.17273808884083733
0.23154875193963853
0.2905059009967858
0.34911675106793455
0.4066967262775644
0.4622868422233387
0.5145870926229492
0.5624660094654278
0.6050384912078365
0.6416730582404734
0.6722894894414124
0.6969666529927298
0.7161663330852724
0.7301508075213787
0.7393911190730805
0.7440262070148306
0.7442698657241495
0.7400673575826572
0.7314080151184824
0.7179699085101692
0.6993557536055307
0.6752945072325205
0.6453446946429819
0.6093472408960369
0.5674598205406295
0.5201106286103738
0.46821425096056374
0.4129915892622731
0.3555441285817411
0.29702905366529114
0.2380948516826609
0.17919330427873653
0.12061365289305422
0.0623236910737162
0.004242627656424513
-0.0539093094377344
-0.11211441180107777
-0.17068494384601124
-0.22947061826004161
-0.2884560020047011
-0.34712246199835917
-0.40474215355355525
-0.460392468208892
-0.5128493991025467
-0.5609492868676907
-0.6036841173794424
-0.6405807694811745
-0.6714136067883495
-0.6963455209020324
-0.7156972089729046
-0.7298822662088174
-0.7392793803013596
-0.7441129044721938
-0.7445064835153543
-0.740509074228172
-0.7320105829233006
-0.718737040819507
-0.7003416154652264
-0.6764655320300449
-0.6468114399998455
-0.6110571609848068
-0.5693861114886463
-0.5222138095390265
-0.4704938205147741
-0.4153498271146968
-0.35804427187654986
-0.29949570788164226
-0.24051008008161184
-0.18170594278768934
-0.12312911603484897
-0.0648527164794461
-0.006719520792488698
0.05138518446965137
0.10958812666307823
0.16811978403164635
0.2269179656311203
0.2858266679466878
0.3445229087811814
0.40218370409200954
0.45793283249946576
0.5105155072155855
0.5588027666401704
0.6017173898591331
0.638789913548686
0.669828066023177
0.6949320601688739
0.7144521888315992
0.7288604527216714
0.7383599433001634
0.7433227911008906
0.7438915254553073
0.7399597556954517
0.7316429244859556
0.718509480289769
0.7003201265950517
0.6766391004765565
0.6471231238807788
0.6115439922489694
0.5700892406860992
0.5230246715899471
0.4714748114441154
0.4163876822383625
0.3589905158493243
0.3004359667962165
0.24149792660765187
0.18258626681630777
0.12387125594281197
0.06553122850149908
0.007358230314875675
-0.05076493559197298
-0.1090686666247501
-0.1676687158539744
-0.22652068492102154
-0.2856079113593844
-0.34436444983322845
-0.4022412354156302
-0.45812071060938453
-0.5109382466532865
-0.5594755528947817
-0.6027592921560269
-0.6401754069409236
-0.6715690269375941
-0.6970637446883171
-0.7169176387091369
-0.7316717244837977
-0.7415244471807774
-0.7468064533217758
-0.7477073108565447
-0.7442527945776743
-0.7362175804028833
-0.723511628165199
-0.7057195358467302
-0.682495532723943
-0.6535048613226797
-0.6185193558521037
-0.577515816715058
-0.5310222283607453
-0.4799340417246993
-0.4253788837899491
-0.36851890370792223
-0.31047202242835303
-0.2519617459484057
-0.19354642911892156
-0.13542460183961572
-0.07764156610131887
-0.020061199778823938
0.03737952448966263
0.09491400608841168
0.15271997847768723
0.21074317855450092
0.2688855351232487
0.3267342147556061
0.3835444621269999
0.4384825818503179
0.4903035484811992
0.5377262439229834
0.5798930911853668
0.6161020111553592
0.6461462188174544
0.6701734710512534
0.6885285705313746
0.7015107851893155
0.7095057517076092
0.7127515527147416
0.7115423835892062
0.7057354720354542
0.6952560368308232
0.6798912366679086
0.6592522301836558
0.6330754837186189
0.600959174798109
0.5626319550141334
0.5182534797489242
0.4683465928897008
0.4139675664394345
0.3562387618782021
0.2966598427458209
0.23654417882704765
0.17693905881388006
0.11863782921426008
0.06217047472138474
0.007718441116332573
-0.044735626331288456
-0.09536467969033881
-0.1444801177939955
-0.19219027209374423
-0.238540914959929
-0.2832680800529318
-0.3257760114426909
-0.36524013982777886
-0.40071265333704514
-0.43128168762038854
-0.4559594675061047
-0.47420990367634996
-0.4856544407890361
-0.4901799121079698
-0.48829946234509247
-0.48064673818091935
-0.4681806662393709
-0.45192637197195884
-0.4328487321260097
-0.41188458931995175
-0.38982984661346404
-0.36724065302358
-0.34430053613336553
-0.32108787087875307
-0.2972119842907214
-0.2724463292196799
-0.24624791616434058
-0.21842522640523798
-0.18894245258881492
-0.157968802060666
-0.12610437738085467
-0.09398597907585805
-0.062215595611378904
-0.031479065297154316
-0.002022081830080181
0.025571087620601455
0.05117817601458379
0.07492745797229747
0.09691473706790132
0.11716854806774162
0.13604849825035253
0.15340865797200554
0.16917705578298148
0.18290960677152374
0.19410958987547428
0.20242015167906524
0.20734890190756355
0.20863682013765808
0.20620761427478262
0.1998912539035913
0.1899800899047766
0.1766099786000299
0.1603869037378895
0.14209235272370854
0.12257308101000791
0.10249884764344146
0.08309434369332674
0.06477309266132912
0.04834804283257615
0.03413312535449385
0.022323991543131038
0.01285408138468158
0.005478096916612744
-0.00006317978495723413
-0.004171421479919821
-0.007156781709096609
-0.009203645372651661
-0.010517508015587523
-0.011448102698597168
-0.011995226100509378
-0.012170310197062061
-0.012231229995258249
-0.012041050720264011
-0.011815180973894411
-0.011504901600202254
-0.011187341460683425
-0.010726151814279734
-0.010327009697470732
-0.009880611662316553
-0.009486021946484017
-0.009019923615568151
-0.008552342020043693
-0.008208759816123718
-0.0077125264032413135
-0.007310652488843281
-0.0069157612985310726
-0.006563612231239554
-0.006222608600151132
-0.0058971710255203225
-0.005615552183297856
-0.005371861149066198
-0.005013971497476749
-0.004730980911007533
-0.004472484738330205
-0.00425478546353433
-0.003980067420533938
-0.0038067877050316735
-0.0036165318562109386
-0.003436389930104281
-0.003216288239633678
-0.003030116086624077
-0.0029092672218373685
-0.0027055959512321853
-0.0026064800894021636
-0.002446595421617441
-0.002350794242847946
-0.002223014877338412
-0.0020639016752699336
-0.001979352515460054
-0.001879753403088546
-0.0018313010578866569
-0.0017583331420924252
-0.0016256265813227228
-0.0015670205286608364
-0.001566538711808029
-0.0013669416404749003
-0.0014048982886319308
-0.0012584155209226212
-0.0011846833381874053
-0.0010944591315906432
-0.00105919019795486
-0.0010545370275863095
-0.0010328005876524787
-0.0009124411812692717
-0.0009428096183965246
-0.0008593773376386522
-0.0008406267247881633
-0.000751226592240644
-0.0008225211628446029
-0.0006659858617124509
-0.0006190900381584933
-0.0006151066668904096
-0.0006502950091154801
-0.0006247402344342038
-0.0005357572545854724
-0.0005881804848119345
-0.0005317477969855628
-0.0005068686871711623
-0.00047935282313751664
-0.0004927238529030523
-0.0004089508691550136
-0.0004369952403665478
-0.00037913422533069523
-0.00044656973000079285
-0.00039518753496127024
-0.0003436228737819419
-0.00037692148304572365
-0.0003411115073334702
-0.0002891291608699958
-0.00034075312074235465
-0.00035125354550763027
-0.00030692182949467774
-0.00033187583885505327
-0.0002764789168198893
-0.00024061973555603177
-0.0002342191924697293
-0.00022471535507493262
-0.00024557331282278955
-0.00017803584789240052
-0.0002325582651855323
-0.00021052688863995787
-0.00018163182524523147
-0.0002062603002465377
-0.00018794928393514834
-0.00015295238138259332
-0.00019773942360844265
-0.00016544359044245912
-0.00022873096937481334
-0.00016537021045821967
-0.00013554103880501886
-0.00007846367881403375
-0.00012000005575796352
-0.00015352959349605128
-0.00010446347347350139
-0.00017239497537220965
-0.00012164419829232985
-0.00016359148968730222
-0.00019477574622323805
-0.00015256993425672937
-0.0000831382973899403
-0.00014635848117297164
-0.00010674897777956153
-0.00014494635843546942
-0.00011474358757501746
-0.00016816130388963202
-0.00007407236846309713
-0.0000778159169009263
-0.00006421117464940682
-0.00010752860143669418
-0.00013391317823296914
-0.00013446040606409702
-0.00008913096219789854
-0.00016797757623011032
-0.00003473864491658015
0.000059425107850292744
-0.00007420742489994179
-0.00004773491163714901
-0.0000803697863170371
-0.000055277022622210006
-0.00003801207254634478
-0.00003087038439371957
-0.000019048945828021834
-2.662429782078123e-6
-0.00004041983320573068
-0.00007884977109420001
-0.0001057145411857758
-0.000058827630895780745
-0.00006601859948492022
-0.00006305714977943188
-0.000037796498424835274
-0.000054860800372183467
-0.000022247186958648174
-0.00003954314012829516
-0.00012257816043006103
-0.00009344131626411183
-0.00007068513309609226
-0.00003409226631092582
-0.00006622810172204414
-0.000019182502460661366
-0.00007054684572371435
-0.00007163521289584973
-9.550484839193741e-6
-0.00007144517825125277
0.00004706616268702094
-0.00001980929536000791
-6.732230075439155e-6
-0.00007254664971928292
-0.00008390172502588989
-0.000028729316702763277
-0.00001760091721057075
-0.000012015219187660714
-0.00003997050421988342
-0.00001778355276807107
0.000018968632556528484
-0.00010007929027849418
-0.00005430086633082223
-2.655181927953597e-6
-0.000055722624126959044
-2.1535578444006872e-6
-0.000010717985563287639
0.000017217980501127127
5.888921107684347e-6
-3.927358547108611e-7
-0.000052700682587120405
-0.0000856954976049789
-8.339501655218541e-6
0.00003354734946929894
-0.00002532162425480927
8.842907825489209e-6
0.00003822126334277063
-0.000022024525986611865
-0.000051186468174302183
-0.0000735046043671967
-0.00003175148341545562
-0.000024226714334987895
0.000012912479809824477
-0.000010697249278836908
-0.000029612663998490838
-4.31405377857518e-6
-0.00004279286066583049
-0.0000133479687758281
0.00003253701670289108
-0.0001281464709622212
-0.000017045412668938355
-0.00004637413484012616
-0.000020536118748502694
-0.000024464756567382285
-0.000029635371039288083
-0.000046708594024511804
-0.00007014149698063266
0.000018580919434356275
0.000029738021723981384
-0.000017179049970127055
0.00002632549124466819
-8.615824765959943e-6
0.000023609317309863725
-7.383650237279892e-6
0.00005376844565063963
