0.00011349758762512987
0.00003641100144480274
0.00006778642120126011
0.000035555014616690014
-0.00002213768348685643
0.000022161191510131213
-0.00001163716122766094
-1.7502943489081845e-6
0.00008847255053231787
0.00007230947079613854
-0.000021931756647872952
0.00006501827753345692
0.000043164163235107243
0.000040556750925063155
0.000030373709992118234
0.00006366429122831537
0.00014863275636519158
0.000030194504414679922
0.00004973326083789065
0.00004758456003238176
0.0001026393199270546
0.00015636537838351747
0.00013421978469716606
0.00006731419863678652
0.00009052821978846667
0.000048333097628604365
0.00010570333613969578
0.00015598887548115293
0.00009035219374758727
0.00013619339916158402
0.00011702998749188944
0.00011294475929069283
0.00009858587601682437
0.00007064691398790785
0.00009693246517072088
0.00013092109803825082
0.00008105307136416871
0.00015177752610024878
0.00011934693514998195
0.00014475954069040526
0.00015642353922423247
0.0001384334545538484
0.00010549998380266662
0.0001715728529421664
0.00017866487963972652
0.00015919563551906806
0.00020460445304528924
0.0001735776509319128
0.00010395751641942917
0.00024928238912441154
0.0001875534663228542
0.00021248719577471567
0.00020171791425364124
0.00016664020986589784
0.00018573251180257648
0.00018918062862170555
0.00020320148958595253
0.0002917539748156467
0.0002376933890066321
0.0003250718523996549
0.000312385079929201
0.00034210573165525514
0.00021096488297389195
0.00033855609206374546
0.00033721470171513355
0.0003930085152030568
0.0003009413272626711
0.0003314060843726521
0.0004005999164355681
0.0004047965126802079
0.00036100315849961235
0.0003649754833615482
0.0003702431069265588
0.0004723249674802679
0.00044364777847090886
0.00045397140313886214
0.0005125239170867621
0.00046336784005194723
0.0005874780832768882
0.0005440073155598337
0.0006180037154020759
0.0006278894839510665
0.0006246617853585539
0.0007240392094901992
0.0007239172895193236
0.0007192192512268517
0.0007571978236750194
0.0008332541874895219
0.0009161455253206423
0.0008534994654576851
0.0008832635810836301
0.0009336036028941189
0.0010043133278883733
0.00107917993486162
0.0010891248896355834
0.0011855271110188974
0.0012389833086824532
0.0013377416979184144
0.0013897045472078024
0.0014409187151912966
0.0014899991026467016
0.00149551006572394
0.001685031240484806
0.001691081032335419
0.001815140966482911
0.00194016875602918
0.0019497358276245288
0.0021165324278044637
0.002192620689242985
0.002291033955698966
0.002476466181662638
0.002576585781411178
0.0026939374826485778
0.002944212879377123
0.0029672532094695927
0.003143210689828872
0.003293472852001897
0.003432891622029072
0.0036765551672319403
0.0038416226263318664
0.004184652271499318
0.004241425776870576
0.004522380799004452
0.004677899839153901
0.004951130134716869
0.005242125706943534
0.005515223827368486
0.00580658935830439
0.0061203888986744205
0.0063683091963497316
0.006730034941074439
0.0070875388890441135
0.007468617403432922
0.007722454627560994
0.008122523280121412
0.008559986931907723
0.008944325857311829
0.009338132843972823
0.009685179454881027
0.010022222356327777
0.010372950523299554
0.010767625028418614
0.011037407903314296
0.011250102139680128
0.01139536705669523
0.011465563598395956
0.011418039843750543
0.011090370849433701
0.010646046599759163
0.009709984517663028
0.008543913900928485
0.006816268384963531
0.00445098576297531
0.0011800696101138268
-0.0030671692592141755
-0.00855061095854882
-0.015334732857614606
-0.02377971346845012
-0.033713174962067084
-0.04526462832188484
-0.05804782789243688
-0.07193636774384973
-0.08629694371880188
-0.10085339085271791
-0.11498434523784065
-0.12794574490406338
-0.1393010613411413
-0.14855305838825822
-0.15526198757011433
-0.15909890930830484
-0.16002411250107226
-0.15801680726078177
-0.1532594049996133
-0.14609423593924029
-0.13652126012199375
-0.1249443762134903
-0.1112871194693841
-0.09551978362520651
-0.07749746535572835
-0.056841462805942135
-0.033540274155984984
-0.0071814657086367905
0.021982587764641494
0.05387633529157583
0.08801503873794055
0.12370545701955182
0.1601886402663602
0.19643628263067434
0.23142029134824932
0.2638345104346977
0.29268951808335253
0.3170144419470972
0.33594827099853497
0.3489464223795378
0.35592915107395634
0.35652220791395745
0.35117695597077747
0.33995305086533606
0.3232809583306172
0.3014878629756779
0.2748737887659975
0.2438358006689521
0.20888235907304492
0.17025963067008626
0.12835460917740252
0.08368018373068192
0.03689317602485565
-0.011663951505711095
-0.061268616498198744
-0.11127559313925255
-0.16084885973356422
-0.2090453801145932
-0.2549708887890663
-0.2974135857277033
-0.3354151871061112
-0.36817173892241806
-0.3948382794344214
-0.4150978686471178
-0.4285462119957475
-0.43511412707233604
-0.4347071312481992
-0.42725230907876355
-0.4128938189559217
-0.39172210849901495
-0.3638717333184196
-0.3297614436639732
-0.28997292281448184
-0.24539638404696587
-0.19692699087338544
-0.145471468235674
-0.09197978572073433
-0.03724215982336137
0.017942719780304105
0.07299429161178259
0.12703086018854026
0.17945148202417435
0.22916460388895804
0.2753937002514145
0.3170520082335632
0.35339038595066347
0.383663428639369
0.4073141649021549
0.42422771166729767
0.4340820765227288
0.4368426753680192
0.432627847355668
0.4212682425372111
0.40303663477719637
0.37779491398280185
0.3463482502411774
0.30874157194210233
0.26602373376727523
0.21898556619930407
0.16856979486804918
0.11575343776036623
0.061441407787810376
0.006274746498100887
-0.048925181145183655
-0.10352326551002038
-0.156674217274177
-0.20762768498560083
-0.2553582423771975
-0.29895440712738136
-0.3375966620439707
-0.37037741905271415
-0.3967654404136178
-0.4163996576592855
-0.42908198716578055
-0.43471241321030063
-0.4332675945101109
-0.4246939147577108
-0.4092005545338359
-0.3867565091792767
-0.3577414360789955
-0.32246032245157863
-0.281730865937097
-0.23634210448694312
-0.18719359239601555
-0.13526033014375174
-0.08148498611744898
-0.02662570187854321
0.028604159345087365
0.08348497792651027
0.13725635021869922
0.18915444884680477
0.2381924870087315
0.28352287843703516
0.3241393315236846
0.35920749675710145
0.38809671192011164
0.4103607308987272
0.42576750641993755
0.4341301982252577
0.4353868845506861
0.42966069604851925
0.4168330409473972
0.39704077915706476
0.37042788225990453
0.3375141429051841
0.2988431974488882
0.2551401427065252
0.20734331366781678
0.15635111605258273
0.10317013724170102
0.04862826532768807
-0.006566789006486183
-0.06172703514802009
-0.11605836365892548
-0.16875139557062327
-0.21902113192989575
-0.2659360536360083
-0.3085126856739998
-0.34591148089870877
-0.37724210483171206
-0.4021964618340102
-0.4202822047802487
-0.4313451866632739
-0.43545885989533156
-0.43242991139459114
-0.42234577408345036
-0.4052469469034747
-0.3813325829534582
-0.35086820534364294
-0.3143653245249008
-0.2725256972899626
-0.22619527492309643
-0.1763546033086658
-0.12391113906813153
-0.06982663892346556
-0.014784030511445008
0.040465573971722776
0.09516775796194582
0.14860385945020166
0.19991812759134278
0.24828232897033478
0.29264535252992524
0.3321066422588818
0.36589924254696016
0.3933918660538652
0.4142045154858911
0.42804269468498346
0.43478689457274305
0.4346030158532806
0.4272841286417666
0.4129084091214882
0.39155175318733587
0.3636187324177826
0.3293936999844006
0.28950502224168656
0.24482497785516033
0.19626467375311274
0.14474023462161453
0.0912327635958399
0.03640879487072932
-0.018831498841706464
-0.07384522851530323
-0.1278350379618622
-0.18012727970299292
-0.22972117750198418
-0.27582321821173916
-0.31726535890220026
-0.3532970696997856
-0.3833490518637417
-0.40679054477765364
-0.4233699752521758
-0.4329429497954196
-0.4354252649911613
-0.4308925642384545
-0.4192923435767733
-0.4006293789089835
-0.375253734202332
-0.34340112385961136
-0.30563933410952043
-0.26272723546051613
-0.21553644862681523
-0.16509304988349383
-0.11219580111651967
-0.05782828736519972
-0.002742875667126475
0.05247253478437769
0.10696914649148244
0.16005016580172565
0.21082838336923232
0.2583141117758506
0.30173054058553106
0.3400035196625308
0.37245956495162286
0.39847220442790754
0.41781493477513315
0.4300466576493275
0.4354044271607126
0.43355341304521394
0.424639947740877
0.40875117117651627
0.3859770977815019
0.35660206506183084
0.3210500533162642
0.28007128307527185
0.23439976602989607
0.18511763355385152
0.1331069811050167
0.07921278922089042
0.024257108075156207
-0.031015388703222072
-0.0858221503899632
-0.1395544563548669
-0.19129150340057227
-0.24019591699278564
-0.2853129874749789
-0.325662806311776
-0.36048600772233813
-0.38909340924920144
-0.41109485401474827
-0.4260905222841809
-0.43415660095406333
-0.435037577319658
-0.42894015122693624
-0.4157915087825962
-0.39564337865961513
-0.3687814660021692
-0.3356050831829152
-0.29667376596654366
-0.25270905705003527
-0.20473821641242623
-0.1536272871264792
-0.10037173872726833
-0.04575803679371799
0.009463684993260345
0.06452620319014599
0.11878763543634939
0.17137396603280866
0.2215927143274876
0.2682256552787126
0.31056040743655366
0.3476474610298959
0.3787345673750109
0.4032954672710228
0.42109639260972703
0.43186678874127715
0.4355750049521101
0.4322028573953977
0.42176621909075757
0.40433838938545824
0.38010238150424375
0.3492618671320722
0.31246997753415356
0.27042361405524423
0.22388429352437553
0.17391693595138913
0.12136286553557234
0.06719695582886394
0.012142872636366061
-0.0431110844384034
-0.09774425032032842
-0.1510859590271282
-0.2023389018115165
-0.2504411081818513
-0.29460306114192436
-0.33382362340158805
-0.36733788323879335
-0.39450228425505024
-0.41492012247293136
-0.4285175833337044
-0.43490939980344673
-0.434308296295049
-0.42665601842299794
-0.41194424643478167
-0.3903797472107652
-0.36205355244471576
-0.3275171637716893
-0.28747871357374316
-0.24251443446104978
-0.19377546714104765
-0.14212602735953828
-0.08848684341188735
-0.033676675559260946
0.02154420345118603
0.07652316805690143
0.13047735321086582
0.18266752871845848
0.2321062045261846
0.27792473307455473
0.31916108771585755
0.354974807628218
0.38465145438275566
0.4078176496087744
0.4240420954892716
0.43324343600596066
0.435393769614105
0.4305172582098207
0.4185286014487538
0.3995964919523828
0.37386851569844787
0.3417120267570605
0.30366636879559156
0.2605233689645566
0.2131665618809396
0.16256659074897353
0.10960157629967411
0.05514669002138958
0.000014383411976638648
-0.0551529319686292
-0.10958871097241978
-0.16258034510071454
-0.21318842161342072
-0.26055769877674834
-0.30367261756102476
-0.3417111498749508
-0.37386997928760013
-0.3995556743092153
-0.41852010481529006
-0.4304798964155603
-0.43544454261220905
-0.4332656648956168
-0.4240548057892419
-0.40781779822973857
-0.384702139886691
-0.35498996798959154
-0.31916340703602364
-0.2779302659899207
-0.23211014415165224
-0.18263616793848617
-0.13048314727442564
-0.07653028933541178
-0.02156725230909802
0.03364991127952745
0.08845034770687729
0.1421202869235686
0.19377019811635654
0.24251775201432235
0.2874138622416568
0.32756009814150755
0.36208881179116403
0.3903457425558214
0.41194026643035814
0.42669282845544443
0.4343295915184421
0.43493212941024884
0.42847770158184256
0.41495630724122984
0.394502805009228
0.36733708405763704
0.3338409265531057
0.29464528673478785
0.25047131913741755
0.20231860588392356
0.15107362892732665
0.09775182787328399
0.043078896662695626
-0.01211474277943324
-0.06722578751135784
-0.1213576830106249
-0.17391124588468773
-0.2238692148278155
-0.27039341051582044
-0.3125140574701475
-0.34930380992408583
-0.3800860542014753
-0.4043297750607908
-0.4217605664869035
-0.43217466529293913
-0.43556899105377506
-0.43184753188869546
-0.4210691833236386
-0.4033277626276055
-0.37870282904593155
-0.3476354995844511
-0.310535026783283
-0.2682089181906831
-0.2215483070952262
-0.17138139073935468
-0.11877009701781861
-0.06451382653973217
-0.00943875855824333
0.045774660228384674
0.10034151602388414
0.15365924076789067
0.20474987495962457
0.2527404659507114
0.2966835933232201
0.33562649319865806
0.3688067768897371
0.39567052904521566
0.41576916883037685
0.42894608131179623
0.4350807532303561
0.43415965551467506
0.42608745453237123
0.4110601851282408
0.3890777143671257
0.3605175509214874
0.3256991346373869
0.2853365286859261
0.2402118011720127
0.19128440656547502
0.1395690150542217
0.08583548216006356
0.030997546647975518
-0.024262765719293942
-0.07921146839584337
-0.13309855174497312
-0.18511528078978087
-0.2344180191550211
-0.28007264561205064
-0.32104312167984767
-0.3566133186949012
-0.38598207573357124
-0.4087356733551185
-0.42465525062957793
-0.43354713733170563
-0.43537384845583516
-0.4300516578807364
-0.4177632106072195
-0.3984862800791152
-0.3724445864151324
-0.3399870577091286
-0.3016908522019162
-0.2583041733328769
-0.2107704455039061
-0.1599977328072704
-0.10695901350198764
-0.05247359353284979
0.0026878572000431054
0.05783570745726047
0.11225241934713551
0.16508965801517458
0.21555864210495113
0.26275211586182345
0.3056752946720263
0.3434145016755261
0.37527502038328403
0.40066065650031973
0.4192811516173004
0.4308921070081489
0.4354615925659537
0.43297185244909314
0.42338718402194236
0.4068201015940458
0.38339575263334597
0.35338264942580283
0.31725826119799233
0.2758029276098811
0.22976385932514065
0.1801331515467567
0.12788206036458433
0.0738643562644776
0.018880785238133684
-0.036359313823249584
-0.09112888912047522
-0.14471217796501068
-0.19622088145071456
-0.24478362459548497
-0.2894591458076173
-0.3293527956538425
-0.36355330254106843
-0.3915539660067261
-0.4128428892421019
-0.4271904551915741
-0.4345171025050347
-0.4347832034704598
-0.4279409291546865
-0.4141445589009311
-0.3933485260966492
-0.36581364242166653
-0.33202728247300434
-0.29258435545730077
-0.24820340290828133
-0.19989082138805522
-0.14852048050974426
-0.09511237216730417
-0.04040269664156255
0.014820632895609368
0.06985241948339116
0.12398516140448362
0.1764320816171329
0.22624284758991844
0.27257083916260344
0.3144163756556535
0.35093478821830465
0.3814114922561737
0.4053452302401979
0.4224292371083177
0.4325095767765028
0.4355204736859362
0.4314676812426361
0.4203522801774511
0.4022912858210307
0.3773761211133515
0.34598379564420795
0.3085947537155069
0.266080833926496
0.21912982211640164
0.16888193960591227
0.1161652895576491
0.06184828927702397
0.0067182828503837815
-0.0484379872560182
-0.10304789105069477
-0.15621630408096768
-0.20716607847135926
-0.2549686125550907
-0.2986789873528914
-0.3373783559436672
-0.37030007678872856
-0.39678401007064157
-0.4166097554569734
-0.4294335558611317
-0.43518355088360305
-0.4338968131912359
-0.4255248746265974
-0.410165016719036
-0.38786516545659155
-0.3589495471244105
-0.3238606947639419
-0.28324206470504815
-0.2379143132139213
-0.18881290584827903
-0.13696251531846657
-0.08316172544993058
-0.028271193285847155
0.026953062610147644
0.08185153910544225
0.13566111835436875
0.1875724954137864
0.2367393954304774
0.28218711124835955
0.3229309434439228
0.3581616500049604
0.38725011010711674
0.40967267163774557
0.42525977057100434
0.4337620744747394
0.4352537411325042
0.42965879887563296
0.41697412322617655
0.397389461391884
0.3710088541417169
0.338255433743537
0.29969313350661037
0.2560868893703423
0.20836283010347278
0.15749378060473404
0.10435440282551328
0.04981985830116437
-0.005385476448536444
-0.060496303808469126
-0.11483496740501477
-0.1676280894101686
-0.21794895644428533
-0.26493854864097
-0.3076259418097515
-0.34511226781438487
-0.3766667410077663
-0.4017263323012373
-0.41998100488154566
-0.4312968100160601
-0.43552613057390616
-0.43265726573820984
-0.42276785301085934
-0.4058508830809858
-0.3820997218384052
-0.35175733277545945
-0.3153978175107763
-0.2736274696290978
-0.2274303594015206
-0.17762967288144293
-0.12530831980622112
-0.0712062290544788
-0.016162151952655867
0.0390508060316842
0.09377967105239171
0.1472480996482335
0.1986822845024317
0.24707532321262127
0.2915526826254544
0.3311488189994834
0.3651044211964195
0.39273294417670757
0.4137081341089292
0.42773806891485117
0.4347179045999753
0.43463215204307415
0.4274576059736896
0.413284930762076
0.39214309249817825
0.36434554777323147
0.3302602713329002
0.2905214817681727
0.2459119232221285
0.19746343197222851
0.14598922298971911
0.09244473990345801
0.03771142703215946
-0.017522950904885592
-0.07254341220468866
-0.12658750750194053
-0.17888976095271722
-0.2286059115881209
-0.27470360465446364
-0.3163498127773093
-0.3525779002035987
-0.38274610318119545
-0.4063335395929366
-0.42307649344599785
-0.4328482371686145
-0.435499245717177
-0.43110544391026623
-0.41964859295330537
-0.4012158191761593
-0.3759773024190885
-0.34425655024484025
-0.3066438099918072
-0.2638637869180232
-0.21678375081031254
-0.16636275886473165
-0.11353988966143139
-0.05917189171928742
-0.004043148456010425
0.05114540441272711
0.10563815468817969
0.15874821997474517
0.20958598218009059
0.2572217693693589
0.3006857343774165
0.33911964897393954
0.371717263074406
0.39793417399975917
0.4174006325351633
0.4298761342074868
0.43530838385029447
0.4336506531374374
0.4249335604424362
0.4092325498314904
0.38661027738831577
0.35737854964066973
0.3219868980161641
0.28112927765188933
0.23559888610026528
0.18637058209361282
0.1344004339663343
0.08051055349800307
0.025591372801585615
-0.02964891850879718
-0.08450996543250804
-0.1382645054665502
-0.1900819414555457
-0.23906763828972769
-0.28427354564646967
-0.3247625779370314
-0.35973603230343953
-0.3884908642598751
-0.4106123011769933
-0.4258255861384575
-0.434020359775594
-0.435147542436176
-0.4291834964538667
-0.41619503780205097
-0.39623913400887306
-0.36953647432802395
-0.33649151989365267
-0.29767149975660556
-0.25385274576023936
-0.20595068015572626
-0.15493324758108343
-0.10170087579419065
-0.04710409103780244
0.008081488889726157
0.06317951223210469
0.11746392559293034
0.17011746218390877
0.22033788761870898
0.26713858837866705
0.3095841193739183
0.3467974916029962
0.37803942425297987
0.4027776271417076
0.42071254607381997
0.43164561221515424
0.435547406054792
0.43233433565598733
0.42210149583288537
0.4048620896649995
0.38075674876440563
0.35012199406410893
0.3134688290988999
0.2715070258548584
0.22505583202372811
0.17516880508826346
0.12269709572225747
0.06853374925480643
0.013482761048254736
-0.04173962015894084
-0.09642284969954923
-0.1498283412731839
-0.20109640221328437
-0.24933999834929932
-0.2936074610050282
-0.33296683452826725
-0.3665933743637328
-0.39392300445952505
-0.414551851423077
-0.42822932277787146
-0.43486656153895453
-0.4344342833086326
-0.42693521107169824
-0.41240187717542504
-0.3909468875771428
-0.36282248501210174
-0.32843700051433167
-0.28845764180841366
-0.24363049784827615
-0.1949881626426714
-0.14342426828653135
-0.0898163354881068
-0.03503417335039727
0.020219600722873238
0.0752115951989845
0.12920287793168148
0.18138491138348756
0.23092711646427422
0.2768603610431977
0.31822111827934685
0.3541876568632669
0.38405842935506807
0.407323986271254
0.42372184171609134
0.43310946621494695
0.4354480156188483
0.43071426966911536
0.41890872111243366
0.40013542152216347
0.37456568992629047
0.34257058423001846
0.3046878508316344
0.26162965875777194
0.21437958489141273
0.16382827799378827
0.11091757782527056
0.056482798973847746
0.001344180586048855
-0.05382025387623597
-0.10828817653399597
-0.1612867368732885
-0.2119707362033911
-0.2594460518034789
-0.3026815709161149
-0.3408657148993369
-0.3731490209892151
-0.3990369487494791
-0.4181446138879592
-0.4302996017294921
-0.43537973263477736
-0.4334028572223059
-0.4243420038676985
-0.4082856811367608
-0.38533972237631375
-0.3557853774050418
-0.3201401875226299
-0.27900341674757784
-0.2332662273480698
-0.18387575709968537
-0.13178663854867886
-0.07785483150503991
-0.0229064519728685
0.0323240060034028
0.0871649048831152
0.14081912553641965
0.19251834933506326
0.24135069865206887
0.2863788158997838
0.326617461628969
0.3612733975003595
0.38971400025938335
0.41150831884664335
0.4263972292516634
0.4342385652251186
0.43500946316476535
0.4287245652686592
0.4153776306144272
0.3950939290275699
0.3680779250838788
0.3347179069533589
0.295653898400818
0.2515994923593611
0.2035312800869055
0.1523904127863468
0.09906237579898204
0.044441619906520326
-0.01078142931145352
-0.06588430027989549
-0.12009129156392903
-0.17264459794662565
-0.2227032831388114
-0.26932071075076064
-0.31154165448648075
-0.3484699236025496
-0.3793956773789039
-0.4038237021298582
-0.42142528494939424
-0.432012943991063
-0.4355435144771989
-0.43202733794846604
-0.4214038489904442
-0.4038179315690761
-0.379403128345507
-0.34845206713099225
-0.31154368555500855
-0.26931349942048066
-0.22270198190819437
-0.17263864127695344
-0.12008052649213544
-0.0658664480754442
-0.010783140293919198
0.04443044471959279
0.09906396824879918
0.15236492207982422
0.2035160523954273
0.2516063969176781
0.2956339163651995
0.3347349227804053
0.36808380941671576
0.39509011599204913
0.4153657140689294
0.4287221329628638
0.4350268957825343
0.43423669997950987
0.4263918425225761
0.4115014992664388
0.38972746133429526
0.3612989832432911
0.32660118430980056
0.28638377766361434
0.24135415732066334
0.19252757219398525
0.14083881873596926
0.08717821694660952
0.032332697025602174
-0.02291965546075018
-0.07785152618079094
-0.13177951798879753
-0.18389207345984318
-0.23327282074720082
-0.27899355364890815
-0.3201181823194939
-0.35580237429212813
-0.3853430175673338
-0.40827065234237353
-0.42433523281710084
-0.43340424504373093
-0.43539858359626854
-0.4302869452543379
-0.4181393963816417
-0.39903881213196973
-0.3731458658328593
-0.34083626377182447
-0.3026978594493621
-0.2594281577519221
-0.21199369053549125
-0.1612816461693022
-0.10827464000027459
-0.05381951930152101
0.001348850490696395
0.05650271312964773
0.11090496721281282
0.16382237958991042
0.21436558218411755
0.2616592860167368
0.3046807659852757
0.3425741437287201
0.3745574378875933
0.4001522082754252
0.41889855860918723
0.4307072705316771
0.43544309055229363
0.433113676191674
0.4237159864055017
0.407309746288298
0.3840418874032298
0.3541708300093717
0.31823242743340735
0.27686293485778274
0.23094333208425144
0.18140248124962052
0.12918553370535948
0.0752096059980149
0.02023424023918417
-0.03502475887426694
-0.08981153746723643
-0.14340094902777145
-0.19499056163023654
-0.2436564407765471
-0.2884621889475514
-0.3284414354780405
-0.3628323553724554
-0.3909394189041291
-0.41241045206117116
-0.426933192438871
-0.43444280637906046
-0.43488305200644634
-0.42824237067456805
-0.4145379360981362
-0.3939401735347056
-0.36659582611482083
-0.33295800351388083
-0.2936055445477734
-0.24934983383189369
-0.20110330859727302
-0.14983438857819792
-0.09642919055936103
-0.041749266123879594
0.013494236184521741
0.06852782031652781
0.12268323219198121
0.1751648344685936
0.22506824959112662
0.27149538060016953
0.31347378394174436
0.3501112452421641
0.3807343048980622
0.4048453237368682
0.4221117901805785
0.43235476341704615
0.43552742834494607
0.431653160333716
0.4207169418849385
0.4028159597973632
0.3780330937525239
0.3468019755759335
0.3096014750903243
0.2671385354871804
0.2203384768458397
0.17014677393237812
0.11747337489662293
0.06319758487303993
0.008099135262071254
-0.0471015622210887
-0.10169227162332015
-0.15494374191264315
-0.2059628973738077
-0.2538606166017634
-0.29768417101793376
-0.33649137601219536
-0.36955969682084044
-0.39623822942452486
-0.4161998565381421
-0.42919106128261547
-0.4351401035882215
-0.43404254164907746
-0.42584804488356665
-0.410629342805941
-0.3884980543697572
-0.35972931523661483
-0.32478185479997884
-0.2842641269288155
-0.23906362063684458
-0.19005850389313472
-0.13824819209710357
-0.08451856994661663
-0.02963847628244479
0.02559292518054951
0.08051939824514213
0.1343641521784587
0.18635818790145486
0.23560129208602906
0.2811046323872758
0.3219796773273735
0.35738265687893367
0.38660629858482226
0.4092218708183864
0.4249411967374666
0.4336636493378336
0.43530411929460483
0.4298609297251271
0.41739224279804
0.3979119572057537
0.3717191059883145
0.33912626088364667
0.30069555137348397
0.25721131429241384
0.20957577839413055
0.15874368313253384
0.10567182643154867
0.051149218203886834
-0.00405360262628999
-0.05918240069978517
-0.11352990438339594
-0.1663639647722869
-0.2167651864215922
-0.26387209653019866
-0.3066463407480796
-0.3442849011298368
-0.3759722481629396
-0.40119885720352894
-0.41965332309078957
-0.43109990311394697
-0.4355228639385525
-0.432824837449899
-0.4230974512384803
-0.4063442958078937
-0.38272284820762537
-0.35258014100307566
-0.31631226192251843
-0.2747317341038738
-0.22860121577007983
-0.1788855511202343
-0.1265880459014115
-0.07254182112305674
-0.017519607445935677
0.03771607510978577
0.09245925532825687
0.14598780360036698
0.19743556160886563
0.2459233210884249
0.2905249345902902
0.33024325839033014
0.3643292777132404
0.392137948042668
0.41326681200130644
0.42746099605500815
0.43463227817565575
0.43471478613836895
0.4277285063856388
0.4137095805359945
0.39273849831891966
0.3650929949584288
0.3311498078691618
0.2915603562899472
0.2470881510258414
0.19865876258056156
0.1472572341725629
0.09376012000133761
0.039056439074235734
-0.016185970186990115
-0.07120231080638452
-0.1252889712142336
-0.17763649264673356
-0.22740526106308317
-0.27362795355064556
-0.3153562489061598
-0.3517460608594763
-0.3820818831863487
-0.4058493665102693
-0.4227493946750109
-0.43269422147076914
-0.43549868995021346
-0.43130492682727856
-0.4200019524943161
-0.4017401145376416
-0.3766590893374787
-0.34510779347690335
-0.30763903510757357
-0.26497654406054705
-0.21795251836443066
-0.1676142787679816
-0.11484067019233098
-0.06051189171369174
-0.005395987915701168
0.04978205903928919
0.10435461155898723
0.15746057564503116
0.20839365340712823
0.25609724907067044
0.2996857716677872
0.3382505708743249
0.37101547994685935
0.39738246041092473
0.41699369071999026
0.42963494768362576
0.4352490868846238
0.4337762112433962
0.42524692684501575
0.40967643795465847
0.3872381963762989
0.3581837760817675
0.32292791052462927
0.2821922385722702
0.2367533081447023
0.1876202385299867
0.13566352873002951
0.08185855006313966
0.026966364320463215
-0.02827780144120365
-0.08318196210442802
-0.13696959553502153
-0.1888576510079057
-0.23790568913613916
-0.2832232950610835
-0.32386157745782385
-0.3589649246945106
-0.3878576634996015
-0.4101423075259458
-0.42552611908241905
-0.4338999214725106
-0.43520814737034935
-0.42941855449412397
-0.41659999477827686
-0.39681519524479664
-0.3702743460366728
-0.3373569619128514
-0.29869569796898876
-0.2549755010764792
-0.20716122668433581
-0.1562004096803366
-0.10303942828555906
-0.048447367020154196
0.006749076854198429
0.06184327243330219
0.11615172378343752
0.16886870311892094
0.21914150571690066
0.2660286542379674
0.3086031171808939
0.34594914792193127
0.37736267142268776
0.4022718383039657
0.4203712963720533
0.43147102856973296
0.4355274689839338
0.43252078959511386
0.42242728725039036
0.40536356254476624
0.3814035301772154
0.3509410464709727
0.3144417265201375
0.272580205115146
0.22624833436826186
0.176425278904815
0.12398465249274059
0.06984066085225926
0.014832707634275286
-0.040375170760622026
-0.09512092688877076
-0.14853574316907234
-0.19987918405336533
-0.24818448084220976
-0.29257705129657946
-0.33206312071411037
-0.3658631254640855
-0.39331517338485517
-0.414117388206517
-0.4279370978563253
-0.43480847806430756
-0.4345603968036192
-0.4271939066184432
-0.41285417531726826
-0.39155647501220525
-0.363583291041595
-0.32935237164365067
-0.2894737016599148
-0.24477719496424985
-0.1962050156674038
-0.14471293135128263
-0.09113094204013684
-0.03637763130777185
0.018884008053232718
0.0738698312588119
0.12788900274409679
0.18015796485206473
0.2297772252496785
0.2757737257071781
0.31732031736743715
0.3534035817919159
0.3833866848490452
0.4068299091359262
0.42338426792402933
0.432996453173602
0.4354808509645868
0.43090708287698315
0.41926828208384026
0.4006616592011196
0.3752709780568798
0.34343469890405653
0.30567225241773294
0.26275206581708527
0.21558307555678463
0.1650994894629992
0.1122214518056209
0.057831188764119766
0.0026846696211928404
-0.05247070539356045
-0.10697091151782487
-0.16000206483656965
-0.2107759415769532
-0.2583297197239736
-0.3017219238756875
-0.33998691896891414
-0.3724392957218883
-0.3984948309217483
-0.4177461862084741
-0.4300776604107473
-0.43535439887560967
-0.43352747494816907
-0.4246386331888959
-0.4087445892320453
-0.3859836620201802
-0.3565787173167128
-0.32104875183994874
-0.2800512612770124
-0.23443357523447647
-0.18509897163996847
-0.1330882885244446
-0.07918934093606599
-0.02426165968871671
0.030985020434169477
0.08583219006358324
0.13952354579270246
0.19130374043108206
0.2402251643943958
0.28532817311805503
0.32568326106862383
0.36051491941478486
0.38907835404943
0.41106820872241473
0.42608888728101024
0.43410439553648905
0.435100836788635
0.42893702098492015
0.415810297645487
0.3956620778522761
0.3688260510558784
0.33560890882117034
0.2966689259445051
0.25271352845688416
0.20473120709518436
0.15364592968926885
0.10038285927583707
0.045761874891562096
-0.009447474026314647
-0.06455523435109252
-0.11878466335344016
-0.17140764169841724
-0.221522019748512
-0.26823180983513417
-0.31055570917920244
-0.34761877254223933
-0.3787071002187128
-0.40329306835280115
-0.42110946284857464
-0.43183937566887354
-0.4355836094284443
-0.43221297214610443
-0.4217408294580534
-0.40435390434607404
-0.3801104053770686
-0.34932398419073246
-0.3124930804413151
-0.2704000973432421
-0.22389789846102442
-0.17389443589304765
-0.12141104763517382
-0.06718733013619059
-0.012128826871134257
0.043047758129910726
0.09773629895252756
0.15109583520873926
0.20231280077754735
0.25045086876605205
0.2946186179105875
0.33384899876669394
0.3673072141034707
0.39451722453083143
0.41495536164939023
0.42848411471479325
0.4349789090254517
0.43436677813346514
0.4266703793273805
0.41194444140973574
0.39032864179831456
0.36211447770187716
0.3275608899055579
0.287390956775148
0.24251908634186853
0.19375592169899156
0.1420892331840767
0.0884851392090542
0.03366898861403202
-0.02156697747111719
-0.07651907279574156
-0.13049009723873725
-0.18263568627871785
-0.23209298662738204
-0.277962682097702
-0.31918025263747607
-0.3550306555112209
-0.38469024426564985
-0.4078194835667567
-0.4240156077742838
-0.43326493213818784
-0.4354470274435926
-0.43047164416815387
-0.41854448602021915
-0.39958843027141006
-0.3738804513276986
-0.34175547971314285
-0.3036632175915089
-0.26056631191008567
-0.2131542911194511
-0.16253036776301796
-0.10961124952761636
-0.05516529016955406
-0.000021371004125700906
0.05519219372399769
0.10958485057517914
0.16253369610786766
0.21317452115431695
0.26052384688911
0.30366528282955657
0.34171990115830675
0.37387377279159806
0.39958753784384476
0.4185189650412236
0.4304994184380415
0.4354314709149593
0.43325388464928366
0.4240289383871655
0.40779198748492945
0.3846545823879234
0.3549825280370681
0.31918697096179777
0.277947640719408
0.23213475101436862
0.18263029431506597
0.13049931519789065
0.07652271067011968
0.02154091651788557
-0.03363797410235763
-0.08848177590963151
-0.142146563134008
-0.19372768997935175
-0.24251647145072092
-0.2874016219602494
-0.32751352761941166
-0.36204501927698757
-0.39030151797277435
-0.411977015513664
-0.42664885597185637
-0.4343528311841656
-0.43494283239068443
-0.4284908457604993
-0.4149385550528736
-0.39452769260904363
-0.3673482510525058
-0.3338172171678087
-0.2946204932565969
-0.2504664080100728
-0.20229755413538505
-0.15112530120763112
-0.09773530976611594
-0.04309949436160701
0.012147935790139655
0.06715906661724616
0.12138756940088244
0.17389096506659815
0.22390326647880998
0.2703879866253065
0.31247129644380195
0.34932045862007177
0.38005630242698973
0.40436285141169914
0.421789111006637
0.4321517181208403
0.4355575634844478
0.43184551062817794
0.42104628510307557
0.403276960609837
0.3787277518613495
0.34764949107996823
0.31056771728026233
0.2682402905357328
0.22153572478351574
0.17139397284925753
0.1187537699695616
0.06450497490294357
0.009399407195984586
-0.045789063675056696
-0.10044288857203162
-0.15365157818487277
-0.20474006333032987
-0.25273663651333234
-0.29668948207188156
-0.33560255777870424
-0.36881749555425736
-0.3957010679667171
-0.4157389599504221
-0.4289777787699324
-0.4350471757106156
-0.4341291204063923
-0.42610501864259465
-0.41106858850323946
-0.3891344486342492
-0.3605167845621182
-0.32567503241794304
-0.28532717674591423
-0.24020764197543973
-0.19129189725374596
-0.13952065085472903
-0.08581448089021347
-0.030981826797483143
0.024284350100690303
0.07920875267157733
0.13307772343619675
0.1850756414905829
0.23443843481988824
0.2800755145031816
0.32108428889715285
0.35655596966753356
0.38594748500928816
0.4087064929121453
0.4246545606815409
0.43353672526442116
0.4353182713991437
0.4300864135498024
0.41774542615852794
0.3984630816041047
0.3724501485367271
0.33994298603808437
0.3016786686919794
0.2583276142462195
0.21075354746262168
0.16003041230787834
0.10693795625296149
0.05248227513527675
-0.002677494050690986
-0.05783091124256713
-0.11221184266314797
-0.16508165725035664
-0.21560645572981788
-0.26271395157426186
-0.30568132439726675
-0.3434130994408297
-0.37523995700164703
-0.40068521842502264
-0.419249850479667
-0.43095012416003803
-0.4354643056702949
-0.43299527235369445
-0.42345150451987784
-0.4068613292489081
-0.38342428686537333
-0.35337623081599456
-0.31726393591865476
-0.27577008109622997
-0.22977607428951163
-0.18019601720315548
-0.12792514254945428
-0.07388811105235611
-0.0189479043215402
0.03632303281548689
0.09115378663532214
0.14468115628368564
0.19620895121194948
0.24475137576334913
0.28948919532929784
0.32937686164421215
0.3635879725223291
0.39153454175081404
0.4128278764337691
0.42716854663230197
0.43446849739195537
0.43475286714011624
0.4279598554556082
0.41410145203932724
0.3932978342023329
0.36582886074537946
0.3320495362590121
0.292543291205175
0.24822958578376492
0.19985739026184698
0.1484863546577012
0.09511868326453844
0.04032539148104489
-0.014870867823321568
-0.06989850819797469
-0.12401685368357084
-0.1764377014867405
-0.2262846120698119
-0.27261337168384625
-0.31446538816832753
-0.35095091175246107
-0.38146322276199623
-0.4053685781943388
-0.42244290924846173
-0.4325497229759634
-0.4355390659222546
-0.4315040158495603
-0.4204164138653341
-0.4023114818594766
-0.37745150216828743
-0.34596894567401193
-0.3086673491384629
-0.26611628713208696
-0.21921588904152423
-0.16890950073688674
-0.11621265352530744
-0.06190741771009099
-0.0068392033474026755
0.048376570311143265
0.10294313930558678
0.15612404256668905
0.20710860003932263
0.2549172700148477
0.298645149437894
0.33727738900645826
0.3702066668426971
0.39671702286339017
0.41652728278359885
0.42930025666699984
0.4350777077483607
0.43378495678706813
0.4254479715835994
0.41006254906856576
0.38776224725883285
0.3588583284357165
0.3237237296593879
0.2831437610473211
0.23780246493196558
0.18872497871077598
0.13680585440010531
0.08306819895584375
0.02818182153443587
-0.02706232504360532
-0.08198822775918944
-0.13583212990412574
-0.18774549020308062
-0.23694394493041457
-0.2823584074241719
-0.3230710068464904
-0.3582790857061854
-0.38744836874770894
-0.40992321749657
-0.42545981301833363
-0.43402095711100647
-0.4354709653018544
-0.42988717025347156
-0.4172655446222545
-0.3975852687726764
-0.37124672185968965
-0.33854232203481804
-0.2999755758392779
-0.25634779688393433
-0.2086791351775773
-0.15775589977098922
-0.1046569614958878
-0.05012217871846511
0.0050036843145507305
0.06015395575991587
0.11448220736916419
0.1671956202264042
0.21756274908508036
0.2645641042583007
0.30725971541378
0.34470614664359656
0.3761824904834818
0.40132716855769646
0.4194573609466408
0.4307923098713364
0.4349404088820092
0.43212693660090534
0.42217047482032044
0.40518527326102527
0.38143825789152724
0.3510651188290502
0.3146657979458052
0.2729185414773958
0.22669971302276892
0.17688381018298657
0.12451319778318605
0.07030677843560565
0.015277416872181763
-0.03998509723051744
-0.09475901062280925
-0.14824494623618004
-0.19963433471603234
-0.24811814796074375
-0.29258765142302484
-0.3323382622167789
-0.36628435935315456
-0.39401289097485204
-0.41496940753500444
-0.4290246856622597
-0.43607712419087474
-0.43599950901121054
-0.42888883030382774
-0.41474372913825464
-0.3937138772825536
-0.36593260163145824
-0.33186798798712724
-0.29221504092148576
-0.24767759340216247
-0.19920749662404244
-0.1477659610460321
-0.0942545994543538
-0.039508687721497404
0.01568823929653629
0.07069660496899574
0.12485677284663609
0.17722047487079923
0.2269238130807523
0.2731208941582009
0.314937789745798
0.35129407666478557
0.38160657974779616
0.405437935285538
0.4225421321660601
0.4326477226499289
0.43580747661914376
0.43186039382030017
0.42114097040940346
0.4035168423620308
0.3793021721091801
0.3488823809082765
0.3127905413676787
0.27194192426219316
0.2273231600288467
0.1798911755562583
0.13070729454660102
0.08081127789022667
0.03093574795323269
-0.018119037096843805
-0.06573869091314205
-0.11131465801800372
-0.15425328251617776
-0.19422213357661172
-0.23071868771219348
-0.26333661163234295
-0.29159251173557904
-0.31527796796060675
-0.33411125914766904
-0.34746213582786545
-0.3551581261476229
-0.3568860270394237
-0.3524118834361442
-0.34173936274582367
-0.32506087916269316
-0.302791028890343
-0.2755894784442647
-0.24440835493337743
-0.21032276511737064
-0.1744248763527546
-0.13788667203830982
-0.10167445567565327
-0.06685224411141502
-0.03411666339512892
-0.003851782004604158
0.023565311044244544
0.048128455257473786
0.0697078092220131
0.08874061843810621
0.10537781153015537
0.11987008364940863
0.13225877029325345
0.14261920474933587
0.15076556016477238
0.15649164503465912
0.15960114629701605
0.15983448533709754
0.15715105196359008
0.15149818322503547
0.1432276309298135
0.1326606589515607
0.12016168191767225
0.1064719091517668
0.09202789100402507
0.07746140840944338
0.06332519447778386
0.0500553886796232
0.03808529817417845
0.027515588533703273
0.018454058499989438
0.010990648282489652
0.0049627466159276054
0.00033191334415749404
-0.003304188241649664
-0.005938475592640352
-0.00791951642322524
-0.009276431945482243
-0.010352627046299372
-0.010872866907616739
-0.011283457994039315
-0.011391575977345322
-0.011464640403624085
-0.011282540420510169
-0.011082617115315748
-0.010875179423350829
-0.01056187230123476
-0.010169018837983922
-0.009820153783650558
-0.009453699702172549
-0.009074515321904435
-0.008688922240125936
-0.008277734528380792
-0.007936573290398718
-0.007570107223594501
-0.007238867301955974
-0.0068576923604101725
-0.006507692317267985
-0.006283370854889652
-0.00590988106443127
-0.005572452561950716
-0.005366833549840207
-0.005021883205944092
-0.0048424947263570545
-0.00463056429156458
-0.004355973799594671
-0.004152953554625517
-0.003943787407590826
-0.003712340863947595
-0.0034901338857679307
-0.0032968578316451493
-0.0032612051583615184
-0.0030143592158554467
-0.0029149781962292745
-0.0027581298039713407
-0.0026374478063800103
-0.0025237557589611686
-0.0023504872630148903
-0.002271117294079348
-0.0020591900332288687
-0.0019865602441936376
-0.0019178679049265495
-0.0018172171891924138
-0.0016461714949363732
-0.0016240081444929308
-0.0016040201362720757
-0.0015332930562789505
-0.0014086078410408705
-0.001357889723219255
-0.0013444174410504456
-0.001292889691063573
-0.0012503141327978352
-0.0011502892615215486
-0.001041613386325087
-0.0010343624846146553
-0.0009964775785667689
-0.0009342260475842039
-0.0008414935333193293
-0.0009275160265626952
-0.0007815674118243576
-0.0008040502732913018
-0.0007476184867131839
-0.0006987194669730506
-0.0007254634535683417
-0.0006562180506387013
-0.0006551656122557557
-0.0005020474416184112
-0.0005638716761388983
-0.0005516880643985721
-0.0005676934544084007
-0.0005597676429186355
-0.0005101592970385786
-0.000489966884210913
-0.0004734884790649152
-0.0004622323216081028
-0.0003775366753398356
-0.0003825913183997541
-0.00040814169083488994
-0.0003287532361092184
-0.00030632779493512457
-0.00031958804795737667
-0.0002775252209797905
-0.00027928056945171877
-0.0003548895243146475
-0.0003039590268817776
-0.00031840928229084176
-0.00019496926799649454
-0.00020068014998339727
-0.00023921970334516373
-0.00021513709040990532
-0.00025289404123548734
-0.00024079789757450577
-0.00028552996629099695
-0.0003120756732687557
-0.00016039618015879024
-0.00014061020108391482
-0.00019124708163841117
-0.00017526436862333973
-0.00018877346051804453
-0.00010210153474591823
-0.00015038714253265534
-0.00018338364522872284
-0.00014380788793411954
-0.00010541207286002807
-0.0001524003773117226
-0.00009912699724295844
-0.00014131075923687407
-0.00010676547131798311
-0.0001173463055367179
-0.00010885252625244068
-0.00014854528607508924
-0.00007387210458872201
-0.0001423495723618032
-0.0001339703775908756
-0.00009870520965215497
-0.0001433067772219047
-0.00016305254661297104
-0.00008636163240262896
-0.00006304480194627705
-0.00007040430819264321
-0.00004105158832591597
0.000021117135398265605
