4.630917317131157e-9
4.6832770453236166e-9
4.736214221131812e-9
4.789990250235349e-9
4.844396233134006e-9
4.899534356825903e-9
4.955396638381719e-9
5.01194775469417e-9
5.069409301466487e-9
5.127499080385578e-9
5.186421625460708e-9
5.246039176265613e-9
5.306531580859271e-9
5.367829740626065e-9
5.429933053027083e-9
5.492850812645552e-9
5.5565276787129666e-9
5.62120408636186e-9
5.6866755032973535e-9
5.753070849205904e-9
5.820294182178198e-9
5.888472516529966e-9
5.957573396766031e-9
6.027449195824878e-9
6.098415250018001e-9
6.1703056395058506e-9
6.2431838475079115e-9
6.31711686831022e-9
6.391900782637234e-9
6.467841100823423e-9
6.544729045265242e-9
6.622694651699232e-9
6.701769630153761e-9
6.781841495036858e-9
6.863056016096668e-9
6.945336194179533e-9
7.028718933949328e-9
7.113298153452991e-9
7.199051648475849e-9
7.2859487010037895e-9
7.3739592187144475e-9
7.463237140149994e-9
7.553826541518573e-9
7.645594572678674e-9
7.738600088044981e-9
7.832936327316279e-9
7.928497668294392e-9
8.025389166073444e-9
8.123625259176255e-9
8.223254645437968e-9
8.324185720037494e-9
8.426627038420267e-9
8.530461967318841e-9
8.63563871096016e-9
8.742358945126643e-9
8.85040970626511e-9
8.96005658666063e-9
9.071229676579884e-9
9.183833157540064e-9
9.298129597821173e-9
9.41392320403099e-9
9.53134162416245e-9
9.650391991386091e-9
9.771046972675654e-9
9.893400857704517e-9
1.0017433471064685e-8
1.0143186854713521e-8
1.0270649779755002e-8
1.0399947934235611e-8
1.0530958766349855e-8
1.066375219888199e-8
1.0798403111277232e-8
1.09348706672957e-8
1.107333406407581e-8
1.1213550145985357e-8
1.1355672125032744e-8
1.149991940108047e-8
1.1645974954245007e-8
1.1794093110053025e-8
1.1944222796344672e-8
1.2096388066139548e-8
1.225060370105224e-8
1.2406952861298474e-8
1.2565351439391062e-8
1.2726029968461675e-8
1.2888736550358229e-8
1.3053667138646755e-8
1.3220758934777364e-8
1.3390126464675464e-8
1.3561794681800149e-8
1.3735732811357179e-8
1.3911887122010703e-8
1.4090410136351475e-8
1.4271276969184597e-8
1.445459315833273e-8
1.4640211893112794e-8
1.4828282519332082e-8
1.501880354421184e-8
1.52117174896698e-8
1.5407178815482046e-8
1.5605057257248014e-8
1.5805440855437462e-8
1.6008392147687877e-8
1.621384450918599e-8
1.642181855965495e-8
1.663248904508173e-8
1.6845556722008113e-8
1.7061338492683743e-8
1.7279688699401255e-8
1.750062271579278e-8
1.7724145808187818e-8
1.795031974419211e-8
1.81791046123871e-8
1.8410486633951695e-8
1.8644465111479003e-8
1.888113649867503e-8
1.912040687273512e-8
1.936214250948017e-8
1.9606619311920292e-8
1.985341246951658e-8
2.0103041994998967e-8
2.035510366406104e-8
2.0609705804926786e-8
2.0866695556461206e-8
2.112611637112964e-8
2.1387966034832243e-8
2.1652133781193682e-8
2.1918617500868144e-8
2.2187358418705658e-8
2.2458356119169634e-8
2.27313839686894e-8
2.30065324522993e-8
2.3283565698554314e-8
2.3562592632053295e-8
2.384334587504131e-8
2.4125731704254388e-8
2.44097900910978e-8
2.469526217587888e-8
2.4982018565689902e-8
2.527005922061381e-8
2.5559039530214858e-8
2.58488221460962e-8
2.6139363330126194e-8
2.6430402884193823e-8
2.6721722694794597e-8
2.701308059106155e-8
2.7304230375137503e-8
2.7595016438271607e-8
2.7885042293716372e-8
2.8174079555534705e-8
2.846176677266364e-8
2.874786422719816e-8
2.903193286247371e-8
2.9313596984291e-8
2.9592396541481894e-8
2.9868064489660695e-8
3.0139902940894924e-8
3.0407687254957916e-8
3.067063210369486e-8
3.092832145025192e-8
3.118007429901461e-8
3.1425225768441995e-8
3.166318418224175e-8
3.189322083695218e-8
3.21144867524444e-8
3.232609846037663e-8
3.252722344774539e-8
3.271711164620116e-8
3.289447349578301e-8
3.30584175697845e-8
3.320767409593772e-8
3.334117311967542e-8
3.3457566909758346e-8
3.355543512858329e-8
3.363341437724706e-8
3.3689899704190605e-8
3.3723214119759996e-8
3.3731653281069076e-8
3.371343004825723e-8
3.366643158589073e-8
3.358851021151662e-8
3.3477482303491055e-8
3.3330941036103575e-8
3.314629535779617e-8
3.2920920251780426e-8
3.2651908371206714e-8
3.233608187459521e-8
3.19701484497792e-8
3.155074055534845e-8
3.107409185547708e-8
3.053624216280989e-8
2.993291020034499e-8
2.9259623469685415e-8
2.8511600512788223e-8
2.768373049953502e-8
2.6770623634917763e-8
2.5766306606000457e-8
2.4664838250391258e-8
2.345936488437963e-8
2.214291303078212e-8
2.0708014219798036e-8
1.9146656100966366e-8
1.745013133029828e-8
1.5609446789299077e-8
1.361474709781846e-8
1.1455644607806384e-8
9.120968650188682e-9
6.598755687639758e-9
3.876297751067014e-9
9.399611271155728e-10
-2.2248583746528795e-9
-5.633674683073901e-9
-9.303190758806101e-9
-1.3251377519853756e-8
-1.749734173623577e-8
-2.206150880545795e-8
-2.6965955695783006e-8
-3.223414968256103e-8
-3.7891534107523696e-8
-4.396507424947324e-8
-5.0483940469339875e-8
-5.747928836239175e-8
-6.498470537520423e-8
-7.303620635079372e-8
-8.167268323813056e-8
-9.093562114439272e-8
-1.0086995418174075e-7
-1.1152395553394235e-7
-1.2294945707200954e-7
-1.3520250501917773e-7
-1.4834345840607208e-7
-1.6243726169737176e-7
-1.7755411227724538e-7
-1.9376970965671356e-7
-2.111659071494943e-7
-2.2983104350182593e-7
-2.498605671436551e-7
-2.7135782440298234e-7
-2.944346939534151e-7
-3.192121075242869e-7
-3.458213538274829e-7
-3.7440458716228e-7
-4.05116137158761e-7
-4.3812330175393293e-7
-4.736082123060959e-7
-5.117683243236573e-7
-5.528187768126851e-7
-5.969935666893053e-7
-6.445474175758269e-7
-6.957582727678935e-7
-7.509290042701671e-7
-8.103902951762931e-7
-8.745034529027696e-7
-9.436632570097161e-7
-1.0183019517275213e-6
-1.0988925917772456e-6
-1.1859537641933958e-6
-1.2800541803574823e-6
-1.38181849857937e-6
-1.491932799046854e-6
-1.6111518862041632e-6
-1.7403067555361733e-6
-1.8803132870129736e-6
-2.03218171598819e-6
-2.1970276916259684e-6
-2.376084623948105e-6
-2.5707174449762016e-6
-2.782438342814585e-6
-3.0129246450212986e-6
-3.2640391936070136e-6
-3.5378528938436018e-6
-3.836671281960986e-6
-4.1630641554682115e-6
-4.51989975349422e-6
-4.910383476020107e-6
-5.338102756369812e-6
-5.8070785239252615e-6
-6.3218232841019476e-6
-6.887410050513052e-6
-7.509549778648059e-6
-8.194682640351516e-6
-8.950082428779758e-6
-9.783979167446403e-6
-0.000010705700340885504
-0.000011725836702293505
-0.000012856435595937706
-0.000014111227540275893
-0.000015505892215896336
-0.000017058371848326526
-0.000018789240773021034
-0.000020722143019611097
-0.00002288431096547404
-0.00002530718362443761
-0.000028027142299394654
-0.00003108639347258758
-0.00003453402611858435
-0.000038427286706315735
-0.00004283311850516795
-0.00004783002738399653
-0.00005351035143407449
-0.000059983031676458485
-0.00006737700634373857
-0.00007584538606930058
-0.00008557060957943852
-0.00009677083715156558
-0.00010970791227098911
-0.0001246973203912924
-0.00014212070472778264
-0.00016244166809451367
-0.00018622582568136848
-0.00021416638021382463
-0.00024711691432927865
-0.00028613366705213715
-0.00033253033957641944
-0.0003879495522755889
-0.00045445654570390275
-0.0005346627556025672
-0.0006318896973388401
-0.0007503874554524461
-0.0008956273453253348
-0.0010746954086033418
-0.001296822728083204
-0.0015741002468343242
-0.0019224392993668225
-0.0023628519982773467
-0.0029231316543431034
-0.0036399982889215718
-0.004561709233889113
-0.005750966788787719
-0.007287596563814194
-0.009269800391745407
-0.011811692275582802
-0.01503334828886453
-0.019038371057274815
-0.023874454730570715
-0.029478719730783438
-0.03562837603320096
-0.04192016032539666
-0.047864973405013535
-0.05297843772372758
-0.05703702831059376
-0.06010147324629706
-0.06233527273747108
-0.0634221103348638
-0.06350825491489437
-0.06263454148819689
-0.0606048667167147
-0.05768761282116432
-0.053841108859020305
-0.04891866765821273
-0.04309638040207728
-0.03682371344687556
-0.030597619028220335
-0.024849191965725475
-0.019837641625836778
-0.01565432131459896
-0.012268886342723433
-0.00958500467788784
-0.007483427701253246
-0.005847523957951955
-0.004575302532940375
-0.00358301748543264
-0.0028044259016826085
-0.0021882634880808285
-0.0016953161466011306
-0.0012957184030909124
-0.0009666993274742748
-0.0006907986144661092
-0.00045449494362152435
-0.0002471664123804824
-0.000060305950671705555
0.00011307334647536284
0.0002788946366882358
0.0004423753680082018
0.0006083174596932465
0.0007813532053340233
0.0009661655841839515
0.0011676984522780585
0.001391370191027893
0.0016433035642271446
0.0019305845663789587
0.0022615637425167563
0.002646214636613904
0.003096565373057702
0.00362722041259713
0.004255989381425273
0.005004637060265335
0.0058997606545592865
0.006973783305917149
0.008266020256210555
0.00982371689108398
0.011702863255108279
0.013968445577062958
0.016693613121741963
0.019957048952496167
0.023837410677295497
0.028402748214338337
0.0336954172419905
0.03972143139414097
0.046421717697655324
0.05360104631725712
0.06105333153925754
0.0685749000877078
0.07550167382826185
0.08175905722332363
0.08735227006979833
0.09145873341712694
0.09538140150122498
0.0993475516736413
0.10186741339495577
0.10314396549312774
0.10386585625765588
0.10433190452267553
0.10464042849239054
0.1048258268388945
0.10490154305578851
0.10487216680805561
0.10473646033105027
0.1044867032055288
0.1041032057750139
0.10353413386449581
0.1026253910528939
0.10092974861455932
0.0977243295820418
0.09356132938651071
0.08975087810471093
0.08503299170274864
0.07902714773967612
0.07252456651728399
0.06523181463217931
0.05763158125439746
0.05021266072518819
0.0431225853969353
0.03659440874617376
0.03076287331569706
0.025650414217430237
0.02123196751077921
0.017448796626125952
0.014221529257524455
0.011463837215739058
0.009090380764586084
0.007020554334569362
0.005179727972597567
0.0034988544400032526
0.0019130447010923955
0.0003595326433072611
-0.0012247076113152933
-0.002905518930884996
-0.004754130935601282
-0.006849503532682697
-0.009280023501393475
-0.012143823978687355
-0.015546572422826239
-0.0195951485742751
-0.024385073705094306
-0.029978887254066083
-0.03637977854190278
-0.04350526342486891
-0.05112641829097295
-0.058935823336554574
-0.06656556375866865
-0.07345701788759586
-0.07955927130533252
-0.08447207943131003
-0.08870820253575941
-0.09255029704944308
-0.09507969364933021
-0.09656378412073303
-0.09754141029225999
-0.09825683202212604
-0.09880781593723194
-0.09924145340502886
-0.09958553736331233
-0.09985876092641804
-0.10007454435561788
-0.10024278013801588
-0.10037079208712754
-0.10046393569218523
-0.100525998478659
-0.1005594691421135
-0.10056571006446627
-0.1005450521318886
-0.10049682157241197
-0.1004193016813318
-0.10030962604780008
-0.10016359301436814
-0.09997538183963818
-0.099737135243069
-0.09943833871691427
-0.09906483679105231
-0.09859705771030579
-0.0980061489440537
-0.09724373165622709
-0.09621046480999376
-0.09466015245675592
-0.09205156016055159
-0.08811432664110436
-0.08376341948865174
-0.07871154984361227
-0.07244014330087818
-0.06534212211263468
-0.05745915657376362
-0.04933817471138805
-0.04133228152904664
-0.03373013870052414
-0.02673694167226016
-0.02040525741620021
-0.014694399298763679
-0.009495280958652055
-0.004655454700866975
2.8494939442312725e-8
0.004655493966730284
0.00949526677989169
0.014694295130681032
0.020405025321862752
0.026736541724801274
0.0337295283500536
0.041331414914036975
0.04933700190406576
0.057457622826842136
0.06534016685462458
0.07243769926889758
0.07870854193921793
0.0837597632829111
0.08810992742322125
0.09204631007309452
0.09465392924868839
0.09620312971943526
0.09723512624533542
0.09799609193275495
0.09858534131130477
0.09905122236829798
0.09942255166448723
0.09971885894223849
0.09995425051398178
0.10013918326262246
0.1002814467845986
0.10038678215547775
0.10045929705907278
0.10050174680113232
0.10051571641368538
0.10050172323501984
0.10045925005037518
0.10038671195306448
0.10028135376592417
0.10013906793905154
0.09995411353745579
0.0997187011143045
0.09942237394696238
0.09905102589619436
0.09858512740809369
0.0979958621265722
0.09723488228597453
0.09620287358911418
0.09465366315211976
0.09204603646187115
0.0881096493612383
0.08375948432016175
0.0787082655848179
0.07243742987758307
0.06533990926266624
0.05745738254820816
0.049336785192881864
0.04133122873318648
0.03372938053949262
0.026736441064630495
0.020404981670597587
0.01469431957663529
0.00949537180796844
0.004655693648784202
3.387020500619691e-7
-0.004655016057990919
-0.009494693656827449
-0.014693640491088872
-0.020404301275902006
-0.02673575898375274
-0.03372869639254037
-0.04133054213582053
-0.049336095753780534
-0.057456689881228616
-0.0653392129695232
-0.07243672957765393
-0.0787075609177326
-0.08375877491553936
-0.08810893494257717
-0.09204531664510185
-0.09465293758664099
-0.0962021419992673
-0.09723414439222165
-0.09799511764934797
-0.09858437607850208
-0.09905026746169708
-0.09942160817473718
-0.09971792779432975
-0.09995333248591268
-0.10013827900139914
-0.10028055682108117
-0.10038590691769905
-0.10045843688370769
-0.1005009019440407
-0.10051488705941573
-0.10050090950522741
-0.10045845201148129
-0.10038592962247002
-0.10028058711869255
-0.10013831691293046
-0.09995337803777803
-0.09971798101864181
-0.09942166910881166
-0.09905033614865923
-0.09858445256766657
-0.09799520199654985
-0.09723423666254626
-0.09620224227377354
-0.09465304598214536
-0.09204543331807924
-0.0881090599158163
-0.08375890816559017
-0.07870770267619237
-0.07243687989303982
-0.06533937192918822
-0.05745685754348058
-0.04933627215484857
-0.04133072735146355
-0.03372889050023379
-0.026735962087861977
-0.020404513499972517
-0.014693861973069362
-0.009494924545914659
-0.004655256510314924
8.852491488328396e-8
0.00465543358203378
0.009495101684352145
0.014694039227223748
0.02040469092587607
0.026736139755803363
0.033729068499187685
0.04133090579800834
0.049336451204510225
0.05745703734618484
0.06533955269716216
0.07243706178788593
0.07870788580225095
0.08375909268689687
0.08810924566363401
0.09204562057549638
0.09465323493489075
0.0962024328608095
0.0972344288886399
0.09799539592252181
0.09858464827556469
0.09905053372875895
0.09942186865530908
0.09971818262920773
0.0999535818126139
0.1001385229542624
0.10028079553105107
0.10038614051257311
0.1004586654882856
0.1005011256798324
0.10051510604508711
0.10050112385605434
0.10045866184005489
0.10038613503880743
0.10028078822956173
0.1001385138226038
0.09995357084800606
0.09971816982856216
0.09942185401548803
0.09905051724686535
0.09858462995007818
0.09799537575508054
0.09723440688906931
0.09620240906597127
0.09465320945650503
0.09204559361114194
0.08810921706093863
0.08375906216425394
0.07870785370317039
0.07243702798205734
0.06533951713804582
0.057456999900266405
0.049336411668720596
0.04133086405376003
0.033729024418611475
0.026736093263234926
0.020404641980432865
0.014693987809602368
0.009495047788734723
0.004655377207144885
2.966803076840915e-8
-0.004655317856215344
-0.009494988393027154
-0.01469392833996689
-0.020404582409331195
-0.026736033566080078
-0.03372896457490765
-0.041330804049214506
-0.04933635149834597
-0.05745693955872363
-0.06533945663371175
-0.07243696731390942
-0.07870779285566643
-0.08375900113613596
-0.08810915577313196
-0.09204553208561976
-0.09465314769599291
-0.0962023470158992
-0.0972343445077997
-0.09799531301296596
-0.09858456682234225
-0.09905045370955613
-0.09942179004533655
-0.09971810540242085
-0.09995350594263717
-0.10013844841464496
-0.10028072229552008
-0.10038606855500848
-0.10045859478258812
-0.10050105620062118
-0.10051503776706569
-0.10050105675456751
-0.10045859589046444
-0.1003860702168855
-0.10028072451147862
-0.10013845118457901
-0.09995350926655357
-0.09971810927986989
-0.09942179447549208
-0.09905045869111372
-0.09858457235285636
-0.09799531908764518
-0.09723435111590294
-0.09620235412986675
-0.09465315524019915
-0.09204553992990945
-0.08810916400826256
-0.08375900993391795
-0.07870780199319614
-0.07243697686713965
-0.0653394666257739
-0.057456950067447485
-0.049336362645750205
-0.041330815904137064
-0.03372897721250254
-0.026736047029019997
-0.020404596719432004
-0.014693943506445204
-0.00949500441803601
-0.004655334741020866
1.1919350461605469e-8
0.004655358586499654
0.009495028283469984
0.014693967404465887
0.02040462066122061
0.026736071022928878
0.03372900126308566
0.041330840010731694
0.04933638680050869
0.05745697426335438
0.06533949084389429
0.0724370010996066
0.07870782624241174
0.08375903419208777
0.08810918833224701
0.09204556428664111
0.09465317961843171
0.09620237856682785
0.09723437563548479
0.09799534370254499
0.09858459707182943
0.0990504835224149
0.09942181942573204
0.09971813435614535
0.09995353447560028
0.10013847653315744
0.10028075000605578
0.10038609586410543
0.1004586216971165
0.10050108272730854
0.10051506391249586
0.10050108252534469
0.1004586212934578
0.10038609525875028
0.10028074919907137
0.10013847552467042
0.09995353326610563
0.09971813294653983
0.09942181781674991
0.09905048171514218
0.09858459506882376
0.09799534150674322
0.0972343732532853
0.09620237601415732
0.09465317693759054
0.09204556154823769
0.08810918548870747
0.08375903115216732
0.07870782312833331
0.07243699787210237
0.06533948749292637
0.05745697074918875
0.04933638306063256
0.04133083601174472
0.03372899696795644
0.026736066413555783
0.02040461573178743
0.014693962156609617
0.00949502272438039
0.00465535272474112
5.763545649573681e-9
-0.004655341182169636
-0.009495011138150508
-0.014693950500174002
-0.020404603983045305
-0.02673605455878851
-0.03372898500603519
-0.041330823958310704
-0.0493363709574178
-0.05745695863402642
-0.06533947544354467
-0.07243698593476017
-0.07870781131176728
-0.0837590195034959
-0.08810917384088952
-0.09204555001941105
-0.09465316558647235
-0.09620236474298084
-0.09723436200190815
-0.09799533025089742
-0.09858458379719565
-0.09905047042007878
-0.09942180649263248
-0.09971812158899142
-0.0999535218709346
-0.10013846408871274
-0.10028073771902843
-0.10038608373202974
-0.10045860971737094
-0.10050107089712013
-0.10051505222995223
-0.10050107098825821
-0.10045860989960574
-0.10038608400589563
-0.10028073808533614
-0.10013846454841423
-0.09995352242550933
-0.0997181222395221
-0.09942180724193654
-0.09905047127120462
-0.09858458475453928
-0.09799533132144651
-0.09723436319810386
-0.09620236609277236
-0.09465316716268316
-0.09204555194421966
-0.08810917603547339
-0.0837590218158916
-0.0787078139505344
-0.07243698883612673
-0.06533947859314447
-0.05745696196813457
-0.04933637437335221
-0.04133082740234963
-0.033728988420433065
-0.026736057917846813
-0.02040460728089326
-0.014693953746259206
-0.009495014349527238
-0.004655344381817971
2.5533378816238758e-9
0.004655349481125089
0.00949501942754342
0.014693958789001323
0.0204046122786379
0.0267360628643576
0.033728993317385186
0.04133083226065573
0.04933637921828194
0.05745696682389853
0.06533948350524585
0.07243699383297442
0.07870781903839673
0.08375902702384448
0.08810918126885793
0.09204555727332689
0.0946531726244975
0.09620237163049815
0.09723436877975956
0.09799533693498255
0.09858459039507543
0.09905047693628198
0.09942181293045468
0.0997181279506912
0.09995352815912974
0.10013847030457196
0.10028074386399365
0.10038608980789941
0.10045861572501762
0.10050107683756199
0.10051505810420075
0.10050107679709948
0.10045861564394878
0.10038608968597498
0.10028074370198053
0.10013847010168707
0.09995352791552373
0.09971812766605641
0.09942181260492612
0.09905047656973527
0.0985845899869012
0.0979953364847671
0.09723436828680782
0.09620237109263369
0.09465317203602389
0.09204555662554474
0.08810918056732199
0.08375902628085241
0.07870781823873714
0.07243699298157899
0.06533948260395589
0.057456965878881903
0.049336378238332916
0.04133083125136209
0.03372899228552145
0.026736061814167995
0.020404611212912302
0.014693957711364738
0.009495018341373921
0.004655348390665917
1.4632528759873217e-9
-0.004655345464782565
-0.009495015418322868
-0.014693954792889376
-0.020404608299145238
-0.026736058904074208
-0.03372898937626859
-0.04133082833697023
-0.04933637530943306
-0.057456962928523266
-0.06533947961894862
-0.07243698995689957
-0.07870781517357119
-0.08375902316936792
-0.08810917744263715
-0.09204555345936295
-0.09465316881907425
-0.09620236784797798
-0.09723436502592209
-0.09799533321195861
-0.09858458670332595
-0.09905047327626887
-0.09942180930218054
-0.09971812435424816
-0.09995352459433408
-0.10013846677139161
-0.1002807403622408
-0.10038608633641345
-0.10045861228471507
-0.10050107342799573
-0.10051505472445679
-0.10050107344739008
-0.10045861232330884
-0.1003860863947798
-0.10028074043959839
-0.1001384668677755
-0.09995352470951713
-0.09971812448745816
-0.09942180945300186
-0.09905047344406662
-0.09858458688693005
-0.09799533340923129
-0.09723436523331268
-0.09620236805751552
-0.09465316901009445
-0.09204555359532156
-0.08810917754680095
-0.08375902328834618
-0.07870781524508003
-0.0724369900007779
-0.06533947964110756
-0.05745696294878222
-0.04933637535911669
-0.041330828433518374
-0.033728989539310916
-0.026736059143524622
-0.02040460861972914
-0.01469395519591961
-0.0094950159027383
-0.004655346029551083
8.185518562877735e-10
0.004655347664642752
0.009495017531844013
0.014693956815332197
0.020404610226853002
0.026736060736548536
0.03372899111846627
0.041330830002005596
0.04933637692384185
0.057456964516193344
0.06533948122386
0.07243699160784729
0.07870781687695054
0.08375902495404142
0.08810917921892819
0.09204555529316405
0.09465317074595617
0.09620236981498602
0.09723436700253828
0.09799533518693326
0.09858458867151292
0.099050475234401
0.09942181124902208
0.09971812628874113
0.0999535265153637
0.10013846867887645
0.10028074225608727
0.1003860882164406
0.10045861415007099
0.100501075279383
0.1005150565623842
0.1005010752713287
0.10045861413399297
0.10038608819252136
0.10028074222389992
0.10013846864042496
0.09995352647059917
0.099718126238164
0.09942181119501037
0.09905047517847473
0.09858458861550817
0.09799533513543673
0.09723436696357557
0.09620236980456698
0.09465317080670305
0.0920455554993061
0.08810917952275284
0.08375902526522137
0.07870781731979201
0.07243699214479937
0.06533948184658575
0.057456965187038446
0.049336377582734355
0.04133083061733496
0.03372899165755235
0.02673606118508364
0.02040461058330954
0.014693957087742307
0.009495017733894098
0.0046553478126546265
9.31510798382375e-10
-0.0046553459338676195
-0.009495015806890283
-0.014693955084083853
-0.020404608480382915
-0.02673605896918893
-0.03372898933068531
-0.04133082820207654
-0.0493363751299522
-0.05745696274460459
-0.06533947951055066
-0.07243698997044755
-0.07870781531956057
-0.0837590234954213
-0.08810917778557563
-0.09204555394229551
-0.09465316950056614
-0.09620236862957604
-0.09723436585080905
-0.09799533405961626
-0.09858458756362132
-0.09905047414381238
-0.09942181017374249
-0.09971812522716995
-0.09995352546770161
-0.10013846764320491
-0.10028074123173868
-0.10038608720363772
-0.10045861314855029
-0.10050107428847688
-0.1005150555815751
-0.10050107430083302
-0.100458613173364
-0.10038608724187292
-0.10028074128370472
-0.10013846770998641
-0.09995352555024273
-0.0997181253285256
-0.09942181029610205
-0.0990504742908726
-0.09858458774060187
-0.09799533427438763
-0.09723436611948105
-0.0962023689845026
-0.09465317003134478
-0.09204555479804072
-0.08810917887047712
-0.08375902462107739
-0.07870781674143214
-0.07243699160963624
-0.06533948134842395
-0.05745696470203366
-0.04933637707837853
-0.04133083007492528
-0.0337289910563314
-0.026736060512561527
-0.02040460983186463
-0.014693956251790024
-0.009495016808266801
-0.00465534679180754
1.9393869924299476e-10
0.004655347174918494
0.00949501717724419
0.014693956598206393
0.02040461014998607
0.026736060798277155
0.03372899131270861
0.041330830310309395
0.04933637730986026
0.05745696494546977
0.06533948163437076
0.0724369919546994
0.07870781714853932
0.08375902510654348
0.08810917937010355
0.09204555535902008
0.09465317067528058
0.09620236967299532
0.09723436682936118
0.09799533499736465
0.09858458847261452
0.09905047502993977
0.09942181104138914
0.09971812607922219
0.09995352630506821
0.10013846846807499
0.10028074204588254
0.1003860880069224
0.10045861394157138
0.10050107507167515
0.10051505635562612
0.1005010750654956
0.10045861392823893
0.10038608798659551
0.10028074201940926
0.1001384684342354
0.09995352626310282
0.0997181260278801
0.09942181097974748
0.09905047495700493
0.09858458838588073
0.09799533489262252
0.0972343667002483
0.09620236950423644
0.09465317042691476
0.09204555496206011
0.08810917886904848
0.08375902458872696
0.0787078164960593
0.07243699120592588
0.06533948079800687
0.057456964059312096
0.04933637643355164
0.04133082947675044
0.033728990556946295
0.026736060140146903
0.020404609596343656
0.014693956148998948
0.009495016831135326
0.00465534692738188
4.168807575264719e-11
-0.004655346848732652
-0.009495016770192065
-0.01469395611761677
-0.020404609598672123
-0.026736060183796012
-0.03372899063870375
-0.04133082958615401
-0.04933637655067492
-0.05745696416387573
-0.06533948085420065
-0.0724369911930397
-0.07870781641136607
-0.08375902441031383
-0.08810917867516611
-0.09204555469426992
-0.09465317005927028
-0.09620236908633913
-0.09723436625693983
-0.09799533443418647
-0.09858458791662579
-0.09905047448026325
-0.0994218104965264
-0.0997181255395367
-0.09995352577059338
-0.10013846793800575
-0.10028074151987443
-0.10038608748555752
-0.1004586134237844
-0.10050107455888557
-0.1005150558455793
-0.10050107456001973
-0.1004586134281762
-0.100386087490685
-0.10028074152704892
-0.1001384679468803
-0.0999535257806877
-0.0997181255504006
-0.09942181050839102
-0.09905047449215741
-0.09858458792728507
-0.09799533444407635
-0.09723436626255631
-0.09620236908276589
-0.09465317003817429
-0.09204555463427783
-0.08810917858782512
-0.08375902432040021
-0.07870781628594883
-0.07243699104088562
-0.06533948067717199
-0.057456963973256774
-0.04933637635961738
-0.04133082940127084
-0.03372899046787974
-0.02673606002984861
-0.020404609462176815
-0.014693955991624846
-0.009495016651228403
-0.004655346728239748
1.7303978726533485e-10
0.0046553470765408255
0.009495017006812368
0.014693956360982585
0.020404609849977353
0.02673606044065924
0.03372899090273575
0.041330829859151284
0.04933637683461435
0.057456964461225515
0.06533948116629681
0.07243699152081973
0.07870781675189949
0.0837590247643313
0.08810917903307389
0.09204555506430287
0.09465317044175411
0.09620236947152204
0.09723436664321679
0.09799533482042573
0.0985845883028199
0.09905047486437212
0.09942181087939671
0.09971812591995567
0.09995352614955663
0.10013846831410173
0.10028074189356516
0.10038608785759826
0.1004586137946448
0.10050107492782877
0.10051505621311552
0.1005010749254468
0.10045861379033329
0.1003860878515614
0.1002807418857252
0.10013846830314484
0.09995352613560173
0.09971812590366999
0.09942181086053374
0.09905047484285755
0.09858458827747403
0.09799533479305207
0.09723436661207785
0.09620236943565952
0.09465317039658448
0.09204555500637446
0.08810917896389035
0.0837590246928149
0.07870781666844687
0.07243699142601599
0.06533948106330587
0.05745696435015257
0.04933637672162778
0.04133082974617411
0.03372899079171658
0.026736060332266175
0.02040460974315264
0.014693956258286666
0.00949501690528031
0.004655346972701137
6.524832625888311e-11
-0.004655346840066523
-0.009495016769167745
-0.01469395611800754
-0.02040460959921183
-0.026736060180227977
-0.03372899062919514
-0.04133082957603608
-0.04933637654381238
-0.057456964164565485
-0.06533948087206365
-0.07243699123285681
-0.07870781647384079
-0.08375902449891506
-0.08810917876838906
-0.09204555481074789
-0.09465317020305335
-0.09620236924190015
-0.097234366417714
-0.09799533459856123
-0.09858458808366921
-0.09905047464868734
-0.09942181066654342
-0.09971812570881605
-0.09995352594038116
-0.10013846810932558
-0.10028074169059421
-0.10038608765436322
-0.10045861359413462
-0.10050107472946662
-0.10051505601669546
-0.1005010747308264
-0.10045861359806287
-0.10038608766009256
-0.10028074169678322
-0.1001384681172417
-0.09995352594869802
-0.09971812572012541
-0.09942181067877402
-0.09905047466239139
-0.09858458809776988
-0.0979953346142976
-0.09723436643474555
-0.09620236925796513
-0.0946531702167519
-0.09204555482013994
-0.08810917877475545
-0.08375902450653284
-0.07870781647651881
-0.07243699123271982
-0.06533948086928387
-0.057456964161478996
-0.049336376540738
-0.041330829576287434
-0.03372899063653468
-0.026736060190132013
-0.020404609614625445
-0.014693956138409068
-0.009495016791734255
-0.004655346866606616
3.721591790147755e-11
0.0046553469452624285
0.009495016878513333
0.01469395623358985
0.020404609724793823
0.026736060319426498
0.03372899078947538
0.041330829754301704
0.04933637674082067
0.057456964380569076
0.06533948110389119
0.07243699147397718
0.0787078167212121
0.08375902475007677
0.08810917902276014
0.09204555506974278
0.0946531704609741
0.09620236949854567
0.09723436667271573
0.09799533485041655
0.09858458833385335
0.09905047489769238
0.09942181091198131
0.09971812595487958
0.09995352618398579
0.1001384683502781
0.10028074193025022
0.10038608789433119
0.10045861383146212
0.10050107496346165
0.10051505625040091
0.10050107496261153
0.10045861382804121
0.10038608788962985
0.10028074192279945
0.10013846834168111
0.09995352617233234
0.09971812594232779
0.09942181089875225
0.09905047488002885
0.09858458831621282
0.09799533482976734
0.09723436665033318
0.09620236947388454
0.09465317043542736
0.092045555040025
0.08810917899160702
0.08375902471645345
0.07870781668612702
0.07243699143696497
0.06533948106417045
0.05745696433712858
0.04933637669519115
0.04133082970522763
0.03372899073613623
0.026736060262705176
0.0204046096650863
0.014693956168217103
0.009495016806622597
0.004655346865726929
-4.979352880901615e-11
-0.004655346964278633
-0.009495016903575512
-0.01469395626393769
-0.02040460975948392
-0.02673606035374507
-0.033728990819091996
-0.041330829781303695
-0.049336376764883796
-0.0574569643998611
-0.06533948111645631
-0.07243699148448435
-0.0787078167307768
-0.08375902475918533
-0.08810917903129595
-0.0920455550765275
-0.0946531704723836
-0.09620236951075307
-0.09723436669040345
-0.09799533487054032
-0.09858458835660787
-0.09905047492174467
-0.09942181094005147
-0.09971812598425747
-0.09995352621550044
-0.10013846838462587
-0.1002807419661477
-0.10038608793277441
-0.10045861387161253
-0.10050107500570474
-0.10051505629460869
-0.10050107500756057
-0.10045861387611754
-0.10038608793923472
-0.10028074197536406
-0.10013846839642405
-0.09995352623024231
-0.09971812600191238
-0.09942181096066029
-0.09905047494542762
-0.09858458838166309
-0.0979953349010564
-0.09723436672384804
-0.09620236955346523
-0.09465317052333273
-0.09204555514459438
-0.08810917911250499
-0.0837590248425457
-0.0787078168313955
-0.07243699159778517
-0.06533948124265865
-0.05745696453169178
-0.04933637689982653
-0.041330829918696396
-0.033728990952391534
-0.02673606048172253
-0.020404609885012862
-0.014693956389373762
-0.009495017029376107
-0.0046553470934158295
-1.8504152400082919e-10
0.004655346718994925
0.009495016646540816
0.014693955989665948
0.02040460946024039
0.026736060029825683
0.03372899046907155
0.04133082940140769
0.049336376357436144
0.05745696396927283
0.0653394806699001
0.07243699102825159
0.07870781626649705
0.08375902429605385
0.08810917856285513
0.09204555460496208
0.09465317000301247
0.09620236904548886
0.09723436622324397
0.09799533440408674
0.09858458788763436
0.09905047445198781
0.09942181046723829
0.09971812550990618
0.09995352573823005
0.10013846790644258
0.10028074148500911
0.10038608744828986
0.10045861338530686
0.10050107451778571
0.1005150558027672
0.10050107451562575
0.10045861337954617
0.10038608744058543
0.10028074147403487
0.10013846789129917
0.09995352572298741
0.09971812549092189
0.09942181044565623
0.09905047442930813
0.09858458786141654
0.097995334375807
0.09723436619424404
0.09620236901630246
0.09465316997867922
0.09204555459109309
0.08810917855550315
0.08375902428547241
0.07870781626353154
0.07243699102912339
0.06533948067448479
0.05745696397000159
0.04933637635020639
0.04133082938275681
0.03372899043249488
0.026736059971839348
0.020404609380242595
0.014693955882376429
0.009495016508667206
0.004655346551704264
-3.898509790238089e-10
-0.00465534734024849
-0.009495017322875037
-0.014693956734404521
-0.020404610285364215
-0.0267360609410543
-0.033728991464580436
-0.041330830475656194
-0.04933637748570295
-0.05745696512138385
-0.06533948180666618
-0.0724369921102918
-0.07870781729195256
-0.08375902522765255
-0.08810917949047592
-0.09204555546747359
-0.09465317076039244
-0.09620236974887057
-0.09723436690157024
-0.09799533506722768
-0.09858458854338313
-0.09905047510379532
-0.09942181111699692
-0.09971812615595246
-0.09995352638632236
-0.10013846855138717
-0.10028074213220398
-0.10038608809724858
-0.1004586140341643
-0.10050107516749236
-0.10051505645429086
-0.10050107516759478
-0.10045861403560309
-0.10038608809765627
-0.10028074213303945
-0.10013846855125172
-0.09995352638163695
-0.09971812615099988
-0.09942181110483034
-0.09905047508598139
-0.0985845885162143
-0.09799533502562793
-0.0972343668335117
-0.09620236963665833
-0.0946531705488982
-0.09204555506625058
-0.08810917895646737
-0.08375902467587801
-0.07870781656835506
-0.0724369912606711
-0.06533948084099957
-0.05745696408930078
-0.049336376460905586
-0.041330829502557516
-0.03372899058275637
-0.026736060169688394
-0.020404609629736233
-0.014693956187364887
-0.009495016867755312
-0.004655346962151669
-7.079362093089905e-11
0.004655346829715828
0.009495016765372908
0.014693956127817261
0.020404609630000535
0.026736060236013975
0.03372899071033163
0.041330829671571354
0.049336376640934106
0.057456964247370346
0.0653394809122863
0.07243699121638397
0.07870781639400481
0.08375902434083453
0.08810917859598763
0.09204555457575916
0.0946531698856202
0.09620236887883782
0.0972343660320446
0.09799533419895283
0.09858458767263205
0.09905047422666918
0.09942181023572878
0.09971812527164015
0.09995352549680743
0.10013846765787687
0.10028074123301153
0.10038608719508903
0.1004586131255416
0.10050107425577576
0.10051505553638886
0.10050107424638874
0.1004586131071087
0.10038608716464115
0.10028074119526009
0.10013846761000292
0.09995352543664213
0.0997181252018954
0.09942181015211086
0.0990504741282058
0.09858458755673227
0.09799533406352393
0.0972343658711811
0.09620236867740917
0.09465316960347495
0.09204555415183593
0.08810917807296874
0.08375902379178675
0.07870781571514174
0.0724369904400612
0.06533948004849499
0.057456963327194716
0.04933637571715921
0.0413308287763873
0.03372898986772018
0.02673605946204499
0.020404608929257204
0.014693955494667097
0.00949501619067164
0.004655346302833298
-5.616557356114089e-10
-0.0046553474302266475
-0.00949501732096758
-0.014693956635035293
-0.020404610075797837
-0.026736060619664236
-0.033728991037741844
-0.04133082995650493
-0.0493363769049235
-0.05745696452007685
-0.06533948123819107
-0.07243699162364242
-0.0787078168917572
-0.08375902495762301
-0.08810917923325638
-0.09204555530707048
-0.09465317074724744
-0.09620236981362111
-0.09723436700683878
-0.09799533519874105
-0.09858458869014082
-0.09905047526448894
-0.09942181128640097
-0.09971812633726451
-0.09995352657600233
-0.10013846874813477
-0.10028074233603734
-0.10038608830834536
-0.1004586142522306
-0.1005010753940339
-0.10051505668579686
-0.10050107540313255
-0.1004586142796773
-0.1003860883481446
-0.10028074239042
-0.10013846881759272
-0.09995352665711107
-0.09971812643677705
-0.099421811402911
-0.09905047539321508
-0.09858458884142463
-0.09799533537099678
-0.09723436720642595
-0.09620237005306646
-0.09465317105349896
-0.0920455557277008
-0.0881091797371162
-0.08375902548630192
-0.07870781752501664
-0.07243699233924737
-0.06533948203141723
-0.05745696536296442
-0.049336377759874296
-0.0413308308013272
-0.03372899185363608
-0.026736061395139617
-0.02040461081030916
-0.014693957331501169
-0.009495017992998843
-0.004655348085728369
-1.21622639391019e-9
0.00465534563968805
0.009495015506458145
0.01469395478084771
0.020404608177820353
0.02673605866500055
0.033728989029888606
0.041330827904079145
0.04933637483313245
0.0574569624434924
0.06533947920004513
0.072436989643599
0.07870781497371913
0.08375902312495247
0.08810917740464119
0.09204555354013777
0.09465316907020152
0.09620236817975711
0.09723436538454235
0.09799533357681256
0.09858458706830193
0.09905047363350931
0.09942180964886063
0.09971812468901221
0.09995352491621393
0.1001384670760154
0.10028074065208628
0.10038608661075728
0.10045861254199037
0.10050107366795666
0.10051505494584939
0.10050107365384807
0.1004586125101657
0.10038608656623847
0.10028074059276228
0.1001384670025571
0.09995352482933992
0.09971812459432582
0.09942180954571228
0.09905047352573912
0.09858458695977067
0.09799533347833904
0.09723436530725191
0.09620236815497053
0.09465316918005146
0.09204555391856376
0.08810917796255803
0.08375902369629518
0.07870781578778709
0.07243699062558911
0.06533948033630174
0.057456963662535145
0.04933637601134355
0.04133082898417086
0.03372898994625783
0.026736059380886953
0.02040460868443922
0.014693955086772934
0.00949501562330519
0.004655345589052168
-1.4173172109847471e-9
-0.004655348419239435
-0.0094950184452482
-0.014693957892353218
-0.02040461146818881
-0.026736062145446885
-0.033728992685271166
-0.04133083170938406
-0.049336378732507485
-0.05745696638797429
-0.06533948309165186
-0.07243699342090949
-0.07870781862344713
-0.0837590265870776
-0.08810918086875077
-0.09204555686940431
-0.09465317219124315
-0.09620237120238795
-0.09723436837292494
-0.09799533655932689
-0.09858459005320831
-0.09905047663082941
-0.09942181266035485
-0.09971812771905758
-0.09995352796483517
-0.10013847014834952
-0.10028074374791399
-0.10038608973033093
-0.10045861568702201
-0.10050107684069441
-0.10051505814393857
-0.10050107687482045
-0.10045861576236532
-0.10038608984245449
-0.10028074389639553
-0.10013847033264964
-0.0999535281858162
-0.09971812797683167
-0.09942181295179069
-0.09905047694982994
-0.09858459040213242
-0.09799533693371736
-0.09723436876251075
-0.09620237158957527
-0.09465317253164987
-0.09204555707846093
-0.08810918099833066
-0.0837590267441261
-0.07870781866599517
-0.07243699339070664
-0.06533948300232265
-0.05745696628375782
-0.049336378687895324
-0.04133083176055343
-0.03372899287262215
-0.026736062488724177
-0.020404611981880216
-0.014693958572081951
-0.00949501928576197
-0.004655349417786407
-2.5667151548718437e-9
0.004655344291750372
0.009495014178188186
0.014693953490447558
0.020404606940503025
0.026736057490982904
0.033728987914702295
0.041330826829589745
0.04933637376283178
0.05745696134151042
0.0653394779998121
0.07243698830277685
0.07870781348555063
0.08375902145002428
0.0881091756789588
0.09204555166420642
0.09465316699286717
0.09620236598319881
0.09723436311527783
0.09799533125411375
0.09858458469684386
0.09905047122242006
0.09942180719802803
0.09971812220065035
0.09995352239109669
0.10013846451584436
0.10028073805645635
0.10038608398021988
0.10045860987497107
0.10050107096715159
0.10051505221028614
0.10050107087905778
0.1004586097034041
0.10038608372048993
0.10028073770918
0.10013846408233763
0.09995352186715709
0.09971812159154533
0.09942180649994802
0.09905047043368616
0.09858458381977406
0.09799533028552035
0.09723436205271975
0.09620236482373434
0.09465316572597032
0.09204555026610049
0.08810917416513453
0.08375901984317939
0.07870781175244025
0.07243698645131368
0.06533947603624327
0.0574569592751017
0.04933637161216641
0.041330824606294475
0.03372898562650459
0.026736055148926276
0.020404604540267542
0.014693951040164757
0.009495011672331249
0.004655341733617381
-5.176361686575781e-9
-0.00465535208128257
-0.009495021995762857
-0.01469396132308169
-0.020404614777966974
-0.02673606532843972
-0.03372899575920918
-0.041330834702416844
-0.049336381705291796
-0.05745696939844196
-0.0653394862429607
-0.07243699677978004
-0.07870782220253061
-0.08375903045715828
-0.08810918482603229
-0.09204556106252251
-0.09465317670191734
-0.09620237590997431
-0.0972343732147644
-0.09799534150385475
-0.09858459508998514
-0.09905048175501836
-0.0994218178715743
-0.09971813301328572
-0.09995353334067272
-0.10013847560914275
-0.1002807492908941
-0.10038609535404189
-0.10045862139261447
-0.1005010826299473
-0.10051506402219301
-0.10050108284183258
-0.1004586218173662
-0.10038609598766218
-0.10028075013627205
-0.10013847667067247
-0.09995353461857134
-0.09971813450595564
-0.09942181958797769
-0.09905048369716822
-0.09858459726370723
-0.0979953439206149
-0.09723437588485641
-0.09620237888227337
-0.0946531800665886
-0.09204556498342671
-0.08810918919997844
-0.08375903508104669
-0.07870782735411605
-0.07243700237225235
-0.06533949225672764
-0.05745697574937056
-0.049336388255464
-0.04133084137776666
-0.03372900248328582
-0.026736072059314372
-0.020404621507330974
-0.014693968059678517
-0.009495028758542788
-0.004655358889095469
-1.2060906213043164e-8
0.004655334756674504
0.009495004586738867
0.014693943830425344
0.020404597196513087
0.026736047654653258
0.033728977977020326
0.0413308167769978
0.04933636358895775
0.057456951035997565
0.06533946754568352
0.0724369776934263
0.07870780271245255
0.0837590104977365
0.08810916455936918
0.09204554036546748
0.09465315550466326
0.09620235430402518
0.09723435124772348
0.09799531919435767
0.098584572447168
0.09905045877459462
0.09942179454929916
0.09971810934676523
0.09995350932516127
0.10013845124009271
0.1002807245657839
0.1003860702681745
0.10045859593732846
0.10050105679902024
0.1005150378106188
0.10050105623780047
0.10045859481597992
0.10038606858637629
0.10028072232198058
0.10013844844059942
0.09995350596366905
0.09971810541430423
0.09942179004986046
0.09905045370328086
0.09858456680255699
0.09799531297507394
0.09723434444640264
0.09620234690375327
0.09465314748714454
0.09204553169535167
0.08810915525190957
0.08375900059556873
0.07870779214992875
0.07243696648674504
0.06533945569199366
0.057456938548590214
0.049336350499320204
0.041330803096106566
0.03372896371274891
0.026736032813375374
0.020404581769798792
0.01469392781225512
0.009494987973136294
0.00465531752689568
-2.991023139587739e-8
-0.0046553773782907525
-0.009495047892905594
-0.014693987853194998
-0.02040464196988289
-0.026736093199651798
-0.033729024308243975
-0.04133086390244109
-0.049336411487954944
-0.05745699969748286
-0.0653395169257014
-0.07243702777990367
-0.07870785351006115
-0.08375906199240787
-0.08810921688529114
-0.09204559345272173
-0.09465320932441579
-0.09620240894910828
-0.09723440677629137
-0.09799537564483071
-0.09858462984409583
-0.09905051714521768
-0.09942185391086339
-0.09971816972808151
-0.09995357074740607
-0.10013851372101519
-0.10028078812752111
-0.10038613493952024
-0.10045866174297814
-0.10050112375590577
-0.10051510594885724
-0.10050112557902542
-0.10045866539132717
-0.10038614041414222
-0.10028079543435889
-0.10013852285623659
-0.09995358171611306
-0.09971818253589665
-0.0994218685658378
-0.09905053364038983
-0.09858464818809644
-0.09799539584038082
-0.09723442881149527
-0.09620243278836703
-0.09465323488099339
-0.09204562056090451
-0.08810924567962586
-0.08375909271004689
-0.07870788586024056
-0.07243706187408401
-0.06533955281265486
-0.05745703748346107
-0.049336451357352124
-0.04133090595338735
-0.03372906865530163
-0.026736139907157737
-0.02040469107359225
-0.0146940393696056
-0.009495101832152185
-0.004655433732199703
-8.86877494945145e-8
0.00465525632971846
0.0094949243410048
0.014693861739734705
0.02040451323491872
0.02673596178334114
0.03372889016014173
0.041330726981992694
0.04933627178069211
0.05745685717320089
0.0653393715968538
0.07243687960707684
0.07870770244933255
0.08375890800620138
0.08810905976956541
0.0920454332291391
0.09465304597280977
0.09620224230715696
0.09723423671532408
0.09799520205620302
0.09858445263968899
0.09905033622736337
0.09942166919078656
0.09971798110422281
0.09995337812584533
0.1001383170032711
0.1002805872127656
0.10038592971694234
0.10045845210942622
0.10050090960272158
0.10051488715492232
0.10050090204172907
0.1004584369835598
0.10038590701796625
0.10028055692601864
0.10013827910255439
0.0999533325886458
0.09971792789998717
0.09942160828212397
0.09905026756988772
0.0985843761907036
0.09799511776909736
0.09723414451689884
0.09620214214312876
0.09465293776060908
0.09204531688361466
0.08810893522316854
0.0837587751974886
0.07870756125347747
0.07243672994641623
0.06533921337102208
0.05745669028921628
0.04933609613393935
0.04133054246687098
0.033728696657172534
0.026735759162019746
0.02040430136219764
0.014693640475700681
0.009494693534360634
0.004655015824641044
-3.390621891181226e-7
-0.004655694151612756
-0.009495372470486742
-0.014694320403912803
-0.020404982681767533
-0.02673644225892499
-0.0337293819044221
-0.04133123023614442
-0.04933678675866742
-0.05745738411810962
-0.06533991070428728
-0.07243743112741947
-0.07870826662956507
-0.08375948508506573
-0.08810965009093018
-0.09204603697587384
-0.09465366335890842
-0.09620287363768461
-0.09723488225714931
-0.09799586205198192
-0.09858512730526724
-0.0990510257779732
-0.0994223738062585
-0.09971870095836428
-0.09995411337531532
-0.10013906776094851
-0.10028135358773511
-0.10038671176723331
-0.10045924985729965
-0.10050172303381845
-0.10051571621041233
-0.10050174659078033
-0.10045929684431155
-0.10038678193733087
-0.10028144655400333
-0.10013918302413018
-0.09995425026843877
-0.0997188586810969
-0.09942255139554855
-0.09905122207900831
-0.09858534100052227
-0.09799609159132616
-0.09723512585684763
-0.09620312925129693
-0.09465392861262556
-0.09204630912530339
-0.08810992626250097
-0.08375976208989915
-0.07870854047019751
-0.07243769760053795
-0.06534016501015288
-0.057457620885170556
-0.049337000001454946
-0.04133141311479461
-0.03372952672443979
-0.026736540310696374
-0.02040502412287823
-0.014694294132622623
-0.00949526596819499
-0.004655493314441576
-2.7981667330479303e-8
0.004655455093588467
0.009495281256451774
0.014694399517543278
0.020405257568816233
0.026736941770578476
0.03373013875696723
0.04133228155302707
0.049338174721122285
0.05745915657464048
0.06534212211984056
0.07244014332642781
0.0787115498833884
0.08376341955912713
0.08811432671452685
0.09205156025367811
0.09466015257689021
0.0962104649479753
0.09724373180532425
0.0980061490904916
0.09859705786239002
0.09906483693708913
0.09943833886540838
0.09973713539512169
0.09997538199265195
0.10016359316535055
0.10030962619793087
0.10041930183302113
0.10049682172280759
0.1005450522797214
0.10056571021137477
0.1005594692903277
0.10052599862730995
0.10046393584212443
0.10037079223529334
0.10024278028746564
0.10007454450721157
0.0998587610775563
0.09958553751209831
0.09924145355664186
0.09880781608717051
0.09825683217177927
0.09754141045062274
0.09656378429003967
0.09507969382685319
0.09255029726111354
0.08870820275850001
0.08447207965974306
0.07955927155601934
0.07345701815554184
0.06656556403213339
0.058935823603234
0.051126418536174285
0.043505263641742606
0.036379778718969795
0.029978887390092666
0.024385073793022818
0.01959514862241566
0.015546572430950636
0.012143823942269526
0.009280023419443725
0.006849503410491772
0.004754130769036644
0.002905518713020418
0.0012247073385932552
-0.0003595329878277173
-0.001913045119585568
-0.0034988549519750153
-0.005179728593902581
-0.0070205550851339515
-0.009090381680319583
-0.01146383832333538
-0.014221530587562842
-0.017448798215424475
-0.021231969400218355
-0.025650416432150873
-0.03076287586576278
-0.036594411632571384
-0.04312258858221371
-0.05021266409622186
-0.0576315847110315
-0.06523181807567875
-0.0725245695636015
-0.07902715044584845
-0.08503299403730451
-0.08975087959204603
-0.09356133090495235
-0.09772433106966563
-0.10092974926770568
-0.10262539112267237
-0.10353413370494306
-0.10410320550353212
-0.10448670286347016
-0.10473645993525407
-0.10487216636254275
-0.10490154256445607
-0.10482582629458273
-0.1046404278955169
-0.10433190385998924
-0.10386585550684499
-0.10314396457020868
-0.10186741205645665
-0.09934754952112312
-0.09538139893757953
-0.09145873113236748
-0.08735226718373414
-0.08175905373234707
-0.07550167013186164
-0.06857489598089758
-0.06105332736749856
-0.053601042296886475
-0.04642171390351159
-0.039721427944707205
-0.03369541419586675
-0.028402745573120444
-0.02383740843040766
-0.019957047061113967
-0.016693611542336687
-0.013968444263971662
-0.011702862163299988
-0.009823715994547013
-0.008266019513455137
-0.00697378268813512
-0.005899760146294973
-0.005004636637955305
-0.004255989029857169
-0.0036272201186432363
-0.0030965651278967656
-0.0026462144267277135
-0.0022615635643064057
-0.001930584419106685
-0.0016433034389104182
-0.0013913700826325213
-0.0011676983621160594
-0.0009661655080267858
-0.0007813531402918826
-0.0006083174077148262
-0.0004423753220697371
-0.0002788946047088561
-0.00011307332098382241
0.00006030596770084434
0.0002471664307573209
0.00045449494958333867
0.0006907986091023572
0.0009666993110802739
0.0012957183821629826
0.0016953161107077846
0.0021882634349997838
0.0028044258234876146
0.00358301738486674
0.004575302397093738
0.005847523780370881
0.00748342746671433
0.009585004374897479
0.012268885950313392
0.015654320825145195
0.019837641025409043
0.024849191261272604
0.03059761823660974
0.03682371261669457
0.04309637960542483
0.04891866695662715
0.05384110829367007
0.05768761240385354
0.06060486639699023
0.0626345413207149
0.06350825489848452
0.06342211045728263
0.06233527302138154
0.06010147366970209
0.05703702883341109
0.052978438400735246
0.0478649742095382
0.04192016120352723
0.035628376918747325
0.029478720562324562
0.023874455463649885
0.01903837167521813
0.015033348788256363
0.011811692677385422
0.009269800698589981
0.007287596808340591
0.005750966976690628
0.004561709378789226
0.0036399984055191107
0.002923131742014738
0.0023628520633600407
0.0019224393542651309
0.0015741002954975153
0.0012968227646056392
0.0010746954375256662
0.0008956273682476424
0.0007503874710809019
0.0006318897067943542
0.0005346627679626076
0.0004544565615711038
0.00038794955913179144
0.0003325303486015478
0.0002861336745767578
0.00024711692149710786
0.0002141663875971489
0.00018622582688422514
0.0001624416702116716
0.00014212070975585294
0.0001246973254446652
0.00010970790745220879
0.00009677083819781179
0.00008557061244038266
0.000075845393016906
0.00006737700690866692
0.00005998303150809348
0.000053510354445650904
0.000047830027867501466
0.000042833120367825056
0.00003842728574707711
0.00003453402481552468
0.00003108639630947252
0.000028027139737049115
0.00002530718390461201
0.00002288431389622006
0.00002072214346509627
0.000018789242720056164
0.000017058368614119566
0.000015505892422242632
0.000014111223030041161
0.000012856439570639025
0.00001172583931154822
0.00001070570471895102
9.783981906951519e-6
8.950083750480718e-6
8.194678510031807e-6
7.5095485164278305e-6
6.88741158640965e-6
6.32182796994889e-6
5.807074467557323e-6
5.3381010064352625e-6
4.910381734011862e-6
4.519898823577955e-6
4.163066468868493e-6
3.836670946097933e-6
3.5378472415274203e-6
3.2640363772629763e-6
3.0129262636644047e-6
2.782436633365777e-6
2.57071571686382e-6
2.376085115718125e-6
2.1970237191376975e-6
2.032180997312943e-6
1.8803091069578929e-6
1.7403059466463885e-6
1.6111526278249988e-6
1.4919353103154122e-6
1.3818195646187117e-6
1.2800556686248875e-6
1.1859539438630398e-6
1.0988973486569917e-6
1.018300346459791e-6
9.436632609230598e-7
8.74506367439109e-7
8.103884054822121e-7
7.50929477698378e-7
6.957569829139013e-7
6.445490208441616e-7
5.969906503008743e-7
5.528159986121355e-7
5.117708995243243e-7
4.7360939376336567e-7
4.381233627059629e-7
4.0512005785869824e-7
3.7440201309065896e-7
3.4582375035542403e-7
3.1921076008648515e-7
2.94433282879533e-7
2.713564224323781e-7
2.4986451650566105e-7
2.2983148259387636e-7
2.1116505343993584e-7
1.9376985152910184e-7
1.7755669907230067e-7
1.6244052087339425e-7
1.4833975694482082e-7
1.352041506272891e-7
1.229563027973207e-7
1.1152208748672904e-7
1.0087182922270894e-7
9.09324779250501e-8
8.166964137461693e-8
7.303702211940858e-8
6.498071994096282e-8
5.747912127889671e-8
5.047914830961129e-8
4.396534644781017e-8
3.789395194710853e-8
3.223749517653437e-8
2.6969420108952574e-8
2.2054873115190403e-8
1.749672208268001e-8
1.3250532572017033e-8
9.296473611432349e-9
5.634897968918666e-9
2.228337826535746e-9
-9.450605196176476e-10
-3.880082407920147e-9
-6.602972001468756e-9
-9.121965005184264e-9
-1.1456478131159406e-8
-1.3611379669474725e-8
-1.5614705707794535e-8
-1.7454248690032788e-8
-1.9145926804118845e-8
-2.0704876344038366e-8
-2.2142311986423393e-8
-2.3458925242088943e-8
-2.466881245858475e-8
-2.5761507740986356e-8
-2.6771794924162487e-8
-2.7679683281408812e-8
-2.8513309026421043e-8
-2.9260665388521852e-8
-2.993421884805921e-8
-3.053327587558115e-8
-3.107818257782119e-8
-3.1552413538568144e-8
-3.196775057457075e-8
-3.23316329318487e-8
-3.265017071160985e-8
-3.292636148073416e-8
-3.314415771162669e-8
-3.332947235641864e-8
-3.347445453521887e-8
-3.358600199187342e-8
-3.366407489336477e-8
-3.3714265382394614e-8
-3.373066395289459e-8
-3.372114076357727e-8
-3.368639448362004e-8
-3.362975802988744e-8
-3.3559800483829554e-8
-3.3454220776522954e-8
-3.334021175174517e-8
-3.320488626264347e-8
-3.305625156480227e-8
-3.289354615972352e-8
-3.2716680106982106e-8
-3.2525663120261584e-8
-3.2322881415066125e-8
-3.211719118213992e-8
-3.1898193234701485e-8
-3.166109416713379e-8
-3.142323621960985e-8
-3.118185072545041e-8
-3.0931349824641535e-8
-3.0673005899982463e-8
-3.0414825886285485e-8
-3.013893080642067e-8
-2.986380872322697e-8
-2.959155121248146e-8
-2.9316800803397323e-8
-2.9037139180527628e-8
-2.874783513425789e-8
-2.8457775530427735e-8
-2.8173735698940502e-8
-2.7885462296124845e-8
-2.7597647828314045e-8
-2.7307903510444223e-8
-2.701364020056566e-8
-2.6721943051477598e-8
-2.6430650503113094e-8
-2.6139037724242765e-8
-2.5848745687849725e-8
-2.5554432996244607e-8
-2.5271363471240753e-8
-2.4976504006275753e-8
-2.4694459991826612e-8
-2.4412169283776066e-8
-2.4126363151850952e-8
-2.3838031595567075e-8
-2.3560872330764077e-8
-2.328257731988244e-8
-2.300347165601844e-8
-2.27290780600097e-8
-2.245270489007079e-8
-2.2190883112847396e-8
-2.1919274363603604e-8
-2.164934975200595e-8
-2.1388880461110068e-8
-2.1127612110643293e-8
-2.0867167906779357e-8
-2.061215534653745e-8
-2.03542158922956e-8
-2.0109088851452957e-8
-1.985525643269204e-8
-1.9608650289805452e-8
-1.936541891161882e-8
-1.9119969870508887e-8
-1.8875447024568828e-8
-1.864388665432226e-8
-1.8408295107191864e-8
-1.8175075031234985e-8
-1.795011605001949e-8
-1.7723053341506422e-8
-1.7501664972918738e-8
-1.727973079811813e-8
-1.705894412251782e-8
-1.6851196001252973e-8
-1.6630598269558375e-8
-1.642028330251571e-8
-1.6213173178753932e-8
-1.6009425534006543e-8
-1.5802152402754337e-8
-1.5609811836747325e-8
-1.540750094768348e-8
-1.5211527561511246e-8
-1.5016198093656867e-8
-1.4829894511642993e-8
-1.4643543081358453e-8
-1.445885719657767e-8
-1.4276932377928126e-8
-1.4084999126155753e-8
-1.391433790814028e-8
-1.3739388923057615e-8
-1.35618447071681e-8
-1.3392478788983829e-8
-1.3218861580014459e-8
-1.3054875384133041e-8
-1.2888649771873736e-8
-1.2721379609618515e-8
-1.2567712636700693e-8
-1.2406325466369511e-8
-1.2250035500267805e-8
-1.2095811264981311e-8
-1.1945232489858281e-8
-1.179784764609148e-8
-1.1639373696434495e-8
-1.150231562938485e-8
-1.135498421626816e-8
-1.121240747297135e-8
-1.1079065364690559e-8
-1.0935813191301616e-8
-1.0798603739917262e-8
-1.0668622545706712e-8
-1.0529279544806067e-8
-1.040718910345585e-8
-1.0270066940051834e-8
-1.0147148546890163e-8
-1.0018272622784738e-8
-9.886451210030503e-9
-9.775830278638828e-9
-9.649143676334049e-9
-9.530667294411936e-9
-9.417221216094778e-9
-9.297866533997863e-9
-9.184580905498746e-9
-9.078145855412132e-9
-8.960367205128204e-9
-8.851811579520676e-9
-8.739756653118337e-9
-8.637342931773486e-9
-8.528306606153448e-9
-8.427553223364776e-9
-8.31639477772619e-9
-8.227256695432481e-9
-8.124619638775097e-9
-8.028466898806278e-9
-7.927764973470999e-9
-7.8351362507059e-9
-7.740413294379996e-9
-7.645234279243952e-9
-7.554665570706953e-9
-7.466903186987895e-9
-7.377893885186711e-9
-7.28691751899451e-9
-7.2007484369061514e-9
-7.114366549996005e-9
-7.031555616112818e-9
-6.949604473584436e-9
-6.865526662752778e-9
-6.779169804583147e-9
-6.702997583510439e-9
-6.6212471933814645e-9
-6.5436852889561374e-9
-6.466552382782307e-9
-6.3918053222791745e-9
-6.3162930658255815e-9
-6.246669290042714e-9
-6.167852531228906e-9
-6.09216523747768e-9
-6.024360228693281e-9
-5.9570208316031616e-9
-5.886506347726827e-9
-5.824163741607372e-9
-5.758348768339433e-9
-5.689573925833809e-9
-5.6144582497248395e-9
-5.5585292549748065e-9
-5.490387584387829e-9
-5.426834915021322e-9
-5.367747079966869e-9
-5.303677129840893e-9
-5.240096353330652e-9
-5.1851328877209215e-9
-5.133313136436235e-9
-5.071266573911655e-9
-5.006974162429162e-9
-4.9533245458182924e-9
-4.899072054408332e-9
-4.842003480550832e-9
-4.784872580546158e-9
-4.73581909102392e-9
-4.6832988790287395e-9
-4.632426054190074e-9
-4.577958751082072e-9
-4.531191588734999e-9
-4.474368215400254e-9
-4.430618136327913e-9
-4.378021397018022e-9
-4.330036200359517e-9
-4.279594518542468e-9
-4.230533852915227e-9
-4.190025885764201e-9
-4.142349241899354e-9
-4.101686933412901e-9
-4.050735086913236e-9
-4.006629877018835e-9
-3.963221701649736e-9
-3.924535055223137e-9
-3.878651801035615e-9
-3.846349623470172e-9
-3.8016903601173756e-9
-3.755033559453236e-9
-3.7134122604913325e-9
-3.676972713770574e-9
-3.63434572094506e-9
-3.5985266833060292e-9
-3.552840600221963e-9
-3.517109033271999e-9
-3.4842702720375437e-9
-3.4431951436522242e-9
-3.4053781382076577e-9
-3.3735411685026765e-9
-3.3400869740951704e-9
-3.2981233354294757e-9
-3.2660418281250948e-9
-3.231123339602781e-9
-3.1998614941226818e-9
-3.17063400617388e-9
-3.132950924770304e-9
-3.0923395575000002e-9
-3.0647455012197618e-9
-3.0290732570222877e-9
-3.0044044586671483e-9
-2.9686366336887134e-9
-2.9380839572458258e-9
-2.9095586735327686e-9
-2.8782633589227933e-9
-2.8559827490497775e-9
-2.8229154304779136e-9
-2.7977071316374037e-9
-2.7697226532160673e-9
-2.734941384544461e-9
-2.7098544511276472e-9
-2.672864599381852e-9
-2.6548658352991438e-9
-2.6268813160004382e-9
-2.595908810321267e-9
-2.5759138809512254e-9
-2.5507468283966604e-9
-2.521373643366188e-9
-2.495017701031453e-9
-2.4719052628128918e-9
-2.4448182031761395e-9
