-0.00003197510068440408
-0.000030997481759756154
-0.00003221813977679859
-0.00003326341008883561
-0.00003427507350091157
-0.00003502419390067899
-0.00003452369662747557
-0.0000346293203367867
-0.00003617729097350817
-0.000036866745333709846
-0.00003570570015749196
-0.000036700355870250814
-0.00003573738270388424
-0.00003698701455051191
-0.000036878086626312374
-0.000038886750549548984
-0.000041721162992713404
-0.00004045799283919058
-0.00004056695326585479
-0.0000425064159817262
-0.00004221352081474264
-0.000043197039060491596
-0.000043749986633278845
-0.00004472056592868439
-0.00004437735878099398
-0.0000439962434384629
-0.00004523570794498476
-0.0000481876200668371
-0.00004864694210698554
-0.00004981429927818633
-0.00004934460290025791
-0.00004999982881974733
-0.00005076102849205492
-0.000051759044970759874
-0.0000523130163538635
-0.000053388465812353904
-0.00005717002585360511
-0.000055681499450522706
-0.000055597399830678816
-0.000057775238926583753
-0.0000574693716886709
-0.000059448519717786294
-0.00005898849477695615
-0.00006086507313362398
-0.00006243938543138635
-0.00006252676663236622
-0.00006320356031144755
-0.00006534813043077252
-0.00006639448397382925
-0.00006736144748110142
-0.00006959931508459816
-0.0000698761603349425
-0.00007244983379910854
-0.00007296390852732358
-0.00007479002679024634
-0.00007594306825421558
-0.00007579486368444555
-0.0000771358194827886
-0.00008064178475069348
-0.00008036364844877841
-0.00008225576409187275
-0.0000838310727167565
-0.00008478148848702045
-0.00008723611888563681
-0.00008753118057511874
-0.00009090581429048618
-0.00009082941263473528
-0.00009326956139887298
-0.00009414927265607954
-0.00009707466877188446
-0.00010008986945199739
-0.0000996193200144781
-0.00010193830953845461
-0.0001036253355706929
-0.0001072672291729405
-0.00010859950394840636
-0.00011028602850215343
-0.00011499417610594899
-0.0001142122290623343
-0.00011789715245519357
-0.00011973776931320634
-0.00012249418664742748
-0.0001247304678789043
-0.00012625467171845887
-0.00013073751337625133
-0.00013291632923801786
-0.00013467553362115224
-0.0001380867751147684
-0.0001408029952255695
-0.0001430134617240612
-0.00014622305658470056
-0.00014855339967854801
-0.00015320347038887236
-0.00015357216632972594
-0.00016131692190711507
-0.00016447202886799115
-0.00016771259373593665
-0.0001690112940128232
-0.00017440694439235156
-0.00017639838208142013
-0.00018053764221846182
-0.0001851850502945637
-0.00019047714793267852
-0.00019301728253161925
-0.00019760046010912168
-0.0001998453131847742
-0.00020556049201143393
-0.00021131167449706966
-0.00021630821142935508
-0.00022283216759604353
-0.00022788890612442518
-0.0002298136545655528
-0.00023726514484787682
-0.00024262474251652416
-0.00024809358159089676
-0.0002540633696544501
-0.000261476563524146
-0.00026646596113160444
-0.00027296424817663674
-0.00027981924684744315
-0.0002862139503533685
-0.00029481511051863887
-0.00029858778616288805
-0.00031012591687196677
-0.00031786148321830723
-0.0003250376469429457
-0.0003333675418393815
-0.00034169614925572454
-0.0003506677656619064
-0.0003590866703103447
-0.00036840435975792204
-0.00037673713009174676
-0.00038672547603499564
-0.00039849136774437266
-0.0004108624376191097
-0.0004230716421611603
-0.00043411686336120795
-0.00044367567724672044
-0.0004573022760280718
-0.0004683824709758925
-0.00048151551384466394
-0.0004967994526757899
-0.0005102833621171807
-0.0005246510552542817
-0.0005386464577649721
-0.0005569350727183782
-0.0005707323521390962
-0.0005869333482350798
-0.000606550030020328
-0.0006238338166998179
-0.0006421338869344957
-0.0006626906454897307
-0.0006813812066440267
-0.0007033943983518169
-0.0007269341005200679
-0.0007486872639807204
-0.0007719179552488072
-0.0007957927116330959
-0.0008208238649118931
-0.0008485046582703167
-0.0008746743057611453
-0.0009069417658954651
-0.0009353991983552201
-0.0009660191778173371
-0.000997721834280971
-0.0010321451117847752
-0.001066215152236259
-0.0011029086233118226
-0.0011418527490329527
-0.0011803876855999975
-0.0012227813282322678
-0.001266224614680436
-0.001310473636193708
-0.0013592254569457143
-0.0014079745971533628
-0.0014594802938220567
-0.0015128531034597156
-0.0015685673283286664
-0.0016289468384068325
-0.0016918956087613817
-0.0017555600920937538
-0.0018237366738829666
-0.0018957392589797715
-0.0019684913166445653
-0.002047242425133823
-0.002129531096872763
-0.002216472675526767
-0.0023062851938656457
-0.002401980205074
-0.0025002967160407817
-0.002605208608077379
-0.002717028519858489
-0.0028319124426347004
-0.0029548520061396036
-0.0030830086512167324
-0.003221214975177854
-0.0033626458674056964
-0.003514433283725352
-0.003673191533334159
-0.0038415095644924366
-0.004018348973378566
-0.004206005293401308
-0.0044063229711943114
-0.004615724999682785
-0.004836014209814081
-0.005072112317254323
-0.0053217220062024805
-0.005586449581658488
-0.005866675185179623
-0.006163697738059606
-0.006478635125260825
-0.006813774556902872
-0.00716814482041482
-0.007549063741429818
-0.007950437976907292
-0.008378473124413994
-0.008834951017294451
-0.009319915110571725
-0.009838065589777543
-0.010389634131766124
-0.010976865066986722
-0.011602593573870444
-0.012273320438060646
-0.012987948820121343
-0.01375078648143497
-0.01456625115009464
-0.01543596133819612
-0.016363880729122798
-0.017357596771769145
-0.018417158019281198
-0.01955204903814711
-0.020759589515463365
-0.022050301363029014
-0.02342540738218791
-0.024889309540198527
-0.02644783010471405
-0.028101320743227097
-0.029852975315562
-0.03170587972041754
-0.03365308672361719
-0.035692320166523996
-0.0378158911436717
-0.04000557373687535
-0.04224150278352998
-0.04448807833758663
-0.046695954177515264
-0.0487927640970265
-0.05068233057584755
-0.05223100028431167
-0.05325775146318831
-0.05352307886659746
-0.05272356954806903
-0.050483123082636305
-0.04636814424092435
-0.03993035695234304
-0.030756928653775068
-0.0185635102766264
-0.0032851290387447478
0.014872509050711108
0.035416429644838036
0.05759070723662807
0.0804602726654032
0.1029686864448903
0.12405523121967467
0.14273498554703865
0.15820945011257095
0.16992548219436812
0.17760868704101151
0.18124451133198002
0.18104749545894652
0.1774405783555637
0.17103343349138786
0.16260060510590899
0.15303728368174618
0.14326229927284348
0.13408656807890101
0.12607642557553436
0.11944704848335669
0.11403201462762966
0.10933631583603814
0.10465946952314825
0.09923257390717816
0.09232380719654233
0.08333554910966014
0.07185964273431691
0.057730808652211356
0.04106613081509611
0.022209622586199816
0.0016487151068376724
-0.02011786687529863
-0.04268075285507025
-0.06573761796663632
-0.08905905649834017
-0.11243148909692825
-0.13562407285822928
-0.15841533920932074
-0.18065039146694675
-0.20228918179243224
-0.22340218827735062
-0.24411501400183722
-0.26449452667204354
-0.2844486105461208
-0.3036718539331884
-0.3216705049466474
-0.33783904454326585
-0.3515696306289189
-0.3623324541157136
-0.36973048521112134
-0.37349951514110163
-0.37351910752959117
-0.36980445627472375
-0.3624940548289373
-0.3518130295158801
-0.3380257391383244
-0.3213715476229047
-0.3020364578460279
-0.2801288949650513
-0.2557004640616698
-0.228751886560742
-0.19928658400633367
-0.1673397330400807
-0.13302063969240974
-0.09655298225271888
-0.05827397666001827
-0.018627397946125526
0.021864005236987075
0.0626420762643798
0.1031497181496593
0.14284405963940994
0.18124469884252953
0.21796715779929637
0.25273985651853276
0.2854146481516792
0.3159380326384238
0.3443073895184739
0.3705453208196407
0.3946439878677998
0.4165407625995633
0.4361024563274624
0.45310932554954547
0.4672874945197541
0.4783435747664018
0.4860133508053896
0.4901023840851595
0.49049634408039783
0.4871705133152565
0.48018826677816545
0.4696949874091215
0.45591913152259167
0.4391411934642006
0.4196382201055872
0.39766228343383775
0.3733821232508806
0.3468909358374036
0.3182163705716486
0.28733823893916705
0.254232518600176
0.21891275432669788
0.18146698251322366
0.14209403549081076
0.10110992599320161
0.05894010808168115
0.016087752892184688
-0.026907770652571994
-0.06949787970724204
-0.11115173694292392
-0.15140088854060996
-0.18986108943934432
-0.22626903820986366
-0.26047992815231924
-0.2924410613626862
-0.3221600789949906
-0.3496621408285274
-0.3749505584168015
-0.39797001647791497
-0.4185915860921236
-0.4366046367332048
-0.4517431861629508
-0.4637154959474649
-0.47226238353045175
-0.4771859620812262
-0.4783747874009608
-0.47580463334999895
-0.4695349405386318
-0.45971416276836696
-0.44656732504811686
-0.43037602342422127
-0.41142272874855523
-0.38995921798168276
-0.36616381083870847
-0.3401327040427298
-0.311896621697205
-0.2814354971385452
-0.24873019138910504
-0.2137938748312625
-0.17670882668956808
-0.13767156846721887
-0.09699463794691984
-0.05510318712852288
-0.012495221581144984
0.03028775942313022
0.07269338197822407
0.11419748202942039
0.154320270946193
0.1926746790293769
0.2289953413140515
0.2631272694864639
0.2950198563975416
0.3246755244611272
0.352121034834844
0.377359219381946
0.40033739629282505
0.42093236301253606
0.4389322612152259
0.4540724240590405
0.46606246064433404
0.4746409846129501
0.4796052737301611
0.4808413334738338
0.4783223219999119
0.4721038558858313
0.46233145449154545
0.4492252699144456
0.43306763071648846
0.41414349070641915
0.3927017291835783
0.36892620586001734
0.3429162358319339
0.31470126573865054
0.28426805894160534
0.251593310476321
0.21668317651834412
0.17962626390773745
0.14060846639293864
0.09993948336055912
0.05804063498979001
0.015407462156565703
-0.02741938482639807
-0.069889758443955
-0.11147244065628772
-0.1516880139542133
-0.19015082118078414
-0.22658174594752212
-0.26083010265496054
-0.2928372488951228
-0.3226053443999438
-0.3501606660176497
-0.3755089972585275
-0.3986006625543212
-0.4193122527733765
-0.4374375346083426
-0.4527125004285914
-0.464848232680454
-0.4735787639100327
-0.4787021607638888
-0.4800993060371498
-0.47774049135065905
-0.47167678237296323
-0.46204986395892056
-0.4490833426415068
-0.4330508937041151
-0.414241699766631
-0.3929065250166471
-0.3692319348512171
-0.3433190717189314
-0.31520109826266574
-0.28486575402327
-0.2522863910724456
-0.21747508048638442
-0.18050840628605527
-0.1415714709459091
-0.10096857320278085
-0.05911830908198553
-0.016514562108102638
0.02630292655962549
0.0687852901733098
0.11039853549081505
0.15066306080117906
0.1891854423110627
0.2256869956647364
0.26000814169616243
0.2920865874641932
0.32192897455478703
0.3495576908931056
0.37497990224536565
0.39814948798073313
0.4189429761407783
0.43716270529539275
0.45254090494752286
0.46479045734211644
0.47364347856209954
0.47889563795224926
0.4804255353357088
0.4781970334340999
0.47226180646119204
0.4627594101554496
0.44990469624599333
0.43397450913159297
0.41525572690604073
0.3940063879884257
0.37040944730616887
0.3445733809637507
0.31653407494515756
0.2862741748072588
0.25377429964867887
0.21903832869122192
0.1821442393256309
0.14326989353663455
0.10271918540201641
0.06090216894934475
0.018312530552385565
-0.024510819202734173
-0.06701944225347284
-0.10867760290792812
-0.1490036467491204
-0.18760004543859712
-0.2241837690438639
-0.2585900139751398
-0.2907558237553644
-0.32068479885124485
-0.348398080628568
-0.3739062863832292
-0.39716258081270306
-0.4180514703561041
-0.4363721398896784
-0.4518649342098599
-0.4642370283318567
-0.4732240093361959
-0.4786141300960372
-0.48028537710998903
-0.47820022449395383
-0.47240285469870824
-0.4630301697341531
-0.45029880720377885
-0.4344796547577493
-0.41586238953671845
-0.3947041731916842
-0.37119442065692576
-0.34544254693454535
-0.3174851191886551
-0.28731124983228007
-0.25489751714195413
-0.22024510289887214
-0.18343137332962384
-0.14462821822870414
-0.10413362051317449
-0.06235621545906182
-0.01978890693533932
0.02303430502471157
0.06556237010846996
0.10726039783839399
0.14764128576052318
0.1863061705834086
0.22296444962012407
0.25745347538373625
0.2897014993892322
0.3197092244785812
0.34750407487302665
0.3730923593457798
0.39643288421588874
0.4174102912379402
0.4358299863050035
0.451430045091996
0.4639223409260419
0.4730372723085052
0.4785630347245578
0.48037187892974637
0.47842430772021305
0.47276050534874275
0.46351618099137354
0.45090188942980847
0.4351918044892272
0.4166720835814069
0.395604133148852
0.372177541336536
0.34650624289526616
0.31863000506652883
0.2885379103565401
0.2562054343993156
0.22163433657052123
0.18489610384850033
0.14616242718784056
0.10572276576397133
0.06398486506891184
0.021435180575753193
-0.02138924545487614
-0.06393787457398188
-0.10567691518378951
-0.14611539933963605
-0.18485005566754187
-0.22158925697695184
-0.2561593735191147
-0.2884916176121296
-0.3185830478647365
-0.3464600696565619
-0.372131201028222
-0.39555729717011384
-0.41662574760317195
-0.4351445430900286
-0.45085547755948907
-0.46346939581965974
-0.4727135529917019
-0.47837611270789054
-0.4803244443568706
-0.4785142789986286
-0.47298916593133833
-0.46387454988527677
-0.45138217004660824
-0.43578032785780557
-0.41736086175896686
-0.3963831007774394
-0.3730421994898246
-0.3474539972076968
-0.3196601396691499
-0.28965111957098477
-0.25740195460303694
-0.22291443709015127
-0.18625453475633655
-0.14759050283877415
-0.10720785341369532
-0.0655099522793056
-0.022981880408466705
0.019841798723287195
0.06241029724881145
0.1041877924088239
0.1446820001127916
0.1834853596890683
0.2203014336467265
0.25495299534633964
0.2873672117793862
0.3175428359115097
0.34549986011711065
0.3712527216816556
0.3947628095104489
0.4159216971737638
0.43453907171445666
0.4503587359085199
0.4630923533418133
0.4724646519465784
0.4782617039806818
0.4803496969824675
0.4786789002256963
0.47328800451841724
0.464303160936116
0.45192971147846067
0.436438838267834
0.41811865109319474
0.39723091174251685
0.37397477176280314
0.3484687410268417
0.320755657214766
0.2908279387365298
0.2586627886882891
0.22425643649924915
0.18767515498520024
0.14908018804844556
0.1087549486850665
0.06709688055321573
0.024589453188713303
-0.018232679902531912
-0.06082134144324469
-0.10263717078408789
-0.1431871832222885
-0.18205899633650116
-0.218952149343082
-0.2536866733883989
-0.286185723253362
-0.3164429816246169
-0.34448196945191084
-0.37031691044611403
-0.39391225531178553
-0.41516127187963603
-0.4338769804513636
-0.4498050571522813
-0.46265771758520813
-0.4721605266907133
-0.4780934463999266
-0.48031943449106546
-0.4787872240476581
-0.47353361164031754
-0.4646780756314017
-0.4524268198270526
-0.43704610464087407
-0.418825767176739
-0.39802974810497505
-0.3748589417002558
-0.3494346966087288
-0.32180353653363103
-0.29195923315486433
-0.2598766816995503
-0.22555381744427075
-0.18904980189486773
-0.15052524709785367
-0.11025799951934383
-0.0686419869406513
-0.02615734222346053
0.016663756756696242
0.0592704468355281
0.10112407891150628
0.14172869770088914
0.18066894944162382
0.21763892037440044
0.25245501562645606
0.28503766595491786
0.31537627405866725
0.3434982452722598
0.36941460651542085
0.3930939291170664
0.4144319869460786
0.4332457515164011
0.44928197052644075
0.462254392428559
0.4718847300575215
0.4779523713136744
0.4803177780599076
0.47892512628475686
0.47380686925781795
0.46508145480536695
0.4529510525307954
0.43768095985652966
0.41956040830259234
0.3988560587228802
0.37577007235319376
0.35042793600259803
0.3228782949575824
0.29311646745737346
0.26111666252631477
0.22687597426517606
0.19045118317970475
0.15199681163476547
0.11178815924647224
0.07021372608728292
0.02775058954723254
-0.015066572534006605
-0.0576911420022147
-0.09958157272721785
-0.140241037243797
-0.17924907365390064
-0.21629633152335723
-0.2511942979585973
-0.28385926111996257
-0.31428247951916777
-0.3424844928175875
-0.3684837167263611
-0.3922471263198969
-0.413675423475212
-0.4325866721667953
-0.4487313591869266
-0.4618217004581743
-0.47158050744616914
-0.4777827760845809
-0.480286543946967
-0.4790334990435156
-0.47405220034398227
-0.4654575895237263
-0.4534488585306798
-0.4382896724506526
-0.4202703580682226
-0.39965696764706404
-0.37665737942149463
-0.3513975222308166
-0.32392927504027696
-0.29424926262203993
-0.2623335467636298
-0.22817519174435147
-0.19182915084805846
-0.1534461934114938
-0.11329587616707462
-0.07176357742953064
-0.02932479384207571
0.013489275832238187
0.05613094986755473
0.09805801728857762
0.13877082129509324
0.1778462343694002
0.2149704495922747
0.2499499868224917
0.2826980938724148
0.3132037300162476
0.3414880181160493
0.3675677866968036
0.39141583076912123
0.41293277985432136
0.43194152899665483
0.4481938137294479
0.46140225323244893
0.4712884673920214
0.47762675996513076
0.48026820364026596
0.4791542324583416
0.47430932185489627
0.46584518673971315
0.453958441232746
0.4389112261762147
0.4209924104396127
0.40047107995944536
0.37755645449461717
0.35237888726657557
0.3249924367550786
0.2953952597093494
0.26356210043782596
0.2294862808674842
0.193219251881038
0.154907575492713
0.114816926312805
0.07332731073057804
0.03091327785528571
-0.011897573494850381
-0.05455478252087317
-0.09651720717223604
-0.13728337567000176
-0.17642598399538725
-0.2136265650116525
-0.24868814786508073
-0.28151879131171215
-0.31210683437176967
-0.34047342596109387
-0.36663576151374966
-0.3905666928947934
-0.4121733824686877
-0.43127847129264707
-0.4476384170485649
-0.46096416810360324
-0.4709787680868624
-0.4774512999957375
-0.48023181247527613
-0.47925658603733157
-0.47454833517793676
-0.46621624046285326
-0.45445155103372803
-0.43951615743197503
-0.4216982080253406
-0.401269611136743
-0.3784405037313253
-0.3533457141142144
-0.32604108919377894
-0.2965255974195606
-0.26477603321992826
-0.2307831969038977
-0.19459490942912464
-0.15635516020860385
-0.11632440216699251
-0.07487847178690209
-0.0324897197048523
0.010315956462166093
0.052988780035471646
0.0949873244240459
0.1358059230980563
0.1750140674662395
0.21229123976766245
0.2474332292264337
0.2803479634162657
0.31101888936131183
0.3394674527807602
0.3657104751490799
0.38972563592133175
0.411420854577239
0.43062346266948637
0.44708929996217356
0.4605333510433729
0.47067472317744025
0.4772812982097217
0.48019964831100076
0.47936394127087956
0.47479292897077463
0.46659103413049896
0.4549497673372445
0.4401263483883917
0.4224105766821619
0.402074466709158
0.3793313457613985
0.35431930501263637
0.3270957932793477
0.297663115656762
0.2659967743572502
0.23208587803601258
0.19597744671307776
0.15780973281435245
0.11783872118420184
0.07643749809609998
0.03407412321998377
-0.008725410074275417
-0.051413417740917955
-0.09344541982263167
-0.13431583199032568
-0.1735908584263762
-0.21094354078397826
-0.24616703964266315
-0.2791650841542983
-0.3099184998863452
-0.33844874551212584
-0.36477412288543476
-0.3888733079798008
-0.41065683494463306
-0.42995526388774263
-0.44652778504248164
-0.4600888304387023
-0.4703570376367261
-0.477097611025893
-0.4801550027817056
-0.47945878570017714
-0.47502415372085754
-0.4669543307954216
-0.4554355604196599
-0.4407254415287619
-0.42311175310468535
-0.40286782172213487
-0.3802111475577006
-0.35528186994145544
-0.32814005746111874
-0.29878909919582175
-0.2672053080779876
-0.23337795835701777
-0.19734937840708508
-0.15925382876315286
-0.11934379831191094
-0.07798814566445884
-0.035651321911051345
0.007142676984754709
0.049844245863332505
0.09190962446018222
0.13283154158123092
0.17217174416742723
0.20960020320243652
0.24490529959581492
0.27798642843194726
0.30882244570049083
0.3374349023014979
0.36384149105710867
0.3880240996831455
0.4098963089196529
0.429291208456584
0.44596895360684996
0.4596469235574356
0.47004149868619083
0.476916482900221
0.48011184371612203
0.47955437006766216
0.4752573615463401
0.46731915744252345
0.45592381165260104
0.441326930949035
0.42381550202169854
0.4036650696348309
0.3810945333688189
0.35624736605170926
0.32918714897940526
0.29991913492199074
0.2684184914308348
0.2346735890087736
0.1987247035016935
0.1607021556969672
0.12085337055527032
0.07954344127098933
0.037233584100325845
-0.005552323486466422
-0.048267706295960014
-0.09036648816105426
-0.131338898725353
-0.17074453992940336
-0.20824845614275364
-0.243634177985806
-0.2767984416261365
-0.30771735792426824
-0.3364117115312592
-0.36290048087260646
-0.387166281732823
-0.4091261644775175
-0.428616501214539
-0.44540017163903717
-0.4591941877226957
-0.469714839022691
-0.4767239868633541
-0.48005668027990955
-0.4796397155209064
-0.4754790029818855
-0.46767334727554954
-0.45640211191836294
-0.44191839241553815
-0.4245105130861837
-0.40445284088489886
-0.38196921880336027
-0.35720443337155894
-0.3302260365665637
-0.301039786999381
-0.2696227761016518
-0.23596093940554355
-0.20009155689122363
-0.16214215659259434
-0.1223553166250303
-0.08109152502457795
-0.03881011331323259
0.003968723797080192
0.04669582819528736
0.08882685907764917
0.1298493214604795
0.16931991392168683
0.20689883146561477
0.2423653021660408
0.2756125401243992
0.3066148019123836
0.3353906869610182
0.36196113089473153
0.38631045843835365
0.40835813622843453
0.4279442396087694
0.4448323843216203
0.4587427949051941
0.4693896495000712
0.47653167445943556
0.4800033273813914
0.47972457414892944
0.475702217094329
0.46802831196546035
0.4568813994776493
0.4425117184410027
0.4252064847321022
0.40524265015470395
0.38284582606109263
0.35816419525561577
0.33126713330260443
0.30216327461973747
0.270829457723752
0.23725010363281004
0.20146078638417333
0.16358511808016682
0.12386035079049769
0.08264355334388418
0.04039088649686436
-0.002378581275787656
-0.04511837353745464
-0.08728063354575222
-0.1283529751658881
-0.16788705473604668
-0.20554077607628798
-0.24108866765417233
-0.27441849342560765
-0.3055038488284957
-0.334361641375356
-0.36101390665243355
-0.3854464082020359
-0.4075818037807577
-0.4272624898559486
-0.4442556633266677
-0.4582812709335706
-0.46905342344862877
-0.4763291271951942
-0.47993887592066536
-0.47979955478889863
-0.4759142991311989
-0.46837345335012753
-0.4573508823520622
-0.44309526995458876
-0.4258931159440818
-0.40602375094727866
-0.38371410928875266
-0.35911537418900663
-0.3322996569749676
-0.303278217896393
-0.272026723381907
-0.23853089411374134
-0.20282172862745546
-0.1650199972621101
-0.12535795967141783
-0.08418898001019426
-0.04196520403193432
0.0007948917874347825
0.0435447466381967
0.08573818636860159
0.12685929513022054
0.16645762541606735
0.20418538097289118
0.2398138556567005
0.27322760407015934
0.3043955657547559
0.33333557163747213
0.360068907794272
0.3845845552809713
0.4068072001303406
0.42658267013503426
0.4436804047335176
0.4578212075056778
0.46871870903059876
0.476127201912969
0.47987421882357223
0.4798746119790089
0.476127432754125
0.4687189189092947
0.45782096581623727
0.4436803302986445
0.4265825166517992
0.4068072492462771
0.38458457434440785
0.36006910274113496
0.3333355344230392
0.3043955226168086
0.2732273157173141
0.2398141941528383
0.20418607496351837
0.16645796993383918
0.12685929148780378
0.08573889651250721
0.04354481425288172
0.0007949201337761508
-0.04196518255021748
-0.08418870272338247
-0.12535753457674442
-0.16501956253906694
-0.20282182688431258
-0.2385307308139254
-0.27202640147396
-0.3032776426633502
-0.3322996178151009
-0.35911488650172224
-0.38371355260305373
-0.4060233467729781
-0.42589331513926976
-0.44309522678899266
-0.45735075786400653
-0.4683728896201977
-0.47591403060143594
-0.479798903745233
-0.4799377606967134
-0.4763288571908961
-0.46905332489068696
-0.4582809927508358
-0.4442552351346022
-0.4272618731681181
-0.40758124918587274
-0.3854460970945145
-0.36101360367226953
-0.3343615300336801
-0.30550345083000946
-0.2744181753724097
-0.24108815617637666
-0.2055404993756188
-0.16788704538331217
-0.12835213878519325
-0.08728022769272195
-0.0451173694388802
-0.0023786729430438323
0.04039115074734758
0.08264427958608533
0.12386079267555415
0.1635859336018621
0.2014611974719426
0.23725007211049648
0.270829553421738
0.3021637741231168
0.3312677694847966
0.35816444591304974
0.3828464003908166
0.4052432132186482
0.4252067727713233
0.442512232183037
0.45688193745092276
0.4680285988702716
0.4757030030762663
0.47972495740414234
0.48000435416752807
0.4765320523799197
0.46939020061831577
0.45874318811274634
0.44483369851036425
0.4279445582988386
0.40835894331086114
0.3863112001765637
0.36196204353869976
0.3353914868239082
0.3066156576346006
0.27561416419198753
0.2423667823564828
0.20689958521627627
0.16932124609254862
0.12985022092005677
0.08882785484833848
0.04669675864356749
0.0039695804191294945
-0.03880915262679651
-0.08109044064752823
-0.12235448412429413
-0.16214137956779237
-0.2000902178858668
-0.23595990854484622
-0.26962178222245486
-0.3010385792430513
-0.33022479692683576
-0.3572037630211741
-0.381967558233627
-0.40445087292073156
-0.4245090148067638
-0.4419174133811667
-0.45640152400953554
-0.467672187389318
-0.4754784689213697
-0.4796386721099573
-0.48005637137730595
-0.47672277915357186
-0.46971413630758757
-0.45919305129956267
-0.44539876224626695
-0.4286156421619587
-0.4091251997447779
-0.3871649063926314
-0.3628991486581356
-0.33641000102133684
-0.30771611820147626
-0.2767966529514515
-0.24363334626487163
-0.2082463694932491
-0.17074296265247624
-0.1313376110569378
-0.09036471444004866
-0.04826580813342536
-0.005551094223078478
0.03723498872425906
0.07954443207005002
0.12085461356407072
0.16070335015931408
0.1987259425620164
0.23467496252550418
0.26842020050561755
0.2999200887415286
0.329189115963457
0.35624875046214904
0.3810959240618266
0.4036664138046516
0.4238166486654747
0.4413281098729489
0.4559262665726325
0.4673201922811925
0.47525887348279033
0.4795556277854636
0.48011332216640046
0.4769177186715931
0.47004328145054913
0.45964895110261517
0.44597057405636076
0.4292922267748095
0.409897875257147
0.38802629043270837
0.36384356928685374
0.337436207456906
0.30882471874088857
0.27798812576444815
0.2449075591540913
0.2096022714720364
0.17217416987173076
0.13283360524183258
0.09191171503315049
0.04984582008126195
0.007144385752056771
-0.03564967340164014
-0.07798554163551877
-0.11934230141212791
-0.15925236215905883
-0.19734682751518615
-0.2333759458286966
-0.26720399520991145
-0.2987871428129619
-0.32813766558831714
-0.3552794553430877
-0.3802090029691371
-0.4028657248671686
-0.4231097897620851
-0.4407231512819942
-0.4554335010156975
-0.46695189818267696
-0.47502231047269877
-0.4794560993249144
-0.48015231104717476
-0.47709518964181086
-0.4703544499119997
-0.4600867344679826
-0.4465250679184866
-0.4299530594832591
-0.41065466956304486
-0.3888701418920714
-0.36477157830260876
-0.33844613780499877
-0.3099157487314138
-0.2791624630559681
-0.24616466484969005
-0.21094073773214764
-0.1735878877220758
-0.13431304771030592
-0.09344239805668779
-0.051410652647573184
-0.008722484953473488
0.03407707154142731
0.07644124744511387
0.11784127807915636
0.15781334921258655
0.19598085197695325
0.2320889742106926
0.26599927543466884
0.2976662938828255
0.32709882647301997
0.35432264720938406
0.37933440838396826
0.402077674692411
0.4224147404284177
0.4401300484976113
0.45495289064666955
0.4665949849945993
0.4747966994692754
0.47936807562373
0.48020319665935784
0.47728458746036495
0.47067826881322
0.46053736029809805
0.44709290182921996
0.43062722887074295
0.4114252372264783
0.3897307510515404
0.36571400243280583
0.3394711025836918
0.31102254249534367
0.2803514346591364
0.24743737085448464
0.21229510919595826
0.17501778248868938
0.13580917389827707
0.09499115004132898
0.05299390616628599
0.010319909983855619
-0.03248513508395633
-0.07487401890621037
-0.11631943523067648
-0.15635085601670382
-0.19459041251728046
-0.23077903483252857
-0.2647715404527059
-0.29652138290175317
-0.3260358404439434
-0.35333996540761775
-0.378435711412193
-0.40126384469237614
-0.42169397141109255
-0.43951060443600143
-0.45444636256925447
-0.46620944407650466
-0.4745431804564127
-0.47925147923091654
-0.48022611372245627
-0.47744525716205694
-0.47097247058019953
-0.46095902591710314
-0.4476328570798572
-0.431273224581466
-0.41216750947595293
-0.3905609010618315
-0.36662994474037913
-0.34046773489006343
-0.31210091946155644
-0.2815123936474728
-0.24868112184043464
-0.21362073436268758
-0.1764199856498164
-0.13727737910696622
-0.09651116603952
-0.054547688143125155
-0.011890310545951549
0.030920790293821325
0.07333443654434589
0.11482319084482859
0.15491491498503482
0.1932266820623097
0.22949335595897352
0.26356923525378884
0.2954029304883309
0.32499983369401486
0.3523875827205419
0.3775636898479492
0.4004786879802113
0.4209998756671368
0.43891959320363894
0.45396642001543014
0.46585325140443007
0.47431728371757914
0.4791623281274258
0.48027686727245256
0.47763540734591836
0.47129683586239113
0.4614113469162774
0.4482023030014353
0.43195052727129213
0.41294163382594307
0.3914250857745042
0.36757653162680554
0.34149682404563475
0.3132128473351904
0.2827083574128673
0.24996020571899216
0.21498021614432453
0.17785609436610506
0.13878147573815103
0.09806836634531382
0.056141620509043255
0.013500752223703524
-0.02931414397010707
-0.07175222053530632
-0.11328417965652025
-0.15343500244664893
-0.19181732377202523
-0.22816364209879145
-0.2623214323177044
-0.29423763293013017
-0.32391705437531854
-0.3513845272650923
-0.37664480846157633
-0.39964515791438193
-0.42025648678011157
-0.4382765337052501
-0.4534352985087952
-0.4654448313818483
-0.47403791953918145
-0.47902016065319847
-0.48027278588564365
-0.47776940477921376
-0.47156631860900233
-0.46180730344676774
-0.4487166746240169
-0.4325715078257009
-0.413660125813189
-0.39223191520604256
-0.3684682595875727
-0.3424692018425662
-0.3142660508698179
-0.2838435583493565
-0.25117827254860053
-0.21628044046839282
-0.17923324674373609
-0.14022289297611568
-0.09956489998460116
-0.05767342932546447
-0.015048829762712696
0.027769442745714867
0.07023159026098398
0.11180653285303156
0.15201679300481283
0.19047078895266642
0.22689528932219896
0.2611374643353959
0.2931358020059877
0.32289905330829016
0.35044858944497875
0.3757911398346373
0.39887690144226773
0.4195827816729111
0.4377034520795003
0.4529731975149863
0.465103629972125
0.4738302157212751
0.4789484645763467
0.4803410358887866
0.47797735673322306
0.47190889215411114
0.4622787397483878
0.4493072721521849
0.4332715917102364
0.41445834036329665
0.3931195611836476
0.36944131436106914
0.3435255919970078
0.31540478091296004
0.2850650753353989
0.25248448159360737
0.21766976603194918
0.18069844480085315
0.1417580520568607
0.10115481728627007
0.05930178624121252
0.01669578231501357
-0.026124190597143507
-0.06860944520411635
-0.11022489370311721
-0.15049165455709043
-0.1890152903643379
-0.22551901955269563
-0.25984126715899053
-0.29192348213639263
-0.3217665323265574
-0.3493977122561339
-0.37482097330292735
-0.39799081861422947
-0.4187871023418283
-0.43700629470985314
-0.45238486111172205
-0.46463730666252023
-0.4734914802130978
-0.47874461822742986
-0.4802743405618301
-0.4780485009697581
-0.4721139660574738
-0.46261298221532027
-0.44975892893498115
-0.4338285950697227
-0.41511253155615874
-0.3938637611597335
-0.37026760769585226
-0.3444322885081213
-0.31639041986358346
-0.28613327570807806
-0.2536334471570184
-0.21889885336864476
-0.1820031275383195
-0.1431307737557901
-0.10257984994661376
-0.06076239120108858
-0.0181724447687781
0.02465026311280189
0.06715856414022331
0.10881759487559697
0.14914363841370037
0.18774046034211836
0.22432449012988795
0.25873043840200133
0.2908980613248419
0.32082627036498207
0.34854056559381225
0.37404930620006316
0.3973062210641075
0.4181955072701325
0.43651779995529444
0.4520109067538506
0.4643847391264092
0.4733710673847675
0.47876414413967217
0.48043587067407006
0.47835012214868683
0.4725559860502264
0.463185228171255
0.45045284640189714
0.4346344584169572
0.41602006592264096
0.39486280830019427
0.37135500423960194
0.3456036441449032
0.3176480947191034
0.2874768323128758
0.2550640615298189
0.2204143463439956
0.18360095382457736
0.1448003617615707
0.10430838434818664
0.06253537574876153
0.019967342717758754
-0.022852061684842478
-0.06537888975427394
-0.10707433873258627
-0.14745310646474236
-0.18611434539706376
-0.22277016901700547
-0.2572541227656656
-0.28949992996169505
-0.3195066681154101
-0.34729686123300096
-0.37288127013041483
-0.39621899879864014
-0.41719265061660005
-0.4356078022312777
-0.4512046180501386
-0.46369326943161127
-0.47280339164687746
-0.4783242646356982
-0.4801291909145766
-0.4781758417423709
-0.47250943255700684
-0.4632580644432079
-0.45064065256302066
-0.43492470304794495
-0.4164002803961933
-0.3953255706253063
-0.3718940632371542
-0.3462179670265907
-0.3183347412438985
-0.2882359469141758
-0.2558983392027493
-0.22131982629713826
-0.18457545662507896
-0.14583306755652753
-0.1053869063278361
-0.06363963602683129
-0.02108347851712453
0.021749604161646872
0.06430605299885547
0.10605438525469348
0.14650238728878723
0.18524585457917092
0.22199390359370413
0.25657483866817166
0.28891828769501243
0.3190212182850523
0.3469087151923337
0.37259176811722433
0.39603000472468264
0.41711002507927936
0.43564315850602503
0.45136710671486424
0.46399439088927136
0.4732528111791201
0.47893068895342494
0.4808947828978887
0.47910273608381115
0.4735943228937098
0.4644956883374716
0.4520202667349875
0.43643961157524924
0.41803902854039066
0.39708053227123824
0.3737620945772781
0.3481944790387549
0.3204226373224336
0.2904369189903852
0.2582122219480352
0.22374892643949582
0.18711705345083574
0.14847983340069104
0.10812483734545027
0.06645791241873035
0.023960586492076667
-0.018832407496454675
-0.06136626810556855
-0.10311013001537342
-0.1435651305820052
-0.1823323742476085
-0.2191068405643965
-0.2537183946268739
-0.2860887823226713
-0.31621858549511783
-0.3441273183870696
-0.36983076238507573
-0.39328980512220774
-0.41439296415379695
-0.43295338034679237
-0.44871466519548403
-0.4613845145339936
-0.47069366468863255
-0.47642256546302864
-0.47843614094652187
-0.4766899206711553
-0.47122120741166723
-0.46215257109711316
-0.44969226365942233
-0.434110434193142
-0.4156934483088844
-0.3947062440607981
-0.3713443594467261
-0.3457257714939288
-0.31789819519132917
-0.287848654683364
-0.2555532446238814
-0.22101163222013673
-0.184286440727664
-0.1455406466586566
-0.10505826765451637
-0.06323322053485687
-0.020551797004684298
0.022459900062912732
0.06524402017753059
0.10726775912263901
0.14803752589265987
0.18714300564206088
0.22428103907120941
0.25927807717089796
0.292053076543999
0.322603714865084
0.3509544467064514
0.3771206624360102
0.4010654301070709
0.4226894672269727
0.4418036353773957
0.458157022480929
0.47146357287502766
0.4814467682348066
0.48789670628831205
0.49067282156773345
0.48972698372919615
0.48509945402282917
0.4769133366983943
0.46537696730281447
0.45076269040841066
0.4333597751649512
0.41343989261349906
0.3912088042531179
0.36679096248044385
0.3402398766429454
0.31155206698637583
0.2807109602561114
0.2477181807633435
0.21264401850655032
0.17565452981188895
0.13703378098896746
0.09718691868407993
0.05660608501205112
0.01583091535243325
-0.024567301793615885
-0.06404174679495842
-0.10207722649761641
-0.13824631818445438
-0.17222513063598233
-0.2038090086356698
-0.23290579983445195
-0.25947930781994744
-0.2835361749682754
-0.30506557408809326
-0.32401100423122337
-0.34025365471385055
-0.3535975910413849
-0.3637959112340241
-0.3705867276891532
-0.3737543771966449
-0.3731770509667318
-0.3688601132961886
-0.3609427205888709
-0.3497108937145545
-0.3355844455994683
-0.3191048047923178
-0.300888470445656
-0.2815281535194702
-0.26149723398088104
-0.24106921448845992
-0.22030273566130837
-0.19911830272361647
-0.17739479677692316
-0.15507205127729257
-0.13220788793505348
-0.10897548987441945
-0.08559587434097048
-0.062298412304026836
-0.039299269627829043
-0.016833236668287514
0.004782485165933842
0.02512064344137454
0.04368396279476451
0.05999090578163702
0.0737260045328022
0.08481704146043781
0.09346557734304696
0.10011354426387464
0.10538196169598693
0.11001142544107669
0.11477268096744223
0.12034432478131983
0.1271780223703266
0.13538255735384197
0.14468904339164548
0.15449012523761463
0.16394480497288025
0.17213188622466447
0.17816956275183124
0.18130431667161256
0.18095596537713657
0.17673022144072306
0.16844010781940918
0.15614260550370485
0.14015427379703801
0.12106183259075937
0.09970126459717274
0.0770681595322639
0.05423842316484246
0.03224868018685784
0.012017027977803026
-0.00573929428698981
-0.020567105184493218
-0.0323024407605635
-0.041047600925104795
-0.047113820973871554
-0.050921501771599646
-0.05292342511928791
-0.053544118242625574
-0.053146815485778105
-0.05202983502489537
-0.05042051931556015
-0.04849175688119428
-0.04637380752455807
-0.04415629832593081
-0.04190975179329332
-0.03967789090404264
-0.037496111334606494
-0.0353858450114311
-0.03335816122634789
-0.03142511701334576
-0.029588296842688273
-0.027851982268259374
-0.026209462938083364
-0.024666606495949744
-0.023216027716021333
-0.02185361656966713
-0.020576956464777932
-0.019378591691927002
-0.018257858251303785
-0.017206535072463034
-0.016221835799057466
-0.01530347327856918
-0.014441342985547898
-0.013633084021253185
-0.012878371680106682
-0.012171162489216524
-0.01150963435197576
-0.010887613125490464
-0.01030495606600593
-0.009759282698181325
-0.00924540301356388
-0.008765905899818998
-0.008311921483501522
-0.00788888777560224
-0.007488952558475165
-0.0071166211859242014
-0.0067645261778460555
-0.0064310382694431735
-0.006117971696760565
-0.005823787155317412
-0.005544921154054034
-0.005281496499724298
-0.00503832932549896
-0.0048025687667688525
-0.004582463918340022
-0.004375160381618663
-0.00417894039252787
-0.0039922123852106405
-0.0038155834007779794
-0.0036498478134271923
-0.003490325356272018
-0.0033407849987226257
-0.0031998722152585405
-0.0030629738807754514
-0.0029361044378006353
-0.0028143510544095334
-0.002698712182639236
-0.002590243099599868
-0.00248641772686445
-0.0023859649745246515
-0.0022940583270144635
-0.00220133728154009
-0.002118543758692563
-0.0020359948629666475
-0.0019589545391060065
-0.0018842870643727835
-0.0018131023361959398
-0.0017463975921548742
-0.001682244722037066
-0.0016185464588373828
-0.0015597607670646894
-0.0015057695581194976
-0.0014508240022596973
-0.0014016553311429153
-0.0013504822124323496
-0.0013046359414826615
-0.001259783406604042
-0.0012160202305795313
-0.0011743675433325046
-0.0011344313943469754
-0.0010964671478898547
-0.0010604855185507136
-0.001026486439796003
-0.0009929404367815084
-0.0009612415690958392
-0.0009295352689366373
-0.0009000525325377163
-0.0008705328624566126
-0.0008442894507994896
-0.000817792444364382
-0.0007923197326279491
-0.0007681360293832752
-0.0007448430480199986
-0.0007239613358005044
-0.0007009456594716859
-0.0006795156307919926
-0.0006602244911687279
-0.0006416524377082899
-0.0006212178877065878
-0.0006026290438677149
-0.0005854258828929555
-0.0005685632584164144
-0.0005522469934831184
-0.0005397336154816442
-0.0005225040643736321
-0.0005082568916839334
-0.0004930361687796882
-0.0004800350734139326
-0.0004688068246670909
-0.0004541020227394924
-0.0004429565796134334
-0.0004301185026211883
-0.0004193578946450005
-0.0004083490783259699
-0.0003971813551175742
-0.0003864840205424832
-0.0003780979440390207
-0.00036856335443948354
-0.0003597885302514902
-0.0003480615081524974
-0.000340198158791199
-0.0003313542924981838
-0.0003248247702969305
-0.0003153440919102245
-0.00030623601488909184
-0.0002999163084051028
-0.00029173371249533836
-0.00028525877862366477
-0.0002766880276032014
-0.00027279814070906705
-0.00026694129760201755
-0.00026189193300261185
-0.00025320906556271943
-0.00024787543177912823
-0.00023995555017486067
-0.0002352706082295781
-0.00023079869897170275
-0.00022550750722859624
-0.00021845692094096664
-0.0002155849295849063
-0.00021112047822088856
-0.0002040164907485385
-0.0001999000707176292
-0.00019703802612620707
-0.0001920674823100947
-0.00018689765098262978
-0.00018317200935781907
-0.0001791659353630045
-0.0001748307362939367
-0.00017255610311245966
-0.00016780968445829301
-0.00016608676990965252
-0.00016071697743089364
-0.00016024822867411959
-0.00015569757099055616
-0.00015177881773338395
-0.00014840591831839732
-0.0001436425547443402
-0.0001431128056593229
-0.00014117205400437496
-0.00013542509077287682
-0.00013420435787140844
-0.0001321660626517788
-0.00012929526079635126
-0.00012712604379537404
-0.00012289245064087093
-0.00012025634297351196
-0.00011930307947773286
-0.00011841585855346275
-0.00011371629023701244
-0.00011227129029539644
-0.00010854874753683776
-0.00010858398098344038
-0.00010589540808936383
-0.00010448071093531488
-0.00010150466080757497
-0.0000986608944460151
-0.00009820181066261152
-0.00009616707364649141
-0.00009643227368578505
-0.00009426973004704799
-0.00009188662217265425
-0.00008825821381660004
-0.00008749117548745784
-0.00008699847065896214
-0.00008563260464436565
-0.00008323596219519351
-0.00008097289176235214
-0.00007974324534478992
-0.00007898580957482604
-0.00007593938114098672
-0.00007711286668678719
-0.00007764288225091273
-0.00007369261147309904
-0.00007239552286742858
-0.00007075385152099946
-0.00006881506850998722
-0.00006883661787658502
-0.0000670321685897914
-0.00006519334886294471
-0.00006520877358363856
-0.00006358600821143774
-0.00006132636840847264
-0.000060864904889769315
-0.000059766648089014316
-0.000060404418895424234
-0.00005818264692259684
-0.000059382023908106026
-0.00005791595088712227
-0.000057382397035186704
-0.00005334085475159445
-0.00005336271191464666
-0.00005312925475692342
-0.00005210601732049287
-0.000051472209787096967
-0.000050212952205570685
-0.00004960326789561957
-0.00004963760275592916
-0.0000471713372148092
-0.00004846673666123042
-0.0000474046014889574
-0.0000485211926973374
-0.00004492164939404365
-0.00004271214375329926
-0.000041120406728338454
-0.000044152202144433117
