-0.000028585514819542257
-0.000027275377362961655
-0.000030363636501448967
-0.000032221969415930026
-0.00002837554061572893
-0.000032692385271224786
-0.00003211498268054293
-0.00003299045211370802
-0.000029746569283523628
-0.000030489342231659037
-0.00003568005208605751
-0.00003342330973067083
-0.00003279089764491265
-0.00003403985750765621
-0.00003890128871649458
-0.000036885575740955796
-0.000033092853850801154
-0.00003874568492947888
-0.00003719968954018336
-0.00003677150508448092
-0.00003818815660385826
-0.000040807983172802703
-0.000039633815682994644
-0.00004037063376181589
-0.00003811557579356891
-0.00004316346093394411
-0.000042100241770337766
-0.000044029765852058564
-0.000043342121807660976
-0.000044813111554707874
-0.00004185046968611362
-0.00004708655672532563
-0.000044836333371899194
-0.00004688355408777443
-0.00004876533538164263
-0.00004827298843362507
-0.00005004854490867124
-0.00004990373836008048
-0.000051081077591079775
-0.000051419242446558344
-0.00005290366323900193
-0.00005445320051026361
-0.000055285941035809664
-0.00005621020444112483
-0.000056488672729591955
-0.00005779228913100285
-0.00005877867387532427
-0.000058961146281097756
-0.00006107419839004715
-0.00006382249693326953
-0.0000617779758567856
-0.00006366557145237474
-0.00006342425304931315
-0.00006423617891213817
-0.00006557336457992279
-0.00006670978136524883
-0.00006930283464455824
-0.00007181080042223487
-0.0000713646744491712
-0.00007318832427900352
-0.00007174474022649834
-0.00007425778361249118
-0.00007726725776885196
-0.00007800718667622874
-0.00007889449045646906
-0.00008036448382984532
-0.00008251553398785478
-0.00008341715259311294
-0.00008718350835281153
-0.00008853110309700584
-0.00008847727182292429
-0.00008892324911966216
-0.00009238815855310926
-0.00009467127685260072
-0.00009549883155027688
-0.00009771488951188126
-0.00009862764217893067
-0.00010283773510587045
-0.00010372823477895056
-0.00010338945204221862
-0.000105745726252707
-0.00010751846249768877
-0.00011116872050646903
-0.00011356813858615736
-0.00011732291650521696
-0.00011840049782572737
-0.00011968335132393183
-0.00012384947925144567
-0.00012444464188219386
-0.0001279796828972225
-0.00013160739686854852
-0.00013269972439741693
-0.00013571505204676423
-0.00013899117143844716
-0.00014250982842119045
-0.00014418786224127506
-0.00014891901776911055
-0.0001513769959850444
-0.00015562033120989648
-0.0001580398128221104
-0.0001637218097101918
-0.00016643660257074374
-0.00016998429748854734
-0.0001710831419181767
-0.0001751251685987024
-0.00017900148040596127
-0.00018290022551313773
-0.00018775187018828468
-0.00019227832720783303
-0.00019685277377579495
-0.00020141459809323243
-0.00020405972774293244
-0.0002102438475252551
-0.00021585335753845398
-0.0002216309327603677
-0.00022443408299251065
-0.00023196774010401046
-0.00023490467492997836
-0.00024303790262358076
-0.0002488495958965977
-0.0002548237335974297
-0.00026068875824345893
-0.0002686606151596707
-0.0002728521573099228
-0.0002796077256913604
-0.0002876980221580455
-0.00029615018741120034
-0.00030059682969749255
-0.00031033095276240423
-0.0003188371384566242
-0.00032448883642656066
-0.0003357635266238341
-0.00034302801239444273
-0.00035140026002113985
-0.0003622161834411296
-0.0003721932810495769
-0.0003812863235100632
-0.0003933473004564597
-0.0004014218682896507
-0.00041431551416664996
-0.00042591987536784166
-0.00043740007903824904
-0.0004500553631008289
-0.00046280531473910164
-0.00047589903467956386
-0.0004899929518419339
-0.0005038967139484357
-0.000518901445659985
-0.0005313762454672218
-0.0005498425127164771
-0.0005653887340210796
-0.0005834656743659062
-0.0006005246542282597
-0.0006181346895590267
-0.0006371493891707397
-0.000658339313192696
-0.0006778730140872415
-0.0006993076797241451
-0.000720575357831415
-0.0007439720300795609
-0.0007668792499300226
-0.0007939081357407767
-0.0008189438715868303
-0.0008446830183585717
-0.0008737722740323594
-0.0009018535152302933
-0.0009333689713084048
-0.0009627353492240311
-0.0009994345314828575
-0.0010333221477098005
-0.0010688133828294203
-0.001107568754317029
-0.0011466428763899192
-0.0011871842737820777
-0.0012280270843350737
-0.0012746003800606803
-0.0013215005711450663
-0.0013707189927625164
-0.0014218365324328735
-0.0014757141340450402
-0.0015316537546254806
-0.001590487228099107
-0.001651661432301753
-0.0017175776427312485
-0.001786108998784594
-0.0018572241437143906
-0.001929596366982887
-0.0020108819016762306
-0.002091494818739567
-0.002178566682004595
-0.002270600953049657
-0.002365643187027241
-0.0024659320424300275
-0.0025742018272541193
-0.0026860284222260276
-0.0028026653368223493
-0.0029282260697696405
-0.0030592371396126433
-0.0031969420847789585
-0.0033440074713793943
-0.0034991342639359145
-0.0036641978922748414
-0.0038354318373987873
-0.00401997504782444
-0.004214365582452363
-0.0044171324170975395
-0.0046354129761392495
-0.004866627380202767
-0.005110962732065154
-0.005370107619827881
-0.005645765295582548
-0.005938839691831248
-0.006249978076777754
-0.00657922011727852
-0.006933757393568813
-0.007309211460148836
-0.0077068610404977325
-0.00813145434672664
-0.0085861451734071
-0.009068710373636159
-0.009585717710623953
-0.01013523288544268
-0.010723293393646556
-0.011350200994875718
-0.012019877484584692
-0.012736915703100943
-0.013501906676029216
-0.014317883554914684
-0.015192149158432571
-0.016124191100357836
-0.01711925765768837
-0.01818320905732951
-0.019316656645329378
-0.020524677498840484
-0.021810701110359206
-0.023177584737370718
-0.02462909088259292
-0.026159577989906906
-0.02777852865502729
-0.029473673751080346
-0.03124575171337161
-0.03307797098122218
-0.03495807189038084
-0.03686172432891433
-0.038753139379751896
-0.0405805561566422
-0.04227081440296893
-0.043723455573312524
-0.04480456674392504
-0.045335494442509276
-0.04507229166161164
-0.04370516447060946
-0.04086360868800046
-0.03611179757534018
-0.02899280223311487
-0.019100174565052832
-0.006151988182914815
0.009927004685725636
0.02892160439757583
0.050329623738969445
0.07339713475834024
0.09717398565681341
0.1205967324948157
0.1425762660662441
0.16211467760277298
0.17837710800916592
0.19076008267540714
0.19891918155171812
0.202728409239922
0.20226829686886508
0.1977571787728114
0.18954576167129558
0.17808292900135353
0.16386576701240327
0.1473657782145576
0.1289357919858023
0.10873832541771397
0.0867410734435845
0.06275159737656434
0.03654291300338692
0.007978479076692345
-0.022896200967042295
-0.0557727047617572
-0.09010859940020514
-0.12512360050524238
-0.15984579054543188
-0.19317164069746218
-0.22393618033762477
-0.2510400490691205
-0.27352882336067597
-0.2906729520403304
-0.30198569642073
-0.3072149462448301
-0.30634353115515367
-0.2995874309054593
-0.28741028289986165
-0.27048724688187714
-0.24965784419334158
-0.2258652157189601
-0.20005741596181992
-0.1731273454269677
-0.1458226106258711
-0.11869739819612128
-0.09211715513950075
-0.06631742924726647
-0.041489950868423504
-0.01787530032346316
0.004239630529939586
0.024556342421173064
0.04287267555156112
0.05912250338074933
0.0733732220974718
0.08573624986418121
0.09628384503300823
0.10498841093254621
0.1117291178391042
0.1163723205999312
0.11884062394372363
0.11920884282677562
0.1176757524208854
0.11456120490652122
0.11023380423821041
0.10506319615543583
0.09937134785224223
0.09343599828404389
0.08747194705271838
0.08163530536472417
0.07603563991891941
0.07073955934718906
0.06577818600299982
0.06115600514017784
0.05687232635838013
0.05290731140776058
0.049247032876150044
0.04586640941445585
0.04274857713409459
0.03987178029690376
0.037217225112138555
0.03476800034240834
0.03250305501633284
0.030409491232870213
0.02847221551495193
0.026674625806904273
0.025004631457381705
0.02345146202427105
0.02200325444472813
0.020651814798868816
0.019391290849924143
0.018213653139899356
0.017112388595600225
0.016085174105335706
0.01512371653635447
0.014227863642824039
0.013388296960247846
0.012604941083643465
0.011871915538223754
0.01118578034888967
0.010544048896509308
0.009944049911481316
0.009382571825687431
0.00885627443264872
0.008368523627481082
0.007909429112044756
0.007483989660272675
0.007086459268940181
0.0067159834248800565
0.006370182662179883
0.006049370839090221
0.005747467476750569
0.00546512611277263
0.005204256989254228
0.0049582874294178
0.004727441131110229
0.004509078502561322
0.004306108219891083
0.0041127068423243394
0.003933561868342025
0.0037623486590760142
0.0036031598528729063
0.003449713252661717
0.0033079901711015667
0.003169731418998582
0.0030372479799472105
0.0029133276997146984
0.0027936447921108934
0.0026792137555100835
0.0025685285385750162
0.002463481831964525
0.002363041917431848
0.0022663299690332023
0.002173056325352047
0.0020848208721743183
0.002002150777472995
0.001921045166060758
0.0018439295597898833
0.001769673077071438
0.0016987254752208604
0.001631184084537077
0.0015672275577951538
0.001506640571653773
0.0014471111666033171
0.0013922232523944378
0.0013412537047457957
0.001291766209170235
0.0012456045728069544
0.0011998114670972026
0.0011588931447535677
0.0011165931236474904
0.0010794774454660596
0.0010446828735794838
0.0010100348062616247
0.0009780242616470795
0.0009480918603264213
0.0009165103581365538
0.000888440611518461
0.0008614521180886353
0.0008364719339237405
0.000811099843495662
0.0007871866445134726
0.0007637644199365155
0.0007412427700208601
0.0007206865690407735
0.0006984600646884016
0.0006765437324803172
0.0006562564411853531
0.0006370645936973116
0.0006192009279673936
0.000599376067152606
0.0005798461581192399
0.0005639056716789522
0.0005438020533270494
0.0005293250994961933
0.0005122970494211048
0.0004978112136980441
0.00048276055588304776
0.00046860975539559665
0.000453145881855491
0.00043955367883880827
0.0004273137265714257
0.0004158895483700983
0.00040241312673773355
0.0003923512589945267
0.00038044981129034576
0.00037060356733754554
0.0003604425143715618
0.00035310709921843015
0.0003426014696461751
0.00033346026086276633
0.0003254897747200061
0.0003186676362867256
0.00031188570714950944
0.0003042573009645126
0.0002969124813782417
0.00028957454749840703
0.0002839812702355157
0.0002770220989736767
0.00027084541297364153
0.00026474330689711103
0.00025900848973474047
0.00025315694787966326
0.0002460178683283579
0.00024184172622033305
0.00023580889514780465
0.00023119329826963477
0.00022307361706091756
0.00021826574195265644
0.00021423598285639714
0.00020864257567673224
0.00020332598737816707
0.00019822504722874143
0.00019358854739665382
0.00018896730966281008
0.00018383594360929278
0.0001801610370070706
0.00017467990554534136
0.00017095382545952466
0.0001676023190481181
0.0001626932786542257
0.00016046434780953215
0.000157361092158576
0.0001529125534235401
0.00014964671285904886
0.00014587408463235616
0.0001430972572407283
0.00014126996862436514
0.00013778099789618265
0.00013446409711516584
0.00013249439452995488
0.00013011668944453746
0.00012883603196143717
0.00012655373015859475
0.0001235462002603081
0.00012054872969642785
0.00011916474099285563
0.00011679579023813141
0.00011404166448170105
0.0001127493432431486
0.00011101941562269823
0.00010924848421545003
0.00010627277582919081
0.0001039057128606227
0.00010068226463871811
0.0001006310044796702
0.00009829654439391091
0.00009593697597339957
0.00009455114190654497
0.00009190123074633347
0.00008913638765893434
0.00008917671257145615
0.00008695152725977419
0.00008436133475957146
0.00008231677695353058
0.00008110125134226495
0.00008026805860348906
0.00007885090666399316
0.00007656106311426416
0.00007409049371459223
0.00007413487942759541
0.0000720101745091713
0.00006996495289046
0.00007010409090808272
0.00007040448802219328
0.00006906802768418148
0.00006616801592076677
0.00006549356367639181
0.00006384971804675352
0.00006390897542762101
0.00006323100672175079
0.00006157593181265288
0.00006078126317294784
0.000060292248362652145
0.000059768526833614095
0.000057813651639951285
0.000057768053869902625
0.00005640032065334475
0.00005572624051543706
0.00005500103023348283
0.0000540650480410542
0.00005247042147986441
0.00005352688162928807
0.00005023759179858478
0.00005120210120929115
0.00004865637670969792
0.000049335111930292205
0.000046834155020782546
0.00004747018442635608
0.00004668307099622175
0.000045089347199843496
0.00004453778620649977
0.00004289991692926615
0.00004251493025735199
0.00004229811538494126
0.00004168463835463362
0.00004070895883913065
0.00004004341187752325
0.00003953940242790847
0.00003869047008683247
0.00003806184723320948
0.00003648938628528512
0.00003693791110637786
0.000037276687495200824
0.000037137561754717166
0.00003645337766264992
0.000035917035184445643
0.00003520396586967669
0.00003494088166614126
0.00003387745683100021
0.000033432620579308035
0.00003329180913205906
0.00003203194230551733
0.000032679538137692255
0.00003297243094911869
0.000031808386382391506
0.00003160051515585706
0.00003125055636489181
0.000029743698978547036
0.000029253212868107075
0.000029524345786275787
0.000028468580060363206
0.000028019329244540052
0.00002731509040269581
0.00002772766394111932
0.000027522361449802985
0.000025422503509415814
0.00002606357844128463
0.00002560734333944617
0.000025636144992263482
0.00002551643180972711
0.000023891123731952556
0.0000242896901558712
0.000023730742144587926
0.000023093130449014337
0.00002300430351157518
0.000023261716644308027
0.00002228040910373282
0.00002125869571350186
0.000022222808283983945
0.000021110530634952834
0.000022263202819023915
0.000021410247251139047
0.000020164772602599334
0.000020637237576454223
0.000020914359098474043
0.000020569233283516767
0.000020343449104239645
0.000019785130265283828
0.000019710497814340876
0.00001946359916945925
0.000019592106389176302
0.00001955279672251197
0.000018546578621849932
0.000018619020048895113
0.00001826135117062089
0.000016892210368619687
0.000018154540400195525
0.000017902150484409356
0.000018007985794430026
0.000017351784791502516
0.00001660642622330934
0.000016601637579938734
0.00001595804063060309
0.000017138080332217784
0.000016029511592720497
0.0000156667513289442
0.00001582081725467874
0.000015852742168934423
0.000013978039981143024
0.000014558078968071531
0.000015813707396280888
0.000014345579068012552
0.000015189458844582819
0.000014180615628723336
0.000014272853892938384
0.000014150104149300146
0.000013905157823338362
0.000013411463054154458
0.000013389328126540804
0.000013706285814857454
0.000013670909416016381
0.0000140119725983102
0.000012517590751495355
0.000014109742541518998
0.00001312591275518989
0.0000119929632029528
0.000012534549153502737
0.000013071206365864798
0.000011991684780043424
0.000012523794422056633
0.000012255736615514176
0.000012119142648122446
0.00001184223199817991
0.000011200709795279384
0.00001125613943363075
0.000011213232436380679
0.000011036284010903934
0.000010338924771485566
0.000010661521556302695
0.00001007814761074871
0.000010892073446214908
0.00001015146563199043
0.000010350261238382988
0.000011025880505181027
0.000010165676373561658
9.88126660273444e-6
9.878688231990254e-6
9.569545184141553e-6
9.728151845308726e-6
9.308698837165544e-6
9.645696546423576e-6
9.959818893394582e-6
9.540659072098165e-6
8.868630467361502e-6
9.943595586089978e-6
8.18267634035508e-6
8.87273132502871e-6
8.438142593711168e-6
8.914287661901423e-6
8.785024243381248e-6
9.064941915701255e-6
9.485855426191604e-6
8.529360085423963e-6
9.430607327682744e-6
8.03152500629349e-6
8.144948512465823e-6
8.44713966449519e-6
8.202211626410054e-6
7.789287028351327e-6
8.340785826684162e-6
7.909368946000089e-6
7.478306406232176e-6
8.224994381994014e-6
7.504682294997312e-6
7.540829785610258e-6
7.306184425672638e-6
7.189496568173599e-6
7.449284968328079e-6
7.172544264373958e-6
7.20089868688197e-6
7.0060623313954996e-6
7.391055051346868e-6
6.80515338002468e-6
6.951222476711081e-6
7.1883196620744735e-6
7.269550389001767e-6
6.3804922088669686e-6
6.285650664311137e-6
6.214246464330295e-6
5.986956866336748e-6
6.471491648915966e-6
7.041620478754514e-6
6.007215124861165e-6
6.43998048891895e-6
6.081635026866605e-6
6.4248624899126135e-6
5.850795300653385e-6
5.834348849323394e-6
6.403353725332047e-6
6.549497144747778e-6
5.865314053333189e-6
5.313306151731645e-6
5.698892335545116e-6
5.4801520123862644e-6
5.74520238725179e-6
5.242179879528295e-6
5.2387094958186325e-6
5.441405447853043e-6
5.67877340771839e-6
5.48724818187637e-6
4.775213698214991e-6
5.4178175497447334e-6
5.236927997993201e-6
5.0289342558635904e-6
5.153693113677758e-6
5.00997130139527e-6
4.934496489078247e-6
4.60045352477734e-6
4.7221744809240164e-6
4.4182844882475074e-6
4.776548444649995e-6
5.141109726002146e-6
4.919092091195525e-6
4.6711698899780365e-6
4.361601513333913e-6
4.272978253667184e-6
4.780666131936033e-6
4.9487757898637e-6
4.904438343466255e-6
4.0676482150110545e-6
4.815917420204319e-6
5.0608549817037024e-6
4.757317582834191e-6
4.144496227113395e-6
4.010565827021049e-6
4.660169813391082e-6
4.932027179291689e-6
4.35057392805851e-6
3.846006169951866e-6
4.3547983014221975e-6
4.643840626092459e-6
4.435983823105428e-6
4.500499641063839e-6
3.996613232759845e-6
4.077817909786483e-6
4.376651429374134e-6
3.8259657530830466e-6
4.2213689873229264e-6
3.949779216871059e-6
4.023243437061536e-6
3.2966668085197517e-6
4.0801663153694125e-6
4.6584235164730725e-6
4.197937999225487e-6
4.011135741142624e-6
3.5115315902456935e-6
3.796704838927266e-6
3.5567931904009236e-6
4.052445202468199e-6
3.044219641882096e-6
3.2514711250910525e-6
3.838369087054207e-6
3.3403384724561952e-6
3.615899981436461e-6
3.4788630822574273e-6
3.743588729233761e-6
3.137861865929299e-6
4.016464090031908e-6
3.5616060981564468e-6
3.5821401160808483e-6
2.8906161730611016e-6
3.1625432904736167e-6
3.7701489810410356e-6
3.2922949915831055e-6
3.309679047867297e-6
2.728321927494232e-6
2.5336963299176464e-6
3.1482785083815375e-6
3.258530835762257e-6
3.519281418352405e-6
3.098867196338263e-6
3.062512977220331e-6
2.82113815346498e-6
3.257443278861785e-6
2.544828910249576e-6
3.483470781401005e-6
3.3246907794908444e-6
3.2576289444889984e-6
2.6752742510563386e-6
2.6989558572172523e-6
2.504135382794962e-6
2.7976182776425527e-6
3.1757544604459575e-6
3.1248664137985534e-6
2.4260617501113093e-6
2.496239708303824e-6
2.2631349706914364e-6
2.8380027689998894e-6
2.8167722907733025e-6
2.10118903193779e-6
2.4253250036935117e-6
2.7509767470388056e-6
2.265124766496808e-6
2.86981126085327e-6
2.620025150137133e-6
3.041568551610295e-6
2.3932492249882533e-6
2.9256892118293225e-6
2.3784455850514285e-6
2.7419511889506117e-6
2.7771826919403377e-6
2.4934691254257523e-6
2.92614599486858e-6
2.588026677044901e-6
2.1451044945223974e-6
2.3926555295955217e-6
2.3705399505017623e-6
2.9955135418441605e-6
2.1208929268422517e-6
2.5560558850790514e-6
2.0960774753333747e-6
2.271031094521224e-6
2.3471601030684216e-6
2.2073054571636678e-6
2.277880678206579e-6
2.2753125914641657e-6
2.0900757442663286e-6
2.067567747002661e-6
2.6165248741115132e-6
2.3458850081538607e-6
2.212409110659641e-6
2.3758132394267344e-6
2.334087322830967e-6
1.9341776482241506e-6
1.902072915736345e-6
2.116664414278552e-6
2.538555321092855e-6
1.6290064063906011e-6
2.259112391817469e-6
1.942408180677564e-6
1.6213789845511695e-6
2.5876696714907192e-6
2.1276560214060917e-6
1.5839069659906744e-6
2.3694011029666604e-6
2.2928778553060003e-6
2.113522234942718e-6
1.846225754330526e-6
1.7866563309078427e-6
1.985552211818683e-6
1.6628995253263754e-6
1.7507651437835196e-6
2.0485190002853894e-6
1.8902225092395874e-6
2.3328410095324834e-6
1.5514996005576648e-6
2.214153848859609e-6
1.8387156683658602e-6
1.6932396759244526e-6
1.9787215119584186e-6
2.0065788653437127e-6
2.2505967326428418e-6
2.0784810048945826e-6
1.299232972697995e-6
1.7746978576200583e-6
2.013440888896131e-6
2.1650699331500764e-6
1.946476458865976e-6
1.8609004777665822e-6
1.8102115540374704e-6
1.852781607051636e-6
2.0671096261222722e-6
1.6370736418905738e-6
1.4081897024298947e-6
1.8428927915213075e-6
2.059229525058261e-6
1.8142978382104976e-6
1.909300138635699e-6
1.7238164254130763e-6
1.4812222650892824e-6
2.0096694410214994e-6
1.82140230782641e-6
2.069616039884637e-6
1.7961260353453617e-6
1.2953727712819505e-6
1.5221053819566519e-6
1.6969564643957281e-6
1.478262476069396e-6
2.206540885065561e-6
1.7349796945761344e-6
1.54638542388864e-6
1.420358195256976e-6
1.3286807122463407e-6
1.5468360138537904e-6
1.7331719373128255e-6
1.6475878152642021e-6
1.5483895142368505e-6
1.8598334808729207e-6
1.3984739430753498e-6
1.4604885913723382e-6
1.4395263889495582e-6
1.2256452842902243e-6
9.937001284817275e-7
1.5255706515018194e-6
1.8182843218763964e-6
1.345327666495277e-6
1.4127622173584784e-6
1.4603360870921942e-6
1.364158991549141e-6
1.4610716122062676e-6
1.5238290027218378e-6
1.5386047941026532e-6
2.2108454823228514e-6
9.946421753382018e-7
1.493007845195474e-6
2.1294907087532527e-6
1.4596731161846406e-6
1.592020400516867e-6
1.478309383378262e-6
1.5209412872773544e-6
1.6270582216093631e-6
1.3793904828523882e-6
1.3070865047703897e-6
1.541701387793665e-6
1.3443514829602124e-6
1.980358681907041e-6
1.724198882850462e-6
1.959205224562622e-6
1.5284430831950655e-6
1.2153557430772008e-6
1.7815832623584612e-6
1.5285312697943529e-6
1.8326926994439979e-6
1.2786051842443663e-6
1.3620608470568467e-6
1.648758031921199e-6
1.9313909790735888e-6
1.8249340742125822e-6
1.3385624084121031e-6
1.6926322658732191e-6
1.7098726279881608e-6
1.5046617320637397e-6
1.3006560054037896e-6
1.221745364904834e-6
1.2326702037006892e-6
1.6120248868421662e-6
1.4109450333116868e-6
1.9330663022138315e-6
1.1260464384937126e-6
1.2287329941324017e-6
1.1232232561136358e-6
1.3571604327785647e-6
1.700953675985489e-6
1.566906275195289e-6
1.3822479565121455e-6
1.4800380021072304e-6
1.2665355630618963e-6
1.6817614457936965e-6
1.915077709097415e-6
1.6855805323075148e-6
1.5941533816052727e-6
1.1391900473903177e-6
1.7008628250887305e-6
1.148620916443833e-6
1.4239890257872897e-6
1.2579802639697785e-6
1.36844802983934e-6
1.5230365175221374e-6
1.8379128616284222e-6
1.4371492216110916e-6
1.5043026565817001e-6
1.3985251106633296e-6
1.5741292564108092e-6
1.418536574030597e-6
1.0489986959674957e-6
1.034390863109327e-6
1.1854989559154972e-6
1.413463514103102e-6
1.3707699409055264e-6
1.0854446217640517e-6
1.0712799782543244e-6
9.117999956726061e-7
1.3535850895850843e-6
1.3308088291855699e-6
1.5328597846295267e-6
1.2096611139809657e-6
1.252888514980238e-6
1.4423051500521361e-6
1.4778872583524763e-6
1.3089667635492334e-6
1.3275043844279408e-6
1.5327601439056418e-6
8.761105850131215e-7
1.714361909515459e-6
1.1864919006728671e-6
1.3609967059997627e-6
1.4082023338506873e-6
1.5522623135604871e-6
1.5837493932281338e-6
1.0547258265685087e-6
1.2562019421320266e-6
1.1478547162901995e-6
1.5719067504014714e-6
1.424698959764245e-6
1.1680728777545933e-6
1.4047850557503617e-6
1.7197156307762754e-6
1.1856371349964832e-6
1.6434780923965605e-6
1.2600148806889956e-6
1.3584600346798721e-6
9.022903465167074e-7
1.4172366710319847e-6
1.2464866730125305e-6
8.459710442822267e-7
1.0632742758565996e-6
1.342590986908016e-6
1.3218206227731592e-6
1.0480087004183013e-6
1.8875810075657204e-6
1.1613925185467076e-6
1.2213337091334812e-6
1.292933854240569e-6
1.4912803595379795e-6
1.247594281792252e-6
1.3067763616790187e-6
1.605232111641782e-6
1.326358062078509e-6
1.2411731901412042e-6
1.7537958454698537e-6
1.2379098787592412e-6
1.771978660338625e-6
9.708487649432414e-7
1.3645817683601734e-6
1.6609837907023893e-6
1.2720710433091744e-6
1.491295611987378e-6
1.0173120433384519e-6
1.6922692392658178e-6
1.2443128561171293e-6
1.372847384326892e-6
1.8623798488106037e-6
1.1282216648435744e-6
1.80963123221261e-6
1.9334364549046294e-6
1.6510535260356645e-6
1.3676981591719966e-6
1.369343373879335e-6
1.186539272836714e-6
1.2418615529470237e-6
1.666481101746417e-6
1.4342307183613445e-6
1.4089434113082827e-6
1.3268353734488623e-6
1.8774584902151915e-6
1.2332781916196638e-6
1.6897141335013692e-6
1.7780196581963373e-6
1.4026039131730154e-6
1.4120858717308883e-6
1.525763736419417e-6
1.509754727345416e-6
1.3823300076844253e-6
1.385510768520721e-6
1.6143030092090788e-6
1.447116451523655e-6
1.9181180654125615e-6
1.4772289120595507e-6
1.6546438242274988e-6
1.4818069139030065e-6
1.481401161463606e-6
1.6077621035239817e-6
1.4231150287173838e-6
1.6413374194890905e-6
1.5752342869237502e-6
1.5183914029053299e-6
1.5050131116152407e-6
1.2897235766783663e-6
1.6619142418697296e-6
1.384315131168935e-6
1.2019266300135497e-6
1.4182331754034384e-6
1.8432368575439114e-6
1.0089618717842761e-6
1.6844252626735634e-6
1.6280413852531282e-6
1.8173520598935296e-6
1.5324851676823895e-6
1.833245731105618e-6
1.4998331162938549e-6
1.6518840271918428e-6
1.9265295070929603e-6
1.2561489017800106e-6
1.3051085053254204e-6
1.6386280940883037e-6
1.5735883917184463e-6
1.8097691461728552e-6
1.538444362412029e-6
1.1020676621570056e-6
1.5803212162784018e-6
1.668531227307096e-6
2.1681928997455974e-6
1.5159907673771321e-6
1.9870748854141473e-6
1.6567584128982334e-6
1.7998037763081083e-6
1.5979811872226081e-6
2.233202295906549e-6
1.6664593058725171e-6
1.8843722715820798e-6
1.139311922683678e-6
1.4477093460957805e-6
1.5546336181866097e-6
2.1797266617927446e-6
1.7902737934037435e-6
1.7102387945375568e-6
1.8090689878165472e-6
1.5719292819761868e-6
1.5824195116758116e-6
1.8639623272633113e-6
1.7657795124151227e-6
2.1057796669928454e-6
1.439361745052527e-6
1.6641767695129382e-6
1.732578724304474e-6
1.8205186939507101e-6
2.2055155939143653e-6
1.7409480579695479e-6
2.021065459133315e-6
1.4389088403167844e-6
1.5642334781811267e-6
1.297191710872399e-6
1.8161376995929744e-6
1.5055237109476665e-6
1.5465531234939382e-6
2.1017040212946656e-6
1.8789967372059417e-6
2.377305754499829e-6
2.106109723639626e-6
1.679887476955224e-6
1.7396891773387273e-6
2.0454839604757725e-6
1.632608383665252e-6
1.914560253231955e-6
1.913738892756074e-6
2.3035912959781453e-6
1.9906173536217804e-6
2.25065734287378e-6
2.112155507446582e-6
1.947280180766716e-6
2.259533608923743e-6
2.1507225095572674e-6
2.356249573571639e-6
2.2305120108365156e-6
2.0693047858973193e-6
2.356239673262965e-6
2.5749608476014466e-6
1.9012892534592411e-6
2.5973844772482156e-6
2.1101745574261843e-6
1.8845443806812836e-6
2.5713708011550404e-6
2.7176988257992862e-6
2.131268902564797e-6
1.9742061101515368e-6
2.4310877459096382e-6
2.477334414360383e-6
1.9969195747721412e-6
2.1084144903179036e-6
2.4444694790022035e-6
2.7792931688157474e-6
3.093934326647511e-6
2.0561671919127813e-6
2.827372284782397e-6
2.0639301527166157e-6
2.5148032840754127e-6
2.815347549995565e-6
2.73600106558497e-6
3.069960702716106e-6
2.5176949399658353e-6
2.8378247295728962e-6
2.5229325918609063e-6
2.152786401451382e-6
2.4094894022835797e-6
2.563921735752049e-6
2.7938427218426315e-6
2.309981025257518e-6
2.8663143988222868e-6
2.3358373047926233e-6
2.9847143756233584e-6
2.3766997452632183e-6
2.6565686963776078e-6
2.4940067209454154e-6
2.8586669038240925e-6
2.3126622763914616e-6
2.4676141690805045e-6
2.9400794074081657e-6
2.8441567329270674e-6
2.4392113069247186e-6
2.4645973977824885e-6
3.0170443491187387e-6
2.8050319693973055e-6
2.679937950143304e-6
2.422455736298167e-6
2.8920409238486795e-6
3.028273790052648e-6
3.059659573264933e-6
2.5807902771247943e-6
2.7884270304810654e-6
3.2405741753181074e-6
2.6784827358679974e-6
2.6120394735878456e-6
2.9900889092530344e-6
3.310069912538566e-6
3.429044273829678e-6
3.4303449922758746e-6
2.423912808104824e-6
3.318825055050117e-6
2.8374646849861206e-6
3.035787178021532e-6
2.899133089162651e-6
3.7046243109234564e-6
3.1370822471453158e-6
3.950096784984401e-6
3.152219267438849e-6
3.3871614458065475e-6
2.6952286060043625e-6
3.079865981707116e-6
3.2137780043136613e-6
3.247859712045062e-6
3.0313403253820417e-6
3.5581388839390203e-6
3.7565580696794267e-6
3.5882981748577356e-6
3.7631220481278426e-6
2.7913156317812226e-6
3.602608696692814e-6
3.1223390342550087e-6
3.8125481933549802e-6
3.233967014758202e-6
3.575824833666798e-6
3.6893598384015406e-6
3.4907511201598163e-6
3.73961738645273e-6
3.4268086776354915e-6
3.7106621330721783e-6
3.349177410029143e-6
3.779262776734509e-6
3.923843043129171e-6
3.2049017218328026e-6
3.7741256551880367e-6
3.916310237112948e-6
3.810623935710181e-6
3.625077200127874e-6
4.2309699273752285e-6
3.748090114555581e-6
3.794333141434316e-6
3.839696671243801e-6
4.531619388550588e-6
4.289237300418615e-6
3.927875459566944e-6
3.956863986169559e-6
4.157296718129587e-6
4.077411193035868e-6
4.2221190052285e-6
4.341182048735383e-6
4.152739157091366e-6
4.749793860104233e-6
4.243625347862667e-6
4.230463194252249e-6
4.3872977499460245e-6
4.644394159516357e-6
3.88644097735775e-6
4.815649784887299e-6
4.543652061622106e-6
4.339806021807974e-6
4.713831854896905e-6
4.811923298703581e-6
4.895525144473163e-6
4.866110581006517e-6
5.1159314604368325e-6
4.595177734629806e-6
4.665962724183217e-6
5.194528112464169e-6
4.46513479738277e-6
4.774140929455414e-6
5.08017453009964e-6
5.179076893914632e-6
5.091543395757257e-6
5.4515169066842005e-6
5.401669860949308e-6
4.9855648754787844e-6
5.354798634367271e-6
4.9949149084153186e-6
5.808537544781025e-6
5.406283441042422e-6
6.0249004954442e-6
5.3936989377683575e-6
6.190429749138943e-6
5.345402157273458e-6
5.6953247522950465e-6
6.567441744387814e-6
6.053004721512223e-6
5.964506408257321e-6
6.049090857816281e-6
6.378907780332588e-6
5.91115846113932e-6
6.491672359003333e-6
6.315735472506674e-6
6.815339064258178e-6
6.218137984586034e-6
6.9022811624342035e-6
6.530982847624653e-6
6.281269287679173e-6
5.840331992741766e-6
6.4782753450395794e-6
5.981263482945406e-6
6.290079235546174e-6
6.848527791048351e-6
7.2216043377028235e-6
7.080172738760692e-6
7.697051545555265e-6
7.675988159654202e-6
7.014756905415258e-6
7.584410538407729e-6
6.732174256787399e-6
7.41607430272281e-6
7.693706322062091e-6
8.235275030543431e-6
7.825306165388339e-6
7.805265810162654e-6
8.494866859558202e-6
7.660393588779474e-6
8.939739979524803e-6
7.392441946780778e-6
8.049643995459375e-6
8.223531511448622e-6
7.972535077462884e-6
7.404078082288108e-6
8.375680946717211e-6
8.332780971462402e-6
8.638422152810035e-6
8.876696151889731e-6
8.742193633000476e-6
8.858950259136589e-6
8.68170469562242e-6
8.695603350124338e-6
9.283823764878243e-6
9.089213679471988e-6
9.279599752558508e-6
9.855511261688379e-6
9.245131746123748e-6
9.531468007786212e-6
9.924501690650728e-6
9.692038301392792e-6
0.000010364793851471839
0.000010070208424440706
9.56090794620945e-6
9.672769372169353e-6
9.908409555328476e-6
0.000010008825738321982
0.000010778805778377457
0.000010581465197183217
0.00001049783333076265
0.000010366582683294806
0.0000113076956208041
0.000011310154412358945
0.000011684297251655563
0.000011774772617289222
0.000010946140692656439
0.00001126661857453002
0.000012002413894459555
0.00001232815047300362
0.000012163649348720355
0.000012407957464380624
0.000012333067010001601
0.000012473087836386336
0.000012702359763808211
0.000013712451401949943
0.00001344007828514577
0.000012191952605061867
0.000012364869689570647
0.00001355287371772716
0.000014076999289699047
0.000013842657642295199
0.000013373040866120748
0.00001376146615810827
0.00001499461120719174
0.000013231678325070819
0.000014698218779621468
0.000014747002688016808
0.000014493933974629942
0.00001537174835221822
0.00001506035205028399
0.000014837960457177563
0.000016252026652085676
0.00001562918491403256
0.000016074230722998536
0.000016259928698151694
0.000016604729394764875
0.000016791006370787086
0.000016216923668861376
0.00001739974924299397
0.00001725958726897577
0.00001770240118007955
0.000018374571330317516
0.00001806101254658055
0.00001858407076482316
0.000018224805552036636
0.00001815606331077471
0.000019870919596815608
0.00001882451096982193
0.000019382469363313378
0.000019087922378598
0.000019689771581464574
0.00001982123078434101
0.000020138175574557398
0.000021660392894754185
0.00002073122082555662
0.00002141256858729161
0.000021581762428308996
0.00002167489939793787
0.000022215281857789756
0.000021870035498312293
0.00002241367884516206
0.00002291455293010617
0.000022272960451740898
0.00002251411339011602
0.000023439137775270122
0.000023685631630116744
0.00002404329859789863
0.00002487843900917889
0.00002446927190719024
0.000026177122615229632
0.00002458142740341607
0.000026087808431863807
0.00002666600493902394
0.000027281098081966958
0.000027130302629564897
0.000027633517692230045
0.000028547691801842716
0.000029126138578205702
0.000029414852860633895
0.000029364266302620748
0.000029180730529602873
0.00003082592847464979
0.00003090790172282019
0.00003169820285366213
0.00003271043792644552
0.000032912013821874695
0.00003235266904657449
0.00003385061907880769
0.00003325461002792579
0.00003398582394840238
0.00003469730579466395
0.000034595080553996135
0.00003549500051986951
0.00003573635916270391
0.00003656306782563259
0.00003634115438093758
0.00003694349822362879
0.00003822961967897324
0.000038029564726586117
0.000038709370140360675
0.000039286241379789105
0.000039706004035340105
0.00004052249766921087
0.00004105661854919763
0.000042336450398264795
0.00004341435255087284
0.00004312663216803786
0.00004459644004951903
0.000043775937487736604
0.00004507718218835057
0.0000469292925578303
0.00004784938845515681
0.00004822075981840371
0.000049755687182928366
0.00005050794915891428
0.00005112451175558552
0.00005130503580137051
0.00005273645296921078
0.00005335156530700173
0.00005506393212550595
0.000055680010764012635
0.00005686601502549383
0.00005684274168654858
0.000058426036145242486
0.000060194472917623614
0.00006042477150506385
0.00006082245472269222
0.00006144405888714935
0.00006215876530873197
0.00006445105104646364
0.00006449524586573772
0.00006582968907996103
0.00006546397593679831
0.00006754790231799438
0.00006884959776999799
0.00006915585746179715
0.00007148166836835381
0.00007141212063255921
0.00007307683920026576
0.00007518686549187417
0.00007664368977539543
0.0000789214075643404
0.00007936635035458829
0.0000815858656446458
0.00008321065323160815
0.0000849930869425528
0.00008551020827494331
0.00008723750154279627
0.00009011790518715908
0.00009138490642222262
0.00009587440537439628
0.00009572478364929536
0.000098273978613719
0.0000989034926844341
0.0001019170431276339
0.00010389310227894141
0.00010602568834477608
0.00010717457684608566
0.00011114882009549142
0.00011308604162610383
0.00011355817471789656
0.0001177762972143365
0.00011882142162127902
0.00012139478661604597
0.0001229090433903904
0.00012696782481010609
0.0001263018634466068
0.0001296056226956064
0.00013315932986431023
0.00013564301936627355
0.0001363546341270026
0.0001413024672878773
0.00014355843637997
0.00014563798518026305
0.00015064215078535188
0.00015276608832128223
0.0001554649796127206
0.00016001996617986058
0.00016256200722209387
0.00016657887736241483
0.00017051932221515226
0.00017521291024518543
0.00018009257068442278
0.0001836605624954163
0.00018836947179697497
0.000192858855987559
0.00019907618189834414
0.00020327199176475727
0.000208965522398907
0.00021357176359127711
0.00021971357777180126
0.00022447493252485798
0.00023007909492893635
0.00023387561559089492
0.00024060218583065072
0.0002470122592401516
0.0002516324545149047
0.0002585756099706152
0.000264066356457549
0.00027120901320848775
0.00027640883704088584
0.000282932596694475
0.0002892848330602879
0.00029599473817076095
0.0003039994110678952
0.00031059227950436735
0.0003184795436812028
0.0003258216307003004
0.00033467941264341407
0.00034326487558980636
0.00035166014673145343
0.00036110787114036004
0.0003704617214866711
0.00038137591775951605
0.00039131127068063804
0.0004024058947653726
0.00041453706326737065
0.0004267975011064698
0.0004396821781259519
0.0004536195976005102
0.0004681032706582175
0.00048227752396266056
0.0004979483772628615
0.0005133493991179662
0.0005283962792676286
0.0005461913449537973
0.0005641428561222493
0.0005802703435095847
0.0005975560073268567
0.000617559776144177
0.0006354613335443724
0.0006564388835607969
0.0006768533469943312
0.0006970995285063143
0.0007188112615089402
0.0007410798692322019
0.000763805943990215
0.0007857372493867894
0.0008100071825602065
0.0008337087725610411
0.0008605880908439152
0.0008887101648556898
0.0009164203556432897
0.0009457871248558588
0.0009760672744064211
0.0010097136433732995
0.0010444707429349308
0.0010792839261767652
0.0011178388733353226
0.0011562559222252648
0.0011983789267859973
0.0012420451246613383
0.0012879575909822557
0.0013383417736030356
0.0013897288581209213
0.0014453920792550584
0.0015041303821138996
0.0015637802687730991
0.001628699040282027
0.0016966402906650874
0.0017658047471119914
0.0018406788667174006
0.0019168352924130068
0.001997966165687202
0.0020814471281370463
0.0021707552185527123
0.002264060165692987
0.0023584413586338563
0.0024605546838752036
0.0025652034584363577
0.002673838157889339
0.002787441378732529
0.0029093709727312338
0.0030335638736970713
0.003164645337639875
0.003301265017660316
0.003444588337684187
0.0035968184564463906
0.003757792262059001
0.003926473818956716
0.00410747407958537
0.004299671406724728
0.004501935399991588
0.004717965092495654
0.004948144854796339
0.005194930085540009
0.005457295825951792
0.0057377362194847336
0.00603687765668131
0.0063589223307979606
0.006701272611117885
0.0070730991188484305
0.0074684507286619925
0.007894372018236838
0.00834974167494977
0.008839906084434667
0.009362230979292445
0.009923646846335695
0.010521332953335592
0.011160444606615532
0.011845150783721758
0.012577322634216397
0.013357710337331184
0.014196138151989026
0.015091972362884306
0.01604809605539729
0.017074350127205564
0.01817070912933756
0.019344654225208795
0.020603858901787044
0.021951243302954598
0.023393755955843733
0.02494451296695507
0.02661123428011963
0.028403652735018416
0.0303351477835117
0.03242079579370047
0.03468172839872349
0.03712409110438
0.03976973273118287
0.04263908645489575
0.04574743445662855
0.049117280212610935
0.052767263863101224
0.05671988260234971
0.0609922999998851
0.06560006417349037
0.07055070430820543
0.0758355845572682
0.08142324830064444
0.08725329886403993
0.0932134106071396
0.09915272119134164
0.10485979491844097
0.11005588248005353
0.11441869135287501
0.11758759762767042
0.11918484792895584
0.11889319032912145
0.11649990650946719
0.11193807093756375
0.10527239327102765
0.09664053494998896
0.08616005753023326
0.07386412192691454
0.05968487443122214
0.043509696833290444
0.025270196782151665
0.005025493964830794
-0.017027237776539618
-0.04059032352160542
-0.06537805668550453
-0.09114853642959164
-0.11770063566878468
-0.14481211420996418
-0.17211943793721926
-0.19907478794911135
-0.22493869603522423
-0.24882393544501402
-0.2697796210240932
-0.2868651457749704
-0.299231516658166
-0.3061963037821967
-0.30729227524771496
-0.302289759679302
-0.2911972654343145
-0.2742626872959766
-0.2519586682274399
-0.2250124368697343
-0.19436041723270564
-0.16111307523864182
-0.12642237188418698
-0.09139963094242103
-0.057023197469420146
-0.024078396564213494
0.006874256785751108
0.03552778191567582
0.061821640547962624
0.0858900164635025
0.10795660044832242
0.12821810531267938
0.14671593207484346
0.16329315382768286
0.17760270543873422
0.1891766260353505
0.19751691876903313
0.20217113969444736
0.20278828097537996
0.19913671260017726
0.1911386423229777
0.17890731975429658
0.1627802530675559
0.14334886459795348
0.12144272175500063
0.09805448577538879
0.07427115919433218
0.051159207522800704
0.029673594929709286
0.010580308603629263
-0.005608738575638101
-0.018676692138440254
-0.028678980750208867
-0.03589310844837492
-0.04072338917428863
-0.04362911204429572
-0.04504282790469392
-0.04534205955865579
-0.04483778217454855
-0.04377143830393681
-0.04232791901750932
-0.04064635322431799
-0.03882187469982202
-0.03693313407973
-0.03502812970632459
-0.03314478621983682
-0.03131008730401083
-0.029538732964788334
-0.0278393622406916
-0.026220375271518704
-0.024683287493832817
-0.023228879097947124
-0.021862131118286516
-0.020570388099252403
-0.01935963578927383
-0.018222362206884515
-0.01715773504972914
-0.016161252320056392
-0.015224380637263809
-0.014350107297446228
-0.01353304833552881
-0.012764460801245985
-0.012047324051853417
-0.011373788375813964
-0.01074488922234378
-0.010156943144240439
-0.009604381546692721
-0.009089076783058286
-0.00860318724245133
-0.00814793466458893
-0.0077218573661378236
-0.007321447209672728
-0.006947053090330319
-0.006593591119487675
-0.006261670267529309
-0.005949322510559978
-0.005655670787952891
-0.0053809055319634135
-0.0051192406871474
-0.004874850474579673
-0.004644507366579733
-0.004426231149200568
-0.004219834894924934
-0.0040247774140654315
-0.0038413711500753767
-0.0036690015144065346
-0.00350435396639715
-0.003352117893787979
-0.0032042974129251963
-0.0030631680655777422
-0.0029331802919479095
-0.002807714316147461
-0.0026903436773850226
-0.0025774105744349623
-0.0024689832482012687
-0.0023701865862994186
-0.0022744109083877306
-0.0021834580641982445
-0.002095442672892481
-0.0020132636664618496
-0.001933796290027413
-0.0018605870081822358
-0.0017882621932043897
-0.0017201904316124837
-0.0016559512078298485
-0.001593690423071447
-0.0015326028542942988
-0.0014785937820768916
-0.0014230401047964291
-0.0013723763802041334
-0.0013240048296525124
-0.0012744978880708053
-0.0012313046801255701
-0.0011865676926933672
-0.001146493246996149
-0.0011079509281011664
-0.0010711173644046333
-0.0010337982074937338
-0.0010007886964558085
-0.0009682132618857559
-0.000935125241330543
-0.0009049310512148265
-0.0008754438293125475
-0.0008458852647615591
-0.0008208998418249749
-0.0007951479803461471
-0.0007675745506998499
-0.0007457878726380469
-0.000720748898537156
-0.0007002367608737922
-0.0006767128932166903
-0.0006561051998317082
-0.0006401724723011564
-0.000617174421076706
-0.0006031312524946442
-0.000584075207621137
-0.000566235252478293
-0.0005494663914832565
-0.0005329872805974103
-0.0005178219981309039
-0.0005046008008921259
-0.0004909985007228295
-0.0004754548200776985
-0.0004637836033432933
-0.0004505205364772992
-0.00043677625806349304
-0.0004262020821570974
-0.0004148021420757552
-0.00040307518821097136
-0.00039323629806053794
-0.00037998844957260814
-0.0003725459153703403
-0.000363239034343324
-0.00035313282021892705
-0.00034392880729364374
-0.0003342437377127486
-0.00032583503183351907
-0.00032066160813849944
-0.0003095557133704471
-0.00030381504458307137
-0.0002957481404843667
-0.00028808595691572455
-0.0002805835522560139
-0.00027533153342595496
-0.0002678987051510181
-0.00026170519785978546
-0.000254735519152756
-0.0002486458068153738
-0.00024344351186201784
-0.00023681140930686793
-0.0002298748322084106
-0.00022698101452028617
-0.00022253639878842355
-0.00021452112627358064
-0.00021076590522631767
-0.000205210095866382
-0.0002047416281344277
-0.0001968167995429164
-0.00019317384456712616
-0.000187567700843399
-0.00018320622516034357
-0.0001806624899934289
-0.00017662485003320415
-0.00017259007898634657
-0.00016923602318014296
-0.00016575973237650598
-0.00016053329429464698
-0.00015743903947186907
-0.00015283962234800887
-0.00015265746396858369
-0.0001472954938064335
-0.00014612875436375707
-0.00014262684376575656
-0.00013837591461915208
-0.00013629005091549834
-0.00013436203033897494
-0.00012871743233385292
-0.0001279693648277311
-0.00012690557905251882
-0.00012362541405635773
-0.00012026677547709369
-0.00011747875659829345
-0.00011717235984983154
-0.00011362949702126057
-0.00011238511085833093
-0.000109164384686329
-0.00010561147211120006
-0.00010532024774551261
-0.00010396645128785099
-0.00010168284439699421
-0.00010047305188163198
-0.00009823458719435813
-0.00009704852847615276
-0.00009345005899949306
-0.00009173944635668871
-0.00009131972452200004
-0.00008729454020753903
-0.00008817642554925124
-0.00008599964764779945
-0.00008539302292209314
-0.00008255822526817413
-0.00008079463490463992
-0.0000780395175174912
-0.00008000355655330614
-0.00007694172864731767
-0.00007430189339416971
-0.00007532766816468629
-0.00007242074564561241
-0.00007318977442221449
-0.00007030605159315698
-0.00006787685830667146
-0.00006924974914315285
-0.0000671711742725984
-0.00006743383424316935
-0.0000638925655612323
-0.00006321500633249227
-0.00006205277343364566
-0.00006119427539778816
-0.00006153402210843602
-0.00006065571360355325
-0.00005731833264074475
-0.00005880645332762626
-0.00005895256948283037
-0.00005607390546781432
-0.00005452970114343855
-0.0000553550629520695
-0.00005321606389442049
-0.000052154968408778714
-0.00005035163697471164
