-0.000037061518494609657
-0.00003631192911667781
-0.00003816816288865422
-0.0000389402632939199
-0.000039534519875324875
-0.00003764474318102835
-0.000038258185266422705
-0.0000397971025165352
-0.00003910439469179656
-0.00004104304639837542
-0.00004252154430203564
-0.00004125459216055234
-0.00004311078493653387
-0.00004252032409745981
-0.00004526412242459358
-0.0000440706015034248
-0.000045155435791686195
-0.00004828015311117999
-0.000047013656500398835
-0.00004867169968476131
-0.000050327665171646775
-0.00004735321555342661
-0.000050032821788688414
-0.000051291673664540995
-0.00005283093870711498
-0.00005355830572779917
-0.00005418086995556938
-0.00005492185769928421
-0.00005469073706717705
-0.00005630788390436618
-0.00005875517662865583
-0.00005764077479715463
-0.00005960454185164904
-0.00005875421807871878
-0.00005960193471628435
-0.00006284961259559622
-0.00006107808846969167
-0.00006915174082890431
-0.00006396809387294168
-0.0000675892741091816
-0.00006932725918460895
-0.00006919998813753241
-0.00006855397700195307
-0.00007055644223249743
-0.00007495819510031935
-0.00007416947372827417
-0.00007285114711621316
-0.00007509593381570347
-0.00007787273406749933
-0.00007956818378805388
-0.00007796614905097273
-0.00008202542084854185
-0.00008214098933219994
-0.00008519307618687386
-0.00008761380623688374
-0.0000884575209303625
-0.0000914957481171042
-0.00009332832683440405
-0.00009665338500420648
-0.00009391238164598069
-0.00009750551017949939
-0.00009635132927925576
-0.0000999645695248819
-0.00010058211620353385
-0.00010484082181854425
-0.00010590214141679962
-0.00010845071589089587
-0.00011138175873535339
-0.00011104338252779416
-0.00011411041741466215
-0.00011832091899535345
-0.00012021291904458222
-0.00012135230963214155
-0.00012678426065150527
-0.00012924555144717276
-0.0001278555256442218
-0.00013283299269006965
-0.0001349601276496287
-0.0001411142340472334
-0.00014127694547226016
-0.00014530505901782123
-0.00014508518169520056
-0.00014851195111113613
-0.00015204952969670446
-0.00015570529189860312
-0.00016009301362983022
-0.00016407525486123657
-0.00016445709325899795
-0.00016921334638650667
-0.00017251950243368233
-0.00017888319749259258
-0.00018096313236522416
-0.00018325580367168146
-0.0001874305158033934
-0.00019404985206538676
-0.00019773495697838223
-0.00020186617438188709
-0.00020584891673337954
-0.0002132537147451397
-0.00021681478231817835
-0.00022080083480184145
-0.0002257021935060164
-0.00023071916024269904
-0.00023416576760923056
-0.00024269485215310492
-0.0002472617630904465
-0.0002525149853385991
-0.0002616428323134705
-0.0002680676599668938
-0.00027302761147437717
-0.00027787222529605473
-0.00028599080597194876
-0.0002926378179288308
-0.0002987833085979406
-0.0003059207162649437
-0.0003142272247262846
-0.0003220535753048861
-0.00033225491598606915
-0.00033987740121914725
-0.0003500966725623155
-0.000357694091187854
-0.0003660303101815554
-0.0003750478292584375
-0.0003847225930114883
-0.00039587042999393525
-0.000405998396921915
-0.00041715951834138274
-0.0004294583511716351
-0.0004396312041098321
-0.0004512056871426017
-0.0004652092686994456
-0.0004788077434571375
-0.0004909906773899327
-0.0005058777697231128
-0.0005190112636961413
-0.0005331800805647364
-0.0005494724943236257
-0.0005654468029698793
-0.0005806252072101704
-0.000598011444437212
-0.0006145627161391493
-0.0006346329942226722
-0.0006516700119797625
-0.0006728037397113828
-0.00069290867987289
-0.0007137399279692969
-0.0007384843148151242
-0.0007613675182533336
-0.0007824208654023606
-0.0008077655243680521
-0.0008330574436929857
-0.0008582080481382315
-0.0008882843426621773
-0.0009143104862613186
-0.0009457915488531075
-0.00097700463197814
-0.001009523503060312
-0.001044390459475997
-0.0010758507914342581
-0.0011130420945952382
-0.0011534496354683708
-0.0011912925410476982
-0.0012328014864486693
-0.0012762936588645289
-0.0013199033028073385
-0.0013682313680915782
-0.0014169846943151848
-0.0014679690310036013
-0.0015202682752134843
-0.0015765521740871873
-0.0016373744809441452
-0.0016993363734395673
-0.0017603703106406077
-0.0018264055928111367
-0.0018989086313231818
-0.0019711044845212053
-0.0020481680200390763
-0.002127316190351961
-0.0022118736426842036
-0.0023028635687068954
-0.002394334348675375
-0.002492454619933942
-0.0025943658936653188
-0.002703070686264616
-0.002814330303290407
-0.002934473731874049
-0.0030600158617862215
-0.003192527150640411
-0.0033298072642673764
-0.003476899543149139
-0.003629293274133846
-0.003791086080686371
-0.003963717366671092
-0.004143455833413026
-0.004334658984898365
-0.004537165326569745
-0.004747127977517674
-0.004974358259924541
-0.005210459659908372
-0.0054638616128061795
-0.005730770843982723
-0.0060125734368091655
-0.006309441466174587
-0.006627018042480626
-0.006964756567408756
-0.007321821612896746
-0.007702230814845493
-0.008104524757314182
-0.008532565922776979
-0.008988879214090334
-0.009473365598966171
-0.009989783058138356
-0.01053888653479062
-0.01112290748287102
-0.01174813279822354
-0.012414392987152712
-0.013122724334519872
-0.013880644864294201
-0.014690179633804644
-0.01555368169791496
-0.016479582705765893
-0.017468016247656426
-0.018522932612812567
-0.019653437097323347
-0.020861900558779442
-0.022155145034749597
-0.023538810072919848
-0.025019158325104644
-0.02660146937237883
-0.028295072815658753
-0.030105152993034786
-0.03204039444000933
-0.034105137657177965
-0.03630708773584894
-0.03865080276388738
-0.0411437697415234
-0.043786660498761475
-0.04658085304048584
-0.049525643542928606
-0.052612453545852554
-0.055826101245467885
-0.05914726623974161
-0.06253919686585953
-0.06595065108174875
-0.06931043621277218
-0.07250959414731965
-0.07540749959600589
-0.07779587815691892
-0.0794019736603142
-0.07986039373588659
-0.07868395220263172
-0.07525433963267164
-0.06881804429678474
-0.05850595022485562
-0.043406037947087306
-0.022698237968112933
0.0041901060074649825
0.03738432449484763
0.07647045698823048
0.12043919249134223
0.1677786126378806
0.21659089263388823
0.26474645450357237
0.3100845190107258
0.35060865572918953
0.38465575702634036
0.4110383062943624
0.42906576993610235
0.4385115517733549
0.4395280311024663
0.43257521266130805
0.4183659977074575
0.39780308868540776
0.3718930261385632
0.3415772032761298
0.30756139818986566
0.27016953029548224
0.22930627502061923
0.18456240695344917
0.13545187318197033
0.08163873396773698
0.023154958943712403
-0.039501186127540035
-0.10536799044160697
-0.1730840292299955
-0.24096777572352887
-0.30716930466368225
-0.3698412103202836
-0.4273829880131927
-0.4786377602564246
-0.5230103289579969
-0.5604393986979416
-0.5912557359719951
-0.6160119625083984
-0.6353170986308073
-0.6497061269767842
-0.6595667597143235
-0.6651053743043014
-0.6663148854936672
-0.6629897288879709
-0.6547388271165115
-0.6410448177791033
-0.6213341052387845
-0.5951182261146334
-0.5621444598653528
-0.5225456397319669
-0.476916822172764
-0.4262723277240941
-0.37187486467039005
-0.3150224051830672
-0.2568264522806633
-0.19810324705272564
-0.1393530501953973
-0.08079026282911966
-0.022413304671155532
0.03591416901749286
0.09439194849308737
0.1532019760689572
0.2124446929207582
0.2720508822083267
0.3317145657808637
0.390827212970243
0.4484579695319562
0.5034192666142957
0.5544175731049715
0.6002721972853132
0.6401276286306594
0.6735805278814436
0.7006852337492043
0.7218259950558508
0.737566383483879
0.748499723709474
0.7551399939508238
0.757845463353135
0.7567850984518166
0.7519215864304041
0.7430159794643086
0.7296471679752641
0.7112596539472746
0.687252643357344
0.6570950718321689
0.62049168338357
0.5775317747247533
0.5287667900688671
0.47517679066727514
0.41799918141062614
0.35851171440660673
0.29782320694779757
0.23675117285467265
0.17579431408248228
0.11516518753841687
0.054860258450860525
-0.005263863974705608
-0.06541017510226031
-0.12577632160954186
-0.18647188502632572
-0.247443433794167
-0.3083969491121207
-0.3687463546823737
-0.4275753535119426
-0.4837095269641859
-0.5358588125854346
-0.5828388123369569
-0.6237789289996265
-0.6582670082007132
-0.6863443585924877
-0.7083875657860409
-0.7249633083743112
-0.7366650759946074
-0.7440200903541097
-0.747394462298967
-0.7469673597587025
-0.7427089703536411
-0.7343939912431855
-0.7216071883756331
-0.7038022930159288
-0.6803737704365209
-0.6507914619174849
-0.61474944531906
-0.5723248211821068
-0.5240497763542203
-0.47088961078720093
-0.41408485608423246
-0.35491277327592985
-0.29449109379622024
-0.23365181455349351
-0.1729049488169036
-0.1124728446902713
-0.05235968075448568
0.007574558457035342
0.06753237163311844
0.1277109084873472
0.1882240735274862
0.24902725398149214
0.30983524868522255
0.3700731655689113
0.42883673923010746
0.48495829448011707
0.5371495452822099
0.5842147855170464
0.6252718792134189
0.6598932231593734
0.6880983537238586
0.7102572138550729
0.7269285755876164
0.738714166865714
0.7461396906249245
0.7495757593793666
0.7492126793472585
0.7450294871239028
0.7367996475307947
0.7241246031580011
0.7064515147717798
0.6831846027579722
0.6537810592149728
0.6179274356775609
0.5756789175811408
0.527555437856805
0.47450777930778343
0.4177667751163691
0.35861467667173685
0.29817890941934405
0.23730243335003517
0.1765038146039777
0.11601872882392136
0.0558564745719986
-0.004118887717038207
-0.0641096432107531
-0.12431402284668577
-0.18485013969402092
-0.24567956185690415
-0.3065319032506164
-0.3668351388017108
-0.4257037959047459
-0.4819768323549903
-0.5343662277050201
-0.5816666751712593
-0.6229855070339294
-0.657871555705985
-0.6863345231151443
-0.7087310526031169
-0.7256180644678669
-0.7375957122420431
-0.7451946045825764
-0.7487942881094677
-0.7485872092260195
-0.7445666168695074
-0.7365129969207257
-0.7240262560086793
-0.7065656166506502
-0.6835301762621334
-0.6543761163453997
-0.6187765676156795
-0.5767721274482054
-0.5288643893701979
-0.47599126321829244
-0.41937845267944907
-0.3603048938227658
-0.29991069189035063
-0.23905189349384234
-0.1782570812580515
-0.11776934759100133
-0.057608253443752436
0.002358618039319865
0.06233385338541115
0.12251665430187782
0.18302877711750856
0.2438403449077371
0.304689898926536
0.36501734173566847
0.4239496525407463
0.48033217549304924
0.5328769115086994
0.5803771352385148
0.6219186152764785
0.65703789241544
0.6857254222102774
0.7083298312925425
0.7254024431687526
0.7375445901096689
0.7452919121824232
0.7490282531389371
0.7489549405212573
0.7450729999426186
0.737167804458274
0.7248495060382676
0.707577815736176
0.6847539245528833
0.6558300559816383
0.6204675241151391
0.5786886305857667
0.5309802176479316
0.4782666911834243
0.4217634703563466
0.3627566071019928
0.3023914479325281
0.24153148085072526
0.18072523130522344
0.12022003178880139
0.06004379428414927
0.0000692075714881144
-0.05990695043420697
-0.12008237582070816
-0.18058550535271106
-0.24139343000344177
-0.30225166788835267
-0.36261730838541345
-0.42162465864586585
-0.47812800939641237
-0.5308425254778799
-0.5785492095902212
-0.6203274128971961
-0.655690974978116
-0.6846137041574758
-0.7074384679989634
-0.7247077971878809
-0.7370265615916709
-0.7449294662084817
-0.7488134623591386
-0.7488837694393125
-0.7451460333502362
-0.7373988847623235
-0.7252551259653398
-0.7081797850880692
-0.6855747027974621
-0.6568859367782681
-0.6217642872301314
-0.5802219748560341
-0.5327197408850094
-0.48017248923342365
-0.4237865375693042
-0.3648545615589451
-0.3045229792385364
-0.24367301822624232
-0.18285941460124164
-0.12234408426472877
-0.062159014469038945
-0.0021821700167120274
0.05778776138206208
0.11795153564335083
0.1784412826732271
0.23924006017324584
0.3001008943088136
0.3604974381558859
0.41957197386770095
0.47618826511416895
0.5290628479276249
0.5769736181440821
0.6189819440843186
0.6545837755743988
0.6837401512210369
0.706779698383153
0.7242429473628735
0.7367330587712274
0.7447907464321027
0.7488170547127212
0.7490262839078835
0.7454309474947621
0.7378366671979883
0.7258632398830513
0.7089819260500844
0.6865906339192671
0.6581330899856579
0.6232519672771655
0.5819388295364769
0.5346446967648617
0.4822620961590977
0.42599673583761094
0.36713346409057945
0.306836029128379
0.24599303187681892
0.18517089663309425
0.12464170961567997
0.06444577159852503
0.004462784657331238
-0.055504597338325565
-0.11565951538303179
-0.17613544181344215
-0.23692557842631537
-0.29779397547138514
-0.3582210727995408
-0.417364494022419
-0.4740956708624457
-0.5271335740770408
-0.5752470630275852
-0.6174864029111793
-0.6533302223054064
-0.6827233997852296
-0.7059812351068427
-0.7236395097599315
-0.7363040329657378
-0.7445185737231189
-0.7486895859682033
-0.7490400794711038
-0.7455871054784532
-0.738148365762208
-0.7263458529160748
-0.7096571319033551
-0.6874809214710894
-0.6592571503252501
-0.6246177910812826
-0.5835390919385192
-0.5364536842612301
-0.48424051790330486
-0.4280952494107848
-0.3693065683442471
-0.30904451403070116
-0.24820942421206701
-0.18738107991399786
-0.12683958924078043
-0.06663238668036206
-0.006645505180739403
0.053317635816858604
0.11346218463656066
0.1739262224937191
0.23470606650114653
0.2955788866074805
0.3560345090376332
0.41524308794207315
0.47208536982657107
0.5252833574890956
0.573599037277857
0.6160656521893539
0.6521506635989818
0.6817774931768014
0.7052530555918425
0.7231088074038186
0.7359486669996118
0.7443186222358782
0.7486335684386115
0.7491228709552257
0.7458143579548517
0.7385274114164669
0.7268951201155777
0.7103970739675542
0.688435178003286
0.6604427718933285
0.6260431920376931
0.5851987864737587
0.5383215981022273
0.4862782200062984
0.43025513216902356
0.3715428572861647
0.31131719750648634
0.2504903383061035
0.1896536292974108
0.12910062014820828
0.06888132391059588
0.0088898138088696
-0.05107125866869145
-0.11120638307043959
-0.17165671623817597
-0.23242822026659643
-0.29330492668838976
-0.3537891158295643
-0.41306319187649965
-0.47001552398527435
-0.5233713735417039
-0.5718873966600899
-0.6145838375933692
-0.6509086239573458
-0.6807724564993527
-0.7044673395855031
-0.7225198303378392
-0.7355351956784528
-0.7440628628312778
-0.7485231364355148
-0.74915263156135
-0.745986653891854
-0.7388525152223271
-0.7273907690096459
-0.7110835263044064
-0.6893338197867488
-0.6615747434040006
-0.6274154403297834
-0.5868049382757646
-0.5401381156151657
-0.4882671322020019
-0.4323677156882949
-0.37373314701079596
-0.31354541614250686
-0.2527295043073545
-0.1918861645520351
-0.13131993760029315
-0.07109058658851791
-0.011092869854294527
0.048863967740105825
0.10898951065700066
0.16942779808313527
0.23018846564028184
0.2910685099486887
0.3515795524925046
0.4109165014188562
0.46797686892665824
0.521488742842817
0.5702038385055507
0.6131289572980007
0.6496945115451078
0.679793623178238
0.7037083870064108
0.7219597665458511
0.7351498117742116
0.7438353487972506
0.7484413660458337
0.7492102637873019
0.7461854983633237
0.7392041536717306
0.7279105683806213
0.711793103012853
0.6902565313070299
0.6627277111899598
0.6288089665125367
0.5884333827343112
0.5419792046931278
0.49027982927493197
0.43450663992034955
0.3759506704293162
0.3158032783611702
0.2549963395039025
0.19414804531574423
0.13356844872735527
0.07332850140644949
0.013324756932273155
-0.046630464024865176
-0.10674702950223758
-0.16717206451784314
-0.2279231766127028
-0.28880533670729736
-0.34934294012459766
-0.40874145808415824
-0.4659087087736833
-0.5195744786068632
-0.5684874452297026
-0.6116402123452118
-0.6484458942355448
-0.6787814749812539
-0.7029169180859718
-0.7213677891749106
-0.7347356951343526
-0.7435794666573747
-0.7483300404786233
-0.7492391489672338
-0.7463579979478597
-0.7395278651762224
-0.7284023386951441
-0.71247372637203
-0.6911481684396121
-0.6638508504371768
-0.6301727649040505
-0.5900314909501361
-0.5437907171738776
-0.49226647683301133
-0.43662151020170276
-0.3781461203286663
-0.3180387683571197
-0.25724329950994657
-0.19638786844116357
-0.13579758861684293
-0.07554524356543993
-0.01553646793344008
0.04441694149318206
0.10452353977470917
0.16493565231271454
0.22567663852849099
0.2865606053109257
0.34712358768726476
0.40658126666525796
0.46385375594360984
0.517672468079379
0.5667812876267244
0.6101612482509314
0.6472055725276681
0.6777780223053791
0.7021346176420873
0.7207864840059597
0.7343316848135132
0.7433340917826831
0.748230396630239
0.7492804906281545
0.7465397891411001
0.7398610092394503
0.7289032292746538
0.71316300155411
0.6920481517658349
0.6649808232366482
0.6315418520850595
0.5916374414894942
0.5456097358287484
0.49426258254617367
0.43874710830688035
0.380354107063988
0.3202881100384081
0.259505889389014
0.19864583187541124
0.13804207754111494
0.07777768342183446
0.017762748303670677
-0.042188799673778754
-0.10228587010641191
-0.16268576343051847
-0.22341659065577918
-0.2843017061510784
-0.344888400523511
-0.40440481247450066
-0.461779692499251
-0.5157505447754422
-0.5650530285889365
-0.6086596387733049
-0.6459440229931327
-0.6767540350228574
-0.7013330408528599
-0.7201849680969082
-0.7339081479980827
-0.7430702472110771
-0.74811364571896
-0.7493030947105055
-0.7467050817841242
-0.7401779541570007
-0.7293856755347076
-0.7138332692985597
-0.6929272483960617
-0.6660898440963756
-0.6328921856450744
-0.5932232374935792
-0.5474107704356029
-0.49624111520633285
-0.440857470677949
-0.38254864249865483
-0.322525831422195
-0.26175635247839796
-0.20089169785693642
-0.1402757067934945
-0.07999972079435747
-0.019978955986394396
0.03997232132810913
0.10006047604831292
0.16044726592941816
0.22116742223940794
0.28205339238016275
0.3426618966107849
0.402235956051243
0.4597125229423766
0.5138320578241282
0.5633280927397788
0.6071590700489689
0.6446836200959456
0.6757308675549067
0.7005328195773249
0.7195857854541808
0.7334890372186555
0.7428109010683139
0.7480008263186594
0.7493304619816644
0.7468739935477618
0.7404967530153004
0.7298706720589581
0.714505093167705
0.6938090003880222
0.6671990604986575
0.6342414013742907
0.5948098678772111
0.5492125776270982
0.49822318221793016
0.4429730971843829
0.38475003426618065
0.32477178432500653
0.2640160354601957
0.2031466388344304
0.1425182079391714
0.08223066475977639
0.02220286010709042
-0.03774665715635598
-0.09782649450502051
-0.1582010590416007
-0.21891018489009367
-0.2797954312911614
-0.340426015861084
-0.40005549480874786
-0.45763133773486214
-0.5118982963443367
-0.5615871568024018
-0.6056419331943027
-0.6434057053014607
-0.6746908578031247
-0.6997164289511055
-0.7189720602151667
-0.7330549191684294
-0.7425379336512207
-0.7478747767735257
-0.7493448468135823
-0.7470297655644228
-0.7408030988676737
-0.7303419788923778
-0.7151619904356576
-0.694674028605904
-0.6682922998444325
-0.6355742904708478
-0.5963795588723604
-0.5510003462190323
-0.5001918709360115
-0.4450771075779866
-0.3869409889132025
-0.3270081519718439
-0.2662675951548932
-0.20539444776206342
-0.1447543634700813
-0.08445454399341501
-0.024420128945186012
0.0355278619363332
0.09559956529235158
0.15596205522331463
0.21665998651755464
0.2775446396665587
0.33819651973072334
0.39787962450062414
0.45555346291992954
0.5099662034934528
0.559844816026292
0.6041229283044485
0.6421259395943244
0.6736494011349772
0.6988992589910409
0.7183583908655728
0.7326220275338947
0.7422666240822645
0.7477497708475518
0.749361110204315
0.7471870019915555
0.7411093831866125
0.7308130361450599
0.7158183575138896
0.695537450675684
0.6693836738675724
0.6369049978068733
0.5979481130870529
0.55278730143899
0.5021616202539729
0.4471825628551381
0.38913626013538943
0.32925034665049746
0.26852558471580684
0.20764957770607942
0.14699724468583872
0.08668505718554483
0.026644072917777248
-0.033303754724273375
-0.0933676150617971
-0.1537168865068106
-0.2144040596398457
-0.2752874410244731
-0.3359586630681378
-0.39569470393138734
-0.45346409379117175
-0.5080214209119293
-0.5580892046085364
-0.602589428041185
-0.6408314882512716
-0.6725930527401307
-0.6980678735235072
-0.7177309853397748
-0.7321763115855259
-0.7419831656949881
-0.7476150020278473
-0.749366078859568
-0.7473331208354412
-0.741404480058122
-0.7312721319755622
-0.716460859765942
-0.6963867952424685
-0.6704602965039902
-0.638221095688933
-0.5995017601308615
-0.5545602209520438
-0.5041184636811656
-0.4492792230212593
-0.3913234195167994
-0.33148546399697304
-0.2707777656981888
-0.20989859246051734
-0.1492348960913463
-0.08891029583943523
-0.02886186964115411
0.03108601523472494
0.09114172239294854
0.15147826104745155
0.21215409936561605
0.2730361280617442
0.33372550095956605
0.39351306462781066
0.4513768379233324
0.5060759699362307
0.5563315586236328
0.6010521248100099
0.6395334438426049
0.6715337488404155
0.6972341826003108
0.7171020034994209
0.7317296262762801
0.7416991151140183
0.7474789396534324
0.7493712762051102
0.7474791239517431
0.7416987169200925
0.7317305359053636
0.717102331451727
0.6972344802499053
0.6715331795713047
0.6395332893813683
0.6010525567954018
0.5563311480552028
0.5060761996973822
0.45137664255262155
0.393512620608497
0.3337258202424111
0.2730358776300368
0.2121541776583105
0.15147852565101722
0.09114163365509774
0.031085664324558164
-0.02886178013629424
-0.08891059200233377
-0.1492348444954259
-0.20989888848473848
-0.27077825383217397
-0.3314859576563156
-0.39132366699235616
-0.44927916426901926
-0.5041189745516035
-0.5545601896349579
-0.5995020494104922
-0.6382214165799219
-0.6704601617804444
-0.6963873095229065
-0.7164608927274431
-0.7312723722327806
-0.7414045090383633
-0.7473333016813615
-0.7493662831548107
-0.7476147660961684
-0.7419828785229062
-0.7321763240953622
-0.7177311011558398
-0.6980680667158148
-0.6725929928252026
-0.6408312122831298
-0.6025892853106803
-0.5580896357520878
-0.5080215788134386
-0.4534642823274178
-0.3956950116845672
-0.3359590512932411
-0.2752872731762075
-0.21440401460627623
-0.1537171557599321
-0.09336807705695432
-0.033303829440859856
0.026643524065603854
0.08668513182724345
0.1469973359244395
0.20764958016142146
0.2685256719849489
0.32925024061871044
0.38913665206694725
0.44718299436907066
0.5021615717957635
0.5527872226935008
0.5979482394811617
0.6369049594990119
0.6693838105031517
0.6955374401805694
0.7158182369440247
0.7308137456759867
0.7411094309146542
0.7471874345527331
0.7493611973362035
0.7477502043134792
0.7422664898070318
0.7326222426479507
0.71835792835442
0.6988989650579278
0.6736494506231335
0.6421262894203519
0.6041231077278054
0.5598453172022008
0.509966455776445
0.4555529416847941
0.39787939082717455
0.3381961390834764
0.2775441706352032
0.2166598647002967
0.1559613766849235
0.09560001754220285
0.03552828109212624
-0.024420335778199083
-0.08445473146941074
-0.14475459323099582
-0.20539467668729697
-0.266267150679499
-0.32700831546201087
-0.3869411896681134
-0.44507701382618625
-0.5001922020450248
-0.5510004004084366
-0.5963799520128847
-0.6355742001672152
-0.6682922303334029
-0.6946742817515026
-0.7151613639369737
-0.7303415949448553
-0.740803099828907
-0.7470300052011114
-0.7493454631255072
-0.7478744642209745
-0.7425381376980934
-0.733055643674107
-0.7189718965632984
-0.6997164730937511
-0.6746909259914806
-0.6434062535544942
-0.6056419639864273
-0.5615873912266541
-0.5118986323090965
-0.457631659887107
-0.4000555065668809
-0.340426402091501
-0.2797954018958508
-0.21891014950230414
-0.1582006601675975
-0.09782675599699091
-0.03774656150886514
0.022203009711951514
0.0822305826650408
0.14251849144304313
0.2031465566653825
0.2640151437018458
0.3247709507814323
0.3847501298093967
0.4429737103146087
0.49822340933125814
0.549212974120661
0.5948098705613015
0.6342414209278682
0.6671988517089962
0.6938086934579367
0.7145048556113857
0.7298710122678954
0.7404970124018981
0.746873982731746
0.7493307812076743
0.748000985661984
0.7428110192752301
0.7334886725357883
0.7195853914542407
0.7005330934222969
0.6757306105899528
0.644683833813709
0.607158589347987
0.563328770336497
0.5138319560217378
0.45971202710307796
0.40223589818741007
0.3426623163864554
0.282052524972098
0.22116756052037226
0.16044764830565747
0.10006068411393246
0.03997138861925036
-0.019978844873891177
-0.07999932824630113
-0.1402759345869429
-0.20089150125665567
-0.2617559310847867
-0.32252512621977814
-0.38254857424383426
-0.4408574057220312
-0.49624084064696444
-0.5474103481521025
-0.5932225918310604
-0.6328919906424058
-0.6660898177283604
-0.6929277728401991
-0.7138325764568043
-0.7293851448572805
-0.7401774972860389
-0.746704916498285
-0.7493031632138509
-0.7481132806409332
-0.7430704211213944
-0.7339085309740035
-0.7201846321681187
-0.7013327095558645
-0.6767528824658828
-0.6459440953451216
-0.6086593675629984
-0.565053757792457
-0.5157503634288029
-0.4617797143268647
-0.40440417297829084
-0.3448881139030529
-0.2843015769325677
-0.22341674037035428
-0.16268568384344703
-0.10228599973338211
-0.04218922368139129
0.01776320141404968
0.07777807421231668
0.13804173162636432
0.1986457921689845
0.25950547960733655
0.3202876250718
0.3803547660683096
0.4387477367058244
0.49426307375121825
0.5456096986134256
0.5916377016012326
0.6315425995646662
0.6649803536089448
0.6920482620146128
0.7131628189111364
0.7289029060559149
0.7398616650269747
0.7465400108757891
0.7492804613602597
0.7482305202615266
0.7433341183702006
0.734331265308928
0.7207858655573531
0.7021351488375395
0.6777783144268051
0.6472058745839451
0.6101613863987574
0.5667812411717743
0.5176727485624243
0.46385352609103453
0.40658152094167455
0.347122674872475
0.2865608771721091
0.22567729090821645
0.16493538116214657
0.1045232391508077
0.04441652819822973
-0.015536648687511114
-0.07554517755815596
-0.13579757668873602
-0.1963892245572879
-0.25724350903470544
-0.31803910584731543
-0.37814648621687147
-0.43662153816821364
-0.49226593025728105
-0.543789636476223
-0.5900316658345933
-0.6301723671457595
-0.6638506098300566
-0.6911489762668263
-0.7124741542745362
-0.7284016987780934
-0.7395277932682838
-0.7463573834872844
-0.7492388090470326
-0.7483297581107492
-0.7435790612155787
-0.7347343549413339
-0.7213681377674439
-0.7029170352966609
-0.6787810520362226
-0.6484461241801148
-0.6116407920749549
-0.5684877053507238
-0.5195750682122129
-0.46590846791446466
-0.4087407282960134
-0.3493430837712675
-0.288805445517314
-0.22792321111850658
-0.16717114867071659
-0.10674703078162145
-0.04663015043398455
0.013324396965512004
0.07332763625643854
0.1335682391932224
0.19414775130633125
0.25499628546474334
0.3158026561448123
0.37595108147602974
0.4345068180933157
0.4902804102569139
0.5419784863834973
0.588432913303538
0.6288100477457035
0.6627279333386112
0.6902557163900809
0.7117936754284762
0.7279102956446338
0.7392049276620944
0.7461860677605575
0.7492101272689715
0.7484410102107034
0.7438357280291612
0.7351503784405037
0.7219604799817498
0.7037075554952402
0.6797932205738717
0.6496937413109128
0.6131297660212381
0.5702039773569542
0.5214887139063036
0.4679772202743834
0.4109160289359789
0.351580050403876
0.2910682921505484
0.2301883577685632
0.1694275480880379
0.10898935380833477
0.04886486993064975
-0.011093367229810901
-0.07109098243124773
-0.13131971016858127
-0.19188581067143068
-0.2527289431178323
-0.31354546510242465
-0.37373343576316925
-0.43236818208524797
-0.4882669192613203
-0.5401382498351305
-0.5868048768773223
-0.627415493775677
-0.6615744181464092
-0.6893336815298928
-0.7110832539233471
-0.7273902806008128
-0.7388533866476121
-0.7459859875575476
-0.749153421521926
-0.7485233197475494
-0.7440637533018837
-0.7355359069018091
-0.7225206996460118
-0.7044671674605482
-0.6807726826956711
-0.6509090989953124
-0.6145841138803484
-0.5718872498142108
-0.5233705857085135
-0.4700161450906708
-0.4130625553490337
-0.35378953939837393
-0.2933044861295954
-0.23242702260040735
-0.1716574882079906
-0.11120644234801627
-0.05107124792800999
0.008889042792709063
0.0688820275148466
0.12910042598459434
0.18965379272718652
0.25049018128158257
0.31131772361057547
0.37154152370544546
0.4302539078675368
0.4862774282119799
0.5383207086205156
0.5851986593937267
0.6260441782355495
0.6604429318579669
0.6884340962238074
0.710396637852831
0.7268951678630093
0.738526995211606
0.7458135310956898
0.7491230352717456
0.7486333685955601
0.7443178276412262
0.7359485919765791
0.7231087902530875
0.705252405942635
0.6817778471860012
0.6521500450839023
0.6160666019271326
0.5735986574916099
0.5252839067410539
0.472085641769527
0.41524318178872577
0.3560343187096264
0.2955781606107933
0.2347055383092199
0.1739261185179374
0.11346207797332608
0.0533182730061257
-0.006645532737694653
-0.06663243887311814
-0.12683851361895143
-0.1873799904722503
-0.2482097464795216
-0.3090448351898495
-0.3693065876920248
-0.4280942621969594
-0.4842392921878586
-0.5364532991836743
-0.5835383615042371
-0.6246187033446586
-0.6592577772035045
-0.6874809336370092
-0.709658011130774
-0.7263457354635463
-0.7381479143874453
-0.7455879075202787
-0.7490398679381436
-0.7486899856766945
-0.7445193308904507
-0.7363048351649646
-0.7236399747606358
-0.7059811757192479
-0.6827231768375576
-0.6533299625555343
-0.6174867915810022
-0.5752481033956395
-0.5271335146922181
-0.4740962848218068
-0.4173641354884604
-0.3582215897886614
-0.29779375642438616
-0.23692658135819897
-0.17613697792159577
-0.11565868753758661
-0.055504735313941136
0.004462625989418742
0.0644460844194706
0.1246428254664645
0.18517059957866638
0.24599262640653968
0.30683611742896916
0.3671343865318807
0.42599598935822375
0.4822636453833681
0.5346446359666714
0.5819393901370331
0.6232517717887608
0.658133256758328
0.68658996503708
0.708979664732458
0.7258630557566048
0.7378370005791153
0.7454298989188447
0.7490262361115544
0.7488165443236635
0.744790209380596
0.7367333603744517
0.7242423567049787
0.7067795601406116
0.6837408596884051
0.6545836200845043
0.6189810564573297
0.5769749124760463
0.5290632563471148
0.4761870577426408
0.41957120284014343
0.36049745320471405
0.3001012073896021
0.23923780668373107
0.1784409577090345
0.1179528165809059
0.05778783706615149
-0.0021819005630500537
-0.062158912758486326
-0.12234504103640947
-0.18285958096904528
-0.24367304364657993
-0.3045224339732995
-0.36485432562768116
-0.42378840269785356
-0.4801730741713805
-0.5327195697641004
-0.5802214307700052
-0.6217643865440613
-0.6568856680844258
-0.685574141919135
-0.7081803579904403
-0.7252535434618672
-0.7373988259455868
-0.7451459766169023
-0.7488829748033237
-0.7488136321671045
-0.7449296091067834
-0.7370262711555448
-0.724707554912007
-0.7074380012268168
-0.6846144430697916
-0.655691502491818
-0.6203280848183447
-0.578550251721579
-0.5308423896028338
-0.47812743120396695
-0.42162502560094123
-0.36261677250486973
-0.30225139974535853
-0.241392930554186
-0.18058703118899042
-0.1200813295905749
-0.059905778463324164
0.00006972206466121347
0.06004452226788545
0.12021992536009005
0.18072462934270878
0.24153235685114832
0.30239085695932555
0.362757214346401
0.42176306285390547
0.47826679837707115
0.5309798662856201
0.5786878502845517
0.6204667393674335
0.6558313795883095
0.6847542599949791
0.7075787533219208
0.7248490635520238
0.7371686664428999
0.7450722698105896
0.7489560108211639
0.7490283375077884
0.7452922798844256
0.7375452758484875
0.7254024298567968
0.7083299895666265
0.6857249209970759
0.6570381990275643
0.6219185309009693
0.580376271864971
0.5328776291068552
0.48033347607422544
0.42394896107606744
0.36501672193146767
0.30468974307503494
0.24383924754491865
0.18302987885488742
0.12251702382763642
0.06233399460073932
0.002359154875805387
-0.057609037695165205
-0.11777123295391202
-0.17825626524091892
-0.23905172144987086
-0.29991151228263563
-0.3603058242417061
-0.4193779688550027
-0.47599138837123994
-0.5288650459677611
-0.5767725652581382
-0.6187772744428098
-0.654376079014237
-0.6835311539423269
-0.7065662248525153
-0.7240263077429934
-0.7365132586507249
-0.744566892762485
-0.7485881839732756
-0.748793950378052
-0.7451942944379629
-0.7375952096654196
-0.7256166684169152
-0.7087304295111488
-0.6863342257816752
-0.6578718970934226
-0.6229844353916758
-0.581667663081432
-0.5343655144462174
-0.4819773912897976
-0.42570502395757215
-0.3668347580186909
-0.30653051663021424
-0.24567901871263859
-0.1848499720961759
-0.12431354473634161
-0.06410939574319431
-0.00412016038108018
0.0558562849853272
0.11601925140254708
0.17650453032933044
0.23730156498477334
0.2981800857116917
0.3586142499870719
0.4177665370490346
0.4745068058392938
0.5275554024888006
0.5756784827923316
0.6179267517131241
0.6537809086748894
0.6831830560451507
0.706453309982936
0.7241232939950454
0.7368016300303325
0.7450291209869626
0.7492130468051817
0.7495754288367089
0.7461386748083055
0.7387148622437403
0.7269276848507675
0.7102565277929228
0.6880993262624258
0.6598928582789217
0.6252738590746569
0.5842152094625928
0.5371495574888939
0.48495872301978443
0.42883617350549175
0.37007270818091453
0.30983591456104276
0.24902762459722408
0.18822532057072336
0.12771124667409461
0.06753217144979116
0.007574970035003857
-0.05235941798040939
-0.11247174731667452
-0.17290453472098935
-0.23365240212340044
-0.29448944647697944
-0.3549126696040304
-0.4140842272523698
-0.47089041866174575
-0.5240479684351703
-0.5723249014358719
-0.6147499967766842
-0.6507911012300239
-0.6803740682586631
-0.703802916170312
-0.7216077853514801
-0.7343958147758125
-0.742709716794134
-0.7469667384467147
-0.7473933447308384
-0.74402188335969
-0.7366661919388432
-0.7249612036443489
-0.7083873382765479
-0.6863426755333606
-0.658267299824418
-0.623777003771034
-0.5828381710956372
-0.5358606465436324
-0.4837096558465749
-0.4275754279746517
-0.3687467238940794
-0.30839838797763003
-0.2474423777415396
-0.18647204658786098
-0.1257766476981095
-0.06541101277215924
-0.005263970499192496
0.05485956229903176
0.1151658789620364
0.1757924398495298
0.23675006181370867
0.29782354304870046
0.3585108555975995
0.41800031298159945
0.4751757706754211
0.5287669054369176
0.5775341578569809
0.620492977883194
0.6570955686226081
0.6872520118013928
0.7112610730293736
0.7296465921502735
0.7430153268131294
0.751922604298142
0.7567843865190231
0.757844810759032
0.7551390329470131
0.7485008109533913
0.7375665780254996
0.7218259356179049
0.7006851729163845
0.673581734453543
0.6401260593030159
0.6002703577121682
0.5544185498608958
0.5034197404031514
0.4484568385531181
0.39082713656295237
0.33171570288891145
0.2720511941516058
0.21244460652880862
0.15320076867100593
0.09439087720086348
0.035913754113082605
-0.022413101095048592
-0.0807888850940372
-0.1393541485960274
-0.19810348591914234
-0.25682598705943077
-0.3150233629952744
-0.3718746463421934
-0.426268644393206
-0.4769154863603794
-0.5225450065551002
-0.562146227235764
-0.5951172727643713
-0.6213342062160162
-0.6410444894472388
-0.6547395127604808
-0.6629900501154529
-0.6663136224979678
-0.6651041387143378
-0.6595662910185723
-0.6497058194570882
-0.635316288075122
-0.6160144420961084
-0.591256370769317
-0.5604396000676286
-0.5230107455359195
-0.4786364960542358
-0.42738024609716246
-0.3698408495642485
-0.30716744853988054
-0.24096734200868847
-0.17308364720369362
-0.10536833523363877
-0.03950003371294115
0.0231548520233561
0.08163779838764251
0.1354531096214512
0.1845634131564587
0.2293045524277622
0.27017274767456495
0.3075615340471365
0.3415770316159937
0.37189364360211
0.39780594153549975
0.4183658963796188
0.4325744375411968
0.43952659690137574
0.4385119934659979
0.4290659659441155
0.4110395299801866
0.38465692882216285
0.3506085374369326
0.31008462591509023
0.2647457676143505
0.2165906506217257
0.1677781595606958
0.12043869812105133
0.07646975170128387
0.03738557739174963
0.0041899785113303145
-0.02269629790810035
-0.0434082352975452
-0.058507226277557674
-0.06881732343941052
-0.0752553936792985
-0.07868174957578096
-0.07985748958318613
-0.07940317611538558
-0.0777949310622811
-0.07540595179017795
-0.07251066505493571
-0.06930948011567084
-0.0659521323375221
-0.06253924832427413
-0.05914782604993196
-0.05582568117213639
-0.05261305802671756
-0.049525332117621015
-0.04658030996676511
-0.04378668742367309
-0.0411425820083982
-0.03865003366928602
-0.0363052109053844
-0.03410419272789768
-0.032038637774941627
-0.030105169965574996
-0.028296617818936907
-0.026601237299485162
-0.025017519992581304
-0.023538065084943736
-0.022155312652830904
-0.02086124888450561
-0.019652695870044968
-0.01852670154325113
-0.017467974379224222
-0.016479745672362225
-0.01555554067771067
-0.014689657328164048
-0.013881009072303468
-0.013123095588322229
-0.01241206298963138
-0.01174715496092765
-0.01112439945314498
-0.010538597147107906
-0.00998943609226448
-0.009471489539481048
-0.008988281952157302
-0.008531403516426075
-0.008105389439869177
-0.007700907828776137
-0.007322849412921867
-0.00696466878192463
-0.006626469001702476
-0.006310253770406233
-0.006011220078367002
-0.0057296395670923175
-0.005465462612047189
-0.005211918742839439
-0.004974509915975052
-0.004748790569936425
-0.004534634840847059
-0.004333934072944013
-0.0041430663102600416
-0.003963064174399835
-0.0037928419650210925
-0.003628830828463565
-0.003475650418029473
-0.0033302205320565642
-0.003190320363815726
-0.0030583315419289232
-0.0029331633296957697
-0.0028159900692342186
-0.002701226689481474
-0.002593915434808986
-0.002490849147032262
-0.0023942508937647095
-0.002302027636984568
-0.0022137411166542015
-0.0021296041869655813
-0.0020471082340153537
-0.0019731344492655775
-0.0018972131873529591
-0.001829581852999586
-0.0017615927307442127
-0.001697349873271106
-0.0016374012570858545
-0.001577282428154248
-0.0015205610800146628
-0.0014687330812382538
-0.0014179205555951864
-0.001367567479056206
-0.0013199943406342494
-0.0012754406295543792
-0.0012333847409762833
-0.001191102170843195
-0.0011499445007404673
-0.0011141288025391426
-0.0010764249846184778
-0.0010444204227594727
-0.0010089853636678558
-0.0009748272520319142
-0.0009452590876773867
-0.000917172241416708
-0.0008875717629884236
-0.0008603093104903148
-0.000832391130045297
-0.0008092792927922595
-0.0007820089915057141
-0.0007593262033368919
-0.0007364566455061341
-0.0007146827791451341
-0.0006929235725598753
-0.0006739120642543599
-0.0006532105817645719
-0.0006361820193505305
-0.000616329788524397
-0.0005969774456283629
-0.0005820381837886088
-0.0005658601066349962
-0.0005515575191857326
-0.0005337327516786284
-0.0005197865989423499
-0.0005056237909259635
-0.0004909925860624216
-0.0004773984392764336
-0.00046445031326798543
-0.0004525086376576767
-0.00044117170811583384
-0.0004283597394808971
-0.00041649193203942606
-0.00040527962393173823
-0.0003963911299077253
-0.0003851403802322196
-0.00037762932317470416
-0.00036705572018787204
-0.0003583018116719523
-0.0003486478672104316
-0.0003427586713252863
-0.00033197909519864827
-0.00032393170524296105
-0.000316460285743193
-0.00030905301326036774
-0.0003014354911513322
-0.0002938336249010641
-0.0002862441445072828
-0.0002765402227468845
-0.00027217317573356454
-0.00026607711071227125
-0.0002600326761882442
-0.0002533517866840781
-0.0002466222031552576
-0.00024219125604527287
-0.00023611105774757094
-0.00023015294791056196
-0.00022818474996509302
-0.0002203596401338052
-0.00021700492681281768
-0.00021179947239736332
-0.00020609071388175224
-0.00020275380699834628
-0.00019685147430081016
-0.00019369388368571072
-0.00018809011014280465
-0.00018576327297381532
-0.00018050908013870278
-0.0001755709122251006
-0.00017049428617600914
-0.00016858130291188894
-0.0001643754323253682
-0.00016223988142793412
-0.00015805085201991742
-0.00015700474163670298
-0.00015243831434884504
-0.00014966292218992762
-0.0001459319563206959
-0.00014331834213794306
-0.00013995649307835863
-0.0001389602319717269
-0.00013568524403859838
-0.00013328979242956045
-0.0001301478050378676
-0.0001253903550290869
-0.00012557196272539855
-0.0001220436292462068
-0.00012212180283160327
-0.00011702010865628215
-0.00011597065891828256
-0.00011251579643877022
-0.00010893925671699394
-0.00011062156966353338
-0.00010538672661123525
-0.00010460249218348902
-0.00010182500865162764
-0.00010007792858199997
-0.0000976039378062332
-0.0000981735806252312
-0.00009759880169836063
-0.00009376105198320623
-0.00009321535322609969
-0.00009216994130080468
-0.0000885616247650757
-0.0000881646288461791
-0.00008288873557715398
-0.000084969939243594
-0.00008123901550938174
-0.00008231506287479612
-0.00008096963798502003
-0.0000775558566437283
-0.00007920450007396831
-0.00007602130516301742
-0.0000746242271127189
-0.00007366337662564896
-0.00007171287949814678
-0.000072092061764365
-0.00006963630518215042
-0.00006908593884522339
-0.00006739356804126764
-0.00006600686762829033
-0.00006451051490046872
-0.00006128686669742434
-0.00006239963649707569
-0.00006193995410367986
-0.00005843690195703251
-0.00006061958668652754
-0.00005849949742827756
-0.00005663010448720064
-0.000057239381518886936
-0.00005728953750093839
-0.0000552442946228472
-0.00005309243943696321
-0.00005321912541824098
-0.00005343035175737283
-0.00005045955763446933
-0.0000508834203765665
-0.00004930085107734999
-0.0000491431312383411
-0.00004748405552227192
-0.000049148857426827893
-0.00004752334441834205
-0.00004647112353940239
-0.000043584057670532054
-0.0000416319005942962
-0.000045509104220157977
-0.00004046291100924641
-0.00004216347101369812
-0.000042554298398328676
-0.000042321714116251596
-0.0000400923745420794
-0.00003855563593312651
-0.00003845412056482588
-0.000038393690422591037
-0.000037180517622569386
-0.000041068774343467535
-0.00003723147448890735
-0.00003875061027132527
