-0.000048426900166890274
-0.00004879967332661008
-0.00004666517693139821
-0.00004729701569194056
-0.000050260681266595766
-0.00004999367675109936
-0.00004847410356567538
-0.00005238876095782923
-0.00005104528084422696
-0.00005475675238570955
-0.00005454063627607039
-0.000053000648692471566
-0.000055512691519324204
-0.00005561065364826946
-0.000057701712884363745
-0.0000566847170904548
-0.00006116095122058539
-0.00006085408208806802
-0.00006251834298990553
-0.00006412636458348245
-0.00006303668000463188
-0.00006574068291398718
-0.00006791856126793553
-0.0000655667982263436
-0.00007001100948316473
-0.00006786779933699581
-0.00007164055497204453
-0.00007138019636932012
-0.00007247878355917282
-0.00007512787844698556
-0.00007587405170609904
-0.00007574321405736303
-0.00007789239741662499
-0.00007842990966206885
-0.00007919965281587955
-0.00008034595285932363
-0.00008304239955446182
-0.00008601220685792465
-0.00008476631584162199
-0.00008893335648044099
-0.00009021904265399105
-0.00009079515338479846
-0.00009406780453758138
-0.00009418699205229242
-0.00009727379400278248
-0.00009936381660489374
-0.00010356624298315117
-0.0001028864132180993
-0.00010324909984380042
-0.00010626775202558542
-0.00011053049480423445
-0.000111594069033087
-0.00011318135477114735
-0.00011534207963163627
-0.0001180930016551569
-0.00011976390268383553
-0.00012176845073922833
-0.00012291449668478692
-0.0001280400805794621
-0.00012970142209176928
-0.00013304902953642977
-0.0001347823322602945
-0.00013832512802803757
-0.00013927961402338354
-0.0001408003063691051
-0.00014450985269864715
-0.00014849455186841215
-0.00015151143328413782
-0.0001533554933159679
-0.00015957931889098496
-0.0001606939513147505
-0.00016276272241439021
-0.00016751529295536843
-0.00017249393879101757
-0.0001765329250278777
-0.00017804509548536218
-0.0001854062084960486
-0.0001882157504325412
-0.00019051664106940308
-0.00019475261535141023
-0.00019900276709052501
-0.000205211993235987
-0.00020718592873555553
-0.0002119282209669731
-0.0002168764862808178
-0.00022286796561198473
-0.0002301872737620983
-0.00023480105749106923
-0.00023825455865792507
-0.00024372138280274392
-0.0002503227369490134
-0.0002570640889035003
-0.000263772432062664
-0.0002676932305533226
-0.00027612750674841497
-0.00028269686096501915
-0.0002921255479471249
-0.0002954147341156645
-0.0003051596715988532
-0.0003118022855433807
-0.0003213384037352659
-0.000326466944797027
-0.0003354404467707974
-0.00034392718443685815
-0.00035277467250171115
-0.00036057037638329465
-0.0003686541711305835
-0.00038026226386781174
-0.0003882973053041603
-0.0004001151274224279
-0.000410967719592477
-0.0004221019709550533
-0.0004337162588181005
-0.0004452857131135965
-0.0004564900907013749
-0.000469322861934505
-0.0004848603601782069
-0.0004964191330026815
-0.0005107239004348783
-0.0005259554676770421
-0.0005384642461407035
-0.0005553659664399272
-0.0005712000658229235
-0.0005852682530892077
-0.0006016588639749953
-0.0006203574106347973
-0.0006402737905376318
-0.0006604076111494185
-0.0006785568967239475
-0.0007004376703673088
-0.0007183353892515397
-0.0007424213387311421
-0.0007675662735343151
-0.0007889698713008055
-0.0008130616745268388
-0.0008407160791247251
-0.0008656211715144199
-0.0008948261963296767
-0.0009241945874750903
-0.0009538794127230276
-0.0009843943564799057
-0.0010170774378105893
-0.0010513904943946347
-0.0010857578480637565
-0.0011225630051485197
-0.0011591309961907917
-0.0011999897270099002
-0.001239106628305174
-0.0012835993730684898
-0.0013304517757580397
-0.0013764124308180544
-0.0014281109889576935
-0.0014772584708463027
-0.0015339686576227411
-0.0015889283809163567
-0.0016470722344471465
-0.001707854595963946
-0.0017733067358541006
-0.001839200406553003
-0.0019089599850945684
-0.001983275962152701
-0.002060084577215882
-0.0021420301914780414
-0.0022260379369639927
-0.0023162696644293923
-0.0024098225693821645
-0.002508572709517323
-0.002610396944474378
-0.0027208190415267167
-0.0028323503904868646
-0.0029510548223568907
-0.0030790987749257895
-0.0032106369314392424
-0.003351245879227056
-0.0034988960990034513
-0.0036554902806866713
-0.0038182529819511643
-0.003991513568906198
-0.004173094509959294
-0.004366910391559648
-0.004569459701235069
-0.004786459236621503
-0.005012975272983504
-0.0052547291626818425
-0.005511100636468178
-0.005780022591724652
-0.006066471153589643
-0.006369769406725463
-0.006691992948607412
-0.007034021985985869
-0.007398152988899904
-0.007783194965438395
-0.008194599087096504
-0.008633341647522939
-0.009095700860151535
-0.00959083401015938
-0.010118514899991736
-0.010680749538457305
-0.011282063276244599
-0.011920946722421912
-0.012601319537479595
-0.013332341457335603
-0.014114338799880558
-0.014944151486060254
-0.015837271059449185
-0.01679204613707738
-0.01781171395951024
-0.018905222174093315
-0.02007394939293614
-0.02132631592651424
-0.02266852480413081
-0.02410730852069434
-0.025644951101533996
-0.02729170966719968
-0.029054746426112006
-0.030938809077191883
-0.032948956486785135
-0.03509367004299416
-0.03737769842669089
-0.039803956603930074
-0.042367615330647
-0.045071170915172945
-0.04790321377379953
-0.05084511374978206
-0.05386775005577497
-0.056926530474355815
-0.05994858749676464
-0.06283241296343312
-0.06542673210628072
-0.06751442986447824
-0.06879741680313958
-0.0688764673213573
-0.06723383619918477
-0.06325799645779952
-0.056298109808648245
-0.04577843572728351
-0.031331772842173235
-0.012929204895056404
0.00905085656474681
0.03388435579927902
0.060549144063645435
0.08783309428854151
0.11440948286191913
0.13894217328732206
0.1602194123628021
0.17729434961837373
0.1895796434772756
0.19688648382262258
0.19940609078781554
0.19764737805078306
0.1924386293259055
0.1849035010905184
0.17640540471546445
0.1684006830871287
0.16220403807803788
0.15865796034425758
0.15791651443747898
0.15939344937059519
0.16191736608268625
0.16399674505307105
0.16411226046893773
0.16091270495569718
0.15332629109154466
0.14063851143600098
0.12255567135130996
0.09930328206127004
0.07161501029084931
0.04061845153592023
0.0076055876672517
-0.026210442775942432
-0.059831568742230216
-0.09251352227448395
-0.1237175968403857
-0.1531250509802126
-0.1806611533167502
-0.20653868932537664
-0.2312246962692709
-0.2552940943985366
-0.2792463153079493
-0.30329149463841254
-0.3272331844100561
-0.35046118941624427
-0.37208814837521326
-0.3911254442270216
-0.40666343756026496
-0.41798245204785284
-0.4246053862376371
-0.42628021901679336
-0.4229747755732954
-0.41487275900046755
-0.40232452858423756
-0.38576908758198464
-0.3656343917013187
-0.3422660256756411
-0.3158807510445536
-0.28657468669456426
-0.25435223513193306
-0.2191844944946036
-0.18106816580665702
-0.1401083820225368
-0.096574793996063
-0.0509347827391759
-0.003814929923948585
0.04404710738813642
0.09187937143111849
0.13891554746824225
0.18446946266686517
0.2279902251425411
0.2691165518642219
0.30767673845341614
0.3436321980633785
0.37702775966240615
0.4079042861688577
0.4362368987621087
0.46189269132471505
0.484610232836958
0.5040017863178193
0.5196032956484046
0.5309498910168063
0.5376615211044167
0.5395027883840359
0.5363880537162719
0.528397635013906
0.5157620020824031
0.4988500135484717
0.47812501862798557
0.454042070718334
0.42698240948825295
0.39720240109607685
0.36482753828003056
0.32987145281762753
0.2922892684010546
0.25202862469215737
0.20911664520819273
0.16371568728464272
0.11618381332686184
0.0670521477744497
0.01699967482359449
-0.03322551522691883
-0.08286142159166547
-0.1311860696059438
-0.1775935826548515
-0.2216290705770968
-0.26304696760432117
-0.30176103024765843
-0.3377891638418276
-0.37119118876871676
-0.40198901219705935
-0.4301099757750371
-0.4553672603377776
-0.4774232107933536
-0.4958538147294495
-0.5101899705637938
-0.5200068254793453
-0.5249946031768907
-0.5249996612464936
-0.5200271777260712
-0.510237104896059
-0.49593909376649487
-0.47756308123800906
-0.4555779658320031
-0.43041519059005684
-0.4023962717347472
-0.3717090400995192
-0.33842267323925423
-0.3025099581078424
-0.26391928804309717
-0.2226301361145572
-0.17873404948309693
-0.13249057343584497
-0.08435039016027873
-0.03493416227504077
0.015032556505026131
0.06479233990373565
0.11359450873118485
0.16076685005030905
0.20577278949977543
0.24826767492399265
0.2880929425475536
0.32522299588579934
0.3597094381552751
0.3915955410801588
0.4208662833552393
0.4473810329767329
0.47088100642916836
0.49098235271726115
0.5072198882567684
0.5191376306642831
0.5263615122198981
0.5286657449443204
0.5259739343761862
0.5183742816099203
0.5061003966217672
0.4895413133439235
0.46914752052038794
0.44538151661470404
0.4186262991103222
0.3891294874772876
0.35701730687689837
0.32230350519629075
0.28494302279046557
0.24488497770068968
0.20216004725941136
0.15694064431499008
0.10958945105083875
0.060646209110860064
0.010795232435913684
-0.03921463659852351
-0.08861810058625984
-0.13670352307457773
-0.18285759695108286
-0.22664198083672285
-0.2678088748856438
-0.3062782332641291
-0.34207305433478136
-0.37525154013448014
-0.4058311679556715
-0.43373392483123596
-0.45877004197842924
-0.4806004790922007
-0.49879484062391405
-0.5128817971607916
-0.5224405108114162
-0.5271683450213855
-0.5269152402456568
-0.5216926964656816
-0.5116641709642621
-0.49714262152281574
-0.47856541737173725
-0.45639808373814783
-0.431068480095443
-0.4028929834952655
-0.37205727770272323
-0.33862607235667563
-0.30257073359343534
-0.26383601314723887
-0.22240660590519049
-0.1783784189210783
-0.13201357267333538
-0.0837776528792858
-0.03429139055350319
0.015719446166181043
0.06549651560451775
0.11428584478259038
0.1614252745099996
0.2063834074246868
0.24881815850062
0.28857833697358687
0.32564701427377707
0.36006983929895625
0.39189293505698164
0.4210953204964964
0.44753751020139737
0.4709512800538629
0.490949813349415
0.5070663999440904
0.5188484106668056
0.5259248106258659
0.5280776691076635
0.5252328651685687
0.5174840152883248
0.5050751743419756
0.4883895408237076
0.46788889499333425
0.4440294887632601
0.41718663817656343
0.3876147536455762
0.35542868270262584
0.32063835396677376
0.28319677249433645
0.24305798659281022
0.20025701355663827
0.15496634104109352
0.10756021825309961
0.058584558378732436
0.008727065058484272
-0.04126432265195318
-0.09062625412078511
-0.1386445620223399
-0.18471302254288072
-0.22840261124186975
-0.26946858038041793
-0.30783810504704173
-0.3435350477308947
-0.376617099036105
-0.40709714507771194
-0.4349003059841247
-0.45982311332094
-0.4815287480761451
-0.49958317963133597
-0.513514663258092
-0.5229051712632447
-0.5274574696675189
-0.5270269638929294
-0.5216281515389598
-0.5114330687320555
-0.4967600595691272
-0.4780448336786248
-0.4557581758415265
-0.4303198928007428
-0.4020469625691458
-0.3711179082247768
-0.3375906325016506
-0.301439958979947
-0.26260851682877223
-0.22108272344558222
-0.17696398458418264
-0.13052583381356625
-0.08223176389108276
-0.032710621055981486
0.017310193581330777
0.06706739288904841
0.11581533360286847
0.16288799591876799
0.20776488554714528
0.2501144705034333
0.28978501363345577
0.32676235872210674
0.36109889535698936
0.3928352112966515
0.4219451922855852
0.4482918488435765
0.47159693508467654
0.4914725112898151
0.507448925257556
0.5190752314754656
0.5259893263961359
0.5279709906997545
0.5249563252137274
0.5170429772044288
0.5044826616698143
0.48765784929544964
0.4670374140205134
0.4430714015033302
0.4161348619290054
0.3864718040593758
0.3541976451946053
0.3193197354110511
0.2817850254825384
0.24155474845771163
0.19866456116358694
0.15329637373432822
0.1058277844571178
0.056812310449584624
0.006935481866666399
-0.043044583853883406
-0.09237021045132837
-0.14032857675470087
-0.1863209706784264
-0.22992086993840155
-0.27089440759552497
-0.30916839958917947
-0.34477214320628824
-0.37776365006182405
-0.40815206146704397
-0.4358594785343875
-0.46067731946680907
-0.4822646930000104
-0.5001825792537938
-0.5139642033249339
-0.5231912240055809
-0.5275703531941421
-0.5269689460774677
-0.5213981012405648
-0.5110418281415159
-0.4962215916369904
-0.4773744591381073
-0.4549708842788978
-0.42942999831575285
-0.4010625170586235
-0.37004365416630375
-0.3364262142044446
-0.30018346259188117
-0.2612570199853285
-0.21963973693710295
-0.1754342779784304
-0.1289213220997603
-0.08057311412250055
-0.031021400651677893
0.019002837673631066
0.06873761347449797
0.11743776496924134
0.16444367135688603
0.2092402827526754
0.2514980636648894
0.29107493302405807
0.32796164247351944
0.36220851439251595
0.3938543951018467
0.42287411823474574
0.4491216580356804
0.4723160499229867
0.4920637532125835
0.5078990245275428
0.5193688679523532
0.5261162373420094
0.5279251181352705
0.5247409361858373
0.5166629589546936
0.5039469663315694
0.48698448356331675
0.46624064043808244
0.4421689592079458
0.4151344799806361
0.3853806687325218
0.35301613801717086
0.3180479810032071
0.2804215054929037
0.24009960575118378
0.19711962106974237
0.15167334311357164
0.1041401143755023
0.0550834442345534
0.005191418579504585
-0.04477853333025988
-0.09406842872552332
-0.14196848246841584
-0.1878837633099017
-0.23139465734327
-0.27227593700271097
-0.31045827756554334
-0.3459702846085118
-0.3788711108923736
-0.40917009342892213
-0.4367814404036098
-0.46149270946047016
-0.48296184741869136
-0.5007455401224804
-0.5143745630046125
-0.5234377162403417
-0.5276476047560885
-0.5268727843800309
-0.5211343450367556
-0.5106167231307049
-0.49564992095985405
-0.4766725772445751
-0.4541537567152014
-0.4285113140672332
-0.40004872924833296
-0.36893957151230655
-0.33523326222126304
-0.2988972272445903
-0.25987903352791814
-0.2181693179195388
-0.17387822350848392
-0.12729302396157358
-0.07889160161801229
-0.029311809930038624
0.02071608266461411
0.07042721094044715
0.1190808981897378
0.16601770256260548
0.21072998687082486
0.2528964470710519
0.29238207964075796
0.32917514484640076
0.3633321933570678
0.3948905714103117
0.4238174782013557
0.4499646831368409
0.4730472714973615
0.49266954933831625
0.508360889966876
0.5196735301673083
0.5262520519734728
0.5278905933924259
0.5245343897584067
0.5162915124290606
0.5034226867624536
0.4863219134919319
0.46545622920236085
0.4412758003439194
0.41414522372922935
0.38429997496021384
0.3518474891100111
0.31678796541989995
0.2790698025889082
0.2386545324644079
0.19558530177072092
0.1500591525125368
0.10246292766297975
0.05336549972202162
0.003459445363063992
-0.04650065047471266
-0.09575318350076477
-0.14359404893620262
-0.18943213654985344
-0.2328551317550442
-0.2736421604549856
-0.3117316770150187
-0.34715380912648697
-0.37996502044737707
-0.41017284081923083
-0.43768915954517773
-0.4622950707432955
-0.4836442691778454
-0.5012919778366838
-0.5147709318508202
-0.5236698616851141
-0.5277093346212459
-0.5267622620849475
-0.5208549867153607
-0.5101762566184092
-0.495064299644386
-0.4759568764211871
-0.45332374041405793
-0.42757961587844
-0.3990256487881898
-0.36782600803028
-0.33402943510267213
-0.2976017213710408
-0.2584894939561745
-0.21668883604879427
-0.1723129026955087
-0.12565623451351002
-0.07720288986614424
-0.027594849861334134
0.022434852473997714
0.07212170634610292
0.12072615319693919
0.16759407574504573
0.2122235892649617
0.2543001166719695
0.29369135751715997
0.33039354463778353
0.3644598911830249
0.39592827348032716
0.42476322173960546
0.450808953119971
0.4737811314905944
0.49327437813947467
0.5088218491939576
0.5199776600789817
0.5263885841821979
0.5278540902216711
0.5243273784612069
0.5159196910911782
0.502897168316529
0.48565932535375145
0.46467203882476715
0.440384509364031
0.4131570139308485
0.38322096057658794
0.35067912412719376
0.31552844394128554
0.27771880534538956
0.23720983710949667
0.19405093292664602
0.14844694839210923
0.1007891662755969
0.05165134674026087
0.0017299883349858804
-0.048217243910839355
-0.09743368751586617
-0.14521300486876104
-0.19097436513210594
-0.23431010490034748
-0.27500434720671496
-0.31299984172821854
-0.34833118581938227
-0.3810531567039641
-0.4111705145502658
-0.4385912736176916
-0.46309027894656296
-0.48432021589652374
-0.5018313556101419
-0.5151581617736712
-0.523893660469904
-0.5277626358120464
-0.5266420556591371
-0.5205671165534128
-0.5097292504271137
-0.49447157077144993
-0.4752349197625858
-0.4524888271305888
-0.42664336327640967
-0.3979946109335103
-0.36670524572742874
-0.33281955884212994
-0.2963001823679879
-0.25709529887940097
-0.21520191878370049
-0.17074146322934258
-0.12401366273851079
-0.07550936932327872
-0.02587396434438149
0.024156230585790504
0.07381800511354596
0.12237277784935227
0.1691705073227441
0.21371587547869733
0.25570101627710307
0.29499905814911753
0.3316093390656496
0.3655862024234371
0.3969651635124757
0.42570690870376254
0.4516534270772173
0.4745126173960845
0.4938773292378455
0.5092816005074909
0.520276768744366
0.5265202198803905
0.5278136142472217
0.524115848285149
0.5155436247567844
0.502368627316346
0.48499358608605125
0.4638853231618328
0.4394912175416436
0.412166868756717
0.38214134200146116
0.3495088671065944
0.3142675717065631
0.2763653919610931
0.23576328936762403
0.19251612934159626
0.1468330673067503
0.09911410049449522
0.049937024993440715
2.3354439636989365e-6
-0.04993249377934079
-0.09910959985402298
-0.1468282217637163
-0.192511964700286
-0.23575900179416082
-0.27636023237145646
-0.31426344989764565
-0.34950362332442125
-0.3821360551836911
-0.41216276991549317
-0.4394864761433409
-0.46388064286401826
-0.4849889829022329
-0.5023645566948324
-0.5155394511081188
-0.5241103722851954
-0.5278084372837893
-0.5265156626734139
-0.5202718996085455
-0.5092757530336518
-0.49387292552754186
-0.47450765969626096
-0.45164844650298985
-0.4257018195756621
-0.396960959584402
-0.3655809648489685
-0.3316052249416002
-0.29499367428088896
-0.25569638580974813
-0.2137109131193804
-0.1691666072568244
-0.12236823174500702
-0.07381366030846223
-0.02415173666597962
0.025878425595364577
0.07551404516691541
0.12401799522808792
0.1707463145675619
0.21520679436849602
0.25710052803315375
0.29630518953655266
0.3328243706514093
0.3667100595611744
0.3979992498212869
0.42664853662410435
0.4524934933770335
0.47523996181725664
0.4944765675690339
0.5097352755949367
0.520571867021965
0.5266467399056325
0.527767696100778
0.5238991087933167
0.5151631808639376
0.5018365410251875
0.484325096771485
0.4630959044678685
0.4385951994293359
0.4111757238982559
0.3810584027606299
0.34833684688189104
0.3130050736606217
0.2750092175360821
0.234314933174225
0.19097936295147214
0.14521814685146583
0.09743834776569789
0.04822287629194378
-0.0017252062348366238
-0.051645936682564994
-0.1007840821331599
-0.14844116958345674
-0.19404589783548623
-0.23720402727057402
-0.27771287599518557
-0.3155230491004242
-0.35067338310351553
-0.3832160331025152
-0.41315143581315666
-0.4403786369853302
-0.4646661711359342
-0.48565376598172966
-0.502891425576406
-0.5159137098802824
-0.5243216928283246
-0.5278477956280108
-0.52638228200121
-0.5199708915878513
-0.5088167501155002
-0.49326915766814344
-0.4737756357368699
-0.450803143115071
-0.424756855199109
-0.39592232857770293
-0.3644535419458696
-0.3303872633453869
-0.2936850760480059
-0.25429384607132305
-0.21221710928067689
-0.16758866660393906
-0.12072017289562935
-0.07211591390453423
-0.02242908485114806
0.027600495375217995
0.07720853944407326
0.1256619239784886
0.17231876543244837
0.2166945174187356
0.2584966820804588
0.2976086316896686
0.33403547369306313
0.36783298422249067
0.3990315204993767
0.4275868957434416
0.4533316355747446
0.475964125198961
0.4950716492883177
0.510183896712569
0.5208615192857788
0.5267686287577154
0.5277168932949481
0.5236774441343909
0.514777374886158
0.5012995156979436
0.48365142314796056
0.4623028056741895
0.43769593335569124
0.4101803165266348
0.37997302499704716
0.34716171123421646
0.31173863073860536
0.2736509165595683
0.23286375687875213
0.1894402304814827
0.14360149610530626
0.09576069418837685
0.04650802116305372
-0.00345148252302506
-0.05335799214633951
-0.10245556902184491
-0.15005135835920055
-0.19557669416607762
-0.2386461392442683
-0.2790618169486421
-0.31677972994390896
-0.35183887106352213
-0.3842920414988345
-0.4141366954629275
-0.44126698039625195
-0.46544701994939136
-0.4863142544052559
-0.5034141311434254
-0.5162819690897983
-0.5245253171667743
-0.5278804873511795
-0.5262428965104338
-0.5196636213923636
-0.5083508994570516
-0.49265990945781235
-0.4730383445912408
-0.44995415992923615
-0.4238072475916635
-0.39488079184378067
-0.3633222491451477
-0.3291656788337906
-0.2923715570775819
-0.25288680298289923
-0.21071958299718707
-0.16600734229401523
-0.11906978107373384
-0.07041639496104547
-0.020704573529987263
0.029322832426560624
0.07890348934656846
0.12730440526954742
0.17388905859896556
0.21817998936187022
0.25988985027956946
0.29890900254689245
0.33524420407787
0.36895123569165633
0.40006111008222395
0.4285233319009914
0.4541652611093396
0.47668392577503543
0.4956615767175205
0.5106283411582657
0.5211469472423883
0.5268840565209224
0.5276599808643633
0.5234499571900489
0.514387133773155
0.5007574896907044
0.4829738346757192
0.46150601510767203
0.4367938507179157
0.40918278612725695
0.37888407769809185
0.34598390884546665
0.3104702322085225
0.2722890861135279
0.23140899867441403
0.18789714090173337
0.1419816259034508
0.09408199910905857
0.04479310307887364
-0.005177427622446194
-0.055068397492171225
-0.1041256813028651
-0.1516583329104436
-0.1971046448420403
-0.24008493570083755
-0.28040708983658086
-0.3180318728902406
-0.3530008751022319
-0.3853650101564378
-0.41511849906984494
-0.4421517318630924
-0.4662243265903794
-0.48696849790099134
-0.5039305951561471
-0.516645611004048
-0.5247232747624297
-0.5279078073488006
-0.5260976900006744
-0.5193508858384913
-0.5078808279052085
-0.4920458606566194
-0.47229773639522904
-0.44910241356053965
-0.4228552049756852
-0.3938356614088536
-0.3621880230275657
-0.32794150904273445
-0.29105528487766824
-0.2514770400959251
-0.2092191065564482
-0.16442276473943596
-0.11741723888883712
-0.0687156575240901
-0.018981011749540578
0.031043488097563406
0.08059496859756268
0.12894350535852922
0.17545721491877306
0.2196622265818494
0.26128092161000854
0.30020620119840496
0.33644944587514203
0.37006735278244424
0.4010870111652683
0.4294553019178265
0.4549959165986732
0.47740063363932594
0.49624698714336235
0.5110674305569282
0.5214253643312996
0.5269940692730407
0.5275971743284673
0.5232172193251643
0.5139910700903104
0.5002104329082722
0.4822924661188328
0.46070580174230263
0.4358891236335668
0.40818193163602495
0.3777929418416525
0.34480318580228275
0.30919872123540443
0.27092440419872715
0.22995164072537672
0.18635223716878446
0.1403601487370954
0.09240207220857538
0.04307654526172421
-0.00690354881136461
-0.056778011267645895
-0.1057938561998557
-0.15326322543200865
-0.19862959268133984
-0.2415199377517652
-0.2817496532769941
-0.3192823820093274
-0.3541600328186548
-0.38643500092648236
-0.41609617227559814
-0.44303293801586735
-0.46699759433553595
-0.4876196548044745
-0.5044420017591671
-0.5170024434153043
-0.5249161350819135
-0.5279283936783951
-0.5259461425206673
-0.5190321645155784
-0.5074047734054312
-0.49142682667219234
-0.47155264422198034
-0.44824482928646264
-0.42189905145670864
-0.39278726532212316
-0.361049721530631
-0.32671358095909714
-0.28973512572013443
-0.25006400121976863
-0.20771470948355775
-0.16283646645213365
-0.11576268943284956
-0.06701362172160233
-0.017255560618156588
0.03276549827201457
0.08228695013561609
0.13058132213754353
0.17702235605198313
0.22114162064125495
0.2626682486866545
0.3015005189279867
0.33765284521207944
0.37118071491032795
0.4021106032226379
0.4303850740269031
0.45582379273857804
0.47811241100438895
0.496827867529434
0.5115014029398622
0.5216991296627851
0.5270989542938196
0.5275297872347086
0.5229787115268205
0.513590059876555
0.49965923544668117
0.48160666595664503
0.4599016831397309
0.43498075501295586
0.4071784008884227
0.3766991100248554
0.3436191011908692
0.307924231891971
0.26955647917278397
0.2284922705883021
0.18480472276041757
0.13873643991903475
0.09072058617864177
0.041360739139252145
-0.00862939523941742
-0.058485784626620685
-0.1074594632481076
-0.15486423264922544
-0.200150430774521
-0.24295134852888373
-0.2830876363775602
-0.320527297910828
-0.35531615348391643
-0.38750017512762064
-0.417071406203533
-0.44391048971781893
-0.4677667638509637
-0.4882644967908692
-0.5049479126527424
-0.5173540253190101
-0.5251013059424291
-0.5279422709691871
-0.5257884216480764
-0.5187069289715011
-0.5069232371841054
-0.4908032008802844
-0.4708029599061451
-0.4473843482571734
-0.420939306314577
-0.3917358331434159
-0.35990916579113585
-0.3254817889167546
-0.288411359031782
-0.24864767751673858
-0.20620769955848497
-0.16124664125872787
-0.11410544152637082
-0.06530996353803846
-0.015530581235884666
0.03448643240824117
0.08397761958105625
0.1322177445844301
0.17858447823109572
0.22261802069834538
0.2640530866072257
0.30279274625427666
0.33885349832791584
0.37229122425051847
0.4031314859779023
0.43131138323258994
0.45664745496313425
0.4788204962860284
0.49740479532463905
0.5119304023756454
0.5219670666082159
0.5271975977353971
0.5274556729409209
0.5227348443892914
0.5131835979834349
0.49910352251120804
0.4809172517526271
0.459094567391559
0.43406874228455183
0.4061717974990914
0.37560247347851955
0.3424333898980972
0.3066466979426705
0.2681861038407779
0.22702843735246647
0.18325447547231452
0.13711049933043945
0.08903784009216484
0.03964307066354037
-0.010354383109751862
-0.06019318906457506
-0.1091231251073535
-0.15646242906566046
-0.20166872866079474
-0.2443794935904
-0.2844220135420929
-0.32177009723821337
-0.3564680695432429
-0.3885632109662227
-0.41804240298365425
-0.44478274467800155
-0.4685307085590799
-0.48890504925997436
-0.5054480579191126
-0.517700273998203
-0.5252810822370471
-0.5279497096072201
-0.5256242966618999
-0.518376446614761
-0.5064368114160376
-0.49017458661821145
-0.4700485739068301
-0.4465202251019532
-0.4199757049532619
-0.3906798335843162
-0.3587633031410436
-0.32424758284785843
-0.2870836215277824
-0.24722622043525092
-0.20469573919207532
-0.15965354603555842
-0.112445328162104
-0.06360429874949405
-0.013803376251030853
0.03620720602701144
0.08566687177874417
0.13385282248775476
0.18014595686381238
0.2240930984298684
0.26543574841102047
0.30408150986457044
0.3400505334991056
0.37339949776546544
0.4041493236107494
0.43223552254813385
0.4574682719752929
0.4795248888541547
0.4979778973766903
0.5123551506073362
0.5222305756604108
0.5272921437238026
0.5273770764621787
0.5224866192573335
0.5127733813622021
0.49854409111275283
0.48022391537950393
0.45828452241164347
0.433155057187721
0.40516302153032846
0.3745032654492937
0.3412454441445801
0.3053670792731593
0.2668140902060239
0.2255640102697829
0.1817028366563715
0.1354843806581837
0.08735561756457666
0.03792783667230966
-0.012076943103586252
-0.06189791243597083
-0.11078305889237709
-0.15805778940041154
-0.2031821117594446
-0.2458024596810353
-0.2857523057091013
-0.323008094937565
-0.3576152793060262
-0.3896207610699086
-0.4190082742505443
-0.4456506807734159
-0.46928906558160033
-0.4895393683773418
-0.505942318097064
-0.5180386429996933
-0.5254532691710784
-0.5279502954590274
-0.5254535964547519
-0.5180383818159556
-0.5059414004613886
-0.489539296497395
-0.46928804511485633
-0.44565103528479577
-0.41900760117641994
-0.3896203486574424
-0.3576142390446875
-0.3230074678076367
-0.2857521926639597
-0.24580163780326486
-0.20318072151582098
-0.15805588570035345
-0.11078140902461633
-0.061895439417927835
-0.012075614560578828
0.03792963998347193
0.0873568215001446
0.1354865565606909
0.1817050203920769
0.2255670385425155
0.2668162840920288
0.3053696985512963
0.3412471587978303
0.3745063300481573
0.40516667050920613
0.4331589155537261
0.4582870321360005
0.4802269077539659
0.49854768280047235
0.512776152214359
0.5224898063572075
0.5273812477174762
0.5272949444079021
0.5222344017907908
0.5123599967778155
0.4979822393020451
0.4795300145694213
0.45747240578031145
0.4322400800448967
0.4041538644424791
0.3734037769514304
0.3400556641471744
0.3040864646532302
0.2654402850930889
0.2240983630807747
0.1801512260291214
0.13385798884962863
0.08567256631344287
0.03621279452585084
-0.01379838869722086
-0.06359927572116851
-0.11243851090646932
-0.1596480038753909
-0.20469081324960575
-0.24722018005219448
-0.2870780172301364
-0.32424047019529995
-0.35875680838320056
-0.39067362601812994
-0.4199688357996065
-0.4465133258623139
-0.470041446394721
-0.4901676598400748
-0.5064289151547655
-0.5183691169189456
-0.5256164704164473
-0.5279425111212186
-0.5252718865311794
-0.5176918356200031
-0.505439587335883
-0.4888969312561159
-0.468520893562409
-0.4447740960676725
-0.4180326814500564
-0.3885537451352443
-0.35645761275101945
-0.32176007028117937
-0.28441240096309683
-0.24436772832756296
-0.2016575113410612
-0.15645212072108042
-0.10911345313387219
-0.06018173941612496
-0.010342452205259296
0.03965464138632834
0.08904868913169796
0.13712219830881006
0.18326602900777908
0.22704063187113743
0.26819886683945043
0.3066573869962838
0.3424446455810796
0.3756147389222082
0.4061848992803704
0.43408136097115546
0.45910748698469367
0.4809300977721956
0.4991168793778455
0.5131962522757542
0.5227488622144325
0.5274690261743279
0.5272110808224637
0.5219818927524948
0.5119443362088251
0.4974186922524033
0.4788345457768472
0.45666130386730763
0.4313265019396813
0.4031457871859606
0.37230698514250593
0.3388681702017963
0.30280849471789417
0.2640694693272456
0.22263561292563697
0.1786014216477475
0.1322343750323749
0.0839936071786542
0.0345032632019322
-0.015512922140229372
-0.06529247076146127
-0.11408754339287526
-0.16122844807191453
-0.20618816588160727
-0.24862880514647684
-0.28839267330542123
-0.32546203781215177
-0.3598895454431857
-0.391714882774429
-0.4209193630306916
-0.44736400979119373
-0.4707811584897747
-0.49078117558252465
-0.5069023555193121
-0.5186859612910772
-0.5257666280964399
-0.5279209913565055
-0.5250783596220029
-0.5173317008259617
-0.5049243389295374
-0.48824022951766727
-0.46774233704310464
-0.44388498281186106
-0.41704551485354957
-0.38747440677287737
-0.3552896558717349
-0.32050090069485326
-0.28306112155996277
-0.2429250601197237
-0.2001232630649534
-0.15483533024752982
-0.10743227425869582
-0.05845727914783452
-0.008599807312578561
0.04138986540565265
0.09075015462239046
0.13876753244555626
0.18483669099152503
0.22852454158197982
0.2695893587951412
0.30795781248863974
0.3436526534486818
0.37673291416686133
0.40721256999728034
0.43501428637974854
0.45993688927663606
0.4816425586255897
0.49969614414379043
0.5136274639880455
0.5230174782860556
0.527568071912421
0.5271383267452961
0.5217390341264606
0.5115420587418004
0.4968694467513045
0.4781543000578738
0.45586617892886877
0.4304284220434048
0.4021536546976356
0.37122402750696176
0.33769843395394444
0.3015466473094271
0.2627151328293611
0.2211894411607298
0.1770699709056914
0.1306302442768667
0.08233639131807
0.03281548602283098
-0.01720444575429472
-0.06696141305108405
-0.11570926764162079
-0.16278325805844962
-0.20765855230511154
-0.25000795601677855
-0.28967710656560974
-0.3266549063363279
-0.3609908488811545
-0.39272748064633006
-0.42183851269776845
-0.4481831625283196
-0.4714897047338646
-0.4913627914909392
-0.5073394957194907
-0.518965326985825
-0.5258777612295132
-0.52785847976446
-0.52484455512188
-0.5169314106619786
-0.5043693288949341
-0.48754558758401584
-0.46692154471210034
-0.4429559113504525
-0.41601901121151946
-0.386354767963893
-0.3540795356209977
-0.3192003622435866
-0.2816659043184679
-0.24143371686990575
-0.19854403606178578
-0.15317537831219682
-0.10570500210013913
-0.05668623140538145
-0.006810227338150458
0.04317161597247176
0.09249991984740455
0.1404573992879663
0.18645105496420186
0.23005507084110222
0.27102942762701954
0.3093049036612344
0.34491061099577164
0.3779039021112307
0.40829383719448503
0.43600439197297464
0.46082375597766917
0.4824135322071788
0.5003335396696716
0.5141149041884833
0.5233446973776873
0.5277285842586493
0.5271268857751039
0.5215596442895455
0.5112050509952746
0.4963875577020657
0.47754347933496316
0.4551429623426428
0.4296046159056445
0.40124029981807885
0.370223482108903
0.33660984383400094
0.300369103100852
0.26144863306227595
0.21983321078358936
0.17563158337782178
0.12912148400938034
0.08077670419013727
0.031228248884263617
-0.018791226787856788
-0.06852201490778743
-0.11721939192047355
-0.16422042332689282
-0.2090114941827408
-0.25126588852503223
-0.2908381989167163
-0.32771889821467975
-0.36196059298995314
-0.3936026338171307
-0.4226169347160924
-0.44885803613992886
-0.4720483400589681
-0.4917896790986934
-0.5076186238276545
-0.5190827599950036
-0.5258226899205105
-0.5276260823791357
-0.524433358511573
-0.5163495484010938
-0.5036264768386055
-0.4866574054069236
-0.46590575044503607
-0.44182509212956445
-0.41478128855091273
-0.3850212619784198
-0.35265006017434275
-0.3176689846956279
-0.28003761705775376
-0.23970435717761535
-0.19671346555743824
-0.15125724606599295
-0.1037144184589204
-0.054646319491698896
-0.004743404441829946
0.04523745984416099
0.0945406695806308
0.14245263026221527
0.18838060958453054
0.2319076196126122
0.27279890601539153
0.31099523001171847
0.3465252650445238
0.3794409452843703
0.40975545183556034
0.43738383108230156
0.46211226640955705
0.4835989510598279
0.501401557017399
0.5150513137708534
0.5241346380932974
0.528365356685435
0.5276109943526412
0.5218971789351996
0.5114008734428848
0.49645852567702925
0.4775055240900774
0.455013024798298
0.4293965585032423
0.40096322979353133
0.36988283927901344
0.33620742767192696
0.2999024281761958
0.26091810090353307
0.2192400967140091
0.17498508277180738
0.12843744397529447
0.08007486840755398
0.03053419307644881
-0.019450672616854424
-0.06911788324778109
-0.11772534429255814
-0.1646165518843614
-0.20927748711997943
-0.2513913444052563
-0.2908230526317874
-0.32755945046067947
-0.3616568652468564
-0.3931525091126975
-0.42201336971879766
-0.4480933223262978
-0.4711048207748188
-0.490652975199538
-0.5062628774694806
-0.5174923463416266
-0.5239844066780792
-0.5255312221746
-0.5220807346501877
-0.5137380168333227
-0.5007622578840419
-0.4835539788193182
-0.4625701301051303
-0.4382688295163324
-0.4110085015349732
-0.3810298119793778
-0.34843513541527416
-0.31322562010757093
-0.27535268060982276
-0.23477031923077288
-0.1915275701993093
-0.14581824000868604
-0.0980286914535382
-0.04872872447635449
0.0013964867009384654
0.05158173600820049
0.10107638956866154
0.14917187121188955
0.19528117638535022
0.23899074516653115
0.2800828579138743
0.3184921531734761
0.35425655400508627
0.38742937826831253
0.4180229551378076
0.44594796197786835
0.4709908343034863
0.4928032113028096
0.5109496902517403
0.5249591446077393
0.5344244461896388
0.5390673327477021
0.5387620003719507
0.53354228360625
0.5235999364618514
0.5092722387083534
0.49100701925844836
0.4692725833874949
0.44449317308973
0.4169709913627815
0.3868789471617493
0.3542671795596813
0.31911062175136007
0.2813613210053691
0.24102269519528635
0.1982125695941411
0.15323849110385748
0.10659694033695773
0.05893223527968995
0.010995297684968609
-0.03643687305762744
-0.08260916826153442
-0.1268553935571788
-0.1686511849816037
-0.2076692168877816
-0.24375575939109018
-0.2768884137003501
-0.3070979118851018
-0.33439226136724587
-0.35871622972110956
-0.37988474212856926
-0.39759418731868357
-0.4114335843713882
-0.4209598297572708
-0.42578364116485123
-0.4256618916847853
-0.42055833558835615
-0.4106569574779825
-0.39636054702885276
-0.3783190796039177
-0.35739025808680885
-0.33455624209907114
-0.3107536383385459
-0.2867009720502116
-0.262723763457998
-0.23873475877449052
-0.21430260215351823
-0.18885201360230794
-0.16186721172184038
-0.13304670212383093
-0.10237391281978586
-0.07010280401118764
-0.03670534868817347
-0.0028576542000113463
0.030526985614111664
0.06229015459290623
0.09113816450576871
0.11586582059473277
0.13560445813530586
0.14995955245402062
0.15907074268318544
0.16352926345525798
0.16430930928316087
0.16268220418445645
0.16013144194173926
0.15818355714714846
0.1581419294662142
0.16080036706343723
0.16623331958463128
0.17380179086229053
0.18229844471980955
0.19029137379179484
0.19635359398137456
0.19928336846222494
0.19816407351628645
0.19237870305376412
0.18163628132561555
0.16600276575614667
0.1459442751062526
0.12229930806897514
0.09622067047571016
0.06901210655865711
0.042016849593483695
0.016495718241736793
-0.00646379171156736
-0.026035627806577415
-0.04172538771990547
-0.053438053278928886
-0.061444723018322975
-0.06627732779830811
-0.06857708729034101
-0.06897345318871452
-0.06801585652071533
-0.06613774194032956
-0.06367609062202985
-0.06086316950645062
-0.057870210660913
-0.05481392353514823
-0.0517746403888947
-0.04880328768705277
-0.04593432280383153
-0.04319310994618617
-0.040582865350688065
-0.038114988070673206
-0.03578873197832149
-0.03360088697668362
-0.03154977874425688
-0.02962529055265196
-0.027825331400170707
-0.026144340436295623
-0.024572641313099344
-0.023104499812703516
-0.02173506852019365
-0.020455540979989736
-0.01925794347631154
-0.0181423474500847
-0.01710180351760304
-0.016126639346125776
-0.015216521936921572
-0.014365917492255634
-0.013569424838490586
-0.012824273283494836
-0.012128119655226253
-0.011472190993178357
-0.010863839663861261
-0.010290252528491538
-0.009751917231628989
-0.009244558459781253
-0.008773396843583182
-0.00832908293879951
-0.007906554570046513
-0.007514260951030918
-0.0071427285637740015
-0.0067962311379524
-0.006467310061443342
-0.0061587353559660035
-0.00586743816233895
-0.00559153595707843
-0.005332328005674056
-0.005084921073002782
-0.004854655794621946
-0.0046356528358247485
-0.004427307201193843
-0.004232055452615011
-0.004046232756672793
-0.0038711857466217003
-0.003703102758460739
-0.0035474859933113793
-0.003397041443144359
-0.003253804585296588
-0.003118857209161249
-0.002993609303877915
-0.0028696043517153044
-0.0027544627530067807
-0.002644961661516085
-0.0025380034404575754
-0.0024389845593139822
-0.002344223601920475
-0.00225388061466972
-0.0021695512366386913
-0.0020861876530862745
-0.002006778103970332
-0.001934245123230105
-0.0018609408872119404
-0.0017912464222416796
-0.001729931752671499
-0.0016639556524291523
-0.0016064024782543429
-0.001548251491512771
-0.0014938153546643679
-0.0014406390435624374
-0.0013905122248539447
-0.001345563429979656
-0.0012983529919615977
-0.0012543377102364345
-0.0012125068790063771
-0.0011710463336486378
-0.0011335769637726679
-0.0010969392408353114
-0.0010585978799004777
-0.0010239719225137714
-0.0009951327626891234
-0.0009629061418472475
-0.0009298100019237888
-0.0009037251531845925
-0.0008746001566888372
-0.0008495363696936492
-0.0008217294326709702
-0.000797091856177307
-0.0007713735154946607
-0.0007500544328520718
-0.0007282584993396129
-0.0007079464685456044
-0.0006848699075472079
-0.0006660247047062334
-0.000644386063754476
-0.0006270314916873036
-0.0006112104261867018
-0.0005936918020708875
-0.0005764952026731269
-0.0005602703457389327
-0.0005431457222045417
-0.0005281162357475557
-0.0005143669270372028
-0.0005009082975116127
-0.00048652691527018455
-0.00047330729523695014
-0.0004608400578373146
-0.00044877781904435705
-0.00043881472285411705
-0.0004257563791428027
-0.00041257685167429706
-0.00040525416856999257
-0.0003925536281365582
-0.0003820644525676276
-0.0003730396555577099
-0.0003626061425406288
-0.0003563385168599051
-0.00034623493590800345
-0.0003359766454425459
-0.0003280101501072299
-0.0003215354452606811
-0.0003129447988188281
-0.00030839124608872533
-0.00030006758663667375
-0.000292155728645963
-0.0002842033451265396
-0.00027989840188811854
-0.00026964921661254713
-0.0002663735012584106
-0.00025906711044956874
-0.00025325905623973453
-0.0002482182816746213
-0.0002424944813057662
-0.00023548055754682418
-0.00023055247708757046
-0.00022700419313692773
-0.00022136411142048928
-0.00021684321139444856
-0.0002116120036051076
-0.0002070310301583279
-0.0002002514446135019
-0.00019737304542741447
-0.00019349037065884717
-0.00018782739461627537
-0.00018449391522251676
-0.00018253190673726745
-0.00017555026562733345
-0.00017275785760634396
-0.00016994301633529332
-0.0001679382520581014
-0.00015898885455786627
-0.00015918257974192903
-0.00015531071643802599
-0.000153897755357447
-0.00014827077097544783
-0.0001471733957034264
-0.0001430423727715501
-0.0001408988183937266
-0.00013777265125996692
-0.00013577883561411442
-0.00013100075541660618
-0.0001299340770524852
-0.00012618274012685698
-0.00012598602205390587
-0.00012338070611596258
-0.0001220727923721623
-0.00011712861469225514
-0.00011507768680530501
-0.00011382423811207822
-0.00011286725899112431
-0.00010962996388040623
-0.00010696323260014944
-0.00010466106922935438
-0.00010546517102907095
-0.00009927371841205792
-0.0000985124225475411
-0.00009808819707346254
-0.00009742857606484817
-0.0000959006823862451
-0.00009637568016966176
-0.00009041880517642284
-0.00008842928417466361
-0.0000860168248919381
-0.00008465514678809502
-0.00008311238767988498
-0.0000846383157765981
-0.00008137058580462031
-0.0000780929499104112
-0.00008170308812464922
-0.00007820875246490491
-0.00007559145053373692
-0.0000739863878838049
-0.00007257423490155936
-0.00007113447798411796
-0.00007176155689528535
-0.00007105940633160359
-0.00006912110262547387
-0.00006627770066356962
-0.00006895961866073206
-0.00006515935221500299
-0.0000644033963580018
