-0.000025482402148079774
-0.000027165339582051455
-0.000025203417319198488
-0.00003127817185346938
-0.000028956034221108374
-0.000028332336089403882
-0.000025828920637927564
-0.00003124380487487652
-0.000029531943651551125
-0.00003221670895775535
-0.0000325736685972576
-0.00003262640086715102
-0.000033529174549833636
-0.000032454957864656155
-0.000033031107829407
-0.00003499808856769769
-0.000035182056557554805
-0.000036461753269170396
-0.00003414347470515628
-0.00003203709068529065
-0.00003876708519333108
-0.00003711069159404857
-0.000039339716712299295
-0.00004069400303515617
-0.0000372410542162443
-0.00003920336723344625
-0.000036278601574755004
-0.00004068050801707533
-0.00004207357870271288
-0.000043017657849085175
-0.000042260030313394866
-0.00004184704815284496
-0.00004571241732865579
-0.000048541061050816714
-0.00004853858453253412
-0.00004382664881487574
-0.00004670432113404218
-0.000047898165651847756
-0.000048733848003760856
-0.00004947407017258081
-0.00005070597388714063
-0.00005330586464175015
-0.000050964721123397204
-0.000052815091184211496
-0.00005134846019856155
-0.000055172267978354716
-0.00005657387667103627
-0.00005517149304963656
-0.00005657876695355509
-0.00006054997315607103
-0.00005888769378733139
-0.00005800128485917629
-0.00006385217508439133
-0.00006199625097359417
-0.00006517671734614052
-0.00006600100165999076
-0.00006464144833026119
-0.00006833323937851302
-0.0000688945625970089
-0.0000711928324288492
-0.00007301376090102363
-0.00007080552854742941
-0.00007309232214866285
-0.00007381564186364372
-0.0000773843976973621
-0.00007618007903414916
-0.00007799954431299464
-0.00007559234480581012
-0.0000809342810407328
-0.00008485315796818532
-0.00008593267173144833
-0.00008453467868224261
-0.00008950381980047901
-0.00008939563715204871
-0.00009066961545855685
-0.00009495269551623565
-0.00009606665002899188
-0.00009565443346575571
-0.0001029602111120248
-0.0001003672693079555
-0.00010497488605651455
-0.00010574533398812886
-0.00010796541650071054
-0.00010923179009188983
-0.00011387653804575359
-0.00011155530212044895
-0.00011739633913365531
-0.00011630175009990069
-0.00011894622748259878
-0.00012126698169732121
-0.00012634995973265405
-0.00013124035609667103
-0.00013239307571256048
-0.00013095268979094004
-0.00013556169645992069
-0.00013953687800871527
-0.00014296047674344407
-0.00014434625206271646
-0.0001484466663541034
-0.00015090167101073357
-0.00015358887493997672
-0.00015604151562107518
-0.00016429500058354863
-0.00016393484340568147
-0.00017140763737676036
-0.00017381098342756336
-0.00017865428793318444
-0.00018164765667398624
-0.0001824436989218937
-0.00018800172273935567
-0.00019483795128357782
-0.00020119883036756042
-0.00020437000830636072
-0.000208516799231386
-0.00021190813658738985
-0.00021808825383600976
-0.0002210080008702179
-0.00022662322251900527
-0.0002310843791648121
-0.00024044625901169695
-0.00024174353484445534
-0.00025172097554281123
-0.0002578705706075871
-0.00026217449014310904
-0.0002678918173303386
-0.00027408416325181166
-0.0002866639891144915
-0.00028849742208425196
-0.00029991287667737815
-0.0003052557972631161
-0.0003129541542087567
-0.00032193343531684073
-0.00032780461940094666
-0.000339361682507221
-0.00034910251243662537
-0.0003563833388223345
-0.00037157767330099785
-0.00037868987004266333
-0.0003882516256278395
-0.0003998156402921639
-0.00040903354578616615
-0.00042197062375182013
-0.00043295307713521426
-0.0004423224766556024
-0.00045725974337903775
-0.000474230621988499
-0.000485880479668251
-0.0005008697780083001
-0.0005141712525413475
-0.0005303688200982135
-0.0005453420389800148
-0.0005599312861036615
-0.0005803925749130337
-0.0005976911491808299
-0.0006158942514700783
-0.0006338976514910716
-0.0006553712179877184
-0.0006758678585614971
-0.0006940743332781245
-0.0007205103690582672
-0.0007425316904743527
-0.0007656922431583027
-0.0007932907372776486
-0.0008188948798690001
-0.0008470776272543233
-0.0008754238612828516
-0.0009075256640517291
-0.0009351571535687898
-0.0009678110762600382
-0.0010019008739759186
-0.0010400846982952044
-0.001073266241766717
-0.001113408612246112
-0.0011543230107368021
-0.0011945891704158598
-0.0012372510212769086
-0.0012843706682200363
-0.0013314155919593373
-0.0013812819455197973
-0.0014348034064844098
-0.0014902776749842709
-0.0015475579175153104
-0.0016082055579503592
-0.0016723662854078913
-0.0017408698469301776
-0.0018077324539350287
-0.0018824440779615992
-0.0019625942456473235
-0.0020414917808451657
-0.002127425103986598
-0.002219667748624762
-0.002314932153621443
-0.0024126943779280065
-0.0025168474322294775
-0.002631934881844817
-0.002749788903293584
-0.0028724875580923887
-0.003000276054420882
-0.003140143211178716
-0.003284344715772967
-0.0034417652539392926
-0.003603573055419815
-0.003775209659345902
-0.003960186214250582
-0.0041552731275871675
-0.004360385719036456
-0.004581521136049196
-0.00481175612621302
-0.005059338149939912
-0.005320169163952386
-0.0056005958094155215
-0.005897800562836096
-0.006214414733724583
-0.00655275404862782
-0.006912039375255807
-0.007294518733017513
-0.007703258954548691
-0.008140311949050669
-0.008606878287988059
-0.009109346980942868
-0.009642156330417394
-0.010215515810819722
-0.010830619506731502
-0.01148981142689164
-0.012192714603497627
-0.012952524850544028
-0.013765787043633503
-0.014638534886476987
-0.015575994349256505
-0.0165837859298139
-0.017667242759405122
-0.018830014993339073
-0.020078527693156174
-0.02142760110466843
-0.022867307713980083
-0.024421725884527266
-0.026081228728173637
-0.027864951067359117
-0.029770879525983725
-0.03180791177530144
-0.03397658922906287
-0.03627197069458161
-0.038699393665228635
-0.04123762357852911
-0.043869747639763895
-0.04656562181527573
-0.049264708338880484
-0.05188785202581368
-0.05430056021659989
-0.05632869693006246
-0.05770725170243336
-0.05805907258609383
-0.05686482293721021
-0.05348161391369097
-0.04714400563771082
-0.037057506606492555
-0.02259946798498419
-0.0034818012298071855
0.02009582432739468
0.047449616756496185
0.07748659665337192
0.10881182054469431
0.13986778097763086
0.1690463425325638
0.19484662912624426
0.21608347936398706
0.23196664203292902
0.24214424563532136
0.2465979841277033
0.245555535891212
0.2394112956682302
0.22869662432370488
0.21414050964991235
0.1965824104438814
0.17688754458951833
0.15568670196897394
0.1331976704609729
0.109172323955572
0.08300001268338178
0.05396462548692944
0.021535376886152726
-0.01445091827942406
-0.05369597919951598
-0.09551311987425952
-0.1388785986551949
-0.1824653169217809
-0.22470079878559412
-0.26387473381243265
-0.29834179080106693
-0.3267512688860936
-0.3481534006457297
-0.36198021249155127
-0.3679386659825797
-0.3659888657736862
-0.35640973815016164
-0.3398283934272084
-0.31722514121621415
-0.28983715352693606
-0.25903024466485397
-0.22619595610095217
-0.192630732820228
-0.15936823018105492
-0.12706985189717176
-0.09598576491307671
-0.06608250136195318
-0.03732759801495432
-0.009922198925833152
0.01566399705609011
0.03885679649271489
0.05928883523521655
0.07696046067174872
0.09220855392784807
0.10546253737460196
0.11697305905527439
0.12667117994496924
0.1342033680490788
0.13913858439779933
0.14119795604996402
0.1404017213312143
0.13710671457327572
0.1318637939114288
0.12526308971201108
0.11785589942672453
0.11006979830182989
0.10224576975914983
0.09463095342840355
0.08739242307295164
0.08063408847633073
0.07440261746394371
0.06869783828167668
0.06349373889216021
0.05874483429179261
0.054408997573223206
0.050444643077490414
0.04681877158653981
0.043491042397031665
0.04044067134974589
0.03764179833493705
0.035076217652949986
0.03272424327709915
0.030561362808311118
0.02856933869396794
0.026732777949964363
0.025027913380336265
0.023443554090376493
0.02196699947065026
0.02058996666568585
0.01930474995400201
0.018107253065561414
0.016985763395146552
0.015939955721727937
0.014964360646844317
0.014053706236371161
0.013202039125179334
0.012406525881315736
0.011664530589349024
0.010970248559342545
0.010322471492121775
0.009718760095911164
0.009151035442946483
0.00862483942615405
0.008129818885912687
0.007670806106140898
0.0072426537998258956
0.006846378057706657
0.006479833945857854
0.006137345232132978
0.00582301512406966
0.00552715082737973
0.005255013270077872
0.004999420100582979
0.004760108643644363
0.004538598917130926
0.0043253897691361565
0.004131214050974661
0.00394679345973659
0.0037723407428114095
0.003610308707105804
0.0034568903195241803
0.003310577852078613
0.0031744442968763805
0.003043852143784402
0.002917854416284485
0.002798052477057524
0.002680409607170302
0.002573780928054386
0.002465831930057921
0.002363251945370572
0.0022657624220420794
0.00216999351418113
0.0020801769824008794
0.001995248418315047
0.0019148675093836557
0.001835257217698341
0.0017588113782356402
0.0016865355862870062
0.0016172699389857563
0.001551819273609441
0.0014893797241868937
0.0014284810893246962
0.0013711715611258158
0.0013186003368095757
0.001267528118898792
0.0012199550825390745
0.001175208597398959
0.001134205452560153
0.001093111697831037
0.0010569120683720445
0.0010191537973151816
0.0009864770467764294
0.0009537462743643445
0.000923265974466641
0.0008924468546485911
0.0008646988814459849
0.000841650322491754
0.0008157922049269304
0.0007915159145489882
0.0007700100315065981
0.0007463581715094971
0.0007228233479587407
0.0007028017882031164
0.0006820453439385591
0.0006619209841468746
0.0006423523523747927
0.0006232929057686167
0.0006049272595062093
0.0005871394490302847
0.0005667558854970436
0.0005497218062437703
0.0005339191152708399
0.0005163724532759115
0.0005025010084393721
0.0004855649956385322
0.00047046598098569154
0.000456099578256005
0.0004413782750928955
0.0004289956907549829
0.00041537812796248283
0.0004012809620293127
0.00039092177969915417
0.0003790821245600981
0.0003667113449278753
0.0003568994139336987
0.0003490352237240695
0.00033913748989103403
0.00033154314204507265
0.0003235707838068672
0.000314893854131389
0.0003083202266490372
0.0002983484693890866
0.0002929317401013319
0.00028421823509019046
0.0002793785970514458
0.00027230853827060346
0.00026913574477277486
0.00026139169702284366
0.0002547998748655214
0.00024924468214587145
0.000245722318599647
0.00023981063258362342
0.00023129414497468495
0.00022684770578628856
0.00022174850262447767
0.00021797427578772882
0.00021218962096966317
0.00020619536597331667
0.00020114844408529578
0.00019572068534886786
0.00019130353863869355
0.0001878519012049803
0.0001814436981752258
0.00017588640268508286
0.00017564582992690822
0.00016945349486698736
0.00016522928944103416
0.00016309527900929582
0.00015687231053627515
0.00015304540423163063
0.00014991205593305564
0.00014648767827116636
0.00014375466642526464
0.00013988819481125555
0.00013791853111056135
0.00013561097361449473
0.00013421329673126738
0.00012943246625182238
0.00012789844911478563
0.0001253543737425369
0.00012447582516752427
0.00011916679956467704
0.00011707455024510264
0.00011602710925664283
0.00011560974826909034
0.00011224765974789412
0.00011054517179351772
0.000106450115201946
0.00010506485290584042
0.00010527488879892685
0.00010424963290392729
0.0001021328570671732
0.00009916976471074813
0.00009881678509656654
0.00009398745983327743
0.00009175375587317217
0.00009129574316505529
0.00008914521100122344
0.00008670423330468704
0.00008383614183702062
0.00008531379436540774
0.000081073464231169
0.00007863810501987707
0.00007928120253432755
0.00007730976391074339
0.0000752089837094285
0.000072548399005491
0.00007209264462054893
0.00007278005030220971
0.00006676565815378461
0.00006701704317931676
0.00006868754418822367
0.00006531944623715017
0.00006640542145201039
0.00006375437451932152
0.00006202837308036823
0.00006364063961679014
0.00006109279865770516
0.00005927205168960123
0.00006045104133639264
0.000057990468398688426
0.00005829480281655069
0.000056051113363028975
0.000055806870670618116
0.00005456901399712734
0.000053740331194628136
0.000052770448682169256
0.000052842043048863234
0.00005186050063259979
0.000052091984005762905
0.00005130178946799524
0.0000505086159203875
0.000049433635168099675
0.000047408002446546855
0.0000474045369287676
0.000045562386059994765
0.00004489642136053861
0.00004422785576112169
0.00004205227427819772
0.00004231402628967992
0.000041345153264766985
0.00004028493035654128
0.000040558129784581005
0.00004063601763700755
0.00003898459177701376
0.00003626787747444547
0.000037300093828931324
0.00003691514309062926
0.000036560664625127776
0.00003575930143744001
0.000035257597865534753
0.00003485655598508123
0.000033640448322195336
0.000034811568677419204
0.00003324700843094304
0.00003278013896997204
0.00003235409852601508
0.00003106775894501463
0.00003255647580111548
0.00003203376407090603
0.00003069303547669093
0.000032314830863966064
0.00003028429058567811
0.00003094343043346883
0.000028510113503365052
0.000029498257293407586
0.000028781288708347317
0.000029747715383409447
0.000027676339944394764
0.000028000888171169362
0.000026702995345506936
0.000027364648111914215
0.000027395828346655318
0.000024537750206549178
0.000025437729817488063
0.00002477174676003572
0.000023150779526447915
0.000024396497270682607
0.00002325967790027484
0.000023184069583569985
0.00002372447500867626
0.00002232315418556248
0.000022355023870943852
0.00002238035718837183
0.000021565531084049477
0.000021413581367326238
0.00002115249809143217
0.000020167296376608946
0.00002184859758824236
0.000019623292952306505
0.00002004238079460792
0.000018658981027404298
0.000019282787560443028
0.00001982547158060974
0.000019675027490284904
0.00001889361127636773
0.000018753401208811123
0.000018786511892321634
0.00001956412681043108
0.000018053771522175243
0.000018421061206666768
0.000018761271299642303
0.000017626958217279375
0.000018178000230257146
0.000017228809939739936
0.000016919133304296887
0.000017215290632468602
0.000015885427396538402
0.000015997933515198942
0.000015565425335480755
0.000016481762261600245
0.000016029138887811396
0.000015406845364012483
0.000014662448100065432
0.00001547653094379429
0.000014570919045862296
0.000014131680803338901
0.000014914688936000121
0.00001433249951813672
0.000013451280016418373
0.000013058409791341229
0.000013904766110266944
0.000013499620267175725
0.000012255778548810863
0.000013744347068685929
0.000013564328625278236
0.000012927687995071864
0.000014736864758651354
0.000012174366140468558
0.000013672095138312242
0.000012792162841401034
0.000012714807908539845
0.000011768544876120765
0.000012416089986275417
0.000011392841802115475
0.000010468694029608649
0.000011075181180845793
0.000012445257836413138
0.000011987657107375037
0.00001146047869293104
0.000011717889935629332
0.000010847060523280052
0.000010621811153609673
0.000011919877815940878
0.000011113734351762562
0.000010763049329608767
0.000010879711960743052
0.00001035111949141412
0.000010547255129684173
9.869265532159108e-6
9.723685677120812e-6
9.32595384775137e-6
0.000010565736606868827
9.425368199992743e-6
8.899289579849548e-6
0.000010352595462104836
9.392938255857164e-6
9.049876248449587e-6
9.299196649073273e-6
9.157072530396327e-6
9.092387913336832e-6
7.728543300512207e-6
8.134558910039976e-6
8.926683018043207e-6
8.841550162123854e-6
9.188493009066857e-6
8.420978125238926e-6
7.748492656982767e-6
9.133299372208852e-6
8.517380996046478e-6
7.4624665917328755e-6
8.312283271466735e-6
8.384676788221096e-6
6.489221252801929e-6
8.58233654293465e-6
7.737463752476007e-6
7.778140749458504e-6
8.27044907850897e-6
7.74874420348477e-6
6.760264068593042e-6
8.492877729071022e-6
6.891844219657459e-6
6.4725517356057976e-6
7.484756033556349e-6
8.403143043387498e-6
6.8848118375830045e-6
7.467538801931898e-6
6.524952220559451e-6
6.149222847790859e-6
5.80798711763821e-6
6.566925634535435e-6
5.904485985590366e-6
6.589795561902784e-6
7.84121529426004e-6
5.677092007961055e-6
6.693574731903594e-6
6.39365175899013e-6
5.852278423373973e-6
5.79276962787757e-6
6.75440530095109e-6
5.611630870931762e-6
6.423815232686363e-6
5.654742273555435e-6
6.574104064444932e-6
6.375594058309904e-6
6.553960826592815e-6
6.6456088659854735e-6
5.5699453125716565e-6
5.896687688346665e-6
5.9399161231277036e-6
6.704463814501153e-6
6.203162186082459e-6
6.210329333648143e-6
5.181910749727169e-6
5.033747971467782e-6
5.137131986305286e-6
5.019897203141721e-6
4.675140191073686e-6
5.85741295612056e-6
5.555562535000128e-6
5.0132987738550955e-6
5.036461629919589e-6
4.912164020717424e-6
5.050183521266684e-6
5.888337840104826e-6
4.390496155911691e-6
4.4479573720753e-6
3.50793265771619e-6
4.435110345516024e-6
4.464640646693024e-6
4.5757694977222735e-6
3.880601884788717e-6
5.431909298476028e-6
4.8092279476084275e-6
4.75482034343008e-6
4.120808897960179e-6
4.394792019193987e-6
3.656218269104228e-6
4.788405802722439e-6
4.266624695282665e-6
4.268608318625163e-6
3.530787207754415e-6
4.572240928673381e-6
5.086191141007525e-6
4.711254700974202e-6
4.064376989483586e-6
3.325725043163914e-6
3.652429071856456e-6
4.326901470902034e-6
4.462954190380624e-6
4.752784701720442e-6
4.153158648124038e-6
3.5678759804609272e-6
4.73767330895411e-6
3.950264998543656e-6
4.8250475765109465e-6
3.4256474341875502e-6
4.514030456763447e-6
4.635230011091076e-6
3.570305737667568e-6
3.535413010758471e-6
3.4761057772176288e-6
4.368296988054079e-6
4.060605515960823e-6
3.429451215713345e-6
3.2474967555049744e-6
4.085032317999816e-6
3.908849395784713e-6
3.7329988375160053e-6
3.625569195808264e-6
3.451602707731062e-6
3.718511602964849e-6
4.4498417887902975e-6
3.927292382872701e-6
3.4717063116289133e-6
3.429853654729905e-6
3.6094233053121052e-6
3.428624677586449e-6
3.152885891945555e-6
3.3747926742409527e-6
2.79904253878668e-6
2.965500398450837e-6
3.477771567650813e-6
3.1955020824092824e-6
3.622093363572777e-6
4.333167257590751e-6
3.316844069443171e-6
3.3870682404346873e-6
2.6437580996975496e-6
3.7749007487592628e-6
2.775515014112319e-6
3.0133638567145197e-6
3.2419883537930816e-6
3.423257699265196e-6
2.8425404011673964e-6
3.636694688746646e-6
2.965743569241194e-6
2.54798646957359e-6
2.6630266356937305e-6
1.8088761880991412e-6
2.5499963227009042e-6
2.4095730406693362e-6
2.0497357980856195e-6
2.4371080345089843e-6
2.793625846945354e-6
2.0230082310325763e-6
2.3544182522282517e-6
2.6837741823782855e-6
2.3871349590473723e-6
1.867048319579139e-6
2.421653383665637e-6
1.993483963883415e-6
3.7074516988721432e-6
2.5497011693124876e-6
1.5571933385775925e-6
1.9368543333956752e-6
2.2146948481310425e-6
1.8914253335036597e-6
2.433357766776471e-6
1.3257831747585697e-6
1.6576347800081387e-6
2.4590372704155615e-6
2.497735121430179e-6
2.900441255161524e-6
3.15825218520751e-6
2.23218037437396e-6
2.8157073162423707e-6
3.0362841797704408e-6
2.249364428001617e-6
1.9546951824286455e-6
2.651599604060179e-6
2.0579892233446014e-6
2.7323247440239575e-6
1.8842289208719276e-6
1.4914069653749537e-6
2.3724172952129908e-6
1.999592453850159e-6
2.6489550074316958e-6
8.792915663723257e-7
1.8714838449661614e-6
1.9906748307835116e-6
2.5177045743528645e-6
1.7121649704100475e-6
1.7352698361446997e-6
1.6694408652186253e-6
1.7075671308826885e-6
1.5502052110200465e-6
2.041082289728309e-6
1.6990674807217086e-6
1.62674906508503e-6
2.0406705069504457e-6
2.319949389136686e-6
1.8249601897943107e-6
1.2942672449228555e-6
1.9244521489088295e-6
1.5120457976706833e-6
2.093674297236259e-6
2.2919926854936253e-6
1.5286518193227192e-6
1.7722581752636794e-6
2.0602287189264533e-6
2.1148121009430373e-6
2.1773219031441564e-6
1.7219070510938759e-6
1.2454289579453577e-6
1.7847650447422663e-6
2.268980389978369e-6
1.7226993928183198e-6
1.7064378670988798e-6
1.574808060806357e-6
2.38567728658664e-6
2.2237768873667635e-6
1.6434236260686306e-6
1.394167846911163e-6
1.8634843032376475e-6
1.8449362860577355e-6
2.2178722356495766e-6
1.4396033822203238e-6
2.560238889058303e-6
1.2913585452149722e-6
1.3457855099962113e-6
1.9463189525620606e-6
1.2929262641691162e-6
1.1790099852469283e-6
2.6169664557074534e-6
1.666109862295474e-6
1.1824497064432555e-6
1.1899511907688935e-6
1.2175713170315111e-6
1.9403591448566935e-6
1.0621039774656054e-6
1.219588219447201e-6
1.6207247433771915e-6
1.199393158133635e-6
1.680582389690457e-6
1.9192386981234828e-6
1.6545331160509874e-6
1.8358777821152341e-6
1.5929273848200052e-6
2.185848002190013e-6
2.0121736434809912e-6
1.3648025639457895e-6
1.807967152545691e-6
1.7135968935493899e-6
1.2298730832954982e-6
1.8991286036797239e-6
1.5227841386021173e-6
1.505675823937163e-6
2.3794144613678887e-6
1.4232257622038474e-6
2.5444244192899596e-6
2.135633129235195e-6
1.9560051702485367e-6
9.708853092888722e-7
1.6648728362689735e-6
1.9864192919428747e-6
1.872507539638813e-6
1.3846772097127548e-6
1.7073997827229486e-6
1.9201104902832946e-6
1.686270865098196e-6
1.8553435554436288e-6
1.1719683961779801e-6
2.1580922876780323e-6
1.1075648516531203e-6
1.3524896768909349e-6
1.7601419414460777e-6
1.5010390257066482e-6
1.564037455907258e-6
1.544268955228355e-6
1.5650618761769558e-6
1.1936182229205087e-6
1.8716944618991368e-7
1.8716986595121323e-6
1.482906314960146e-6
1.3143216793749627e-6
1.0812157924279416e-6
1.1448660093786497e-6
9.222364488493118e-7
1.0741989749930306e-6
1.1642444806174866e-6
1.2246719921618836e-6
1.7099495864882105e-6
1.2510118436727795e-6
1.318673199757964e-6
1.8601262901349095e-6
1.4033016337345515e-6
1.0034728801486317e-6
7.138675705922529e-7
1.1079698741362438e-6
1.296376480867499e-6
9.828645111110435e-7
1.6599740513647222e-6
1.2120245776293047e-6
1.698499184637661e-6
1.1119335659508932e-6
5.918650627119364e-7
1.2905228520208614e-6
8.756400837190508e-7
1.4052330650003419e-6
1.4049155327517543e-6
1.2250443920960385e-6
1.8865893823527154e-6
5.299907100406581e-7
1.2161719157816206e-6
1.4307192457301307e-6
7.418326128051156e-7
1.8087017287969876e-6
1.4838610538989132e-6
1.4674068103252605e-6
9.64656173486447e-7
1.0217330295414001e-6
1.136164769788795e-6
1.3926234562315807e-6
1.2962764295809002e-6
1.5221524066917254e-6
1.602146996747625e-6
1.2615798993127031e-6
1.2556604571339764e-6
1.008267081649883e-6
1.2206261796609064e-6
8.190218572703132e-7
1.2929486859544778e-6
1.0635684965108972e-6
3.393461300660621e-7
9.82014939145558e-7
8.689016030671702e-7
1.6080365325812773e-6
1.127985946694948e-6
1.4621077224829886e-6
1.089135298399478e-6
9.263522558940417e-7
1.1665952028271532e-6
1.1192878887156062e-6
7.680017564103342e-7
9.543999421191444e-7
1.236472351409544e-6
1.3967633700938845e-6
1.2908633349272114e-6
1.3350333030807594e-6
1.380480827224303e-6
1.1506198680172182e-6
1.5269541621801746e-6
1.2331873858843752e-6
1.4235915244453932e-6
1.5729231046617148e-6
1.0664680542211843e-6
1.3305807043499185e-6
1.4571879558459155e-6
6.281642407457466e-7
1.3669460623372055e-6
8.634760502291994e-7
1.8040973690969077e-6
7.301150357016442e-7
1.3245446310112075e-6
8.401244451722664e-7
6.438078782765779e-7
1.262164108959028e-6
1.2581905739925982e-6
1.4516707956166303e-6
8.399992140504322e-7
1.2038815467303584e-6
6.25633292312354e-7
1.3606640504255887e-6
1.3144613016103239e-6
1.2950758507349923e-6
1.4826056342372807e-6
9.893134404604692e-7
1.217849288369856e-6
1.208035666977579e-6
1.1255639333374615e-6
8.680583384963635e-7
1.2128430856433854e-6
7.951255163501475e-7
1.3995074358153764e-6
1.981934703647361e-6
1.0933944620432565e-6
1.2158297236834796e-6
1.5761495517439623e-6
1.8601502138076395e-6
1.3037057669752213e-6
1.0534144522257392e-6
1.363975203219876e-6
1.471944744410189e-6
1.0188793872724574e-6
8.23920666097789e-7
9.799158691541846e-7
1.4857519109184053e-6
1.8504046291588158e-6
7.69694534796132e-7
1.4088225394424103e-6
9.406737251345746e-7
1.3509259272849353e-6
4.359132726962906e-7
1.3500674646322677e-6
1.1765377380903028e-6
1.234513360174019e-6
1.2646956286750024e-6
9.860136789737489e-7
1.3475136734777575e-6
1.446000295923321e-6
1.497786905445371e-6
1.4078454209904758e-6
1.6049264020945443e-6
9.317576221802025e-7
1.0755897597059875e-6
1.4471232675716105e-6
1.7288269261145548e-6
1.4392850503329057e-6
1.2824943018368166e-6
1.387740874996068e-6
7.400733029929687e-7
1.2615162979876383e-6
1.6008954370390544e-6
1.2637467293382567e-6
6.095749623104141e-7
1.613524558295896e-6
1.6116307400936514e-6
7.712027627287067e-7
1.1579906874081292e-6
1.4653979395218428e-6
1.5161858679063927e-6
1.410469651839716e-6
1.2314646865533793e-6
1.3062854777254086e-6
1.6263500750805908e-6
1.7589097574675272e-6
8.300354473188999e-7
1.4907864219981353e-6
1.1231795301910296e-6
1.7253766309255226e-6
1.6286841530374145e-6
1.6129417001901853e-6
1.2662971753176118e-6
1.609907687579866e-6
1.4679314776929093e-6
1.7137758992217764e-6
1.5939164167745955e-6
1.4602706605810401e-6
2.1416264186819914e-6
1.7432170352027868e-6
1.6055580451755394e-6
1.7781212403935158e-6
9.654061709284354e-7
1.6171605098445714e-6
1.870621876787129e-6
1.8712729618185289e-6
9.111944500535118e-7
1.0380364397325037e-6
1.6640992663481682e-6
1.7494658196848362e-6
1.7071362430174737e-6
1.852930139042689e-6
1.6819261509927067e-6
2.354522242868689e-6
2.0048048201008265e-6
1.8598961736868043e-6
1.9028306521761727e-6
1.2581279292165324e-6
1.9423596565247094e-6
2.3380826111241134e-6
1.9493309239574015e-6
1.7043593003647736e-6
1.5262345897886276e-6
1.791197777032445e-6
2.1300351919280603e-6
2.1012518581161445e-6
1.067763865461294e-6
1.6804333759658315e-6
1.6049428616555802e-6
2.064594299013884e-6
1.1639501508669088e-6
1.6637736684967775e-6
1.4812230741068373e-6
1.6024565649803177e-6
2.095701294758748e-6
1.32783587922951e-6
1.9279419723056895e-6
1.7516857714284649e-6
1.7318962030535132e-6
2.001451816094951e-6
1.3637894725564815e-6
2.011833916121282e-6
1.7375654571591387e-6
1.5434889819383142e-6
1.2397803412710128e-6
1.7185761096036139e-6
1.8521896314383465e-6
2.00330984955864e-6
1.7612243768373826e-6
2.310371106935404e-6
2.072214871035684e-6
2.1491754242484923e-6
2.4614932650334346e-6
1.3445379521318538e-6
1.5885529013917225e-6
1.8753312638803845e-6
2.079106614983488e-6
1.5107055626897193e-6
2.164988805960643e-6
2.3177561272771367e-6
2.3702219079109028e-6
1.6636140716710612e-6
1.509564398283303e-6
2.3638718915561683e-6
1.851147836444326e-6
1.8763776994686706e-6
1.3011977443820606e-6
1.8751978210477056e-6
1.7691918053963764e-6
2.975502555149321e-6
1.4521673375860363e-6
2.538962853167967e-6
2.054676665417104e-6
1.925024786031075e-6
2.6810890100718455e-6
2.0150998884781e-6
1.8401984653274051e-6
2.315482399988654e-6
2.22306280581206e-6
2.0045297278162204e-6
1.917857572943251e-6
1.9566960416766503e-6
2.394702535453203e-6
2.383359894450811e-6
1.4984142334933905e-6
1.5645285043682883e-6
2.2083303105500553e-6
2.193509547674134e-6
2.758314231249081e-6
1.8956362910478215e-6
1.680855821959189e-6
1.3981092664204667e-6
2.3321293058463168e-6
2.1200155562366336e-6
2.6021396105956725e-6
2.2628336295326686e-6
2.1158942677304473e-6
2.3173967835332334e-6
2.0644323485346706e-6
2.651397632498574e-6
2.526484939498899e-6
2.7785913145294265e-6
2.2864840293505467e-6
2.651672926180922e-6
2.3770781897082666e-6
2.755439011926025e-6
3.5707112274854805e-6
2.506336707921348e-6
2.4424244505193516e-6
2.2815074234963486e-6
2.762681135025352e-6
2.911766124667609e-6
2.69398264093183e-6
1.8083613081102944e-6
2.516122219098129e-6
2.1060274923851387e-6
3.375498715262635e-6
2.8101098455074825e-6
2.5811977422907953e-6
2.9496612581976176e-6
3.3075376334644016e-6
1.9243867440915545e-6
2.910511339483914e-6
2.6700422036790872e-6
2.9384935904315876e-6
2.973178707496274e-6
2.6577992815549193e-6
2.7062246731705844e-6
3.3170814918572014e-6
2.159871337492337e-6
3.323747905050762e-6
3.05157154499133e-6
3.5781823484139855e-6
3.042069233228925e-6
2.8232032192672747e-6
3.3936670999048933e-6
3.4157752966325152e-6
3.329220395395869e-6
2.802113436457389e-6
2.9388390526492795e-6
3.0976738592663243e-6
2.9134829357832723e-6
4.136306945959016e-6
3.2543903269739625e-6
3.3989921236576985e-6
4.826990610322234e-6
3.998845513438667e-6
3.68873937243593e-6
2.909453839127331e-6
4.655155593073375e-6
3.675181977381675e-6
3.5987195152266683e-6
3.5382396517939932e-6
3.3427555075023634e-6
3.1877585541496737e-6
3.009324433072227e-6
3.338715501474913e-6
3.93367704915414e-6
3.4241833412634368e-6
3.1155955866263107e-6
2.3911833514326165e-6
3.4368360093519154e-6
3.906402503775455e-6
2.5382044599476735e-6
3.436559989831171e-6
3.5268683840119996e-6
3.662159944478323e-6
3.987553889755973e-6
3.73330694050242e-6
3.78758006966479e-6
4.073304133372931e-6
4.098182342549541e-6
3.6050191083224295e-6
3.996352153056143e-6
5.255506011882591e-6
3.0497050328063854e-6
4.389655363915124e-6
3.875378562582181e-6
4.003941514772128e-6
4.105090497492611e-6
3.925477715927696e-6
3.977245488663166e-6
4.804566698224856e-6
4.911363501962207e-6
4.777349721851248e-6
5.488250821864788e-6
5.641594439783252e-6
4.312573844015796e-6
3.742919571014199e-6
4.534862162398685e-6
5.3113846986603095e-6
5.055791041058662e-6
5.002578059925798e-6
5.869100241188002e-6
5.973424567289303e-6
3.4597334390874853e-6
4.4745301716948274e-6
6.0227051955639396e-6
5.468675255146783e-6
5.638233479933432e-6
5.534950399263179e-6
5.579411507202015e-6
5.17630539668933e-6
5.740722585197909e-6
5.75902783218658e-6
5.752850218735116e-6
4.996669858476515e-6
6.285970235148895e-6
5.902368721918676e-6
6.030940130147744e-6
5.359608617357353e-6
5.923888973198521e-6
5.86623826347174e-6
6.093884453188005e-6
5.869889312382715e-6
5.0781644685896385e-6
5.836328825938111e-6
6.268806385779913e-6
6.113784602538068e-6
6.352134996484199e-6
5.498492544724117e-6
6.930481174344949e-6
5.676604172901553e-6
5.626607528642601e-6
7.624292670332615e-6
6.044636434054321e-6
6.419386484505663e-6
7.409529167743637e-6
6.424978233585478e-6
6.94714380674482e-6
7.384059254129781e-6
7.623657856977558e-6
6.7277631551402785e-6
7.314247941520778e-6
6.820176573853966e-6
6.853003189419773e-6
7.290765753822641e-6
7.700426823815887e-6
6.235462225396963e-6
6.7794039309589644e-6
7.802581122823938e-6
6.775943755570609e-6
8.463130405470278e-6
7.907298995290077e-6
8.029999052705522e-6
7.413075291303632e-6
7.984232259152725e-6
7.733384666360888e-6
8.518604678385975e-6
7.337562042637099e-6
8.280919605535893e-6
7.23027999355894e-6
9.140175389525534e-6
8.729280637876707e-6
9.54293184928513e-6
8.101926250950455e-6
7.872382215701453e-6
8.353821377088682e-6
8.802250339697742e-6
0.000010064601200844825
8.746555925139372e-6
8.801934812861322e-6
9.130093512877548e-6
8.450745555781056e-6
9.78503379933264e-6
9.146102966741994e-6
9.752988993386443e-6
9.423777874134295e-6
9.731497807108082e-6
0.000010223084446135259
0.000010196099476994588
0.000010717136469646753
0.000011287914072278056
0.000010215961994533701
9.81492637341983e-6
0.000010145447696619252
9.852766091940234e-6
0.000011358288983042456
0.000011636200276212295
0.000010747825272519855
0.000010853407523175949
0.000011549236357072138
0.000011354086311046714
0.000011206492021963508
0.000011442797104991347
0.000011608671166469439
0.000010455725815388929
0.000011624809673278606
0.000011764934506242784
0.00001223686658105797
0.000012338297186401347
0.000013260008893332843
0.000012648714771481384
0.000012574851615233064
0.000012515224915776993
0.000014214102983082655
0.000013682887532024401
0.000012373962420254368
0.000013953185996986669
0.000013544544668905663
0.000013465603833008774
0.000012960065288678274
0.00001452442269911746
0.000014734913119293153
0.000014827324936922542
0.000014441147249346593
0.00001484493409938537
0.000015629561708018754
0.00001532724492730552
0.00001592073767474361
0.000015537049140800787
0.000017850841112996852
0.000017210360472130304
0.000016907884162151617
0.00001628873398442832
0.000017899518821522723
0.000017553491019059803
0.000017292938042674037
0.000018213731786893743
0.0000183051227144749
0.00001802408056361676
0.000018687861236963756
0.00001940366851135781
0.00002030103518273412
0.000018604775879947963
0.00001933465705129027
0.00001985674768247602
0.000020525414750199314
0.000020231189947965993
0.000020072521147984383
0.000020629552433354712
0.0000212693273307315
0.00002106334844339044
0.000020603267667939343
0.000021803828550317034
0.000019775585492506023
0.00002134640244149257
0.000022850289947121715
0.000021931468016882397
0.000023318107230982512
0.000021575740636554723
0.000024352773673473678
0.00002378723177909782
0.000024436025229719123
0.000024387214650557608
0.000024512179077269234
0.000025927980213870688
0.000026119723797539185
0.000025986320159031442
0.00002673070846488758
0.000027099711891768607
0.00002752964198851449
0.000026722249355754716
0.000029853312155709654
0.00002969488420307898
0.000030175802591540995
0.000028962558008762903
0.00003210838154913603
0.000031330045636275744
0.00003211736314182476
0.00003188765712146382
0.00003262651523638671
0.000031352212157963046
0.00003337920431176082
0.00003186578258664709
0.000033636215171017005
0.00003302054728388754
0.000035907312232065154
0.00003531058470716212
0.00003561800423763469
0.00003480505130208166
0.00003509242083474064
0.000037031309174653996
0.00003619141895933639
0.000038331978921180556
0.00003778302633635676
0.00003998979696359561
0.0000393483585813835
0.000039195999862827895
0.000039766812355830253
0.0000415881418393786
0.000042545479984027344
0.000044700959789737794
0.00004537278631840143
0.000045221407060852134
0.00004674815316593343
0.00004688239652824634
0.00004924839867404876
0.000048219615748982225
0.0000501181355273557
0.00005096758603332308
0.000051636604583195835
0.00005214117926396435
0.00005235155172159995
0.00005474257512634397
0.00005423445388115297
0.00005427075788722183
0.00005564356783264748
0.00005723359108307547
0.000058238460010502435
0.00005721639109200583
0.00005936251952845861
0.000060493034261322646
0.00006207515726047277
0.00006113459864817694
0.00006193459193633657
0.00006357998731660457
0.00006425379084741763
0.00006526217406483336
0.00006568226023818049
0.00006864530392102424
0.00006841480403508828
0.00007057913186114955
0.00007174840895354786
0.00007291393628616863
0.00007656577485009211
0.00007603951634861562
0.00007868086009242447
0.00007949784715407835
0.00008176788555389308
0.00008274343448479804
0.00008419292341945532
0.00008622904364152535
0.00008656654384172558
0.00009099099626761176
0.00009190233366051126
0.00009318398790679431
0.00009712180500285903
0.00009930490874323623
0.00009911685906687949
0.00010230766368572413
0.0001051996755518335
0.0001064167461276056
0.00010604431573598917
0.00010735248823460365
0.00011251053314425481
0.000113576784178876
0.00011397623662137567
0.0001155263868935722
0.00011911574711371191
0.0001217463095869025
0.00012156715134808769
0.0001272909661752969
0.00012824647189482415
0.00013221293601419268
0.00013455400297328516
0.00013693143224926903
0.00014031480859338759
0.00014388376382831438
0.0001469511277368517
0.00014976877732415615
0.00015517428844336197
0.00015626840350611504
0.00016032716283254631
0.00016448631557788656
0.00016803068248727823
0.00017491268702888405
0.00017838003414396864
0.00018389079358834665
0.0001873897460705301
0.0001911561878945773
0.0001985548469405294
0.0002026984935349384
0.00020904163413495189
0.00021172573925722394
0.00021678322948631538
0.0002230774925170953
0.00022654688568814383
0.00023280863818029706
0.00024079829556895619
0.000244542520472398
0.0002492544922117648
0.00025515709514682596
0.00026116675059852286
0.0002677802785149245
0.0002718976029041202
0.00027981841669150057
0.0002854910121542609
0.0002910236443043131
0.00030021127479618634
0.00030684199594632614
0.00031387628099986193
0.0003220733485494109
0.0003300097302297553
0.00034036088410767254
0.0003484161724917301
0.000358651447858663
0.00036702482447523133
0.0003788436894727709
0.0003894393234520237
0.00040149688527991214
0.00041581450764898066
0.0004264726156295412
0.000441093069738493
0.0004559480522813458
0.0004696706475257424
0.00048446578854802083
0.0005002932976360433
0.0005175306679434
0.0005332651962376092
0.0005506836691569606
0.0005659272529811509
0.0005852897352528287
0.0006033024252635313
0.0006208297399648612
0.0006407850103993997
0.0006613912570986304
0.0006810590368592639
0.0007027212711158976
0.0007229268232219987
0.0007438746871204847
0.0007693594192413462
0.000790351135277749
0.0008146532306853716
0.0008410752353160237
0.0008645207789184905
0.000893123897337442
0.0009227769725780018
0.0009522183911023138
0.0009852425453378605
0.001019740484227353
0.0010540571104368684
0.0010911475799575622
0.0011309569635123088
0.001173861899678969
0.0012191111421783348
0.0012655387321988466
0.0013163990767503385
0.0013701903092187
0.00142606868706648
0.0014869256703029107
0.0015498686239414383
0.0016156936105730091
0.0016859732999299946
0.0017559294717405458
0.0018306986557331346
0.001910401444393648
0.001991737313860011
0.0020773430907995963
0.0021688164835843337
0.0022616823546632524
0.0023579272305183636
0.0024595020075977984
0.0025683043318942725
0.002677356001759237
0.002795317524232962
0.0029134300815538616
0.0030392942698214674
0.0031666613538625585
0.003307431978426237
0.0034508433890654377
0.0036029956361889846
0.0037651126452854134
0.0039394643738112755
0.004123402205700089
0.004320868591390624
0.004526053423013601
0.004749408214862021
0.004989878211233315
0.005243861038887092
0.0055177967238314975
0.005811866472283395
0.006125988110333027
0.006463669910610065
0.00683055239039333
0.007227020821014598
0.00765469460727599
0.00811462060875469
0.008604212696322514
0.009134624395431916
0.009697282312445895
0.010300617354426564
0.010945445451918166
0.011637125230378987
0.012375513238911317
0.013169175189769728
0.014019121908856302
0.014931687392862733
0.015904108070328094
0.016947738594158233
0.018064497196608496
0.01925963199043539
0.020542968359088594
0.02191447530848839
0.0233875189091242
0.024968904715256045
0.02666624151382937
0.02850162942201276
0.03048430161772285
0.0326384555281283
0.034987946952990644
0.03754205065603299
0.04033391552732369
0.04337213024894425
0.04668790320483615
0.05030523424674209
0.05425546634799152
0.05857527507050865
0.06330668650867616
0.06849754904797282
0.07418593919103135
0.08039462176078048
0.08713400300150025
0.09435400935227993
0.1019600356763479
0.10978054350382513
0.11756973671686548
0.1250011684656378
0.13163731490995564
0.13694358292805503
0.14032184294465694
0.1412165409257096
0.13926848427114133
0.13443461803230636
0.12699029575657556
0.11736785527359289
0.10592040960833299
0.09273334073629502
0.07756458302179235
0.05998884869135987
0.03966472683471448
0.016569120950388032
-0.008939822436032294
-0.03628827112166981
-0.06499755867977894
-0.09485890569188118
-0.1258969673122562
-0.15815211415996067
-0.1913877004348623
-0.22495991640053184
-0.257842834501528
-0.2887478560676081
-0.31628947145266467
-0.3390910937666976
-0.35591253686299695
-0.3657690113705188
-0.3680068024908822
-0.36234253910142755
-0.34880630085223924
-0.32767478097336455
-0.2995067339911623
-0.2652444719857646
-0.22621357658971414
-0.18405843657180448
-0.14049872882320666
-0.09709859341310384
-0.055206077435630156
-0.01584992167848027
0.02026275416542494
0.05282683719902576
0.08197729694487634
0.10824220495883494
0.1323397980468232
0.1548760108212576
0.1761275517522593
0.19588664795534577
0.2135397075624976
0.2282230787883426
0.2390903255146773
0.24541945476039367
0.24665568950768924
0.24240578852672448
0.2324457294538295
0.21677159791031317
0.19572391213512155
0.1700716423050282
0.14099175022368018
0.10997780332510543
0.07862824092060934
0.04852284600293244
0.021049186189808465
-0.00268593002296063
-0.02197755316814935
-0.03660461427577736
-0.046841475673919
-0.05330631741473259
-0.05678342912729756
-0.05804317221368017
-0.05774255618083943
-0.05639572874256332
-0.054384172185897105
-0.05197824246904849
-0.04936037632562909
-0.04666364618328237
-0.043970015363948164
-0.041333552935273
-0.03879079047897752
-0.03636033213176497
-0.03405933401403792
-0.03188685233638727
-0.02984653348433548
-0.027933376246733838
-0.026147549836236877
-0.024480860811558258
-0.022925022062682817
-0.021476629373103795
-0.020128330288428507
-0.0188759750062345
-0.01770684196762911
-0.016621253255438208
-0.01561147101880154
-0.01467251468126663
-0.013796236921634914
-0.01298021287779051
-0.012222843724664348
-0.011514686068503624
-0.010856320029655617
-0.01024094187916278
-0.009666729130969118
-0.009130018701017756
-0.008626447192693893
-0.008161093009763289
-0.0077169166722699835
-0.007307421152150973
-0.006922666000683252
-0.006564441968365435
-0.006221639920911349
-0.005911692529313015
-0.005608226356247938
-0.005332798112888574
-0.005068143403432207
-0.004820124797150898
-0.004587201218798033
-0.00436862209559631
-0.004161721282355322
-0.003964822896315652
-0.0037841418990326096
-0.003608943108882623
-0.0034474909942336647
-0.0032901224858607916
-0.0031471906096452408
-0.0030067819683322174
-0.002877740838982465
-0.00275047919754696
-0.0026333544055380893
-0.0025244665578156877
-0.002414539632575481
-0.0023170874283620223
-0.002222260472154216
-0.002130671883078827
-0.0020473399465628
-0.001963785189949378
-0.0018839140624044598
-0.0018109815495845432
-0.0017437469697427327
-0.0016739347094683994
-0.001610561319909228
-0.0015518112498750752
-0.0014939555398726326
-0.0014373069221549663
-0.0013869229964854823
-0.0013321814104992414
-0.0012850635717412844
-0.00123932330200424
-0.0011954488142410374
-0.0011554131423325408
-0.0011148073851785859
-0.0010756352950541798
-0.0010412459575802424
-0.0010020782303790383
-0.0009707641334092808
-0.0009408552545230717
-0.0009055477749911086
-0.0008756503952055465
-0.0008489435148298226
-0.0008207016026975548
-0.000792111771661427
-0.0007710970286070946
-0.0007432146637701083
-0.0007197899750751521
-0.0006975648237682237
-0.0006729697333834251
-0.0006552532033452076
-0.0006350851414202342
-0.0006157045694867012
-0.0005987539716070343
-0.0005831548018211466
-0.0005644096123408471
-0.000547550050866565
-0.0005322197261360355
-0.0005171412562914339
-0.0005026555043960426
-0.0004856457447863562
-0.0004736237100934248
-0.00045751899983673274
-0.0004446108190425303
-0.00043237419233758105
-0.00042411782543161044
-0.00041192269649408377
-0.0003996718787005764
-0.0003865811705402265
-0.0003785641095478378
-0.00036778096339044647
-0.0003615830400311299
-0.00035074486395148024
-0.00033485905923612833
-0.00033040503381420874
-0.00032142814757692097
-0.0003123298499777033
-0.0003083798112634403
-0.0002979193426916368
-0.00029111241795897743
-0.0002845992408866293
-0.00027837436995164594
-0.000268313148064552
-0.0002623412973753321
-0.0002555294706284073
-0.00025145202234836376
-0.00024501504691209683
-0.00023883954080991128
-0.00023329021226976498
-0.0002269178741110806
-0.00022107916342961988
-0.00021516643945730717
-0.0002076336426141361
-0.00020804288757186472
-0.00020404416015643237
-0.00020116346233765777
-0.00019009618951734304
-0.00018522724527901703
-0.0001852542385910175
-0.0001835203298087772
-0.00017600845385631067
-0.00017230946807283228
-0.00016541781104805408
-0.0001647917258136322
-0.00016378064099770466
-0.00016009346836305002
-0.00015645779618071718
-0.00015088302268311852
-0.0001494940384073925
-0.00014533611524106415
-0.0001408977214704172
-0.00014029073507010968
-0.00013372319615605029
-0.00013213020612915392
-0.0001307365315441803
-0.00012765646568687076
-0.0001239280447980664
-0.0001220758212982126
-0.0001224391149406372
-0.0001183647654407225
-0.00011604283728847343
-0.00011323139143984854
-0.00011419867413181098
-0.00010885190482322544
-0.00011029835117997016
-0.00010744420742860234
-0.00010168187959294484
-0.00009772468683514051
-0.00009749233112529981
-0.00009819187055064929
-0.00009380555680241692
-0.00009619950378635881
-0.00009430047212075022
-0.00008967317875564874
-0.0000902018525191232
-0.00008048644577706403
-0.00008635863775589611
-0.00008189061747865393
-0.00008281205267374013
-0.00008144632650852614
-0.00008131485730877353
-0.00008125315662635811
-0.00007806670211181412
-0.00007419105083437705
-0.00007404281944594027
-0.00007569873888367254
-0.00007301782298309981
-0.00006971310109500355
-0.00006812420569503749
-0.00006804866596405111
-0.00006660938564583743
-0.00006679079405742898
-0.00006115267878941075
-0.00006312392202047143
-0.00006237453053517025
-0.0000605957049881941
-0.00005889367457138625
-0.00005736678737619388
-0.00005735345001717025
-0.00005589962187533147
-0.000054602398268948226
-0.000053430852074960335
-0.00005155840850574296
-0.000050313578723661825
-0.000051831282261606956
-0.00005055655799110658
-0.0000500416322863898
-0.00005230613541525174
-0.000046921023978584425
