-0.00020684482668862335
-0.00021041081807515098
-0.00021615826626680614
-0.00022192140788648745
-0.000227398299912464
-0.00023256809448286828
-0.0002367079468936259
-0.0002435337408931444
-0.0002491114398692751
-0.0002537888329609824
-0.0002616937487181782
-0.00026598724455268694
-0.00027333841780924806
-0.0002812193981095197
-0.00028739088232533286
-0.00029418971114686203
-0.0003014282391888146
-0.0003084305498921392
-0.0003162845211266667
-0.00032473568961694416
-0.0003323939362869441
-0.000339636146544731
-0.0003475291135447412
-0.00035826044746155376
-0.000365363613147458
-0.00037690610051318023
-0.0003847255492818675
-0.000395707551736891
-0.00040586942415059654
-0.0004186677542543947
-0.0004267601790343953
-0.0004384286761069057
-0.00045220748772639783
-0.0004643774172285324
-0.0004778213253481687
-0.0004889193271104757
-0.0005032670316813879
-0.0005168963171317235
-0.000533693152349874
-0.0005458973865709414
-0.0005623598625117539
-0.0005779626676343416
-0.0005962438096261984
-0.0006116190867340343
-0.0006299664849256126
-0.0006474213114700268
-0.0006685180167365589
-0.0006875886093679493
-0.0007081727163731192
-0.0007297016129683173
-0.0007537789583080282
-0.0007749854719357282
-0.0008003121679166336
-0.000824454175299965
-0.0008498759631501328
-0.0008773019498426074
-0.0009046380968950984
-0.0009343245418349575
-0.0009650427104383523
-0.0009962020930650824
-0.00103004993282789
-0.001064524484759092
-0.0010997723876320167
-0.0011344205647744756
-0.0011721909553579963
-0.0012118527250326255
-0.0012547759891253386
-0.0012999307860582807
-0.001343663128595515
-0.0013900944682381487
-0.0014406501337110886
-0.0014926641945015359
-0.0015457499028744856
-0.0016002275212758108
-0.001660080761511046
-0.0017206483847912906
-0.0017855475568717223
-0.0018498312955355304
-0.0019198810365943107
-0.001994590685094587
-0.0020706590649932862
-0.002151582933680795
-0.002236668839685458
-0.002323620225023377
-0.0024176263627477194
-0.0025119734065327313
-0.002614950545508198
-0.0027221667451188905
-0.0028352032475028885
-0.0029512420290136124
-0.0030734802178703866
-0.0032039950035587313
-0.0033419367122100247
-0.0034869856744139996
-0.0036357950986027326
-0.003796566587791986
-0.003964507605769745
-0.004141229296599738
-0.004328309210467606
-0.004525086101110999
-0.004731508219878092
-0.004952060070514802
-0.005182075448421135
-0.005426335580852381
-0.0056848298035940565
-0.00595777535396707
-0.0062468956761033085
-0.006552352606783659
-0.006876532272928415
-0.00721985993030397
-0.007586478690859051
-0.007971097220383845
-0.00837947514951671
-0.008815172316318105
-0.009277233451742509
-0.009766681922287739
-0.01028842246007862
-0.01084364528348532
-0.011435180276899909
-0.01206126346523488
-0.012728146585763583
-0.013440685739039875
-0.014199124790116261
-0.015007357373079707
-0.015870513778836647
-0.01678919007243059
-0.017771112604157667
-0.018819494849543844
-0.019937990150649555
-0.021130525050492878
-0.02240418636194816
-0.02376392016427968
-0.025215621354882378
-0.026766433508578755
-0.028419626424952493
-0.03018412232464976
-0.03206222506626651
-0.03406071957579106
-0.036188349740330944
-0.03844354339915105
-0.04083459437087072
-0.04335787430577058
-0.04601191093369591
-0.04879140896096723
-0.051680782695116646
-0.054661753925943274
-0.05769809272728822
-0.06074010576863069
-0.06371076544083204
-0.0665094340178789
-0.06898887370946873
-0.07094409230992592
-0.07211123770137173
-0.07215040025073272
-0.07064303020232554
-0.0671263425633451
-0.06112329595264614
-0.05223776070860416
-0.04023500441726426
-0.025120297615825855
-0.007167987067540286
0.013101005338728313
0.034970810269978995
0.05758277127574396
0.08001289279153796
0.10132204346789225
0.12066468589250899
0.13738550767049967
0.15113388800129243
0.16193957863865105
0.1702171564669412
0.17670854502590166
0.18232840708748263
0.18796502166462095
0.19426359557239697
0.201441642175883
0.20921408769189578
0.21681448502810902
0.22309032798807857
0.2266661224076034
0.22614912180596447
0.22031084543905838
0.2082787668929348
0.18962918064683817
0.16445424532957265
0.1333526932509033
0.09739258561798056
0.05802284932134475
0.016921966933811847
-0.024218255398008433
-0.06395139027619613
-0.10128524241677475
-0.13574984325405565
-0.16734127948214886
-0.19632526830058947
-0.22301254877432483
-0.24756426903220852
-0.26988542220381323
-0.2896340835898916
-0.3062930447130183
-0.31931074690928835
-0.32817209241871825
-0.33246698455984164
-0.3318779925966936
-0.3261812788237469
-0.31521865872360866
-0.29895058572705496
-0.27747035819215216
-0.2510312179328889
-0.22001280576544727
-0.18491525499866887
-0.14633539276060428
-0.10494891368048069
-0.061478281919823956
-0.01667029332443249
0.028741417812500857
0.07403443584034362
0.11848438595502561
0.16134537676139743
0.20186623505641602
0.23932214392848225
0.27304890738835624
0.30245463077687623
0.3270352151602733
0.34638687944363894
0.3602177931462599
0.36835256899459135
0.37070958879264726
0.36726650976162495
0.3580438539865338
0.3431240574764093
0.32268141235350434
0.2970063555501152
0.2664996986785532
0.23166619668149482
0.19309541387984883
0.1514527778007748
0.10746360242489632
0.06187268214853754
0.01543029866182606
-0.031135029121327748
-0.07710494661508067
-0.12173807990561669
-0.16428316603280302
-0.20400313210372947
-0.2402053131773034
-0.2722711592590371
-0.29965932221328284
-0.3219255331864991
-0.3387349230736537
-0.34987082670940595
-0.35521689731573264
-0.35473380939506716
-0.34842457175304475
-0.336344141728374
-0.31863215467306394
-0.2955253076253602
-0.2673922797928812
-0.23469407473300727
-0.1979966492290943
-0.15793225882038417
-0.1152091418394893
-0.07056855886753158
-0.0247669526712625
0.021461996916958208
0.06739518688702263
0.11230356252293723
0.15543090279572314
0.1960345844766094
0.23339618197172188
0.26686644571973206
0.2958719551238189
0.31993233398370324
0.33866267374322523
0.35180096108844033
0.35919429887630866
0.36077675485605337
0.3565364006744498
0.3465050597951289
0.3307829215804596
0.3095702115560968
0.28317881985902255
0.25204286103055595
0.21668004816178804
0.17770346925219363
0.13579091085685002
0.09167767869814152
0.04611445588435861
-0.00015471665395203204
-0.04640634694511454
-0.09191196093304974
-0.1359292603741831
-0.17770639607678299
-0.21651079604369522
-0.25166526379583715
-0.2825669754100619
-0.30869340722523664
-0.3296229755835844
-0.34504566695036437
-0.35476890267460537
-0.3586955598172062
-0.3567973469803548
-0.34908608510977013
-0.335633008149552
-0.3165951689644872
-0.2922407918888501
-0.2629561195417793
-0.22923212808385432
-0.19164193333383558
-0.15084195499439904
-0.1075481811855054
-0.06250709188042666
-0.016471380137496792
0.02982779915654032
0.07567032191646578
0.12031804995813185
0.16301894941960962
0.20303033779427848
0.23964872848428864
0.2722406688769351
0.3002522709925615
0.3232219853700213
0.3407920881589551
0.3527244901840121
0.35889095706490914
0.3592367789169748
0.3537620458067402
0.3425097584417058
0.3255987417438244
0.30325356929158387
0.2758161686113435
0.24373754553062074
0.20755837060314408
0.1679074009444138
0.12547711543045617
0.08100672924168222
0.03525288127443409
-0.01104869787957392
-0.05717593307739787
-0.10239576569860312
-0.14596221063237172
-0.18712596221904218
-0.22516430330847229
-0.25941503277521044
-0.2892906322506139
-0.314290129876171
-0.3340154201133472
-0.3481833910585903
-0.3566234473910246
-0.3592566485891922
-0.3560625404146412
-0.34706995737446483
-0.3323580840245194
-0.3121121961132558
-0.286626467673582
-0.2563094198912604
-0.22167162901430226
-0.18330643822311754
-0.141884354940034
-0.09813086055325834
-0.052799793028144804
-0.006634408221702536
0.03963966584779836
0.08529103637312985
0.12958568670761633
0.1717664592502792
0.21109952589963846
0.24689384934257255
0.2785337562724823
0.305481782289008
0.327298770537287
0.34365521127107407
0.3543369092282932
0.35923515719048865
0.35830903580028434
0.35156659964483467
0.3390641605918075
0.3209429419620325
0.29745369777114605
0.2689599712694631
0.23593714576932004
0.19894453545584323
0.15862734346441754
0.1156896702148601
0.07087864219193162
0.02494478740951578
-0.02137584379787007
-0.067361485949184
-0.11227963277305963
-0.15537980942183607
-0.19591428941207742
-0.2331712536820628
-0.2665044998780657
-0.2953456957369238
-0.31921491506372157
-0.337736322255546
-0.350655381193154
-0.357821333949439
-0.3591729708049568
-0.35470122448505587
-0.34443813986221733
-0.3284905142741004
-0.3070624270587773
-0.2804737746216442
-0.2491585051136122
-0.21364796225606952
-0.1745491664652679
-0.1325486594340856
-0.088381879941299
-0.04280206812287592
0.0034513969308813397
0.04965266129989107
0.09507196921251716
0.138968213584078
0.1805897853891232
0.21920428052132496
0.254139005419427
0.2847916081888338
0.31064972760339243
0.33129499188666767
0.34642065463425525
0.3558410212182951
0.3594639775823039
0.35725954697707846
0.34924670814420244
0.3354966285657392
0.31617466575429287
0.29155123272622274
0.2620224647575154
0.22807682942806404
0.1902998802021045
0.1493445668247579
0.10593280384496291
0.06081202171923216
0.014733135613576852
-0.031575018304070404
-0.07738951548391734
-0.12197078653773387
-0.1645708800847541
-0.20444301269106482
-0.2408908612643614
-0.2732844915540017
-0.301069770177904
-0.32379262948459775
-0.34110260831353545
-0.3527671869316244
-0.3586590575524722
-0.35872998019931107
-0.3529802412830264
-0.3414572707018136
-0.32428435857188154
-0.3016899441277871
-0.2740244892938427
-0.24173837332434658
-0.20538298604502547
-0.16558609713380873
-0.12304683870011551
-0.07850469861497338
-0.03271253541859997
0.013590492661623241
0.059683486820188
0.10483498453316016
0.14829631230812546
0.18931883529338397
0.22718085016126469
0.26122662061154617
0.29086829432398015
0.31561354829072674
0.335069946258195
0.34895587227726615
0.3571091058137487
0.3594540560108694
0.3559738728262055
0.3466926339851384
0.3317020415554918
0.3111875232760688
0.285451735416026
0.254907149238058
0.22006992743375337
0.18153530645243646
0.13997829656704971
0.09612766994002886
0.05073418247761568
0.004543404994318388
-0.04171870003147654
-0.08732589042994905
-0.13153731987011813
-0.1736012708452478
-0.21277918090492745
-0.24838747398224986
-0.2798127253398252
-0.30652293328218694
-0.32808314074831707
-0.3441694217293882
-0.35457302963522863
-0.3591894636164388
-0.35798159954923975
-0.35095803750222127
-0.3381808653909959
-0.3197930893905924
-0.29605066593574786
-0.2673300257712871
-0.23410083521833333
-0.19693310636111883
-0.15647236045403445
-0.11342819496339886
-0.06854688576367048
-0.022581008737465248
0.023739183639611996
0.06968811264692436
0.11453296062252576
0.15752347404967884
0.19791222262277777
0.23499105817737587
0.26811634078995583
0.2967229170261975
0.32033777253067064
0.33859104159430664
0.3512306177181025
0.3581116755934504
0.35917763001625685
0.3544197042579081
0.3438757912992815
0.3276520165431388
0.30596213768777125
0.2791324481014611
0.24759859751225033
0.21189439245555222
0.17263735292234533
0.13051394881717393
0.08625903838197907
0.040627837431930026
-0.0056411234388640185
-0.05182057202643553
-0.09718608709819523
-0.14098929203476787
-0.18248083895061568
-0.2209327933375925
-0.25567267063752697
-0.2861041697867445
-0.3117181864284746
-0.3321006652883992
-0.3469525177678689
-0.35609167998004043
-0.359431131332133
-0.35694483712660974
-0.3486506798908311
-0.33462529214523984
-0.3150360381020954
-0.2901653255679718
-0.26040915110097934
-0.22626410695428747
-0.1883163616511548
-0.14722608576250193
-0.10371366397533499
-0.05853054582443274
-0.012424099377584605
0.033876657750149905
0.07964742545316497
0.12414994858858502
0.16663147912337453
0.20635242271162751
0.24261519994972516
0.274795193467168
0.3023431740903448
0.32480898083330256
0.34184788716520353
0.3532307379220056
0.3588397237283526
0.35862627312213324
0.3525928973377083
0.3407898972494559
0.3233453218453995
0.3004947449174568
0.27259049048424616
0.24009400709875944
0.20355444677704068
0.1636063874798141
0.12095063232079788
0.07632888801596863
0.0304964333429617
-0.015814923285440104
-0.06187858396749061
-0.1069654839840799
-0.1503261452389631
-0.1912103371931465
-0.22890235543924956
-0.26274555975427094
-0.2921598389712189
-0.31665641678324674
-0.335846010570819
-0.3494570079419459
-0.3573280142621981
-0.3593889112418572
-0.35562327748151384
-0.3460626657330696
-0.3307982633194498
-0.31002141328635063
-0.2840399208363022
-0.2532746963222474
-0.21824215830394864
-0.17954497598208286
-0.1378592222715321
-0.093915468390779
-0.04846703842458124
-0.0022548047323947265
0.04399109700756046
0.08954732739823189
0.13367057914193364
0.1756094813911646
0.21462877618108764
0.2500464178449087
0.2812529671734562
0.30772104822678575
0.329021423918403
0.3448332311583153
0.35495622443384756
0.35928943319256185
0.35779670573712885
0.3504900267747872
0.3374344971729638
0.3187795282013532
0.29478491313657246
0.2658291873869553
0.23239508829555203
0.19505092539542795
0.15444728502084612
0.1112954112346675
0.06634423313478094
0.02034328918408544
-0.02597515968399998
-0.07188810826962294
-0.11666060135838432
-0.1595413964464637
-0.19978439699755143
-0.23668496168122471
-0.26960225920879927
-0.29797606453468717
-0.32133729426542756
-0.33932150523481214
-0.35168268894123367
-0.3582810217274807
-0.35906326553932194
-0.35402118876403155
-0.3431979378901334
-0.3267028504874124
-0.3047535015586991
-0.2776823485903689
-0.24593231958982154
-0.2100411733083269
-0.17062827276558584
-0.12838255785090938
-0.08404386838773704
-0.03836409221038018
0.007916407221622717
0.05407327944589407
0.09937902931334897
0.143088391668883
0.18444754578555686
0.22273287979968617
0.2572760349380048
0.28748400661024787
0.31285103534479225
0.3329687242167591
0.34754525642234857
0.3564037678257627
0.3594592357488835
0.3566877638926752
0.34811174741656714
0.3338104982486919
0.31395553133086884
0.28883673339044563
0.25885367169426043
0.2245092602467854
0.1863922572682355
0.14516569644250873
0.10155392537064165
0.05630937149030198
0.010176007511878353
-0.036115181544852736
-0.08184152150763153
-0.1262630253148781
-0.16862780848005038
-0.2081955224239016
-0.24427447861047316
-0.27623917671923826
-0.3035499244286617
-0.3257574225549447
-0.3425243759021208
-0.35362810291098234
-0.35895310444292144
-0.3584558592575605
-0.3521394208118219
-0.34005749332202406
-0.3223424501712879
-0.29923647910442597
-0.2710976582619101
-0.23838897777083182
-0.20166910656808396
-0.1615725236619628
-0.11880354176699125
-0.07410640516324886
-0.028232179946034573
0.01808341532279118
0.06411661544114697
0.10913573793996664
0.15239283649346436
0.19313862880241695
0.23065698671515897
0.2642964333989869
0.29348150234223874
0.31772692161214466
0.33665075706275344
0.34998354013449734
0.3575719350519999
0.35934844158881124
0.3553000868693794
0.3454579567927142
0.32991877535542147
0.3088801261377252
0.28265513457100594
0.251668156256062
0.21644228860843365
0.17758310093631122
0.13577008496681214
0.09173540815791936
0.04623183994296446
1.9644102667244965e-6
-0.04622775809500714
-0.09173139344701801
-0.13576597450588382
-0.17757886762409628
-0.2164384506459087
-0.2516639839568901
-0.2826506826777527
-0.3088755053538306
-0.3299146570413878
-0.345453159196061
-0.3552953187318667
-0.35934423366504503
-0.35756805710891887
-0.3499787994436793
-0.33664617994908574
-0.3177231177093696
-0.29347684539849217
-0.2642919355601661
-0.2306524829386772
-0.19313359937179797
-0.1523889354516115
-0.10913173212547123
-0.0641125358545067
-0.018078830044362025
0.028236777515493236
0.07411118844686489
0.11880821798859952
0.16157706328214536
0.201673718290062
0.23839385566110094
0.27110202317236587
0.29924112904446853
0.3223475655343288
0.3400624866999147
0.35214451511826345
0.3584606089214564
0.3589578707415272
0.3536328104940917
0.34252927901426883
0.3257617231954667
0.30355325539393807
0.2762441209344247
0.244278888144568
0.208200799104677
0.16863253006647835
0.12626799946458986
0.08184611528417285
0.03611991978541894
-0.010171612838426426
-0.05630465213700392
-0.10155000367727218
-0.14516118195456834
-0.1863875892903509
-0.2245045968612957
-0.2588494351885593
-0.288832368461803
-0.31395135572498883
-0.33380594737511227
-0.3481069434622542
-0.35668251626456415
-0.35945447861815977
-0.356398958133162
-0.3475413635246298
-0.33296439804302785
-0.31284558283590697
-0.287478569570973
-0.25727076966906837
-0.2227279793815217
-0.1844430753380726
-0.14308337172478194
-0.09937516790657026
-0.05406838898893053
-0.007911234179838371
0.038369464722113014
0.08404893116703833
0.12838808228044016
0.17063313421461346
0.21004619745838232
0.24593838583326577
0.2776876738836794
0.30475850277689115
0.3267079286886081
0.3432025951006757
0.3540270108548473
0.3590687295309072
0.3582868650021468
0.3516873461392291
0.3393270804910582
0.32134280518299485
0.29798180174862376
0.2696083262902381
0.23669014379402095
0.199790321016667
0.15954611396881868
0.11666591050599652
0.07189409726856491
0.025981270263004903
-0.020337192371952723
-0.06633838757339626
-0.11128953354648562
-0.15444084929543905
-0.195044853819826
-0.23238913792691712
-0.2658240651739749
-0.2947790188971224
-0.3187729517148397
-0.33742804599436915
-0.3504839760966024
-0.3577901320941146
-0.35928222823980627
-0.35495031997493487
-0.34482679531580407
-0.3290142827744396
-0.30771454703243634
-0.2812466499279857
-0.25004042041438407
-0.2146223784339688
-0.17560269008153628
-0.13366448526857844
-0.08954034591351272
-0.043984303904902634
0.002261637847364189
0.04847323174372621
0.0939227046126459
0.13786629155550367
0.17955182879479445
0.2182491275299798
0.25328185076619636
0.2840476053798009
0.31002884309996326
0.33080498484836146
0.3460696351936163
0.35563094892500263
0.3593955961796689
0.35733485503151274
0.3494643921225341
0.3358540307299874
0.31666422540440525
0.29216801225594263
0.26275275798837455
0.22891021214776386
0.19121896453033843
0.1503341449291233
0.10697386592208342
0.061887228094054864
0.015823563060666197
-0.030488032888817778
-0.07632195534234323
-0.12094275909450374
-0.16359818110388677
-0.20354570434368702
-0.24008477184965787
-0.2725818180294269
-0.3004858596511632
-0.3233367304253523
-0.3407816385922345
-0.3525839305090825
-0.3586170476345671
-0.35883032345321636
-0.3532219335417262
-0.34183814632339715
-0.32479990945378856
-0.30233444132156584
-0.2747858207555952
-0.24260719108562492
-0.2063435293742818
-0.16662243850244676
-0.12413964225151201
-0.07963710652823079
-0.0338667415645638
0.012434019503794344
0.0585405528447262
0.10372383908867944
0.14723593870526497
0.18832719195352018
0.22627508731972112
0.2604197403223357
0.29017685637568447
0.3150476701330895
0.334636446134083
0.3486614831043403
0.3569554271977569
0.35944257739816304
0.3561035758328783
0.346964294944555
0.33211188125793334
0.3117291604585053
0.2861163455948513
0.25568406087807166
0.220944667638974
0.1824933219906429
0.14100180143831587
0.0971975823047556
0.05183315795961546
0.005653037743235456
-0.040615721297082234
-0.08624682598202568
-0.1305007139323172
-0.17262466330059084
-0.21188220352783088
-0.2475849103094942
-0.2791185517729956
-0.3059487814054087
-0.32763915494604634
-0.34386148929518606
-0.35440535714566945
-0.3591631536343511
-0.35809765034285873
-0.35121520045517624
-0.33857634721616897
-0.3203231425169732
-0.2967080246853685
-0.26810129727554616
-0.23497586641139157
-0.1978969489022799
-0.1575080701689241
-0.11451773466201595
-0.06967273307380391
-0.023723476867002047
0.02259681809072863
0.06856372861813345
0.11344475873905985
0.15648917620721908
0.19695032331133505
0.23411771493708836
0.2673465181766313
0.29606976226439113
0.31981135831184
0.33819854119645654
0.3509764127842126
0.35799996456799155
0.3592086587826497
0.35459233590415856
0.3441881718032141
0.32810214004935906
0.3065419662679674
0.27983257483789337
0.24840824552608703
0.21279916373026514
0.17362078890898894
0.13155795492837824
0.08734713721719471
0.041740328688019655
-0.004521108844225441
-0.050712357869764524
-0.09610514778535084
-0.13995611503700126
-0.1815126948208353
-0.2200466397092982
-0.2548841555313296
-0.2854278155811303
-0.3111634845850079
-0.33167776225548756
-0.3466674206777025
-0.35594810501333596
-0.35942841035612955
-0.3570840403166429
-0.3489304609715662
-0.3350435903208912
-0.3155875773577777
-0.2908412438299709
-0.26119832619803524
-0.2271541607920862
-0.18929102261576083
-0.14826847075303168
-0.10480639871240958
-0.05965473070640468
-0.013561898455534982
0.03274219529500145
0.07853433645004461
0.12307687622283084
0.16561774661872708
0.20541455226620392
0.2417704001820855
0.2740552180063612
0.3017228524888136
0.3243168446907459
0.34149103718484325
0.35301437173412076
0.3587640299454387
0.3586930544390192
0.35280210992302663
0.3411386190467429
0.32382951679965505
0.30110652416315103
0.2733208234954188
0.24092970783927745
0.20448196400176977
0.1646098225286626
0.12201155212218434
0.07742947063699208
0.03161592255270968
-0.014691537665126268
-0.06077043380117303
-0.10588964908539637
-0.14930099934345956
-0.19025468169173945
-0.22803224096818106
-0.26197621940289795
-0.29150468861087403
-0.3161262681827803
-0.3354495438622847
-0.34919796778841766
-0.3572102624361076
-0.3594129845129315
-0.35578996432854093
-0.3463694551315746
-0.3312423150673999
-0.31059640781126796
-0.284738155440168
-0.25408307544027264
-0.21914765315366308
-0.18053193527510822
-0.13891092251271545
-0.09501345861886469
-0.049591900526615135
-0.0033902993123324514
0.04286338569138172
0.08844527278292977
0.13261299182177436
0.17461362442509404
0.21371311037571053
0.24922666701787674
0.28054186779094603
0.30713093236909306
0.3285609958632017
0.3445103950189882
0.3547740399471961
0.3592482765209001
0.3578977730731049
0.35073283327197347
0.33781641119838995
0.3192947176563089
0.2954267338031688
0.26658784593034646
0.23325577280894658
0.19599980888795746
0.1554667713965109
0.11236878026583003
0.06745216328601861
0.021467860433928083
-0.024851648648000355
-0.07078247838144511
-0.11559150584516706
-0.1585269885278818
-0.19884335945271378
-0.23583305354303347
-0.2688546326024809
-0.29734553534710834
-0.320833394584642
-0.33895232844354994
-0.3514519039925053
-0.35819266238322434
-0.3591162897665078
-0.3542165055284096
-0.34353282174245897
-0.3271740747933554
-0.30535415772772984
-0.2784030728161271
-0.24676168647673094
-0.2109643509552022
-0.1716286705700064
-0.12944363916630863
-0.08514714315069269
-0.03949152301168792
0.006783573354423393
0.05295258877594349
0.0982881813956956
0.14204424379590705
0.1834703509975377
0.2218386748728107
0.25648004125814944
0.2868001857721788
0.3122903568610399
0.3325407468370536
0.3472556233326263
0.3562545689153659
0.3594512105734078
0.356822084304911
0.34838727435198513
0.3342238802158719
0.3145021568333233
0.2895072356038435
0.2596372110558659
0.22539203565741828
0.1873586154464406
0.14620062427283992
0.10263893793959823
0.05742408888468592
0.01130406667355675
-0.03499204858824266
-0.08074078241804238
-0.1252026790280634
-0.16762639465780213
-0.20727134428512847
-0.24344265705719434
-0.27551484462385456
-0.30294397929415734
-0.32528090132025206
-0.34218396032809556
-0.35342757090744026
-0.3588944090442365
-0.3585389300654649
-0.352364422976446
-0.3404218300052248
-0.32284258613803685
-0.29986365771340556
-0.2718420935559132
-0.23923964265921407
-0.2026096473746261
-0.1625874600889735
-0.11987455014474659
-0.0752156481673373
-0.029360903194512088
0.01695279312770891
0.0630013963192271
0.10805491451513538
0.15136334642858665
0.19217879199224197
0.22978388711673026
0.26352514109505915
0.2928254165195415
0.3171964319268609
0.33625298036372364
0.3497249086317201
0.35745451674167855
0.3593734532282376
0.3554660503224788
0.3457646323621086
0.3303628946921818
0.3094553360024997
0.283352275339516
0.2524758155460812
0.2173461651153651
0.17856799647091368
0.13681822384627282
0.09282862293434144
0.0473524261298774
0.0011315210777967486
-0.04510670255851683
-0.09063701000364474
-0.13471641288075825
-0.17659234559314624
-0.2155315625587451
-0.2508542760081749
-0.2819505580849242
-0.30829731125838644
-0.32946636050934586
-0.3451418869165454
-0.3551251966053081
-0.35931585630189855
-0.3576808885906499
-0.35023364407124663
-0.33703944828680554
-0.31825031336105747
-0.29412945893246945
-0.265059401022877
-0.231522323698002
-0.1940914568027607
-0.15341657701923075
-0.11021206880047252
-0.06522536303711138
-0.019208152246770686
0.02710886970972352
0.07300218496697898
0.11773794787064358
0.1605623177859301
0.20073265653574626
0.23754350659130438
0.27035593760379967
0.29861265091908845
0.3218470502258085
0.3396963561120867
0.3519168071441935
0.3583751044566403
0.3590146757068458
0.353831142195932
0.3428671974483119
0.3262364294596864
0.3041575357735019
0.2769667443016427
0.24510955168311438
0.20912379293178018
0.1696328586417401
0.1273279985456899
0.08294833025872445
0.03724449492958138
-0.009041809684801297
-0.05518684644964927
-0.10046283623999223
-0.1441229522798277
-0.1854157460229405
-0.22361750716514736
-0.2580613070804141
-0.28815699518581
-0.3133996873798504
-0.33338679456095927
-0.347825342375931
-0.3565422688453692
-0.35945527456150483
-0.35654305192504815
-0.34782589629873145
-0.3333863738012323
-0.31340008434221617
-0.28815669659225546
-0.2580609223539607
-0.22361714346281505
-0.18541617742434105
-0.1441226656309875
-0.10046333377079421
-0.055187128897384245
-0.009041121914852233
0.037244491626161294
0.08294819936067928
0.1273279651697891
0.16963343170357822
0.20912480573233497
0.24510990185692796
0.276966624826014
0.30415789362085033
0.32623677972455123
0.34286759552544166
0.35383189132253456
0.3590149451556666
0.3583755261542614
0.35191772879858496
0.33969641410192963
0.32184674289001736
0.2986131899074564
0.2703563673953129
0.23754412716215534
0.2007336500198478
0.16056323053736063
0.11773808468152162
0.07300337429254164
0.02710965570527639
-0.019207978736773733
-0.06522576824620821
-0.11021097153876491
-0.15341551184481927
-0.19409069361731643
-0.2315216858076853
-0.2650589344262586
-0.29412877179673963
-0.31824910146917007
-0.33703865903395763
-0.35023295651437436
-0.35768019557841213
-0.3593152302222376
-0.3551240500279014
-0.34514089889873334
-0.32946576728960986
-0.3082967450045008
-0.28194966557556944
-0.25085260092033773
-0.2155305930354355
-0.1765914115246376
-0.13471493112006583
-0.09063613062135777
-0.04510541072783523
0.001132668848565009
0.047353149535181646
0.09283051211916409
0.13681943071865943
0.17856939273031747
0.21734738492355726
0.252476945362921
0.2833528309468418
0.3094563366747703
0.3303636113422124
0.3457661679642723
0.35546729250908327
0.3593741572918596
0.35745585287603965
0.34972584475069163
0.3362545122991763
0.31719836379824506
0.2928263427587814
0.2635261254923666
0.22978518655072055
0.1921800074935364
0.15136506679164946
0.10805582803930097
0.06300284670489958
0.016953733406652148
-0.029359592560664227
-0.07521395241170914
-0.11987295449721402
-0.16258614238909075
-0.20260804980706815
-0.23923777955157835
-0.2718403355428645
-0.2998616277057027
-0.3228402306721235
-0.3404199052623795
-0.3523632317810095
-0.35853710508140113
-0.3588932608680994
-0.3534264993201532
-0.34218192620163884
-0.32527912905563144
-0.3029421435098789
-0.2755129279733747
-0.2434402685321698
-0.20726974067375592
-0.16762475201572774
-0.12520177637656965
-0.08073858202544651
-0.03499043860309714
0.011306166575011668
0.05742605573289859
0.10264068034001093
0.14620237435155903
0.18736144843591895
0.225394355283312
0.2596389977937725
0.28950954091244385
0.31450464063433126
0.3342260726846842
0.3483892617135686
0.3568249279228207
0.3594531373213541
0.3562563596189281
0.3472578501039904
0.33254290948390014
0.3122926066522858
0.286802465181385
0.2564827781223609
0.22184032620019287
0.18347190772626995
0.14204719405322516
0.09829079721311637
0.052955327716827316
0.006786432009483821
-0.03948910407787449
-0.08514464360957888
-0.12944111054146015
-0.17162590758418336
-0.210960670030506
-0.24675847956916291
-0.2784008901493981
-0.30535114132938623
-0.32717129434170267
-0.3435291757698403
-0.35421369866802255
-0.3591134573796675
-0.35818947111689525
-0.35144879526813466
-0.33894876004590285
-0.32083043771341857
-0.2973422011778211
-0.2688510510919476
-0.23582957887934755
-0.19883925879184713
-0.15852325997581648
-0.11558764676368423
-0.07077923958402274
-0.02484840352459817
0.021471533725843494
0.06745547557887835
0.11237241444483342
0.1554703025974629
0.196003673917644
0.23325976612776977
0.26659151363192657
0.2954306021906328
0.3192983054703384
0.3378206879703975
0.35073701007450564
0.3579019672956759
0.35925249705528906
0.35477820770875285
0.34451508695005056
0.3285655080375669
0.30713525054860163
0.28054643772718874
0.24923116469674148
0.2137177045197815
0.174617793234585
0.13261720966363008
0.08845008016807247
0.042867889478806834
-0.003385352093875383
-0.04958701309259969
-0.09500876257388989
-0.13890592256629528
-0.18052701530522
-0.21914304519877398
-0.25407816459618626
-0.2847330194420786
-0.3105909809330499
-0.33123674204713016
-0.3463644662187598
-0.35578432622506573
-0.3594074454881337
-0.3572042077766421
-0.3491925745716725
-0.3354439637958768
-0.316120832007371
-0.2914985214953998
-0.2619703648504849
-0.22802640421952142
-0.19024850158707024
-0.14929420893045123
-0.10588342796407706
-0.06076453416437624
-0.014684779186943293
0.0316224702734077
0.07743594285168406
0.12201692685524018
0.16461629538136613
0.20448845729393986
0.24093634762796928
0.27332818122689845
0.3011134521935506
0.32383648962880207
0.34114527202944317
0.35280950987506615
0.3587002190167747
0.3587720676561782
0.3530217211124446
0.34149817023154316
0.32432479665017205
0.3017298598391104
0.27406284634223727
0.24177795358554646
0.20542216900354254
0.1656254204747541
0.12308564220390597
0.07854284764253792
0.03275020525485396
-0.013553542694409474
-0.05964675482795776
-0.10479750424468312
-0.14825973392549427
-0.18928253108331647
-0.22714503032643493
-0.26118848844121384
-0.29083221914079743
-0.3155786046679938
-0.3350343748121774
-0.3489212556322913
-0.3570741439240077
-0.35941923324414843
-0.35593822436537315
-0.34665794279749024
-0.3316673622007992
-0.3111545858901426
-0.2854174668607852
-0.25487358400685817
-0.22003648318939154
-0.1815023378753113
-0.1399455969815165
-0.09609473858196414
-0.0507016247303303
-0.004509828624469428
0.04175212281684719
0.08735841592771865
0.13156916296861612
0.1736326166571947
0.21281152274338577
0.24841973666525966
0.27984375473354517
0.3065536412016015
0.32811461277488824
0.34420006294034255
0.3546050198269212
0.3592209964538091
0.3580119735497891
0.3509894028375936
0.33821191479623164
0.3198245985486253
0.29608335708342604
0.26735908641451445
0.2341303676530348
0.19696449726213552
0.1565028444550466
0.11345894551555305
0.0685782906043998
0.022610878628188148
-0.02370808762482628
-0.06965784219030739
-0.11450301796877314
-0.1574926982656243
-0.19788103589443382
-0.23496038287081503
-0.2680854256257933
-0.2966916647471456
-0.3203073673669295
-0.33856098647026833
-0.3511979603567445
-0.35808137707408894
-0.35914586256858533
-0.354387601447376
-0.34384354967266767
-0.3276214861359099
-0.30593127597081904
-0.2791003043635072
-0.24756680133796605
-0.21186307942934376
-0.17260555409389308
-0.1304816393440071
-0.0862274935069032
-0.04059607572574148
0.005673315522271915
0.05185367929102901
0.09721838975018636
0.14102236616900402
0.18251411385194888
0.22096695598990287
0.2557054418712823
0.2861382880463123
0.3117520795505832
0.33213359724769514
0.3469857466827906
0.356125819180127
0.35946582192618903
0.3569793757153096
0.34868578919770044
0.3346598784295714
0.31507187067213727
0.2902015634091636
0.260445420197231
0.22630068479349622
0.18835300089721907
0.14726270411031306
0.10375059321186415
0.05856768240143402
0.012461981575021257
-0.033838112172027195
-0.07960812174057445
-0.12411058592444657
-0.16659333505330437
-0.20631341075608178
-0.24257716996237536
-0.2747555250099686
-0.30230261340471754
-0.32476779125587
-0.34180612577587427
-0.3531897224121837
-0.3587975098769442
-0.35858406041767366
-0.3525494520694451
-0.3407455301445377
-0.32330148227840594
-0.30044994067434405
-0.27254476915560916
-0.2400475996235923
-0.20350878186884694
-0.1635610579160808
-0.1209042786684366
-0.07628321382671174
-0.030448837608872185
0.015862968477785424
0.06192771285512887
0.10701435098264567
0.15037556859628076
0.1912617537809717
0.2289529842777417
0.26279679864650496
0.29221311151393015
0.3167093042253028
0.33590065817687226
0.3495109647001733
0.3573837352645052
0.3594441298808484
0.3556795839509972
0.34611897154417853
0.33085643607925147
0.3100795964556193
0.2841005112855757
0.2533354799713813
0.21830377687973695
0.17960746717594278
0.13792322829658732
0.09397962447588319
0.048531057513123976
0.002321735816334133
-0.04392401573452112
-0.08947939695951478
-0.133603525476562
-0.1755397828866433
-0.2145584606956929
-0.24997489709711873
-0.28118046111204925
-0.3076464506822435
-0.3289451641289836
-0.34475763619501854
-0.35487822620225656
-0.3592099232341001
-0.3577165402387003
-0.3504083054465776
-0.3373520521698904
-0.31869509719285277
-0.2946994277299795
-0.26574418509474856
-0.23230632239165908
-0.19496185632738225
-0.15435481543378302
-0.11120305896899653
-0.06625019348166365
-0.02024643193219969
0.02607302049650214
0.07198757185696784
0.11676245388472335
0.15964331891686875
0.19988968096883414
0.23679205024969366
0.2697107688433115
0.2980874062619826
0.3214509169254907
0.3394362003851318
0.35179984875935416
0.3584008909602911
0.35918477568781954
0.35414594093857604
0.3433238215855336
0.3268319732065175
0.3048841731126897
0.2778159868578251
0.246068784520421
0.21018110179489377
0.17077040139759034
0.1285270039271554
0.08419288633038341
0.03851460655038371
-0.007763000098476202
-0.05391765940408852
-0.09922010901281178
-0.14292523543557042
-0.1842811474490609
-0.22256253123705944
-0.25710261558809466
-0.2873071533380157
-0.31266869153801874
-0.3327841650739112
-0.34735671686660224
-0.35621024944187324
-0.3592613494422474
-0.3564866483757751
-0.34790503289558283
-0.3336000055443396
-0.31374139510847404
-0.28861641979121466
-0.2586290867572122
-0.2242792383873348
-0.18615721792198642
-0.14492579181441853
-0.10130837195967433
-0.05605789374675632
-0.009919231604755892
0.03637880132643581
0.08211142022671997
0.12653784657725448
0.1689104830543148
0.2084859503075951
0.24457112248252574
0.2765435263652155
0.30386010599734775
0.3260774844464652
0.34285177535884864
0.35396471323191964
0.3592975750555746
0.3588100453160451
0.3525027555063793
0.3404296133272831
0.3227262809324487
0.29962840500743054
0.2714987866383774
0.23880123222208763
0.2020920220430933
0.16200623369061945
0.1192487865455005
0.07456400397348369
0.028701880920545018
-0.017600549751469654
-0.06362166990021118
-0.10862769617308601
-0.15186935792267753
-0.19259947425138962
-0.23010328168941094
-0.2637258850790282
-0.2928952115932955
-0.3171245521873859
-0.33602816242375116
-0.3493437592753487
-0.3569116037767686
-0.3586703612634851
-0.3546008879014079
-0.3447356703459762
-0.3291766572879201
-0.30811467091931166
-0.2818677336687376
-0.2508569552927965
-0.21560508252666105
-0.1767195825172742
-0.13488049308102212
-0.09081800401258554
-0.04528551670577065
0.0009760680225775997
0.04723774625141874
0.09277384097613765
0.13684342520946516
0.17869194932435933
0.21758849286150994
0.25285445959301794
0.28388196657322784
0.31014901208824286
0.3312323014396668
0.346817082045977
0.3567082506905333
0.36080776245006996
0.35908297868420863
0.3515488374353394
0.3382724976420547
0.3194072233887795
0.2952225286949032
0.26610162493584777
0.2325297541742238
0.19508019347301284
0.15440712514389174
0.11122619122563013
0.06628535224046693
0.020336846757245487
-0.02589268695056888
-0.07167642356496899
-0.11627668176953689
-0.1589439429047032
-0.1989339000421891
-0.23554392254598677
-0.2681326593845621
-0.29615066040265814
-0.3191288757586308
-0.33670924810400077
-0.3486476293203483
-0.35481492647011387
-0.3551565842195985
-0.3496680374095602
-0.33839246149814417
-0.3214458229070057
-0.2990498096692254
-0.2715416172727335
-0.23937091493550383
-0.20307390477155102
-0.1632766443776429
-0.12067203414299636
-0.07599735352105505
-0.030005699161411218
0.01656784122708053
0.06299824508208354
0.108556562603367
0.15249849065830973
0.19407644741727656
0.23256191121299066
0.2672963526530965
0.29769088460520926
0.32324352078824603
0.34355573769345954
0.3583373108696199
0.36741905874988134
0.3707211027832228
0.3682226803711554
0.35994770909085977
0.3459787487142039
0.3264960775898285
0.3017924630244185
0.27227495394343915
0.23845040073420443
0.20091419170769495
0.16032415428132388
0.11741693310783358
0.07293843903667473
0.027631056678244503
-0.017772967149002138
-0.06255643886252218
-0.1059849981493249
-0.14731231234920314
-0.18581592671537692
-0.22081950585846982
-0.2517305292249878
-0.27805500973466163
-0.2994090728422156
-0.31554875991668746
-0.3263819472355665
-0.3319521242921656
-0.33241856771367934
-0.3280091812028746
-0.3190405992235462
-0.30592758457658575
-0.2891851494937701
-0.2693681323608236
-0.24698970715723695
-0.22238756747034924
-0.19564621756506564
-0.16660335181367114
-0.13494344376113832
-0.10040737355604612
-0.06300947067083555
-0.02322516876031537
0.017932683892640824
0.059011351351677066
0.09831721578810873
0.1341747666676588
0.16514223891665786
0.19016103130002668
0.20865038077358847
0.22052556259174907
0.22621938009525297
0.2266223883566844
0.222962687340638
0.2166375161376211
0.20902233474435428
0.20125713602468684
0.19409802309402122
0.18782340432022765
0.18219437768852728
0.17656490204690686
0.17004111056024623
0.16170890826550355
0.15083476770388368
0.13701126904208816
0.12022073319125637
0.10082267329129131
0.07947447593134352
0.057030691351589745
0.03442439427050443
0.012585691530760383
-0.007634686032220868
-0.0255243334255544
-0.04056457157341032
-0.052491172061099836
-0.061303269730071594
-0.06723969628010751
-0.0707033387893997
-0.07216779035203716
-0.07209516918408479
-0.07090424908600919
-0.06893171570528546
-0.06644395322378946
-0.06364091499416068
-0.06066511139714306
-0.0576230889433032
-0.0545891699238466
-0.05161059911292438
-0.048722630061491475
-0.04594735487738558
-0.04329472711010051
-0.04077547301645662
-0.03838860158959655
-0.036134243649827355
-0.03401050492348935
-0.03201515425732255
-0.030138396635574237
-0.02837824533039476
-0.026728436103005633
-0.025179162950834295
-0.02373040878751727
-0.02237257919987299
-0.02109908527721431
-0.019907659670104327
-0.018791101782587603
-0.017747639678531414
-0.01676664398446319
-0.01584912829324616
-0.014987432764142454
-0.014179226284645859
-0.013423902235526744
-0.012713066506828215
-0.01204409135928252
-0.011418356634875695
-0.010828214377054791
-0.010276501631038734
-0.009754975910372745
-0.009265710574504017
-0.00880386684662438
-0.008371035613366927
-0.007961350627678934
-0.00757480888426167
-0.007212373406771824
-0.006870008051430627
-0.006545999431578155
-0.006240628794332806
-0.005951081924031765
-0.005677890897459695
-0.005419126774831065
-0.00517630112055541
-0.004944221648043133
-0.004725916130388669
-0.004519553138943712
-0.004321863123384403
-0.0041370899632670426
-0.003961841991621202
-0.0037914044374865417
-0.0036318493978230704
-0.0034807423804387007
-0.003336944335486702
-0.003201455129901333
-0.0030708084813954747
-0.00294845855766153
-0.002832041858504649
-0.0027190207804976586
-0.00261327082396069
-0.002510914612618373
-0.002414727703166734
-0.0023212116592544463
-0.0022345266213117596
-0.0021495589855718973
-0.0020696831503044856
-0.0019925677389700746
-0.0019215363874588776
-0.0018517927388167698
-0.0017836997685221352
-0.0017184749288756665
-0.0016587443789749035
-0.0016009700316392448
-0.0015441199849349798
-0.001489202571715222
-0.0014378578780589334
-0.0013892355514646788
-0.0013425585805909791
-0.001296412964187011
-0.001253401372003375
-0.0012128523531228048
-0.001171717783159874
-0.0011345368287995865
-0.0010962532342721656
-0.0010626317999888736
-0.001028322508542638
-0.0009939782971678305
-0.0009633986590902157
-0.0009335388935316449
-0.0009039422029032757
-0.000876677439569201
-0.0008502483406152189
-0.0008247434038814128
-0.0007991081437736559
-0.000774205338493762
-0.0007517025923198293
-0.0007303079670686424
-0.0007094396675679798
-0.0006887618942018639
-0.0006672210099483958
-0.0006486642463483345
-0.0006300122370849894
-0.000611057172789338
-0.0005942235494896756
-0.0005798359861988095
-0.0005612437312916523
-0.0005466473418987246
-0.0005304455364594267
-0.0005175860672406035
-0.0005041878069189397
-0.000489169344176594
-0.0004771855506761028
-0.00046382520205738754
-0.00045005897250512654
-0.0004383800720083346
-0.00042754726384003903
-0.00041651096201913973
-0.0004057375472861349
-0.0003963261938968087
-0.00038552512044034813
-0.00037536880052396
-0.0003673029398253629
-0.0003580344722466652
-0.00034813813554404946
-0.00033850068615407213
-0.0003313995866760408
-0.0003230783297871246
-0.0003136390195181904
-0.000307697616178939
-0.0003000257889746305
