-0.00008914103171921332
-0.00009220134666752484
-0.00009276999631938349
-0.00009513984600183754
-0.00009716555686477746
-0.00009850368216424142
-0.00010175774034601364
-0.00010368566049820749
-0.0001046682056700144
-0.00010774636465391745
-0.00010863520073430195
-0.0001112753352049211
-0.00011272660034044742
-0.00011754812451637577
-0.00011761355366053765
-0.00012185090330845829
-0.000122775251571945
-0.00012666643379747388
-0.00012848464801819143
-0.00013308962306372946
-0.00013356307958777505
-0.00013775294415154345
-0.0001391707460529032
-0.00014368330989127993
-0.00014395995642798565
-0.00014904172563285324
-0.00015226609788605305
-0.0001546126594280349
-0.00015829352130777188
-0.00016184300221636487
-0.00016668367958971067
-0.000173112537563093
-0.00017434140439264337
-0.00017857081968637142
-0.0001824704247482462
-0.0001866345081124647
-0.00019143689740037706
-0.00019583647811432928
-0.00020035582371156994
-0.00020548115603971615
-0.00020782303415569156
-0.00021458131146590508
-0.0002211522607156378
-0.00022548114207330796
-0.00022966069391947195
-0.00023600854865886398
-0.0002417658584310318
-0.00024878607010102294
-0.00025353551153010825
-0.00026241174997789586
-0.0002688123966779805
-0.0002734782457771139
-0.0002818190909213514
-0.00028957697398074886
-0.00029568086781885615
-0.00030274633176147415
-0.0003116845910155973
-0.0003188439699154826
-0.0003285656964435744
-0.00033671729736138003
-0.0003488635632272959
-0.00035660386628307304
-0.0003674880141179044
-0.00037682120651243443
-0.00038451385903590075
-0.0003960520682498299
-0.00040791823537265854
-0.00041919996154235885
-0.000430041450118923
-0.00044398398503288285
-0.0004569313396174226
-0.0004683817665567159
-0.00048301360159090477
-0.0004970749695133798
-0.000510216211009322
-0.0005271478429515703
-0.0005428709237686934
-0.000560474790676643
-0.0005773215585839341
-0.0005942644528361521
-0.0006144617439205584
-0.0006309641770812313
-0.0006518899065177673
-0.0006712372284395279
-0.0006947808706894318
-0.0007163135990157455
-0.0007384950665287348
-0.0007616536111075061
-0.0007888959988898662
-0.0008159479198328697
-0.0008413047749812657
-0.0008690727096904076
-0.0008981538153186805
-0.0009302708337124593
-0.0009620459357966944
-0.000994354893287685
-0.0010301707264728174
-0.0010657531034326154
-0.0011045633863637071
-0.001143445555153542
-0.0011844718375186487
-0.0012288511391074038
-0.0012714179164794847
-0.00131765743677692
-0.0013670249748992695
-0.0014206843797156285
-0.0014759539778489397
-0.0015306377456003597
-0.0015904301603058989
-0.0016507362356097607
-0.001715223351939777
-0.0017845806418223193
-0.0018557805770703234
-0.001928417657840548
-0.002009376522019396
-0.0020924472752321933
-0.002178125362717064
-0.0022679583417466545
-0.002364287379690583
-0.0024662352941325297
-0.0025717047032934137
-0.0026832046947980323
-0.002799805759855595
-0.002924467922682078
-0.003055082902750952
-0.003192407629941068
-0.003338794061742859
-0.0034946198278934786
-0.0036548721052266095
-0.003826572611032079
-0.004006933811944226
-0.004199299655205244
-0.0044014189834325895
-0.004617712451329764
-0.00484470253275049
-0.0050854029848588405
-0.005343194553060553
-0.005613352995614834
-0.005901240797413083
-0.006208435461518729
-0.006533311394469015
-0.006880879711200951
-0.007248590805455771
-0.007641801216434286
-0.00805967929776155
-0.008505110435917153
-0.008979721887405295
-0.00948707649162877
-0.01002950248942732
-0.010610322094007377
-0.011228337951727
-0.011889513943219169
-0.012597783401583507
-0.01335885407004635
-0.014169924275067679
-0.015041356635665465
-0.01597626562019102
-0.016981104065136133
-0.018058031607222372
-0.01921602304118228
-0.020457793185092606
-0.021796559545089172
-0.023233031347325413
-0.024782265028755815
-0.026446634554372704
-0.02824091526266996
-0.030170836511553292
-0.032247840965406206
-0.03448366249121923
-0.03688871725736
-0.039476663004623554
-0.042254105122594074
-0.04523910182936004
-0.04843666058407644
-0.051858128785501556
-0.055508375321860245
-0.05938893685382096
-0.06349506673565926
-0.06781511963167043
-0.07232387741263428
-0.07696783420525681
-0.08167733288103948
-0.08633322563730367
-0.09076392341868358
-0.0947039714633759
-0.09778551443176792
-0.09946487289304685
-0.09900936954917938
-0.09542416270299531
-0.087482059119626
-0.0737698697507845
-0.052907042556203814
-0.02383617128747613
0.013825663234211662
0.059576014201078276
0.11202714090494477
0.16906183216118964
0.22802892282375722
0.2859428598684569
0.33970288221786327
0.38639419807208764
0.42361855948158333
0.4497621348263018
0.46410875269323804
0.46680200423066526
0.4587448112720006
0.44143309126895675
0.4167481990923477
0.3866072603197901
0.3525000326940229
0.31515195913411165
0.2743763853117046
0.22928190056912856
0.17868683916784095
0.121634830013906
0.05777531166429514
-0.012480009609250628
-0.08801608435369465
-0.1671446812333173
-0.24769562223510186
-0.3271093241465732
-0.4026067621551295
-0.4715452466351679
-0.5318634123375516
-0.5823892556236646
-0.6228743025060813
-0.6537018555837062
-0.6755494953774251
-0.6890595089564407
-0.6946221708532493
-0.6922910920738453
-0.6817509399406866
-0.6624165293615578
-0.6335892148673132
-0.5947440693462511
-0.545867332289739
-0.48770705249620383
-0.4217889871874132
-0.3501205695562409
-0.2747337886959084
-0.19728804421832263
-0.11890196657239942
-0.0401578492161358
0.03873657557678728
0.11775383504625916
0.19683451839192215
0.2756820902376269
0.3535766264140947
0.42924768846081973
0.5009065774391867
0.5664888109439928
0.6240969401226827
0.6724280477929699
0.7109883095030066
0.7399886018617424
0.7600600852581253
0.7719085954508903
0.7760755340089927
0.7727893425212259
0.7619137939591477
0.7429808839316963
0.7153004559170588
0.6781776525099643
0.6312392891579658
0.5747472249216519
0.5097765624760818
0.43808579136989545
0.3617316594956888
0.282611403141322
0.2021499306427875
0.12120773780773067
0.04018123244748687
-0.04083236932796784
-0.12182751259384118
-0.20268018143734778
-0.2829327807951236
-0.36164831709166617
-0.4373226515007916
-0.5080092653672804
-0.5716653547887592
-0.6266043696323806
-0.6718678076601555
-0.7072975457481258
-0.7333303086948821
-0.7506731576090492
-0.7599943634650136
-0.7617174343417021
-0.7559199146046702
-0.7423228806698189
-0.7203448143978762
-0.6892634899064821
-0.6484849425820856
-0.5978799471305838
-0.5380512718530751
-0.4704082666545771
-0.39689579546203263
-0.31955512422468835
-0.24010837230415163
-0.15973878399255984
-0.07909118811651175
0.0015912269337016228
0.08227774554221289
0.162929403955078
0.2433103700016775
0.3227703472502913
0.40012960596695757
0.4736684594128688
0.541339995416907
0.6012016228277866
0.6518495748786608
0.6926741997117634
0.7238102856277155
0.7458516611006063
0.7595196860706993
0.7653943078268799
0.7637609364186246
0.7545372620048301
0.7373013243824713
0.7113857245978269
0.6760883491623946
0.6309659973164
0.5761785891393131
0.5126881818378972
0.44217714798193575
0.36669164581640673
0.2881770599426282
0.20813567997926485
0.12750936166391358
0.04675054384219595
-0.034010673425496525
-0.11477284708650766
-0.1954335302836447
-0.27560050045548
-0.35440936799171224
-0.43043476032777017
-0.5017790059330587
-0.5663823342280532
-0.6224825880432001
-0.6690039165440126
-0.7056785721387642
-0.7328803057023417
-0.7512941838684177
-0.7616117891670974
-0.7642954564991459
-0.7594809044856924
-0.7469321610455691
-0.7261034802867431
-0.6962810866978253
-0.6568292099958506
-0.6075336661388534
-0.5488827254738665
-0.4821730278340153
-0.40930541213240573
-0.33233133086824884
-0.2530372742099544
-0.17268943328859787
-0.09200078414304416
-0.011262720645281617
0.06947451238303083
0.15019440417687616
0.23069065797652083
0.3103904776525866
0.3881894682839743
0.46243698432902525
0.5311162224308293
0.5922369105829701
0.6442950391859015
0.686565770304723
0.7190898395545665
0.7424187083328321
0.7572705288226935
0.7642619692002915
0.7637238296853242
0.7556291211312447
0.7395997881051694
0.7149912830042248
0.6810922540631975
0.6374010438995635
0.5839742048192418
0.5216581102482032
0.4520465546120516
0.3771621946246161
0.2989943366664289
0.21911572565119483
0.13855352244660438
0.057815669240188564
-0.02293191456634914
-0.10367935325884264
-0.18435512400027756
-0.26461874940609853
-0.34368185852295924
-0.42019698674011846
-0.49232517599399783
-0.5580001982706492
-0.6153876611797601
-0.6632981949278323
-0.7013574808544101
-0.729863092135932
-0.7494801467075629
-0.7609090891981907
-0.7646587992543882
-0.7609122745338375
-0.7494866303059163
-0.7298747519508069
-0.7013731401900538
-0.6633190668253911
-0.6154105189659265
-0.5580286397905276
-0.49235830208156245
-0.4202355906749018
-0.3437231993367976
-0.26466498865783483
-0.18440546315144699
-0.10373425888131857
-0.02299065822437147
0.0577527486575855
0.13848389853310725
0.21904411107439903
0.29891584811456023
0.3770797582736429
0.45195911094289776
0.5215664921891107
0.583878903178667
0.6373006686311833
0.6809859504568081
0.7148816015998889
0.739482865880182
0.7555094078605051
0.7635995493269783
0.7641321266660125
0.7571360340293066
0.7422769049553949
0.7189420621530386
0.6864126566032823
0.6441350928256123
0.5920699167091888
0.5309431633473528
0.4622565263531439
0.3880023566347439
0.31019563205228273
0.2304892863101267
0.14998528313161572
0.06925909882321277
-0.011487097604237287
-0.09223342012910009
-0.17292866162544338
-0.2532845689245039
-0.3325874320745389
-0.40956754706612286
-0.48244548188771397
-0.5491618354974251
-0.6078227786004015
-0.657128615384327
-0.696587512060958
-0.7264202421860871
-0.7472584462267183
-0.7598193113805936
-0.7646460777456529
-0.7619719897555515
-0.7516663974945352
-0.7332634028500875
-0.7060747289727686
-0.6694140848974381
-0.6229082349378495
-0.5668236962582595
-0.5022361196072335
-0.43090835472778266
-0.3549001237287259
-0.2761089892410514
-0.1959595776888304
-0.11531590219351448
-0.03457382344516972
0.046169926943662204
0.12690917822526177
0.20751411347148035
0.28753570596989275
0.3660291150389134
0.4414932386698776
0.5119834754202944
0.5754521197832131
0.6302150441442789
0.6753144774564052
0.7105869967123899
0.7364755088803495
0.7536821517570464
0.7628753320372219
0.7644789576596042
0.7585712661753111
0.7448696624677518
0.7227901016353562
0.6916147283789128
0.6507489392887025
0.6000585574444898
0.5401505155289629
0.4724296093588891
0.39884129044362426
0.3214301815949057
0.24191567682328627
0.16147880238950632
0.0807671527776259
0.00002017098752381696
-0.08072558090782436
-0.16143795627449628
-0.24187538309328396
-0.3213902757865386
-0.39880122638164117
-0.47238891472387856
-0.5401098596480842
-0.6000167537385502
-0.6507081008237412
-0.691573108676581
-0.7227489179249486
-0.7448272851494899
-0.7585299747180358
-0.7644378847136449
-0.762835342847935
-0.7536409311601652
-0.736432669801395
-0.7105450339370175
-0.6752707818887702
-0.630171580636082
-0.5754087419043068
-0.5119405671549743
-0.4414503208864882
-0.36598624692646353
-0.2874922983474192
-0.2074711014742473
-0.12686455501502086
-0.0461260674959384
0.034618765476965095
0.11536132140773589
0.19600438069796303
0.27615277680745287
0.3549458364134264
0.43095374079819154
0.5022819561013604
0.5668700618669626
0.6229553970374276
0.6694609482333044
0.7061223159321925
0.7333108463198992
0.7517148241812419
0.762020547196205
0.7646954777371189
0.7598695907210644
0.7473097705634433
0.7264714263797142
0.6966383332755577
0.6571798491744688
0.6078749175269391
0.5492151311461857
0.48249941669694985
0.4096227738545383
0.33264216465001756
0.2533410226983703
0.1729853582188959
0.09229125891266726
0.011544074087960737
-0.06920079511283728
-0.14992547601984296
-0.23042949644686733
-0.3101353366244714
-0.3879416435769852
-0.4621953391288096
-0.5308814565955846
-0.5920080049773592
-0.6440718147417489
-0.6863468822035805
-0.7188777231525182
-0.7422112746969741
-0.7570689718261846
-0.7640644783645115
-0.7635312524781596
-0.7554390076258231
-0.739413234648348
-0.7148107941889918
-0.6809133415305594
-0.637226461498337
-0.5838043204176303
-0.5214900179539202
-0.45188125432168014
-0.3770006035053229
-0.29883433382394065
-0.2189602816709404
-0.138400738343604
-0.05766674460046363
0.023077343593714793
0.10382150952178106
0.18449496485183467
0.26475426237734756
0.3438140972615932
0.42032834517944206
0.4924522426001324
0.5581233376218608
0.6155076575442704
0.6634172085642489
0.7014738108056746
0.7299774337008623
0.7495909098340959
0.7610176667114427
0.7647652695576224
0.7610165039017391
0.7495899426019448
0.7299772979577551
0.7014735646058458
0.6634156096480894
0.6155078267012638
0.5581219948193529
0.49245209315835003
0.4203280467906137
0.3438132281095555
0.2647530762264623
0.18449205760267712
0.10381961621523894
0.023075157610528276
-0.05766996240561877
-0.1384032891785316
-0.21896349307010435
-0.2988377073931288
-0.3770038477998296
-0.45188441094046633
-0.521492584113876
-0.5838070762283707
-0.6372290124403879
-0.6809171895757861
-0.7148134437033127
-0.7394170908806751
-0.7554430649896523
-0.7635341046581835
-0.7640681316542689
-0.7570733221023378
-0.7422139155180576
-0.7188818667516761
-0.686352114665203
-0.6440759619273277
-0.5920123416045078
-0.5308851423989277
-0.4622000894150781
-0.38794592594009364
-0.3101409810739612
-0.23043514196848214
-0.1499309792425665
-0.06920616550651715
0.011539270867239828
0.09228495945738052
0.17297913774769372
0.2533346426664754
0.332635667807106
0.40961647606437324
0.48249283496478684
0.5492084475518086
0.607868371695313
0.6571731518738515
0.6966313875313371
0.7264635569641249
0.7473028047919297
0.7598605858001078
0.764686648563428
0.7620120409894944
0.7517066323147781
0.7333027927433627
0.7061142797195721
0.6694522961778746
0.6229463613003043
0.5668611099041913
0.5022727406661571
0.4309445994070733
0.3549353693118578
0.27614356052998523
0.19599477454300332
0.11535083427558546
0.03460782584652219
-0.04613700396288467
-0.1268758302860435
-0.207481921609673
-0.2875039061893985
-0.3659982616295235
-0.4414626429508681
-0.5119522412834462
-0.5754209101445333
-0.630185167920366
-0.6752830453786487
-0.7105579589080294
-0.7364465445597519
-0.7536543357160251
-0.7628479131244018
-0.764451144366937
-0.7585440421385716
-0.7448416475941729
-0.7227632555882094
-0.6915884303114002
-0.6507229733095989
-0.6000319254434413
-0.5401252967122391
-0.47240471520210503
-0.39881718961013696
-0.3214068331094576
-0.24189157700657946
-0.16145514951990025
-0.0807427103448721
2.6122117975624316e-6
0.08074797834888696
0.1614599297875898
0.24189682510145588
0.32141177874705795
0.3988229233179243
0.4724092914533455
0.54013033967436
0.6000375966153101
0.6507279978287103
0.6915939777832373
0.7227686047969865
0.7448472467955178
0.7585488772004177
0.7644566740054899
0.7628532706831763
0.7536593469193993
0.7364515090517979
0.7105636145438629
0.6752886323836912
0.6301904830224906
0.5754264180614943
0.5119578106010585
0.4414680362245939
0.3660032517542224
0.287508950226533
0.20748716882999407
0.12688124337938986
0.046142642624166334
-0.034603090978951846
-0.11534528787161212
-0.195988494379601
-0.2761379809167782
-0.3549299738637408
-0.4309390325349919
-0.502267899901448
-0.5668560792245074
-0.622940934002233
-0.6694474286396742
-0.7061091418668256
-0.733297363692862
-0.7517016597729479
-0.7620069811799783
-0.7646815744503817
-0.7598556941506581
-0.7472972792958962
-0.7264585974575564
-0.6966260622196306
-0.6571679764109194
-0.6078627633862733
-0.5492032418945779
-0.4824873926281962
-0.4096109021999477
-0.33262973825440045
-0.2533292925302149
-0.17297354670611345
-0.09227870408731052
-0.011533146257853233
0.06921202727406231
0.14993682037996858
0.23044080404818476
0.3101464686828033
0.3879527103189199
0.46220605470229764
0.530891731067086
0.5920184345537848
0.6440817912616914
0.6863580420442825
0.7188879844756186
0.7422212735447615
0.7570787085438125
0.7640747071163733
0.7635402741402485
0.7554492438476
0.739423322428935
0.7148200496066899
0.6809234575707094
0.6372359070308097
0.5838138442133911
0.5214996130509337
0.4518908685649734
0.3770108961911976
0.29884405306960465
0.21897018250663394
0.13841051958283476
0.05767684208889498
-0.023068236141531345
-0.10381255240926102
-0.18448537118894218
-0.26474614074514347
-0.34380592736585647
-0.4203198540434098
-0.4924438266031537
-0.558114847088268
-0.6154998731846506
-0.6634089958357626
-0.7014656037160043
-0.7299685530386536
-0.7495825158021714
-0.7610093590241233
-0.7647577627560209
-0.7610095791048234
-0.7495827070433247
-0.7299690214234403
-0.7014659463474436
-0.6634087746471163
-0.6154997333648763
-0.5581150686442133
-0.4924437745971518
-0.4203202534511232
-0.343805658335895
-0.26474596463908057
-0.18448526566750156
-0.1038130372240294
-0.023068020283248527
0.05767661067201207
0.13840981485106055
0.2189698933259339
0.2988439122390136
0.3770105263996352
0.45189044590015054
0.5214985201216059
0.5838134148960952
0.6372354340913755
0.6809232407760488
0.7148197526813649
0.7394229331189789
0.7554489812570544
0.7635395169436925
0.7640744244745384
0.7570785467160219
0.7422208424955615
0.718887245122652
0.6863576981627295
0.6440812151151266
0.5920172927638931
0.5308911819170088
0.46220640197869006
0.3879515198922763
0.3101455897386069
0.23044014031061658
0.14993595861560496
0.06921162640143605
-0.011533707810256706
-0.09227897539445463
-0.1729737103236841
-0.25333051537509016
-0.3326301258053081
-0.4096113706021093
-0.4824882536732394
-0.5492037557107949
-0.6078631529960483
-0.6571685744957517
-0.6966273803542707
-0.726459607968008
-0.7472974211365943
-0.7598564719334635
-0.764682668623958
-0.7620076415214473
-0.7517027561769926
-0.7332988194609751
-0.7061098785249622
-0.6694484915635902
-0.6229418871846937
-0.5668566279855712
-0.5022690960529039
-0.4309407489854481
-0.3549313870434971
-0.27613920802499076
-0.1959896809651641
-0.11534714567063155
-0.03460395116638113
0.0461407605954296
0.12688036326833813
0.20748607424200732
0.2875071497719611
0.36600211798305515
0.4414664069618495
0.5119563290081722
0.5754250029997094
0.6301892079287313
0.6752872110023566
0.7105614611746734
0.7364498785751831
0.7536579226302867
0.7628515991174297
0.7644548885928943
0.7585475535391889
0.7448453067693341
0.7227672059741553
0.6915925126612876
0.6507267525125116
0.600036121818029
0.5401283887170489
0.4724078575946283
0.3988213991961988
0.32140988459076236
0.24189487979849542
0.1614584573657139
0.08074648499986535
8.28875097887681e-7
-0.08074511993604101
-0.1614567815621642
-0.24189299473688397
-0.32140872983776114
-0.3988194300325565
-0.47240574814980385
-0.540126920603306
-0.6000344802307941
-0.650725062781962
-0.6915908302259434
-0.7227652358631514
-0.7448434607500598
-0.7585456448617416
-0.7644532645549924
-0.7628494249314007
-0.7536561277600976
-0.7364482033440563
-0.7105597455510696
-0.6752856488522199
-0.6301872318623252
-0.5754234087124328
-0.5119542848984675
-0.4414649024385744
-0.3660006380373922
-0.2875057931110143
-0.2074843945820615
-0.12687837452132758
-0.04613904383669593
0.03460566501122699
0.11534822564177734
0.19599127405776584
0.2761410889368951
0.3549335703776328
0.43094152685825754
0.5022699572758582
0.5668584408777881
0.6229435663174298
0.6694496723273539
0.7061118396441134
0.7333002696969411
0.7517038627143368
0.7620089062269751
0.7646833838525073
0.7598583310404445
0.7472992608796929
0.7264612706329806
0.69662831010921
0.657169925018335
0.6078651579597778
0.5492057291226596
0.4824903139567807
0.40961287250653156
0.33263245387146495
0.25333180776488234
0.17297603114317853
0.09228147270387536
0.011535540054545617
-0.06920983372266624
-0.14993442635840815
-0.2304383750356162
-0.3101442459429918
-0.3879498541101969
-0.4622044304564503
-0.5308895449375319
-0.592016283530776
-0.6440801337082029
-0.6863561484079836
-0.7188861617801117
-0.7422190427571902
-0.7570766901231019
-0.7640722447087093
-0.763537874083648
-0.7554472251396273
-0.7394210615330989
-0.7148179732847484
-0.6809213537288654
-0.6372336657144817
-0.5838115724826503
-0.5214971525307112
-0.451888688678184
-0.3770083185121539
-0.29884180887923206
-0.21896773377311218
-0.1384080580578448
-0.05767473528570567
0.023070894816806357
0.10381536411041502
0.1844877732479442
0.26474794767974297
0.343808255116778
0.4203223868407266
0.49244622422323153
0.5581173063072039
0.6155014006144365
0.6634114322309852
0.7014683633211777
0.7299716784225598
0.7495847336159668
0.761011733759219
0.7647599844920963
0.7610118040312871
0.7495850990245783
0.729971688675511
0.7014677324480575
0.6634110147597175
0.6155020450078779
0.5581176456290212
0.49244575176714983
0.42032265437050376
0.3438081814266694
0.2647485634047301
0.1844875523534758
0.10381540401479034
0.023070085890808962
-0.05767469928125906
-0.13840777133143617
-0.2189675506345049
-0.29884220721944826
-0.3770087776109376
-0.4518885407636141
-0.5214965120523537
-0.5838110746034483
-0.6372337263926812
-0.6809215590144442
-0.714817872199523
-0.7394210402421814
-0.7554476172281163
-0.7635388252631611
-0.7640727126803095
-0.757076685455321
-0.7422187407979483
-0.7188858600895625
-0.6863560113416356
-0.6440798768604868
-0.5920163172918582
-0.5308897671232252
-0.4622043926118423
-0.3879501615203336
-0.31014444970732286
-0.23043871200693022
-0.14993430209207723
-0.06920996432121912
0.011535504245524252
0.0922805603846388
0.17297564802098325
0.2533315738051591
0.33263210464035803
0.40961303879633737
0.48248941295107906
0.5492053159069958
0.6078650535005659
0.657169709355721
0.6966283064014355
0.7264611910009625
0.7472992763283411
0.7598581235411088
0.7646835043185773
0.7620087199306106
0.7517033093913843
0.7333000222991763
0.7061115884630358
0.6694499293509257
0.6229438905117528
0.5668585334160698
0.5022703398198857
0.43094165966892495
0.35493324298375895
0.27614117859514375
0.19599115409958517
0.11534843466057665
0.03460595780138475
-0.04613911298772156
-0.12687853168471358
-0.20748417594925045
-0.28750594413632735
-0.3660001672666748
-0.44146556513064805
-0.5119547292186654
-0.5754237243079156
-0.630187229243859
-0.6752862529915687
-0.7105596161095703
-0.7364483495289933
-0.7536564380875278
-0.7628501159356244
-0.7644533399957312
-0.758545996550218
-0.7448433654140545
-0.7227651583041573
-0.6915900200167104
-0.6507248115346013
-0.6000347075923141
-0.5401273664590521
-0.4724060095347085
-0.39881957080012925
-0.3214085395495346
-0.24189325373792558
-0.16145661046072837
-0.08074467202120557
9.935637135244289e-7
0.08074674464241142
0.16145850134257564
0.24189485989464624
0.3214101881915715
0.39882071648400835
0.4724076369068114
0.5401289106355557
0.6000359157216768
0.6507268712475055
0.691592554749824
0.7227671508260323
0.7448451248141005
0.7585477716540884
0.7644548688532478
0.7628515197679835
0.7536580639881452
0.7364498645920614
0.710561674070732
0.6752873703252761
0.630189038339655
0.5754254925215213
0.5119563327024969
0.44146703102875157
0.36600230934543887
0.28750802792684654
0.207486455245096
0.12687985103030433
0.046141193834124704
-0.03460378598875863
-0.11534620341440668
-0.19598936999384697
-0.27613940250058583
-0.35493139137770424
-0.43094014929785573
-0.5022687454225837
-0.566856300434567
-0.6229418278366595
-0.6694484120973407
-0.7061096219199816
-0.733298032094276
-0.7517016780178641
-0.7620071592975899
-0.7646818861769688
-0.7598563096848638
-0.747297519467715
-0.726459018803142
-0.6966263851894456
-0.6571683378535509
-0.6078639525745777
-0.5492035574095693
-0.4824883554692051
-0.40961134368769
-0.33263035849029676
-0.25333008155748926
-0.17297430484048582
-0.09227944469985534
-0.011533892218121232
0.06921183652382737
0.14993644899142883
0.23044008581282335
0.31014602241606354
0.38795171642937853
0.46220587901947646
0.5308914432477965
0.5920182316674493
0.6440822486600202
0.6863574164491503
0.7188871529337645
0.7422203495792131
0.7570783653325914
0.7640746841393748
0.7635398434517872
0.7554496302440773
0.7394229627273773
0.714819685504225
0.6809231296330827
0.6372352410326731
0.5838130909390691
0.5214993035103589
0.4518903185919554
0.3770104433068356
0.29884358663589106
0.2189701740738179
0.13840958462669636
0.05767643162618972
-0.023068731192846477
-0.1038132734744071
-0.1844860942847043
-0.2647464484050576
-0.3438062461587713
-0.42032037677010864
-0.4924443730881516
-0.5581157510960222
-0.615499500587605
-0.6634092626909848
-0.701466126773436
-0.7299695750160115
-0.7495832362252134
-0.7610095382150689
-0.7647576765371009
-0.761009869011738
-0.749582741321734
-0.7299691852809824
-0.7014650460738242
-0.6634092620794109
-0.6154997631698662
-0.558114988788388
-0.49244420597353894
-0.42032019276235033
-0.34380573829181194
-0.26474576444606995
-0.18448571162900304
-0.10381291623020336
-0.0230684092143315
0.05767711928002469
0.13841048208873108
0.21896990593564883
0.29884480201236646
0.377011201144799
0.4518906114136355
0.5214995535394523
0.5838137209243657
0.6372361376452742
0.680924000802199
0.7148199337329842
0.7394239771065784
0.7554493214961416
0.7635402355146041
0.7640747203312307
0.7570792592162409
0.7422211611770473
0.7188881782164114
0.6863584430006464
0.644082128949289
0.5920185235178871
0.5308921376638447
0.46220651393506357
0.387952319362159
0.3101463197654465
0.23044066249571102
0.14993693241702416
0.06921214181872945
-0.011533252635876092
-0.09227893376060252
-0.17297391184628297
-0.2533287281764531
-0.33262939254469853
-0.4096099648673157
-0.4824876197435716
-0.5492027508083565
-0.6078620881281145
-0.6571678692686483
-0.6966259424669868
-0.7264580833140835
-0.7472966516737016
-0.7598553799721887
-0.7646809708558285
-0.7620064689692424
-0.751701228530942
-0.7332973337251635
-0.7061088641655416
-0.6694474790989539
-0.6229409170012484
-0.5668558257993004
-0.5022668288336313
-0.4309391150603118
-0.3549303311150192
-0.27613822948659816
-0.19598830933607606
-0.11534493345068206
-0.034602437761351384
0.04614187516466193
0.12688157832772906
0.20748725654482583
0.28750876400577735
0.3660036106050685
0.44146830975221346
0.5119577220941083
0.5754260528764056
0.6301904151663154
0.6752885217275085
0.7105634365484337
0.7364514332793979
0.7536590596577035
0.762853498648457
0.7644564532216518
0.758548965019234
0.7448469469350196
0.7227684199894707
0.6915945976174344
0.6507283747787388
0.6000379736807152
0.5401314903642385
0.4724096070212279
0.3988233924256188
0.3214117630693018
0.24189714123519349
0.16146071093989947
0.0807482856262728
2.9055130375697285e-6
-0.08074196188480577
-0.16145456763456198
-0.24189074763887605
-0.3214062357742262
-0.3988173707311749
-0.4724038459995848
-0.5401239844219029
-0.6000326326205725
-0.6507226807993373
-0.6915885447461897
-0.7227627366091636
-0.7448410737295362
-0.7585432753735368
-0.7644515883661105
-0.7628475583321226
-0.7536541026967541
-0.7364450893072221
-0.7105573464706636
-0.675283698737944
-0.6301853870366825
-0.5754214192164413
-0.5119522152574412
-0.4414620315540091
-0.3659985321880478
-0.2875037739042812
-0.2074824685071038
-0.12687609783965598
-0.046136761941589374
0.034608705805490705
0.11535116593108172
0.19599383421373776
0.27614341392411595
0.35493596394689436
0.4309444549379556
0.5022734813597459
0.566861560254976
0.6229466818661641
0.6694531116342252
0.7061141554581721
0.7333032805673163
0.7517066867390767
0.7620120643413938
0.7646865658945394
0.7598617711368395
0.7473026319148656
0.7264642296290355
0.6966317248082805
0.6571729488106768
0.6078683979899215
0.5492091720583441
0.4824932163189558
0.4096168028253033
0.33263466768432187
0.2533350157009067
0.17297956010214272
0.09228441258571611
0.011538609812525625
-0.06920640093388514
-0.14993069827067687
-0.23043568684871849
-0.3101407611086084
-0.38794616987088726
-0.46220072963561376
-0.5308857112868407
-0.5920123608664771
-0.644075364416686
-0.6863518660060036
-0.7188815538487338
-0.7422150514277522
-0.7570727147927664
-0.7640686982154703
-0.7635338176455697
-0.7554431317042094
-0.7394168834817034
-0.714813773018597
-0.6809169765469502
-0.6372294981802901
-0.5838075784709784
-0.5214926374217833
-0.45188431979885063
-0.377003735228752
-0.2988373153470994
-0.21896322474966784
-0.13840396085443304
-0.05767028489986774
0.02307599876793466
0.10382021120729262
0.18449209172508002
0.2647521241369643
0.34381359385926596
0.4203278931445207
0.4924517113699458
0.558121860915539
0.6155068379177642
0.6634158266384396
0.7014732919699795
0.7299766210185771
0.7495900306418393
0.761017044690647
0.7647651024412165
0.7610171186112316
0.7495908401340071
0.7299770544095134
0.7014740386640169
0.6634172498095786
0.6155076297049369
0.5581235413668771
0.4924525024251623
0.42032898058564455
0.34381376532509544
0.2647546407198549
0.18449404401566352
0.10382161872516622
0.02307720934292023
-0.05766853973038414
-0.13840132437556923
-0.21896119235288047
-0.29883543867663304
-0.37700238999524155
-0.45188146246277594
-0.5214899496594205
-0.5838046787865177
-0.6372268119331216
-0.6809137815566342
-0.7148107884282294
-0.7394144037810753
-0.7554402853852753
-0.7635310880274936
-0.7640645689450055
-0.757068648563518
-0.7422114938492066
-0.7188776209832162
-0.686347929887514
-0.6440717034724753
-0.592008131530115
-0.5308821893774363
-0.46219591160100104
-0.3879410363662914
-0.3101351493779707
-0.23042967723352342
-0.14992511881812154
-0.06920057098254505
0.011544693558901293
0.09229040768756067
0.1729860593815658
0.2533415777931748
0.3326423238744186
0.40962362705672895
0.4825006821073059
0.5492166193337885
0.6078756609188187
0.6571804839089268
0.6966383546590231
0.7264715665207695
0.7473098435062819
0.7598691476020829
0.7646945305514505
0.7620206396409499
0.7517144358516114
0.733311739195607
0.7061228174292639
0.6694619250193288
0.6229559912815064
0.5668700314854925
0.5022821742992194
0.43095443004367573
0.3549463652709127
0.27615351328792553
0.19600429262114444
0.11536081861966015
0.03461873548158849
-0.046125268257075885
-0.12686442407887707
-0.207471012225386
-0.2874917336910944
-0.3659867368396784
-0.44145083542036595
-0.5119410092100303
-0.575409103630973
-0.6301723890032842
-0.6752709612838502
-0.7105435415367689
-0.7364332586921314
-0.7536398941024366
-0.7628339768757643
-0.7644372760417482
-0.7585291289770927
-0.7448273701972089
-0.722749081813905
-0.6915742897975076
-0.6507079748938621
-0.6000176548904237
-0.540108343878805
-0.47238849591450466
-0.39880180111281116
-0.3213900921822987
-0.241874253141312
-0.16143756717391072
-0.08072512681378534
0.000020160544076089462
0.08076595629893625
0.16147911346476687
0.2419142502551944
0.32143047153006155
0.3988414018988482
0.47242830092931876
0.5401498313636719
0.600058171485743
0.650747949928713
0.6916139792148438
0.7227889039258811
0.7448683456823987
0.7585708942286593
0.7644786934289579
0.762875825520975
0.7536827195690465
0.7364744256992151
0.7105866482688814
0.6753127095576023
0.6302151010828086
0.5754512904333476
0.5119822331380705
0.4414932214810335
0.3660302057852013
0.2875359744116057
0.207514113148964
0.1269099679604374
0.04617029851242637
-0.034574232233196424
-0.11531711582110218
-0.19595923532023476
-0.27610940587335536
-0.35489925193605487
-0.4309089967234773
-0.5022366249377288
-0.5668249382680813
-0.6229100952784962
-0.6694148726248782
-0.7060758786519113
-0.7332653925976043
-0.7516671603372296
-0.7619724024888311
-0.7646468344149921
-0.7598202911705385
-0.747261511121299
-0.7264218813117883
-0.6965890000011794
-0.6571290420155991
-0.607824361678212
-0.5491635191467972
-0.48244664116057306
-0.4095701244258039
-0.3325867572112853
-0.253287176719802
-0.17292935753870858
-0.0922336833512614
-0.011488064005309377
0.06925780888697652
0.14998447045670027
0.23048980708217268
0.3101952845465807
0.38800268682462635
0.462256230541612
0.5309433901505067
0.5920699504110415
0.6441344950431275
0.6864112671636766
0.7189426905035495
0.7422757706670902
0.7571351209099512
0.7641326803593438
0.763598409108371
0.7555075392580889
0.7394840133295113
0.7148825930628717
0.6809858473529695
0.6372994412239478
0.5838787452784043
0.5215667874176506
0.45195940799115436
0.37708016587387017
0.29891674653827455
0.21904332315565142
0.138484558457912
0.05775249057311061
-0.02299014571406917
-0.10373286448107792
-0.18440360180426577
-0.2646631950126382
-0.343722826629122
-0.4202349192146106
-0.4923578787433773
-0.5580260234534474
-0.6154106798649819
-0.6633181484896338
-0.701374036444103
-0.7298759693594522
-0.7494862341886115
-0.7609113008081515
-0.7646580637317146
-0.7609081531084209
-0.749479566167795
-0.7298629788514645
-0.7013566267508692
-0.6632982548684797
-0.6153868613012098
-0.5579990115975446
-0.49232452720056064
-0.4201981586151487
-0.34368186101693143
-0.2646186338877714
-0.18435561124555278
-0.1036794152729533
-0.022931346075260223
0.057816302681187245
0.1385541374204673
0.219116960871945
0.29899438200365247
0.37716321717611107
0.4520462346090488
0.5216582628457316
0.5839758136717386
0.6374020312431816
0.6810918709549405
0.7149928501914298
0.7395992709848249
0.7556287877480806
0.7637244411971891
0.7642625242873873
0.7572719964583059
0.7424177086881885
0.7190899383825684
0.6865665363517222
0.6442962046119427
0.5922376574728052
0.531115919880692
0.46243625403594063
0.38818926527193787
0.31039068643373313
0.23069045283617215
0.1501936907962686
0.06947539191525248
-0.011261513898112157
-0.09200041387092021
-0.1726883880277325
-0.2530366139265674
-0.3323309795175566
-0.40930252414080337
-0.4821732782021391
-0.5488812642879625
-0.6075334291549657
-0.6568291097152346
-0.696280497148766
-0.7261041481825261
-0.7469340965482092
-0.7594809355296254
-0.7642978019876554
-0.7616108573258122
-0.7512933080465423
-0.7328788555303588
-0.7056772323289634
-0.6690029113587672
-0.6224835852861618
-0.5663841848504957
-0.5017780626742272
-0.4304353176278677
-0.35440868676109827
-0.2756007777280896
-0.19543396439194627
-0.11477248506554365
-0.03401181605588745
0.04675203302343989
0.12751041620600065
0.20813681878421517
0.28817670165236936
0.366691191146613
0.44217660817036986
0.5126878248590608
0.5761786692117566
0.63096563641382
0.6760876756727267
0.7113878023899558
0.7373010529539162
0.7545368117130802
0.7637604092471753
0.7653942881802621
0.7595196841754256
0.7458510463789434
0.723809160268506
0.6926735446769836
0.6518491513051196
0.6012015987002836
0.5413411302549423
0.4736664475174506
0.40013164045495014
0.32277316042713766
0.24331044373888958
0.16293038371912186
0.08227766561306529
0.0015917388645807784
-0.07909084966256127
-0.159739824424136
-0.24011047494614238
-0.3195566186428458
-0.39689528202040886
-0.47040847425425303
-0.5380518779653256
-0.5978796893314597
-0.6484870579324915
-0.689263734917463
-0.720345213122919
-0.7423233528698809
-0.7559202768473298
-0.761716845659178
-0.7599946313105412
-0.7506737747691647
-0.7333308842788809
-0.7072971297050306
-0.6718693651598502
-0.6266044016903831
-0.5716652361638114
-0.5080101542644172
-0.43732270442118093
-0.3616496294984992
-0.28293305769082683
-0.2026797914203125
-0.12182956467737659
-0.04083315863358958
0.040181972403240805
0.12120885950239059
0.20214766239808155
0.2826103560672544
0.3617301398489
0.4380839233218181
0.5097755963177357
0.5747475312306564
0.6312389711491287
0.6781778057174899
0.715300635858576
0.7429830421837571
0.7619159462576444
0.7727885815745014
0.776074872287357
0.7719068082065166
0.7600601078077547
0.7399891459927717
0.7109888596315856
0.6724272549112305
0.6240964533362549
0.5664880406699011
0.500905657698931
0.42924750311620913
0.35357628992905443
0.2756832362721106
0.19683324884356962
0.11775401254377167
0.03873632378515964
-0.04015890831776381
-0.11890166814549169
-0.19729000286760298
-0.27473434558538906
-0.3501213466329362
-0.4217900715544612
-0.4877091657100624
-0.5458686209730466
-0.5947448677688957
-0.6335896087074213
-0.6624154098282864
-0.6817522428407534
-0.692290470538544
-0.694623673949343
-0.6890596420191418
-0.6755494445242893
-0.6537007943758755
-0.6228738166483425
-0.5823924740207093
-0.5318624292479873
-0.47154573742289085
-0.4026077325814667
-0.3271100463427764
-0.24769467134911166
-0.1671433045439014
-0.08801870788729252
-0.01247989675623547
0.05777380029170424
0.12163331420734991
0.1786871724673058
0.22928034446975168
0.2743782298502905
0.31515120133714175
0.35250146571369023
0.38660538098610736
0.4167486453902666
0.4414319330357296
0.45874546515684467
0.4668032434911852
0.46410885828029713
0.4497622964965964
0.4236204069250438
0.386393732819589
0.3397029449002638
0.28594284576392887
0.22803092358558416
0.1690637864143862
0.1120279821734158
0.05957515298848412
0.01382380832099594
-0.023834658937850892
-0.0529056315047881
-0.07377032419488709
-0.08748273944900609
-0.09542563334021788
-0.0990086104037236
-0.09946615511996261
-0.09778348197279943
-0.0947050879312165
-0.09076320379894692
-0.08633243288419126
-0.0816764482639199
-0.07696754980648324
-0.07232208563297066
-0.0678180428094484
-0.06349491763132449
-0.05938914803645981
-0.055506604769376945
-0.05185698913956924
-0.04843607204802224
-0.04524084074635883
-0.04225519140680165
-0.03947588717565273
-0.036887695437412056
-0.03448291907880722
-0.03224777407598495
-0.030172891786475205
-0.028242180051683868
-0.026448692501134588
-0.024782207333557876
-0.0232361417637213
-0.021796385312245006
-0.020460561189337454
-0.01921613020585466
-0.01805673835490628
-0.016980916723628184
-0.015976973745584575
-0.015041628639956272
-0.014170952222990474
-0.013357197734915081
-0.012598570859245282
-0.01189060689897884
-0.011227522805258792
-0.010609012698714154
-0.010030388594822665
-0.009489845971911052
-0.008981438200536745
-0.00850526510488574
-0.008060413145323584
-0.007642216865630729
-0.007249819812592026
-0.006879771948383971
-0.00653275730446033
-0.006207657771967129
-0.005901166203375923
-0.005612788584174737
-0.005343109286538001
-0.0050861934823016475
-0.004845307805612101
-0.004616072040903409
-0.004402712486362346
-0.004199479918908486
-0.00400650427823544
-0.0038242614865485886
-0.0036530403812137036
-0.0034919184213538026
-0.0033400816773581396
-0.0031931658138290905
-0.003055865535258041
-0.0029239431822113203
-0.002800098207124193
-0.002683517178001856
-0.0025719422353548795
-0.0024655964521864055
-0.0023651796186921464
-0.0022685925000786858
-0.0021776706450132937
-0.0020910738915989675
-0.002009070334742156
-0.0019303705568812877
-0.00185476844131409
-0.0017834560594894645
-0.001716526220099069
-0.001651703501188841
-0.0015913020457107593
-0.0015294375964749218
-0.001475422753468245
-0.0014207250625272634
-0.0013692045027508088
-0.0013199744024731128
-0.0012713202803532172
-0.0012262206900237223
-0.0011824311476976168
-0.0011433902384057487
-0.0011046927589105921
-0.0010674968960058568
-0.0010292933875068447
-0.0009940620202495644
-0.0009604761161298535
-0.0009299230381999576
-0.000899038360890731
-0.0008697010846572285
-0.000841460813543218
-0.0008134305714742273
-0.0007877377616074728
-0.0007645427588332112
-0.000739665322280025
-0.0007156191388942836
-0.0006927298990400005
-0.0006713236218446122
-0.0006517831084848235
-0.0006336344474666798
-0.0006152173205473148
-0.00059568016106507
-0.0005761139338938708
-0.0005592899829071499
-0.0005429789939141175
-0.0005285702393563809
-0.0005127931686809566
-0.0004947795234140425
-0.00048274635072416346
-0.0004701962038448382
-0.0004551053340309703
-0.00044411547035040963
-0.00043273048911254526
-0.00042054020136186366
-0.0004074861535583174
-0.0003991630936384692
-0.0003851313776883092
-0.0003754576851450942
-0.000366490577319774
-0.0003569307347863054
-0.000345172130300725
-0.00033635430445515664
-0.00032781326584180217
-0.0003206199688288538
-0.0003105756878136466
-0.0003023316319614961
-0.00029630976544359726
-0.0002883540503349758
-0.000280760142842846
-0.00027563616143030885
-0.00026678006931161346
-0.00026029628705583535
-0.0002536725327424319
-0.00024717607541663934
-0.0002426999858839938
-0.0002372984802046749
-0.0002317565655924631
-0.00022386696974267643
-0.00021881805478504013
-0.00021521163069783576
-0.00021107611601855434
-0.0002051452155166447
-0.00020028963408222448
-0.00019576396188139778
-0.0001906822153217445
-0.00018682051447432212
-0.00018156769004205956
-0.00017864001457533444
-0.00017161094476742775
-0.0001690630580954468
-0.00016706906129416126
-0.00016311596596571125
-0.00015906214266462321
-0.00015517339265985427
-0.00015039873760380065
-0.00015124707362145255
-0.0001464016970504397
-0.0001420563976314525
-0.00014073294049231518
-0.00013601804488626128
-0.00013508239971041718
-0.00013119290290531318
-0.0001268544457356181
-0.00012642945443491486
-0.00012285820972750362
-0.00012051990327662697
-0.00011618236310701686
-0.00011676307857532125
-0.00011138338038668478
-0.00011138954916442181
-0.00010843809633211804
-0.00010847503251566416
-0.00010659456827794247
-0.00010185929205089976
-0.00010073731978388459
-0.00009889655778771143
-0.00009541101717723824
-0.00009286742270701378
-0.00009381440509431896
-0.00009121174636846571
