0
0
0
0
0
0
0
0
0
0
0
0
0
0
0
0
0
0
0
0
0
0
0
0
0
0
0
0
0
0
0
0
0
0
0
0
0
0
0
0
0
0
0
0
0
0
0
0
0
0
0
0
0
0
0
0
0
0
0
0
0
0
0
0
0
0
0
0
0
0
0
0
0
0
0
0
0
0
0
0
0
0
0
0
0
0
0
0
0
0
0
0
0
0
0
0
0
0
0
0
0
0
0
0
0
0
0
0
0
0
0
0
0
0
0
0
0
0
0
0
0
0
0
0
0
0
0
0
0
0
0
0
0
0
0
0
0
0
0
0
0
0
0
0
0
0
0
0
0
0
0
0
0
0
0
0
0
0
0.000255828
0.000995215
0.00217707
0.00376168
0.00571073
0.00798722
0.0105555
0.0133813
0.0164315
0.0196745
0.0230796
0.0266177
0.0302607
0.0339819
0.0377555
0.0415571
0.0453634
0.0491521
0.0529024
0.056594
0.0602082
0.063727
0.0671337
0.0704125
0.0735485
0.076528
0.0793381
0.0819669
0.0844035
0.0866376
0.0886603
0.0904632
0.0920387
0.0933803
0.0944823
0.0953395
0.0959477
0.0963035
0.0964041
0.0962475
0.0958324
0.0951583
0.094225
0.0930335
0.0915848
0.0898811
0.0879247
0.0857189
0.0832673
0.080574
0.0776438
0.0744819
0.071094
0.0674862
0.0636652
0.059638
0.055412
0.050995
0.0463952
0.0416212
0.0366819
0.0315864
0.0263442
0.0209651
0.0154591
0.00983648
0.00410774
-0.00171645
-0.00762522
-0.0136075
-0.0196522
-0.0257478
-0.0318831
-0.0380465
-0.0442263
-0.050411
-0.0565889
-0.0627482
-0.0688773
-0.0749645
-0.0809981
-0.0869666
-0.0928584
-0.0986621
-0.104366
-0.10996
-0.115433
-0.120772
-0.125969
-0.131012
-0.135891
-0.140597
-0.145119
-0.149448
-0.153574
-0.15749
-0.161186
-0.164655
-0.167887
-0.170877
-0.173618
-0.176101
-0.178322
-0.180275
-0.181955
-0.183356
-0.184476
-0.185309
-0.185854
-0.186107
-0.186067
-0.185733
-0.185103
-0.184179
-0.18296
-0.181448
-0.179645
-0.177553
-0.175178
-0.172521
-0.16959
-0.166389
-0.162926
-0.159207
-0.155242
-0.151039
-0.146609
-0.141962
-0.137112
-0.132069
-0.12685
-0.121468
-0.115939
-0.11028
-0.10451
-0.0986467
-0.0927107
-0.0867231
-0.0807063
-0.0746836
-0.0686796
-0.0627201
-0.0568319
-0.0510433
-0.0453836
-0.0398833
-0.0345745
-0.0294901
-0.0246646
-0.0201339
-0.015935
-0.0121064
-0.0086878
-0.00572056
-0.00324726
-0.00131197
3.98212e-05
0.00108432
0.00213718
0.00320587
0.00429921
0.0054262
0.00659605
0.00781818
0.00910481
0.0104678
0.0119209
0.0134792
0.0151606
0.0169854
0.0189769
0.0211625
0.0235736
0.0262482
0.0292298
0.0325718
0.0363356
0.0405952
0.0454383
0.0509684
0.0573067
0.0645948
0.0729963
0.082697
0.093902
0.106825
0.121657
0.138507
0.157294
0.177601
0.198539
0.218759
0.236719
0.251186
0.261689
0.268631
0.273011
0.275955
0.278328
0.280592
0.282874
0.285111
0.287179
0.288946
0.2903
0.29115
0.29144
0.291149
0.290299
0.288944
0.287177
0.285109
0.28287
0.280588
0.278323
0.27595
0.273006
0.268625
0.261683
0.251179
0.236711
0.218751
0.198531
0.177592
0.157285
0.138497
0.121646
0.106814
0.0938904
0.0826847
0.0729836
0.0645815
0.0572927
0.050954
0.0454233
0.0405797
0.0363194
0.0325552
0.0292128
0.0262303
0.0235553
0.0211435
0.0189574
0.0169651
0.0151398
0.0134576
0.0118987
0.0104452
0.00908162
0.00779432
0.00657125
0.00540095
0.00427362
0.0031795
0.00210993
0.00105664
1.11932e-05
-0.00103418
-0.00208745
-0.00315714
-0.00425124
-0.0053786
-0.0065488
-0.00777211
-0.00905914
-0.0104227
-0.0118763
-0.0134353
-0.0151171
-0.0169426
-0.0189347
-0.0211208
-0.0235326
-0.0262077
-0.0291901
-0.0325323
-0.0362965
-0.0405568
-0.0454004
-0.0509309
-0.0572697
-0.0645583
-0.0729602
-0.0826615
-0.093867
-0.10679
-0.121623
-0.138473
-0.157261
-0.177568
-0.198507
-0.218727
-0.236687
-0.251155
-0.261658
-0.2686
-0.272981
-0.275926
-0.278298
-0.280563
-0.282846
-0.285084
-0.287151
-0.288919
-0.290273
-0.291124
-0.291414
-0.291124
-0.290273
-0.288919
-0.287152
-0.285085
-0.282847
-0.280565
-0.2783
-0.275928
-0.272984
-0.268603
-0.261661
-0.251158
-0.23669
-0.21873
-0.19851
-0.177572
-0.157265
-0.138478
-0.121627
-0.106795
-0.0938716
-0.0826664
-0.0729655
-0.0645638
-0.0572753
-0.0509367
-0.0454065
-0.0405631
-0.0363031
-0.032539
-0.029197
-0.0262148
-0.0235399
-0.0211284
-0.0189426
-0.0169507
-0.0151255
-0.0134437
-0.011885
-0.0104317
-0.00906836
-0.00778162
-0.00655864
-0.0053885
-0.00426133
-0.00316752
-0.00209825
-0.00104524
3.98212e-05
0.00108432
0.00213718
0.00320587
0.00429921
0.0054262
0.00659605
0.00781818
0.00910481
0.0104678
0.0119209
0.0134792
0.0151606
0.0169854
0.0189769
0.0211625
0.0235736
0.0262482
0.0292298
0.0325718
0.0363356
0.0405952
0.0454383
0.0509684
0.0573067
0.0645948
0.0729963
0.082697
0.093902
0.106825
0.121657
0.138507
0.157294
0.177601
0.198539
0.218759
0.236719
0.251186
0.261689
0.268631
0.273011
0.275955
0.278328
0.280592
0.282874
0.285111
0.287179
0.288946
0.2903
0.29115
0.29144
0.291149
0.290299
0.288944
0.287177
0.285109
0.28287
0.280588
0.278323
0.27595
0.273006
0.268625
0.261683
0.251179
0.236711
0.218751
0.198531
0.177592
0.157285
0.138497
0.121646
0.106814
0.0938904
0.0826847
0.0729836
0.0645815
0.0572927
0.050954
0.0454233
0.0405797
0.0363194
0.0325552
0.0292128
0.0262303
0.0235553
0.0211435
0.0189574
0.0169651
0.0151398
0.0134576
0.0118987
0.0104452
0.00908162
0.00779432
0.00657125
0.00540095
0.00427362
0.0031795
0.00210993
0.00105664
1.11932e-05
-0.00103418
-0.00208745
-0.00315714
-0.00425124
-0.0053786
-0.0065488
-0.00777211
-0.00905914
-0.0104227
-0.0118763
-0.0134353
-0.0151171
-0.0169426
-0.0189347
-0.0211208
-0.0235326
-0.0262077
-0.0291901
-0.0325323
-0.0362965
-0.0405568
-0.0454004
-0.0509309
-0.0572697
-0.0645583
-0.0729602
-0.0826615
-0.093867
-0.10679
-0.121623
-0.138473
-0.157261
-0.177568
-0.198507
-0.218727
-0.236687
-0.251155
-0.261658
-0.2686
-0.272981
-0.275926
-0.278298
-0.280563
-0.282846
-0.285084
-0.287151
-0.288919
-0.290273
-0.291124
-0.291414
-0.291124
-0.290273
-0.288919
-0.287152
-0.285085
-0.282847
-0.280565
-0.2783
-0.275928
-0.272984
-0.268603
-0.261661
-0.251158
-0.23669
-0.21873
-0.19851
-0.177572
-0.157265
-0.138478
-0.121627
-0.106795
-0.0938716
-0.0826664
-0.0729655
-0.0645638
-0.0572753
-0.0509367
-0.0454065
-0.0405631
-0.0363031
-0.032539
-0.029197
-0.0262148
-0.0235399
-0.0211284
-0.0189426
-0.0169507
-0.0151255
-0.0134437
-0.011885
-0.0104317
-0.00906836
-0.00778162
-0.00655864
-0.0053885
-0.00426133
-0.00316752
-0.00209825
-0.00104524
3.98212e-05
0.00108432
0.00213718
0.00320587
0.00429921
0.0054262
0.00659605
0.00781818
0.00910481
0.0104678
0.0119209
0.0134792
0.0151606
0.0169854
0.0189769
0.0211625
0.0235736
0.0262482
0.0292298
0.0325718
0.0363356
0.0405952
0.0454383
0.0509684
0.0573067
0.0645948
0.0729963
0.082697
0.093902
0.106825
0.121657
0.138507
0.157294
0.177601
0.198539
0.218759
0.236719
0.251186
0.261689
0.268631
0.273011
0.275955
0.278328
0.280592
0.282874
0.285111
0.287179
0.288946
0.2903
0.29115
0.29144
0.291149
0.290299
0.288944
0.287177
0.285109
0.28287
0.280588
0.278323
0.27595
0.273006
0.268625
0.261683
0.251179
0.236711
0.218751
0.198531
0.177592
0.157285
0.138497
0.121646
0.106814
0.0938904
0.0826847
0.0729836
0.0645815
0.0572927
0.050954
0.0454233
0.0405797
0.0363194
0.0325552
0.0292128
0.0262303
0.0235553
0.0211435
0.0189574
0.0169651
0.0151398
0.0134576
0.0118987
0.0104452
0.00908162
0.00779432
0.00657125
0.00540095
0.00427362
0.0031795
0.00210993
0.00105664
1.11932e-05
-0.00103418
-0.00208745
-0.00315714
-0.00425124
-0.0053786
-0.0065488
-0.00777211
-0.00905914
-0.0104227
-0.0118763
-0.0134353
-0.0151171
-0.0169426
-0.0189347
-0.0211208
-0.0235326
-0.0262077
-0.0291901
-0.0325323
-0.0362965
-0.0405568
-0.0454004
-0.0509309
-0.0572697
-0.0645583
-0.0729602
-0.0826615
-0.093867
-0.10679
-0.121623
-0.138473
-0.157261
-0.177568
-0.198507
-0.218727
-0.236687
-0.251155
-0.261658
-0.2686
-0.272981
-0.275926
-0.278298
-0.280563
-0.282846
-0.285084
-0.287151
-0.288919
-0.290273
-0.291124
-0.291414
-0.291124
-0.290273
-0.288919
-0.287152
-0.285085
-0.282847
-0.280565
-0.2783
-0.275928
-0.272984
-0.268603
-0.261661
-0.251158
-0.23669
-0.21873
-0.19851
-0.177572
-0.157265
-0.138478
-0.121627
-0.106795
-0.0938716
-0.0826664
-0.0729655
-0.0645638
-0.0572753
-0.0509367
-0.0454065
-0.0405631
-0.0363031
-0.032539
-0.029197
-0.0262148
-0.0235399
-0.0211284
-0.0189426
-0.0169507
-0.0151255
-0.0134437
-0.011885
-0.0104317
-0.00906836
-0.00778162
-0.00655864
-0.0053885
-0.00426133
-0.00316752
-0.00209825
-0.00104524
3.98212e-05
0.00108432
0.00213718
0.00320587
0.00429921
0.0054262
0.00659605
0.00781818
0.00910481
0.0104678
0.0119209
0.0134792
0.0151606
0.0169854
0.0189769
0.0211625
0.0235736
0.0262482
0.0292298
0.0325718
0.0363356
0.0405952
0.0454383
0.0509684
0.0573067
0.0645948
0.0729963
0.082697
0.093902
0.106825
0.121657
0.138507
0.157294
0.177601
0.198539
0.218759
0.236719
0.251186
0.261689
0.268631
0.273011
0.275955
0.278328
0.280592
0.282874
0.285111
0.287179
0.288946
0.2903
0.29115
0.29144
0.291149
0.290299
0.288944
0.287177
0.285109
0.28287
0.280588
0.278323
0.27595
0.273006
0.268625
0.261683
0.251179
0.236711
0.218751
0.198531
0.177592
0.157285
0.138497
0.121646
0.106814
0.0938904
0.0826847
0.0729836
0.0645815
0.0572927
0.050954
0.0454233
0.0405797
0.0363194
0.0325552
0.0292128
0.0262303
0.0235553
0.0211435
0.0189574
0.0169651
0.0151398
0.0134576
0.0118987
0.0104452
0.00908162
0.00779432
0.00657125
0.00540095
0.00427362
0.0031795
0.00210993
0.00105664
1.11932e-05
-0.00103418
-0.00208745
-0.00315714
-0.00425124
-0.0053786
-0.0065488
-0.00777211
-0.00905914
-0.0104227
-0.0118763
-0.0134353
-0.0151171
-0.0169426
-0.0189347
-0.0211208
-0.0235326
-0.0262077
-0.0291901
-0.0325323
-0.0362965
-0.0405568
-0.0454004
-0.0509309
-0.0572697
-0.0645583
-0.0729602
-0.0826615
-0.093867
-0.10679
-0.121623
-0.138473
-0.157261
-0.177568
-0.198507
-0.218727
-0.236687
-0.251155
-0.261658
-0.2686
-0.272981
-0.275926
-0.278298
-0.280563
-0.282846
-0.285084
-0.287151
-0.288919
-0.290273
-0.291124
-0.291414
-0.291124
-0.290273
-0.288919
-0.287152
-0.285085
-0.282847
-0.280565
-0.2783
-0.275928
-0.272984
-0.268603
-0.261661
-0.251158
-0.23669
-0.21873
-0.19851
-0.177572
-0.157265
-0.138478
-0.121627
-0.106795
-0.0938716
-0.0826664
-0.0729655
-0.0645638
-0.0572753
-0.0509367
-0.0454065
-0.0405631
-0.0363031
-0.032539
-0.029197
-0.0262148
-0.0235399
-0.0211284
-0.0189426
-0.0169507
-0.0151255
-0.0134437
-0.011885
-0.0104317
-0.00906836
-0.00778162
-0.00655864
-0.0053885
-0.00426133
-0.00316752
-0.00209825
-0.00104524
3.98212e-05
0.00108432
0.00213718
0.00320587
0.00429921
0.0054262
0.00659605
0.00781818
0.00910481
0.0104678
0.0119209
0.0134792
0.0151606
0.0169854
0.0189769
0.0211625
0.0235736
0.0262482
0.0292298
0.0325718
0.0363356
0.0405952
0.0454383
0.0509684
0.0573067
0.0645948
0.0729963
0.082697
0.093902
0.106825
0.121657
0.138507
0.157294
0.177601
0.198539
0.218759
0.236719
0.251186
0.261689
0.268631
0.273011
0.275955
0.278328
0.280592
0.282874
0.285111
0.287179
0.288946
0.2903
0.29115
0.29144
0.291149
0.290299
0.288944
0.287177
0.285109
0.28287
0.280588
0.278323
0.27595
0.273006
0.268625
0.261683
0.251179
0.236711
0.218751
0.198531
0.177592
0.157285
0.138497
0.121646
0.106814
0.0938904
0.0826847
0.0729836
0.0645815
0.0572927
0.050954
0.0454233
0.0405797
0.0363194
0.0325552
0.0292128
0.0262303
0.0235553
0.0211435
0.0189574
0.0169651
0.0151398
0.0134576
0.0118987
0.0104452
0.00908162
0.00779432
0.00657125
0.00540095
0.00427362
0.0031795
0.00210993
0.00105664
1.11932e-05
-0.00103418
-0.00208745
-0.00315714
-0.00425124
-0.0053786
-0.0065488
-0.00777211
-0.00905914
-0.0104227
-0.0118763
-0.0134353
-0.0151171
-0.0169426
-0.0189347
-0.0211208
-0.0235326
-0.0262077
-0.0291901
-0.0325323
-0.0362965
-0.0405568
-0.0454004
-0.0509309
-0.0572697
-0.0645583
-0.0729602
-0.0826615
-0.093867
-0.10679
-0.121623
-0.138473
-0.157261
-0.177568
-0.198507
-0.218727
-0.236687
-0.251155
-0.261658
-0.2686
-0.272981
-0.275926
-0.278298
-0.280563
-0.282846
-0.285084
-0.287151
-0.288919
-0.290273
-0.291124
-0.291414
-0.291124
-0.290273
-0.288919
-0.287152
-0.285085
-0.282847
-0.280565
-0.2783
-0.275928
-0.272984
-0.268603
-0.261661
-0.251158
-0.23669
-0.21873
-0.19851
-0.177572
-0.157265
-0.138478
-0.121627
-0.106795
-0.0938716
-0.0826664
-0.0729655
-0.0645638
-0.0572753
-0.0509367
-0.0454065
-0.0405631
-0.0363031
-0.032539
-0.029197
-0.0262148
-0.0235399
-0.0211284
-0.0189426
-0.0169507
-0.0151255
-0.0134437
-0.011885
-0.0104317
-0.00906836
-0.00778162
-0.00655864
-0.0053885
-0.00426133
-0.00316752
-0.00209825
-0.00104524
3.98212e-05
0.00108432
0.00213718
0.00320587
0.00429921
0.0054262
0.00659605
0.00781818
0.00910481
0.0104678
0.0119209
0.0134792
0.0151606
0.0169854
0.0189769
0.0211625
0.0235736
0.0262482
0.0292298
0.0325718
0.0363356
0.0405952
0.0454383
0.0509684
0.0573067
0.0645948
0.0729963
0.082697
0.093902
0.106825
0.121657
0.138507
0.157294
0.177601
0.198539
0.218759
0.236719
0.251186
0.261689
0.268631
0.273011
0.275955
0.278328
0.280592
0.282874
0.285111
0.287179
0.288946
0.2903
0.29115
0.29144
0.291149
0.290299
0.288944
0.287177
0.285109
0.28287
0.280588
0.278323
0.27595
0.273006
0.268625
0.261683
0.251179
0.236711
0.218751
0.198531
0.177592
0.157285
0.138497
0.121646
0.106814
0.0938904
0.0826847
0.0729836
0.0645815
0.0572927
0.050954
0.0454233
0.0405797
0.0363194
0.0325552
0.0292128
0.0262303
0.0235553
0.0211435
0.0189574
0.0169651
0.0151398
0.0134576
0.0118987
0.0104452
0.00908162
0.00779432
0.00657125
0.00540095
0.00427362
0.0031795
0.00210993
0.00105664
1.11932e-05
-0.00103418
-0.00208745
-0.00315714
-0.00425124
-0.0053786
-0.0065488
-0.00777211
-0.00905914
-0.0104227
-0.0118763
-0.0134353
-0.0151171
-0.0169426
-0.0189347
-0.0211208
-0.0235326
-0.0262077
-0.0291901
-0.0325323
-0.0362965
-0.0405568
-0.0454004
-0.0509309
-0.0572697
-0.0645583
-0.0729602
-0.0826615
-0.093867
-0.10679
-0.121623
-0.138473
-0.157261
-0.177568
-0.198507
-0.218727
-0.236687
-0.251155
-0.261658
-0.2686
-0.272981
-0.275926
-0.278298
-0.280563
-0.282846
-0.285084
-0.287151
-0.288919
-0.290273
-0.291124
-0.291414
-0.291124
-0.290273
-0.288919
-0.287152
-0.285085
-0.282847
-0.280565
-0.2783
-0.275928
-0.272984
-0.268603
-0.261661
-0.251158
-0.23669
-0.21873
-0.19851
-0.177572
-0.157265
-0.138478
-0.121627
-0.106795
-0.0938716
-0.0826664
-0.0729655
-0.0645638
-0.0572753
-0.0509367
-0.0454065
-0.0405631
-0.0363031
-0.032539
-0.029197
-0.0262148
-0.0235399
-0.0211284
-0.0189426
-0.0169507
-0.0151255
-0.0134437
-0.011885
-0.0104317
-0.00906836
-0.00778162
-0.00655864
-0.0053885
-0.00426133
-0.00316752
-0.00209825
-0.00104524
3.98212e-05
0.00108432
0.00213718
0.00320587
0.00429921
0.0054262
0.00659605
0.00781818
0.00910481
0.0104678
0.0119209
0.0134792
0.0151606
0.0169854
0.0189769
0.0211625
0.0235736
0.0262482
0.0292298
0.0325718
0.0363356
0.0405952
0.0454383
0.0509684
0.0573067
0.0645948
0.0729963
0.082697
0.093902
0.106825
0.121657
0.138507
0.157294
0.177601
0.198539
0.218759
0.236719
0.251186
0.261689
0.268631
0.273011
0.275955
0.278328
0.280592
0.282874
0.285111
0.287179
0.288946
0.2903
0.29115
0.29144
0.291149
0.290299
0.288944
0.287177
0.285109
0.28287
0.280588
0.278323
0.27595
0.273006
0.268625
0.261683
0.251179
0.236711
0.218751
0.198531
0.177592
0.157285
0.138497
0.121646
0.106814
0.0938904
0.0826847
0.0729836
0.0645815
0.0572927
0.050954
0.0454233
0.0405797
0.0363194
0.0325552
0.0292128
0.0262303
0.0235553
0.0211435
0.0189574
0.0169651
0.0151398
0.0134576
0.0118987
0.0104452
0.00908162
0.00779432
0.00657125
0.00540095
0.00427362
0.0031795
0.00210993
0.00105664
1.11932e-05
-0.00103418
-0.00208745
-0.00315714
-0.00425124
-0.0053786
-0.0065488
-0.00777211
-0.00905914
-0.0104227
-0.0118763
-0.0134353
-0.0151171
-0.0169426
-0.0189347
-0.0211208
-0.0235326
-0.0262077
-0.0291901
-0.0325323
-0.0362965
-0.0405568
-0.0454004
-0.0509309
-0.0572697
-0.0645583
-0.0729602
-0.0826615
-0.093867
-0.10679
-0.121623
-0.138473
-0.157261
-0.177568
-0.198507
-0.218727
-0.236687
-0.251155
-0.261658
-0.2686
-0.272981
-0.275926
-0.278298
-0.280563
-0.282846
-0.285084
-0.287151
-0.288919
-0.290273
-0.291124
-0.291414
-0.291124
-0.290273
-0.288919
-0.287152
-0.285085
-0.282847
-0.280565
-0.2783
-0.275928
-0.272984
-0.268603
-0.261661
-0.251158
-0.23669
-0.21873
-0.19851
-0.177572
-0.157265
-0.138478
-0.121627
-0.106795
-0.0938716
-0.0826664
-0.0729655
-0.0645638
-0.0572753
-0.0509367
-0.0454065
-0.0405631
-0.0363031
-0.032539
-0.029197
-0.0262148
-0.0235399
-0.0211284
-0.0189426
-0.0169507
-0.0151255
-0.0134437
-0.011885
-0.0104317
-0.00906836
-0.00778162
-0.00655864
-0.0053885
-0.00426133
-0.00316752
-0.00209825
-0.00104524
3.98212e-05
0.00108432
0.00213718
0.00320587
0.00429921
0.0054262
0.00659605
0.00781818
0.00910481
0.0104678
0.0119209
0.0134792
0.0151606
0.0169854
0.0189769
0.0211625
0.0235736
0.0262482
0.0292298
0.0325718
0.0363356
0.0405952
0.0454383
0.0509684
0.0573067
0.0645948
0.0729963
0.082697
0.093902
0.106825
0.121657
0.138507
0.157294
0.177601
0.198539
0.218759
0.236719
0.251186
0.261689
0.268631
0.273011
0.275955
0.278328
0.280592
0.282874
0.285111
0.287179
0.288946
0.2903
0.29115
0.29144
0.291149
0.290299
0.288944
0.287177
0.285109
0.28287
0.280588
0.278323
0.27595
0.273006
0.268625
0.261683
0.251179
0.236711
0.218751
0.198531
0.177592
0.157285
0.138497
0.121646
0.106814
0.0938904
0.0826847
0.0729836
0.0645815
0.0572927
0.050954
0.0454233
0.0405797
0.0363194
0.0325552
0.0292128
0.0262303
0.0235553
0.0211435
0.0189574
0.0169651
0.0151398
0.0134576
0.0118987
0.0104452
0.00908162
0.00779432
0.00657125
0.00540095
0.00427362
0.0031795
0.00210993
0.00105664
1.11932e-05
-0.00103418
-0.00208745
-0.00315714
-0.00425124
-0.0053786
-0.0065488
-0.00777211
-0.00905914
-0.0104227
-0.0118763
-0.0134353
-0.0151171
-0.0169426
-0.0189347
-0.0211208
-0.0235326
-0.0262077
-0.0291901
-0.0325323
-0.0362965
-0.0405568
-0.0454004
-0.0509309
-0.0572697
-0.0645583
-0.0729602
-0.0826615
-0.093867
-0.10679
-0.121623
-0.138473
-0.157261
-0.177568
-0.198507
-0.218727
-0.236687
-0.251155
-0.261658
-0.2686
-0.272981
-0.275926
-0.278298
-0.280563
-0.282846
-0.285084
-0.287151
-0.288919
-0.290273
-0.291124
-0.291414
-0.291124
-0.290273
-0.288919
-0.287152
-0.285085
-0.282847
-0.280565
-0.2783
-0.275928
-0.272984
-0.268603
-0.261661
-0.251158
-0.23669
-0.21873
-0.19851
-0.177572
-0.157265
-0.138478
-0.121627
-0.106795
-0.0938716
-0.0826664
-0.0729655
-0.0645638
-0.0572753
-0.0509367
-0.0454065
-0.0405631
-0.0363031
-0.032539
-0.029197
-0.0262148
-0.0235399
-0.0211284
-0.0189426
-0.0169507
-0.0151255
-0.0134437
-0.011885
-0.0104317
-0.00906836
-0.00778162
-0.00655864
-0.0053885
-0.00426133
-0.00316752
-0.00209825
-0.00104524
3.98212e-05
0.00108432
0.00213718
0.00320587
0.00429921
0.0054262
0.00659605
0.00781818
0.00910481
0.0104678
0.0119209
0.0134792
0.0151606
0.0169854
0.0189769
0.0211625
0.0235736
0.0262482
0.0292298
0.0325718
0.0363356
0.0405952
0.0454383
0.0509684
0.0573067
0.0645948
0.0729963
0.082697
0.093902
0.106825
0.121657
0.138507
0.157294
0.177601
0.198539
0.218759
0.236719
0.251186
0.261689
0.268631
0.273011
0.275955
0.278328
0.280592
0.282874
0.285111
0.287179
0.288946
0.2903
0.29115
0.29144
0.291149
0.290299
0.288944
0.287177
0.285109
0.28287
0.280588
0.278323
0.27595
0.273006
0.268625
0.261683
0.251179
0.236711
0.218751
0.198531
0.177592
0.157285
0.138497
0.121646
0.106814
0.0938904
0.0826847
0.0729836
0.0645815
0.0572927
0.050954
0.0454233
0.0405797
0.0363194
0.0325552
0.0292128
0.0262303
0.0235553
0.0211435
0.0189574
0.0169651
0.0151398
0.0134576
0.0118987
0.0104452
0.00908162
0.00779432
0.00657125
0.00540095
0.00427362
0.0031795
0.00210993
0.00105664
1.11932e-05
-0.00103418
-0.00208745
-0.00315714
-0.00425124
-0.0053786
-0.0065488
-0.00777211
-0.00905914
-0.0104227
-0.0118763
-0.0134353
-0.0151171
-0.0169426
-0.0189347
-0.0211208
-0.0235326
-0.0262077
-0.0291901
-0.0325323
-0.0362965
-0.0405568
-0.0454004
-0.0509309
-0.0572697
-0.0645583
-0.0729602
-0.0826615
-0.093867
-0.10679
-0.121623
-0.138473
-0.157261
-0.177568
-0.198507
-0.218727
-0.236687
-0.251155
-0.261658
-0.2686
-0.272981
-0.275926
-0.278298
-0.280563
-0.282846
-0.285084
-0.287151
-0.288919
-0.290273
-0.291124
-0.291414
-0.291124
-0.290273
-0.288919
-0.287152
-0.285085
-0.282847
-0.280565
-0.2783
-0.275928
-0.272984
-0.268603
-0.261661
-0.251158
-0.23669
-0.21873
-0.19851
-0.177572
-0.157265
-0.138478
-0.121627
-0.106795
-0.0938716
-0.0826664
-0.0729655
-0.0645638
-0.0572753
-0.0509367
-0.0454065
-0.0405631
-0.0363031
-0.032539
-0.029197
-0.0262148
-0.0235399
-0.0211284
-0.0189426
-0.0169507
-0.0151255
-0.0134437
-0.011885
-0.0104317
-0.00906836
-0.00778162
-0.00655864
-0.0053885
-0.00426133
-0.00316752
-0.00209825
-0.00104524
3.98212e-05
0.00108432
0.00213718
0.00320587
0.00429921
0.0054262
0.00659605
0.00781818
0.00910481
0.0104678
0.0119209
0.0134792
0.0151606
0.0169854
0.0189769
0.0211625
0.0235736
0.0262482
0.0292298
0.0325718
0.0363356
0.0405952
0.0454383
0.0509684
0.0573067
0.0645948
0.0729963
0.082697
0.093902
0.106825
0.121657
0.138507
0.157294
0.177601
0.198539
0.218759
0.236719
0.251186
0.261689
0.268631
0.273011
0.275955
0.278328
0.280592
0.282874
0.285111
0.287179
0.288946
0.2903
0.29115
0.29144
0.291149
0.290299
0.288944
0.287177
0.285109
0.28287
0.280588
0.278323
0.27595
0.273006
0.268625
0.261683
0.251179
0.236711
0.218751
0.198531
0.177592
0.157285
0.138497
0.121646
0.106814
0.0938904
0.0826847
0.0729836
0.0645815
0.0572927
0.050954
0.0454233
0.0405797
0.0363194
0.0325552
0.0292128
0.0262303
0.0235553
0.0211435
0.0189574
0.0169651
0.0151398
0.0134576
0.0118987
0.0104452
0.00908162
0.00779432
0.00657125
0.00540095
0.00427362
0.0031795
0.00210993
0.00105664
1.11932e-05
-0.00103418
-0.00208745
-0.00315714
-0.00425124
-0.0053786
-0.0065488
-0.00777211
-0.00905914
-0.0104227
-0.0118763
-0.0134353
-0.0151171
-0.0169426
-0.0189347
-0.0211208
-0.0235326
-0.0262077
-0.0291901
-0.0325323
-0.0362965
-0.0405568
-0.0454004
-0.0509309
-0.0572697
-0.0645583
-0.0729602
-0.0826615
-0.093867
-0.10679
-0.121623
-0.138473
-0.157261
-0.177568
-0.198507
-0.218727
-0.236687
-0.251155
-0.261658
-0.2686
-0.272981
-0.275926
-0.278298
-0.280563
-0.282846
-0.285084
-0.287151
-0.288919
-0.290273
-0.291124
-0.291414
-0.291124
-0.290273
-0.288919
-0.287152
-0.285085
-0.282847
-0.280565
-0.2783
-0.275928
-0.272984
-0.268603
-0.261661
-0.251158
-0.23669
-0.21873
-0.19851
-0.177572
-0.157265
-0.138478
-0.121627
-0.106795
-0.0938716
-0.0826664
-0.0729655
-0.0645638
-0.0572753
-0.0509367
-0.0454065
-0.0405631
-0.0363031
-0.032539
-0.029197
-0.0262148
-0.0235399
-0.0211284
-0.0189426
-0.0169507
-0.0151255
-0.0134437
-0.011885
-0.0104317
-0.00906836
-0.00778162
-0.00655864
-0.0053885
-0.00426133
-0.00316752
-0.00209825
-0.00104524
3.98212e-05
0.00108432
0.00213718
0.00320587
0.00429921
0.0054262
0.00659605
0.00781818
0.00910481
0.0104678
0.0119209
0.0134792
0.0151606
0.0169854
0.0189769
0.0211625
0.0235736
0.0262482
0.0292298
0.0325718
0.0363356
0.0405952
0.0454383
0.0509684
0.0573067
0.0645948
0.0729963
0.082697
0.093902
0.106825
0.121657
0.138507
0.157294
0.177601
0.198539
0.218759
0.236719
0.251186
0.261689
0.268631
0.273011
0.275955
0.278328
0.280592
0.282874
0.285111
0.287179
0.288946
0.2903
0.29115
0.29144
0.291149
0.290299
0.288944
0.287177
0.285109
0.28287
0.280588
0.278323
0.27595
0.273006
0.268625
0.261683
0.251179
0.236711
0.218751
0.198531
0.177592
0.157285
0.138497
0.121646
0.106814
0.0938904
0.0826847
0.0729836
0.0645815
0.0572927
0.050954
0.0454233
0.0405797
0.0363194
0.0325552
0.0292128
0.0262303
0.0235553
0.0211435
0.0189574
0.0169651
0.0151398
0.0134576
0.0118987
0.0104452
0.00908162
0.00779432
0.00657125
0.00540095
0.00427362
0.0031795
0.00210993
0.00105664
1.11932e-05
-0.00103418
-0.00208745
-0.00315714
-0.00425124
-0.0053786
-0.0065488
-0.00777211
-0.00905914
-0.0104227
-0.0118763
-0.0134353
-0.0151171
-0.0169426
-0.0189347
-0.0211208
-0.0235326
-0.0262077
-0.0291901
-0.0325323
-0.0362965
-0.0405568
-0.0454004
-0.0509309
-0.0572697
-0.0645583
-0.0729602
-0.0826615
-0.093867
-0.10679
-0.121623
-0.138473
-0.157261
-0.177568
-0.198507
-0.218727
-0.236687
-0.251155
-0.261658
-0.2686
-0.272981
-0.275926
-0.278298
-0.280563
-0.282846
-0.285084
-0.287151
-0.288919
-0.290273
-0.291124
-0.291414
-0.291124
-0.290273
-0.288919
-0.287152
-0.285085
-0.282847
-0.280565
-0.2783
-0.275928
-0.272984
-0.268603
-0.261661
-0.251158
-0.23669
-0.21873
-0.19851
-0.177572
-0.157265
-0.138478
-0.121627
-0.106795
-0.0938716
-0.0826664
-0.0729655
-0.0645638
-0.0572753
-0.0509367
-0.0454065
-0.0405631
-0.0363031
-0.032539
-0.029197
-0.0262148
-0.0235399
-0.0211284
-0.0189426
-0.0169507
-0.0151255
-0.0134437
-0.011885
-0.0104317
-0.00906836
-0.00778162
-0.00655864
-0.0053885
-0.00426133
-0.00316752
-0.00209825
-0.00104524
3.98212e-05
0.00108432
0.00213718
0.00320587
0.00429921
0.0054262
0.00659605
0.00781818
0.00910481
0.0104678
0.0119209
0.0134792
0.0151606
0.0169854
0.0189769
0.0211625
0.0235736
0.0262482
0.0292298
0.0325718
0.0363356
0.0405952
0.0454383
0.0509684
0.0573067
0.0645948
0.0729963
0.082697
0.093902
0.106825
0.121657
0.138507
0.157294
0.177601
0.198539
0.218759
0.236719
0.251186
0.261689
0.268631
0.273011
0.275955
0.278328
0.280592
0.282874
0.285111
0.287179
0.288946
0.2903
0.29115
0.29144
0.291149
0.290299
0.288944
0.287177
0.285109
0.28287
0.280588
0.278323
0.27595
0.273006
0.268625
0.261683
0.251179
0.236711
0.218751
0.198531
0.177592
0.157285
0.138497
0.121646
0.106814
0.0938904
0.0826847
0.0729836
0.0645815
0.0572927
0.050954
0.0454233
0.0405797
0.0363194
0.0325552
0.0292128
0.0262303
0.0235553
0.0211435
0.0189574
0.0169651
0.0151398
0.0134576
0.0118987
0.0104452
0.00908162
0.00779432
0.00657125
0.00540095
0.00427362
0.0031795
0.00210993
0.00105664
1.11932e-05
-0.00103418
-0.00208745
-0.00315714
-0.00425124
-0.0053786
-0.0065488
-0.00777211
-0.00905914
-0.0104227
-0.0118763
-0.0134353
-0.0151171
-0.0169426
-0.0189347
-0.0211208
-0.0235326
-0.0262077
-0.0291901
-0.0325323
-0.0362965
-0.0405568
-0.0454004
-0.0509309
-0.0572697
-0.0645583
-0.0729602
-0.0826615
-0.093867
-0.10679
-0.121623
-0.138473
-0.157261
-0.177568
-0.198507
-0.218727
-0.236687
-0.251155
-0.261658
-0.2686
-0.272981
-0.275926
-0.278298
-0.280563
-0.282846
-0.285084
-0.287151
-0.288919
-0.290273
-0.291124
-0.291414
-0.291124
-0.290273
-0.288919
-0.287152
-0.285085
-0.282847
-0.280565
-0.2783
-0.275928
-0.272984
-0.268603
-0.261661
-0.251158
-0.23669
-0.21873
-0.19851
-0.177572
-0.157265
-0.138478
-0.121627
-0.106795
-0.0938716
-0.0826664
-0.0729655
-0.0645638
-0.0572753
-0.0509367
-0.0454065
-0.0405631
-0.0363031
-0.032539
-0.029197
-0.0262148
-0.0235399
-0.0211284
-0.0189426
-0.0169507
-0.0151255
-0.0134437
-0.011885
-0.0104317
-0.00906836
-0.00778162
-0.00655864
-0.0053885
-0.00426133
-0.00316752
-0.00209825
-0.00104524
3.98212e-05
0.00108432
0.00213718
0.00320587
0.00429921
0.0054262
0.00659605
0.00781818
0.00910481
0.0104678
0.0119209
0.0134792
0.0151606
0.0169854
0.0189769
0.0211625
0.0235736
0.0262482
0.0292298
0.0325718
0.0363356
0.0405952
0.0454383
0.0509684
0.0573067
0.0645948
0.0729963
0.082697
0.093902
0.106825
0.121657
0.138507
0.157294
0.177601
0.198539
0.218759
0.236719
0.251186
0.261689
0.268631
0.273011
0.275955
0.278328
0.280592
0.282874
0.285111
0.287179
0.288946
0.2903
0.29115
0.29144
0.291149
0.290299
0.288944
0.287177
0.285109
0.28287
0.280588
0.278323
0.27595
0.273006
0.268625
0.261683
0.251179
0.236711
0.218751
0.198531
0.177592
0.157285
0.138497
0.121646
0.106814
0.0938904
0.0826847
0.0729836
0.0645815
0.0572927
0.050954
0.0454233
0.0405797
0.0363194
0.0325552
0.0292128
0.0262303
0.0235553
0.0211435
0.0189574
0.0169651
0.0151398
0.0134576
0.0118987
0.0104452
0.00908162
0.00779432
0.00657125
0.00540095
0.00427362
0.0031795
0.00210993
0.00105664
1.11932e-05
-0.00103418
-0.00208745
-0.00315714
-0.00425124
-0.0053786
-0.0065488
-0.00777211
-0.00905914
-0.0104227
-0.0118763
-0.0134353
-0.0151171
-0.0169426
-0.0189347
-0.0211208
-0.0235326
-0.0262077
-0.0291901
-0.0325323
-0.0362965
-0.0405568
-0.0454004
-0.0509309
-0.0572697
-0.0645583
-0.0729602
-0.0826615
-0.093867
-0.10679
-0.121623
-0.138473
-0.157261
-0.177568
-0.198507
-0.218727
-0.236687
-0.251155
-0.261658
-0.2686
-0.272981
-0.275926
-0.278298
-0.280563
-0.282846
-0.285084
-0.287151
-0.288919
-0.290273
-0.291124
-0.291414
-0.291124
-0.290273
-0.288919
-0.287152
-0.285085
-0.282847
-0.280565
-0.2783
-0.275928
-0.272984
-0.268603
-0.261661
-0.251158
-0.23669
-0.21873
-0.19851
-0.177572
-0.157265
-0.138478
-0.121627
-0.106795
-0.0938716
-0.0826664
-0.0729655
-0.0645638
-0.0572753
-0.0509367
-0.0454065
-0.0405631
-0.0363031
-0.032539
-0.029197
-0.0262148
-0.0235399
-0.0211284
-0.0189426
-0.0169507
-0.0151255
-0.0134437
-0.011885
-0.0104317
-0.00906836
-0.00778162
-0.00655864
-0.0053885
-0.00426133
-0.00316752
-0.00209825
-0.00104524
3.98212e-05
0.00108432
0.00213718
0.00320587
0.00429921
0.0054262
0.00659605
0.00781818
0.00910481
0.0104678
0.0119209
0.0134792
0.0151606
0.0169854
0.0189769
0.0211625
0.0235736
0.0262482
0.0292298
0.0325718
0.0363356
0.0405952
0.0454383
0.0509684
0.0573067
0.0645948
0.0729963
0.082697
0.093902
0.106825
0.121657
0.138507
0.157294
0.177601
0.198539
0.218759
0.236719
0.251186
0.261689
0.268631
0.273011
0.275955
0.278328
0.280592
0.282874
0.285111
0.287179
0.288946
0.2903
0.29115
0.29144
0.291149
0.290299
0.288944
0.287177
0.285109
0.28287
0.280588
0.278323
0.27595
0.273006
0.268625
0.261683
0.251179
0.236711
0.218751
0.198531
0.177592
0.157285
0.138497
0.121646
0.106814
0.0938904
0.0826847
0.0729836
0.0645815
0.0572927
0.050954
0.0454233
0.0405797
0.0363194
0.0325552
0.0292128
0.0262303
0.0235553
0.0211435
0.0189574
0.0169651
0.0151398
0.0134576
0.0118987
0.0104452
0.00908162
0.00779432
0.00657125
0.00540095
0.00427362
0.0031795
0.00210993
0.0010561
-0.000306427
-0.00225627
-0.00474754
-0.007736
-0.0111789
-0.0150344
-0.0192629
-0.0238255
-0.0286849
-0.0338051
-0.0391516
-0.0446909
-0.050391
-0.0562211
-0.0621518
-0.0681545
-0.0742025
-0.0802696
-0.0863312
-0.0923638
-0.0983447
-0.104253
-0.110068
-0.115771
-0.121344
-0.12677
-0.132032
-0.137117
-0.142009
-0.146696
-0.151166
-0.155407
-0.15941
-0.163165
-0.166663
-0.169898
-0.172862
-0.175549
-0.177954
-0.180074
-0.181904
-0.183441
-0.184683
-0.18563
-0.18628
-0.186633
-0.186691
-0.186453
-0.185922
-0.185101
-0.183993
-0.182601
-0.180929
-0.178982
-0.176765
-0.174285
-0.171546
-0.168556
-0.165322
-0.16185
-0.15815
-0.154229
-0.150095
-0.145758
-0.141226
-0.13651
-0.131618
-0.126562
-0.121351
-0.115996
-0.110508
-0.104897
-0.099174
-0.0933514
-0.0874398
-0.0814508
-0.0753961
-0.0692872
-0.0631357
-0.0569536
-0.0507525
-0.0445442
-0.0383403
-0.0321526
-0.025993
-0.0198726
-0.0138032
-0.00779617
-0.00186265
0.00398617
0.00973948
0.0153865
0.0209166
0.0263195
0.0315851
0.0367037
0.0416657
0.0464618
0.0510831
0.055521
0.0597674
0.0638142
0.0676541
0.07128
0.0746852
0.0778636
0.0808093
0.0835173
0.0859825
0.0882011
0.0901692
0.0918836
0.0933419
0.094542
0.0954828
0.0961633
0.0965836
0.0967444
0.0966469
0.0962929
0.0956856
0.0948281
0.0937248
0.0923808
0.0908016
0.0889942
0.086966
0.0847252
0.0822812
0.0796439
0.0768245
0.0738349
0.0706879
0.0673974
0.0639784
0.0604466
0.0568191
0.0531135
0.0493491
0.0455456
0.0417246
0.0379082
0.0341197
0.0303838
0.0267262
0.0231738
0.0197549
0.0164989
0.0134361
0.0105988
0.00801992
0.00573396
0.00377682
0.00218558
0.00099875
0.000256211
0
0
0
0
0
0
0
0
0
0
0
0
0
0
0
0
0
0
0
0
0
0
0
0
0
0
0
0
0
0
0
0
0
0
0
0
0
0
0
0
0
0
0
0
0
0
0
0
0
0
0
0
0
0
0
0
0
0
0
0
0
0
0
0
0
0
0
0
0
0
0
0
0
0
0
0
0
0
0
0
0
0
0
0
0
0
0
0
0
0
0
0
0
0
0
0
0
0
0
0
0
0
0
0
0
0
0
0
0
0
0
0
0
0
0
0
0
0
0
0
0
0
0
0
0
0
0
0
0
0
0
0
0
0
0
0
0
0
0
0
0
0
0
0
0
0
0
0
0
0
0
0
0
0
0
0
0
0