-0.0003671069965826656
-0.00038045609030131286
-0.00038982421703163836
-0.000399014469191618
-0.0004134978854081001
-0.00042416320035403986
-0.00043464205863092114
-0.0004474861881031614
-0.00046078465760896413
-0.0004729400164329493
-0.0004863938864573315
-0.000501544023303264
-0.0005139983854032168
-0.0005294714356948489
-0.0005464856069487971
-0.000560664688329319
-0.000577690493991125
-0.0005970942826466694
-0.0006119652566786342
-0.0006311386678029928
-0.0006515050304558219
-0.0006707878215679061
-0.0006926845946376668
-0.0007139651570776449
-0.0007342877754683082
-0.0007605301810954486
-0.0007844354483514504
-0.0008070038624612947
-0.000834519018303494
-0.0008624037192944046
-0.0008892313776930859
-0.0009208706082818205
-0.0009498960162171009
-0.0009820327782986578
-0.0010132536784346943
-0.0010509258640334397
-0.0010848566109154232
-0.0011227262041142584
-0.0011614644753455798
-0.0012015039232907553
-0.0012482640347735495
-0.001289787683970622
-0.0013356058612053695
-0.001384269338025827
-0.001434661076000186
-0.0014889446254177593
-0.0015434606259749533
-0.0016004330150759033
-0.0016610532859715472
-0.0017248209780668785
-0.0017907915047657278
-0.0018605093841717161
-0.0019351505603358396
-0.002008331206070524
-0.002087888176031148
-0.0021714528787519353
-0.002260059520154783
-0.002350282033289697
-0.0024488513509758583
-0.0025495870935501614
-0.002656413774646383
-0.0027700434023720127
-0.0028864005326991677
-0.003010297868805271
-0.003142236088988455
-0.003279711690483433
-0.0034221956957995324
-0.0035741178886209207
-0.0037352474260546695
-0.0039048639935117648
-0.004083378977460468
-0.004271957994636855
-0.004470917909236307
-0.004682806823721789
-0.004903141046903222
-0.005139382156334108
-0.005387442270404204
-0.005650622884613538
-0.005928222886373234
-0.006224555392685619
-0.006535252251504159
-0.006867996482595644
-0.007219694932550965
-0.007592218374371305
-0.007987271351794376
-0.008409276980068384
-0.008856457211616623
-0.009329530024309068
-0.009836113373479833
-0.010376035138577891
-0.010949961706900479
-0.011561741637489995
-0.012212794187714733
-0.012905758651257282
-0.013648818596261008
-0.014437170684337497
-0.015283828893592189
-0.016186919685732454
-0.017149815780100226
-0.018180308464360077
-0.019286392804544597
-0.020465791192303424
-0.021729252114444972
-0.023081088428206078
-0.02452885280695871
-0.026077803812790963
-0.027739376724696906
-0.029516899458190825
-0.031420783400354334
-0.03345756426937398
-0.035636947533589425
-0.03797159551582789
-0.04046391823977262
-0.04312544856474272
-0.04596343537986129
-0.04898162605938986
-0.05218846324923185
-0.05558370437930407
-0.05916522070497647
-0.06292595226422712
-0.06684610595767874
-0.07089860269460294
-0.07503812688416023
-0.07918989372769497
-0.08325887843227454
-0.08709555580735709
-0.09048870139783974
-0.09315232424910062
-0.0946819635776941
-0.09454752390437371
-0.09205309343598847
-0.08635987425661253
-0.07649885537005462
-0.06147707512511172
-0.04045821426912052
-0.01293552378573943
0.0210684202023705
0.06093706156345134
0.10548685094757305
0.15306096222634716
0.2016644367435962
0.24907220539234282
0.29297470024346706
0.33114756765043674
0.36169617844543445
0.38327299333496306
0.39526329980626673
0.39781946189097395
0.3917915475141959
0.3784864156329348
0.3593354829544487
0.33557247564933046
0.30792370135503705
0.2765574305804994
0.24111565910504756
0.20098097951814686
0.15554482553930601
0.10447993794720405
0.04792376777162158
-0.013506374146107262
-0.0787526391271077
-0.14639345737163598
-0.21469379113124398
-0.2816285778444826
-0.34497596896531973
-0.4024952943057017
-0.45215284479645174
-0.4923614668254156
-0.5220683626512262
-0.5406992687200606
-0.5479948255770815
-0.5438399843039343
-0.528179312031881
-0.5010341528245328
-0.46262933371721215
-0.4135575532782673
-0.35488338793014
-0.2881200690385164
-0.21505676187534858
-0.13753689651823683
-0.05727681544959041
0.02417625113120158
0.10538976306440644
0.18490717729117268
0.26113203650628375
0.3322915239186073
0.39652546167719943
0.45209680910874284
0.49759097075660874
0.5320766465748051
0.5550478138322987
0.5663315984592968
0.5658770269421746
0.5536908950694148
0.5298116727271486
0.49443073603729865
0.4480544629322068
0.39163352077831676
0.3265858670838994
0.2546653647640105
0.17773065795256696
0.0975597798527809
0.01575393089593411
-0.06622887824626762
-0.1469411249020561
-0.22482947975427353
-0.2981528700030575
-0.36506074026079866
-0.4237478699387775
-0.47269147224126096
-0.5108191854169598
-0.5375168066787704
-0.5525300669288692
-0.5557904859562461
-0.5472971088559281
-0.5270720068779423
-0.49525120308968296
-0.45223339511253025
-0.39884606199946515
-0.33638554999629444
-0.2665309726055541
-0.19113965555465348
-0.11202414339970311
-0.030837731611643795
0.05093352125288324
0.13184703364933656
0.21039433392339746
0.2848891266195933
0.35349332557250573
0.41436943856842595
0.46590000669998743
0.5068688082543455
0.5365482563686911
0.5545987188815755
0.5609182565524717
0.5554926897334579
0.5383322898157473
0.5095285562008911
0.4693883842800646
0.41860940104684935
0.3583583008969478
0.29022892888109436
0.21604749858263636
0.1376608292044929
0.05676741131141902
-0.025105439528609642
-0.10652057257492069
-0.18599783656257837
-0.26189973864108795
-0.3324277351516845
-0.39571835242302783
-0.4500702641013013
-0.49414670069615324
-0.5270841487850648
-0.5484522905607668
-0.5580982650909607
-0.5559955858662904
-0.5421502974573817
-0.5166126161302783
-0.47962240147983753
-0.4317533073449001
-0.37403604667389584
-0.30796710913821096
-0.23532659611268802
-0.1579786896818994
-0.07767269172780264
0.004024147426085212
0.08565837293456573
0.1657790037276309
0.24279860235851436
0.31495192238307984
0.3803835706163076
0.4373177393234327
0.48430099140565364
0.5203403917693621
0.544894247951436
0.5577546707350617
0.5588697629659207
0.5482351422159859
0.5258910136092988
0.49199967393834465
0.4470277989158629
0.3918773156329037
0.32792053500425866
0.25688388774088583
0.18063347749892483
0.10095694791767006
0.01947341388512856
-0.06234587183415308
-0.1430570657365073
-0.2211267970076504
-0.2948339274925166
-0.3623317426366357
-0.42179835943985655
-0.4716739380721033
-0.5108321343864097
-0.5386132249640938
-0.5547338632502338
-0.5591135171446816
-0.5517447182969227
-0.5326462335284213
-0.5019312166983343
-0.4599692986010725
-0.4075286470234353
-0.34586014237542023
-0.27661195093376056
-0.20162856426963507
-0.122741919468109
-0.041618454073338446
0.040240386411690296
0.12139440609729492
0.20034673039257458
0.27542891387357626
0.34482100719778763
0.4066703086286552
0.45932194052144387
0.5015173206077438
0.5324776514571706
0.5518287817754388
0.5594499570584017
0.5553218347901937
0.5394536381846452
0.5119220654198997
0.4730047752195196
0.42335194402373477
0.36407648004957366
0.29673807236550964
0.22314756614096673
0.1451586622538213
0.06449049489441572
-0.017313641091231218
-0.0988138053077905
-0.1785405797396771
-0.25487647676496755
-0.32603618808483575
-0.39015669279042237
-0.4455033311362025
-0.49069674414935016
-0.524821364467447
-0.5474081084012219
-0.5582834656111393
-0.557409629757527
-0.5447906487156534
-0.5204725355950718
-0.4846618579753732
-0.4378919832540031
-0.3811440228268062
-0.31586357565544215
-0.2438190834839863
-0.16687195281036873
-0.08678737036407176
-0.005153571547077532
0.07657053334740202
0.156938338327406
0.23438207543936823
0.3071556772440225
0.37340123894728733
0.43132676999784647
0.47943711998859867
0.5166850220023266
0.542486805428333
0.5566054918667674
0.5589793129804063
0.5496035535990438
0.5285087736647984
0.49584026118402197
0.45201971842083377
0.3979016421638419
0.33481302555713266
0.2644512525179768
0.18867279887134036
0.10928716836793956
0.02793097931478631
-0.053913725150050884
-0.13480781114360232
-0.21322854734762134
-0.2874801855041054
-0.3557195627745371
-0.4161160640617563
-0.46706824576767353
-0.5073999980888416
-0.5364051986916193
-0.5537683801468744
-0.5593925579463644
-0.5532676563125236
-0.5354093139932536
-0.5059137627829571
-0.4651155473913673
-0.4137358171229656
-0.35297219217289016
-0.284439271242742
-0.20997580103885274
-0.13141685718107973
-0.05045443461263215
0.03139655174787493
0.11269957680202054
0.19196531017198468
0.26754810303005827
0.3376381835516404
0.40037595045809976
0.45407674164539125
0.4974349544806071
0.5296158007673771
0.550214361060074
0.5590880569289757
0.5562107436410807
0.5415924741601895
0.5152951755830911
0.4775692481502465
0.42901482878507846
0.3707006794031285
0.3041370167973791
0.23112396426361254
0.15352057156914234
0.073063064150464
-0.008688386265633294
-0.09028653886321872
-0.17027395714830137
-0.24705171812953444
-0.318849424667135
-0.3838017070252607
-0.44015343772794574
-0.4864765576358759
-0.5218070832087651
-0.5456318371415527
-0.5577534896222421
-0.5581291874685912
-0.5467562341084768
-0.5236761427950548
-0.48907010314585836
-0.4434249192083642
-0.3876764163596548
-0.3232236404296315
-0.2518082440486551
-0.17529392483493048
-0.09546307712530468
-0.0139225975085972
0.06785960506513393
0.14844482269583686
0.22628065673248543
0.2996403810187515
0.3666692220864873
0.4255599395417961
0.4747737750251724
0.5132123538207034
0.5402493921150436
0.5556161788621069
0.559240169424012
0.5511160678555306
0.5312639160011509
0.49981248533411976
0.45714872628993386
0.40407204413323505
0.3418624347040576
0.2721871437336593
0.19689771928779792
0.11781465275733093
0.03659642152839581
-0.04526285973152335
-0.1263261287600768
-0.20508793490237404
-0.27986838526259156
-0.34883617424710056
-0.41014804387802706
-0.46217036354735297
-0.5036720793748877
-0.5339007553274564
-0.5525080891932767
-0.5593825391989348
-0.5545082338410137
-0.5378951379817055
-0.5096275151232033
-0.4700037518148525
-0.4197001333076047
-0.3598644349540225
-0.29207200756466634
-0.21814964804311177
-0.13994264959314537
-0.05915962993204788
0.022665554521610815
0.10409457253678744
0.18365309397897206
0.25971259424741494
0.330474832729686
0.3940807213829783
0.448814171463388
0.4933201921652134
0.5267174084537573
0.5485568730186502
0.5586806018933509
0.5570561946910872
0.5436846659451755
0.5186234833379013
0.48209211713831607
0.434648585175951
0.3773062278293518
0.3115386519391887
0.23912383562390402
0.1619231827464335
0.08169278344650435
9.821066379497598e-6
-0.08167277576838769
-0.16190377004181883
-0.23910513529166566
-0.3115194196061088
-0.37728774362813294
-0.43463001210957997
-0.4820738729018984
-0.5186044213722089
-0.5436669724793048
-0.5570362939485758
-0.5586611155884327
-0.5485381689805723
-0.5266984182601339
-0.4933015032796673
-0.44879567115641544
-0.3940621044535641
-0.33045697493912307
-0.2596939280425627
-0.1836338733589233
-0.10407583848971887
-0.02264641569045433
0.05917814403921977
0.13996262074698193
0.21816904325607903
0.29209185454072395
0.35988360877111714
0.41971993663449386
0.47002444572811464
0.509646955582081
0.5379142179308253
0.5545271779126993
0.5594026723395771
0.5525289492642792
0.5339208785059246
0.5036917603860804
0.4621894721106254
0.41017002755262
0.3488574085206327
0.27988929147741737
0.20510867446911854
0.126347312412289
0.04528425278997354
-0.03657482212938387
-0.11779450891750279
-0.19687722988760187
-0.2721653545768496
-0.3418408431444785
-0.40405009176164464
-0.4571253610766518
-0.49979258751976524
-0.5312416740522942
-0.5510936084852134
-0.5592178171752975
-0.5555927327817852
-0.5402272654437215
-0.5131900640414646
-0.4747504929079336
-0.42553660610962724
-0.3666452186885669
-0.2996153703804713
-0.22625596957194852
-0.1484212270101272
-0.0678366869399418
0.013947187064448507
0.09548764298156573
0.17531901400652403
0.25183331723580393
0.32324892035045705
0.3877022732983359
0.44345136969425014
0.4890967861125327
0.5237032111289329
0.5467830003997532
0.5581554851571772
0.5577809829869071
0.5456592202864178
0.521835477872467
0.48650473805387157
0.4401816994061707
0.38382891392427393
0.3188784892525102
0.24708214756220653
0.1703030914158234
0.09031694292383727
0.00871855540828242
-0.07303219037749477
-0.15348981743929888
-0.2310928308122399
-0.30410454614835586
-0.370667264939734
-0.4289815336623228
-0.47753646028648783
-0.5152618869154507
-0.5415586437525041
-0.5561763468843188
-0.5590511645907777
-0.5501784921958399
-0.5295811392439058
-0.4973977714602909
-0.454041089076544
-0.4003387661940664
-0.33760015328119936
-0.2675100682912661
-0.19192679784259722
-0.1126592305411528
-0.03135721662646819
0.050493500797068734
0.13145855625308028
0.21001755298273445
0.2844819421700535
0.35301532823403786
0.41377861618050066
0.46515985104013746
0.5059600520524334
0.5354531517627629
0.5533139183513283
0.559438921850448
0.5538144797061869
0.5364521916554963
0.5074482396577779
0.4671181220792044
0.41616670624401786
0.3557713049058566
0.287532062887395
0.21328135429145376
0.13486061566820398
0.05396716358236408
-0.02787501799054643
-0.10923130832257016
-0.18861601911651335
-0.26439228540713194
-0.3347544027153286
-0.39784232575024525
-0.45195854382655165
-0.49577726658612686
-0.5284463999241114
-0.5495408998227441
-0.5589140478381509
-0.5565394046092544
-0.5424201634288311
-0.5166179418054065
-0.4793687929905933
-0.4312578455089241
-0.37333007562482706
-0.3070829927010596
-0.2343064767344818
-0.1568622182242251
-0.07649416041792904
0.0052315996025562575
0.08686537174768542
0.16695162947989042
0.24390105946889154
0.31594771325078325
0.3812277371479219
0.4379780405801275
0.48475068993992654
0.5205618250584267
0.5448809691038361
0.5575020306028167
0.5583766014220329
0.5475040009191088
0.5249193104208508
0.49079597095023225
0.44560560979254427
0.3902604475838189
0.3261431874524162
0.25498633255341346
0.17865170274994888
0.09892807438452896
0.017430285562104894
-0.06437263339364727
-0.14503825049900473
-0.22302460364786336
-0.29661308794563934
-0.3639494529035762
-0.42322091077107205
-0.4728730365829836
-0.511786821933713
-0.5393153805440077
-0.5551819241418987
-0.5593070382270079
-0.5516822980308886
-0.5323279677558163
-0.5013647355786874
-0.4591642233534712
-0.40650950732892804
-0.34465628556832384
-0.27526201517297133
-0.20017386269721404
-0.12121773981829241
-0.04005934460362948
0.04180147195197349
0.1229298423424255
0.20182172576216761
0.2768072441412667
0.34606081079863665
0.4077336138587676
0.4601784290199515
0.5021454828912559
0.53286567978372
0.5519700699718431
0.5593440545506578
0.5549692557310134
0.5388541253212109
0.5110790692492428
0.47192871162729344
0.42205921224503945
0.3625992624190155
0.2951087917685794
0.22140910909176417
0.14334795551932628
0.06264210424435379
-0.019168529902787636
-0.10064466425073165
-0.18031417587837245
-0.2565575489097035
-0.3275839843186422
-0.3915319998206297
-0.44667324993917434
-0.49163624177762233
-0.5255180480407491
-0.5478544042649087
-0.5584773182571356
-0.557352866102985
-0.5444806578677905
-0.5199141717781822
-0.48386364394820663
-0.4368660512844061
-0.3799182100799808
-0.31447462070839405
-0.2423037149617737
-0.16527100384635743
-0.0851362452262662
-0.003484451907214774
0.07822734175219917
0.15855074723049645
0.23591497854287163
0.3085708918889467
0.37465885588801995
0.43239221931280364
0.4802817148420568
0.51729189017463
0.5428473879745199
0.5567168927433095
0.5588411519770533
0.5492181505070348
0.5278748085257856
0.4949627743865618
0.45091493709487684
0.39659188780557286
0.33333034642650095
0.26283434133842126
0.18696257662183663
0.10751911135164609
0.026138178132411975
-0.05569952099751994
-0.13655717149420657
-0.21490726552038372
-0.2890492188519088
-0.3571403785618483
-0.41734983596860054
-0.46808632290819663
-0.5081805490997604
-0.5369396001488128
-0.55405278761467
-0.5594268677250387
-0.5530517734413274
-0.5349431872560443
-0.5052031733155923
-0.46416989292148664
-0.4125749688551985
-0.3516277699140613
-0.28294849037464714
-0.20837784350081873
-0.12975034600535554
-0.048752922938061216
0.033102112712772476
0.11437712599271303
0.19358339141593162
0.2690694213913391
0.3390217041163644
0.4015851886733788
0.45507909831583176
0.49820565057684146
0.5301447596505912
0.5504936928591884
0.5591180469475112
0.5559928655003735
0.5411247579920904
0.5145810531074565
0.47661728388203145
0.4278430232910142
0.3693354231190978
0.3026162219923055
0.22948767457076896
0.15180591401905852
0.07130575467132085
-0.010456496076699205
-0.09203688566292631
-0.17197145662049576
-0.24866211419515702
-0.3203328180496011
-0.38511980269558216
-0.4412713523194015
-0.48736852456807167
-0.5224566548514918
-0.5460339395080827
-0.5579060135215498
-0.5580311389079542
-0.546408994668172
-0.5230800331269135
-0.4882318115206158
-0.4423608399714643
-0.38640982231954984
-0.3217894086234021
-0.2502463420208037
-0.17364333259572548
-0.09375930408393802
-0.012199369043947816
0.06957374570048287
0.15011665107078287
0.22787525112431697
0.3011195623776647
0.3679950504431926
0.4266952082453345
0.47568915291414443
0.5138909046683089
0.5406810021294399
0.5557986140172196
0.5591730402728596
0.5507992508626584
0.5306988485837085
0.4990041946070075
0.4561083283706117
0.4028224880381301
0.34043573208523786
0.2706210924882205
0.19523347454006076
0.11608923641286754
0.03484250128575979
-0.04701504843991636
-0.12804670576833702
-0.20674108850286038
-0.2814167840140023
-0.35024066614412636
-0.4113708761871495
-0.4631788394136688
-0.5044468097292782
-0.5344311496469726
-0.5527895096485113
-0.5594139349712445
-0.5542892452369975
-0.5374264397791765
-0.508913370747852
-0.46905411082192583
-0.4185338865419218
-0.3585100929261643
-0.29056794080656784
-0.2165348586331814
-0.1382563802937712
-0.05743585231451689
0.024395989252240294
0.10580149946450049
0.18530298522932753
0.261269134927313
0.33189886186475315
0.39533274492707526
0.44986157803971916
0.4941387464989246
0.527293542337631
0.5488855267062533
0.5587579722082548
0.5568833884082216
0.543263517539214
0.5179545054492132
0.4811845456632312
0.4335176089376753
0.37597964446940374
0.3100507552118328
0.23751530248265493
0.16023239571596942
0.0799550306699185
-0.0017421951720426147
-0.08340980855626183
-0.1635930534119345
-0.24071002505724587
-0.3130031098848795
-0.3786097909522777
-0.4357542798965165
-0.4829754629317301
-0.5192660212943241
-0.5440804962294734
-0.5572013252072889
-0.5585766086810484
-0.5482030309948381
-0.5261148926759571
-0.4924752274422127
-0.44774131371559417
-0.392802710922616
-0.3290257869700685
-0.2581306636921659
-0.18197858517115403
-0.1023646689116324
-0.02091145510671889
0.06090688083200248
0.14165163561736469
0.21978600226920048
0.29359734803113907
0.36123898412536315
0.4208878783275664
0.47097517147610635
0.5103617554009954
0.5383836892931756
0.5547475768314628
0.5593726456405586
0.5522482022871544
0.5333922301795622
0.5029182976909282
0.4611832993559313
0.40895037523848976
0.34745723081104996
0.2783465202780737
0.20346271067482508
0.12463660472463413
0.04353975194861079
-0.03832045834843777
-0.11951005261006133
-0.1985296362674268
-0.2737178775323669
-0.3432537485808431
-0.4052850793864145
-0.4581507446315421
-0.5005830995802286
-0.5317911405962782
-0.5513932854530665
-0.5592673486220023
-0.5553924737893698
-0.5397769592171869
-0.512494106743916
-0.47381721387484543
-0.42438408525568255
-0.36530216524395137
-0.298118407690027
-0.2246444852964419
-0.14673311582304338
-0.06610729730961723
0.015686020024501864
0.09720520270021159
0.17698285112365347
0.25340785643115865
0.3246945203811176
0.38898044051435965
0.44452789145767596
0.48994561523227265
0.5243105788754218
0.5471435121949468
0.5582664948936236
0.5576411660624286
0.5452697150714184
0.5211980079930675
0.48562719429654727
0.4390797200135
0.38252849341165995
0.31741146876917115
0.24548947106314606
0.16862558946475387
0.08858911007665837
0.006972062184798399
-0.07476648522100551
-0.15517914213307188
-0.23270388631167502
-0.3055978988614885
-0.3720034596643877
-0.4301252493991414
-0.4784576071238359
-0.5159451472095159
-0.5419949881875545
-0.5563636476422805
-0.5589890370143414
-0.5498645639689478
-0.5290182109334396
-0.4965928118348051
-0.45300476038821275
-0.39909521013075094
-0.33618126258387704
-0.2659551373929153
-0.19027479887562937
-0.11094852589563561
-0.02961857462849735
0.05222842188484347
0.13315767823266592
0.21164777032171114
0.2860056344314832
0.3543924446553285
0.4149721512873113
0.4661391523588253
0.5067040267610553
0.5359540143710464
0.5535644919298504
0.5594392514579425
0.5535644250991776
0.5359540865120689
0.5067039891952009
0.4661393674855737
0.41497264884756896
0.35439274354609945
0.2860057956318189
0.21164770107771397
0.13315782355891995
0.0522288935431211
-0.029618422855019318
-0.11094813936405189
-0.19027418605048446
-0.2659551497939147
-0.3361810131996095
-0.39909536091971565
-0.4530047046656333
-0.4965929659950905
-0.5290181660898311
-0.5498650260812289
-0.5589883535888456
-0.5563634254845783
-0.5419950375945785
-0.5159449284172684
-0.47845782938474746
-0.43012477825438367
-0.37200348782122067
-0.30559776808519784
-0.23270318182524713
-0.15517922715598784
-0.07476631841152705
0.006972364840304041
0.08858927349465538
0.1686261405156741
0.24548944085659716
0.3174117358279265
0.3825283649484785
0.4390790127139563
0.48562726973751436
0.5211981357756397
0.5452697080147332
0.5576410396620325
0.5582663267343716
0.5471436006899674
0.5243109067036126
0.4899459340844402
0.44452811869729647
0.3889806579534271
0.32469497342445386
0.2534078619975157
0.17698321439956013
0.09720498168024058
0.015685965201843174
-0.06610787536646463
-0.14673301530111496
-0.22464388701052787
-0.29811852194626054
-0.36530248946097055
-0.4243840408670751
-0.47381684874120056
-0.5124938248109544
-0.5397771598244588
-0.5553928801365613
-0.5592678068357446
-0.5513935482273608
-0.5317908147661883
-0.5005832815443677
-0.4581508963364837
-0.405284727332528
-0.3432536780125687
-0.2737176111722497
-0.1985291786981159
-0.11951031771725673
-0.03832079376775846
0.04353963698787007
0.12463658281764275
0.2034627860668278
0.278346076392843
0.3474573073349973
0.4089505446834607
0.46118301693352143
0.5029176355859368
0.5333918707446299
0.5522481932244159
0.5593723051059739
0.5547477877132114
0.5383832299468585
0.5103617460342166
0.4709750873051124
0.4208882113188779
0.36123926443393045
0.29359761159985825
0.2197861829444041
0.14165181755208792
0.06090684961596283
-0.02091100741735683
-0.10236425442419764
-0.1819782249953564
-0.25813030824577543
-0.3290255969229933
-0.3928027377159568
-0.44774078427924235
-0.49247545260592906
-0.5261145971383233
-0.548203130177649
-0.5585760850339699
-0.5572010263151569
-0.5440806352869425
-0.5192664246798601
-0.482975314625534
-0.43575461140483623
-0.3786097148810831
-0.3130031745659015
-0.2407098797187432
-0.16359302526274877
-0.0834094119573189
-0.001742637387233062
0.0799549838244145
0.16023266689677743
0.23751522150429552
0.31005129657012725
0.3759796832142121
0.4335174598419624
0.4811845935153657
0.5179549693193904
0.5432638444360465
0.5568835989204819
0.558758556451133
0.5488839016749145
0.5272934396859534
0.4941392588380012
0.449861439655455
0.39533300126203724
0.33189879354467866
0.26126832492902324
0.18530298702740275
0.10580140983968393
0.024396390263523145
-0.0574355445699921
-0.13825653000705274
-0.2165350656539341
-0.2905681003859526
-0.3585106788671266
-0.4185338918023778
-0.4690541846825567
-0.5089130264549231
-0.5374264856079036
-0.5542890400336913
-0.5594142280050094
-0.5527897165852479
-0.5344310650707782
-0.5044458981722743
-0.4631787545854294
-0.411370553249516
-0.35024013473492926
-0.2814166368922365
-0.20674101152286314
-0.12804629994068087
-0.047015129264085055
0.0348415042675557
0.11608941545184323
0.19523413788721897
0.27062145623908734
0.340435889164706
0.40282306061178663
0.45610805546989674
0.49900346167944976
0.53069898444554
0.550799563465694
0.5591731214084538
0.5557983340818894
0.5406814597241604
0.5138910343519268
0.4756891473760359
0.4266955445268818
0.36799544895768416
0.301120333174719
0.22787548959102044
0.1501171159445407
0.06957439925173929
-0.012199028081216565
-0.09376001196928348
-0.1736436475945832
-0.25024610404539493
-0.3217893476312665
-0.38641007556722223
-0.4423609199667108
-0.4882320601103161
-0.5230797089893695
-0.5464088534404606
-0.5580310561980385
-0.5579060262386836
-0.5460337842392333
-0.5224576838064346
-0.48736864122756207
-0.4412708428998117
-0.3851199282053242
-0.3203331385664295
-0.24866257609082473
-0.17197162567994104
-0.09203631271448177
-0.010456909260542475
0.0713057512560151
0.15180640180398206
0.22948726741012365
0.30261579409166733
0.3693359400777242
0.4278430500807101
0.4766179690142173
0.5145815313358646
0.5411250863353362
0.5559928316873993
0.5591180672672844
0.5504936498111382
0.5301450461469448
0.49820573350789144
0.45507907118943836
0.4015854810997402
0.3390216852113616
0.26906877671619794
0.19358309520640507
0.11437734102513081
0.0331021199721364
-0.04875274307967367
-0.12975129895407952
-0.2083777264590517
-0.282948729354568
-0.35162771842480534
-0.41257452579040954
-0.4641698008053233
-0.5052037381778433
-0.534943617236996
-0.5530525917916608
-0.5594270636873039
-0.5540522207347877
-0.5369404008711627
-0.5081812126694977
-0.46808641007357105
-0.4173502306263305
-0.35714050352357063
-0.28904862087015176
-0.2149071920863123
-0.13655769625995418
-0.05569945198723401
0.02613835321542826
0.10751919332423712
0.18696241790881968
0.26283393465657107
0.3333301881597794
0.3965923054650521
0.4509150500463878
0.49496276365768593
0.5278746198602238
0.5492178784995437
0.5588413414201651
0.5567160001674574
0.5428477050766036
0.5172907550512953
0.480280743868099
0.43239164260214813
0.3746586514186751
0.30857028400920233
0.23591426255267672
0.15854988454014998
0.07822705467177539
-0.0034847057697273347
-0.0851361642719745
-0.1652707846970206
-0.24230428485870711
-0.3144748076744932
-0.3799184265466378
-0.4368664298233189
-0.48386294888302306
-0.5199145527109736
-0.5444810981915169
-0.5573523931288829
-0.5584768595324501
-0.5478538847172203
-0.5255175622629876
-0.49163631875358543
-0.44667343343089977
-0.3915310642693318
-0.32758355720750654
-0.2565574719029375
-0.18031380384806098
-0.10064420302081195
-0.019167897582955302
0.06264239016299432
0.1433481116094328
0.22140872043801232
0.2951089354719499
0.3625987963318736
0.42205968226003665
0.4719283606412657
0.5110790278321219
0.5388544095259546
0.5549695662038169
0.5593441642276875
0.5519700804782166
0.5328648868422178
0.5021462047073082
0.4601784524781528
0.4077343712657742
0.34606143406885265
0.2768076769350958
0.20182235195525677
0.12293004521996664
0.04180183321829689
-0.040059596010627155
-0.12121802747679454
-0.20017370835995915
-0.2752619657967449
-0.3446560905483207
-0.40650920538178453
-0.4591649771858193
-0.5013647408616139
-0.5323274274651023
-0.5516818970459081
-0.5593062690790663
-0.5551815529134179
-0.539315974088499
-0.5117863182760781
-0.47287249121585156
-0.4232217212460157
-0.3639490634438923
-0.2966125500297288
-0.2230247045312246
-0.14503855930850307
-0.06437310808812949
0.017429168186942463
0.09892807590934047
0.1786512813213158
0.2549866164698281
0.3261435056223
0.39026094004185413
0.4456050989148899
0.4907958891376386
0.5249198900656252
0.5475043509844276
0.5583769979061396
0.5575023442407399
0.5448812758558638
0.5205614984529954
0.48474996856589003
0.43797747652051106
0.3812283198745709
0.3159476595779112
0.2439007979455857
0.1669522144333784
0.08686568362696485
0.005231901129715401
-0.07649404193978718
-0.15686245546825267
-0.23430695493931372
-0.3070827891700091
-0.3733302476568122
-0.4312580006889615
-0.47936938691597963
-0.5166183796459329
-0.5424210096919287
-0.5565390442615171
-0.5589149851085358
-0.5495406625759583
-0.5284462908150347
-0.4957779685699152
-0.4519591873984183
-0.3978421310749112
-0.3347549107401281
-0.26439338599848505
-0.18861590204425246
-0.10923120136034159
-0.0278763809771003
0.05396705828799741
0.1348608822857833
0.21328072257157984
0.28753141522912556
0.35577112519680026
0.4161664116915798
0.46711852010316773
0.5074483219965462
0.5364523214419634
0.5538140139309439
0.5594380784943203
0.5533145166473387
0.5354535953624442
0.5059594041712466
0.46516062077103504
0.41377897389906754
0.3530152116904844
0.28448211574159704
0.21001676207469575
0.13145823524761938
0.050494443431779605
-0.03135746781773045
-0.11266016647117337
-0.1919264136536745
-0.26750944277037475
-0.33759928872692135
-0.400337388717926
-0.4540409459456201
-0.4973985314458595
-0.5295798551276835
-0.550177535259804
-0.5590529678317108
-0.5561772236788266
-0.5415586668614093
-0.5152617369308546
-0.47753620927988505
-0.4289826021763107
-0.37066746125298644
-0.30410424948098264
-0.23109255656056793
-0.15348956064897798
-0.07303185069447458
0.008718287762601714
0.09031742430890492
0.1703032850725678
0.24708117726703244
0.3188787347848567
0.3838300726704427
0.4401817980942521
0.48650444346476507
0.5218345363841999
0.545659017322426
0.5577810134879777
0.558156103563588
0.5467839971217634
0.5237024652795971
0.4890965956448328
0.44345175571897355
0.3877023165593871
0.32324947207165045
0.25183270525342427
0.17531906252030274
0.09548719064318296
0.013947406049324155
-0.06783616137882176
-0.14842107549295194
-0.226256255097671
-0.299615776721182
-0.3666457480206146
-0.4255364513104874
-0.4747502821088967
-0.5131890235697123
-0.5402264868232046
-0.5555934956428038
-0.5592180698210355
-0.5510933338049089
-0.5312421187413906
-0.49979024187245447
-0.45712665581925643
-0.404049443073123
-0.3418414901961027
-0.27216585646555547
-0.1968771277702791
-0.11779478175172758
-0.03657642225222538
0.045283334700106925
0.12634726336634272
0.20510830438197383
0.27988862343009957
0.3488569908743707
0.41016827316801346
0.46218920758597953
0.5036910714669957
0.5339210153277487
0.5525279805633959
0.5594018027095542
0.5545279141197472
0.5379138140720097
0.5096472946467618
0.47002380896116347
0.41972011175503704
0.3598832443558377
0.2920914977476234
0.2181687654895732
0.13996212875743336
0.05917893064374614
-0.022646322262158097
-0.10407694856111045
-0.18363407697554207
-0.25969340695065063
-0.33045660718466824
-0.3940624780518543
-0.4487952854654076
-0.49330172719565313
-0.5266983395236816
-0.5485394403808653
-0.558660739834421
-0.5570360532842612
-0.5436671771867062
-0.5186044666349224
-0.4820732385482872
-0.43462939813499535
-0.37728833370726217
-0.311519916624136
-0.23910497492666444
-0.16190444031295753
-0.08167335261485008
9.219613549930404e-6
0.0816913509474033
0.16192272605715405
0.23912330331904388
0.31153758885313965
0.3773060287307706
0.4346487820049437
0.48209185220807144
0.518623735487539
0.543685031419193
0.5570556033606343
0.5586801475133141
0.5485578071691763
0.5267166708928043
0.49332057463369017
0.4488149328893426
0.39408089846082023
0.33047569454995573
0.2597115892485166
0.1836523698827423
0.10409506976609538
0.02266570971988881
-0.05916046823474298
-0.1399425014193272
-0.21814969918098587
-0.2920720754189247
-0.35986435727572863
-0.4197017997184324
-0.4700042665325999
-0.5096272882477085
-0.5378942062156749
-0.5545096960855592
-0.559382733590009
-0.5525074274715748
-0.5339003548787692
-0.5036711436352643
-0.46216848618198725
-0.41014883704220056
-0.34883709400846474
-0.2798677239980944
-0.2050874163554771
-0.12632650680543211
-0.04526300708173528
0.036596800746193606
0.11781566587477511
0.19689796344791105
0.27218724793812177
0.34186143276747527
0.40407184673450147
0.4571479591116291
0.4998143494896276
0.5312642642370284
0.5511165704612107
0.5592399112779947
0.5556156269363282
0.5402497334237595
0.513212098710536
0.4747722710275508
0.42556101462955803
0.3666691545315875
0.29963848927348746
0.2262809608601353
0.1484451871768414
0.06786039941281855
-0.01392232135092457
-0.09546249715315329
-0.17529354929633434
-0.2518076432118663
-0.3232240144724365
-0.38767661677245996
-0.4434252022693105
-0.48906989171363174
-0.5236773557149513
-0.5467577190799969
-0.5581295628442302
-0.5577536242625809
-0.545631380368396
-0.5218074573345427
-0.4864760949542945
-0.44015346314378523
-0.3838009035550966
-0.3188475746375957
-0.24705220678200712
-0.1702733014151503
-0.09028797952856002
-0.00868755957655049
0.07306214876201286
0.15352020828709168
0.2311239880258744
0.3041360006282451
0.370699821426545
0.42901556338172286
0.4775699565265978
0.5152951029302314
0.5415924353290641
0.5562119228723854
0.5590864230320324
0.5502147530826166
0.5296152255584591
0.4974348436803424
0.45407817180944304
0.40037528406119954
0.3376368216724283
0.26754788569928567
0.19196500634632518
0.11269943974152928
0.03139662174124335
-0.05045397014231865
-0.13141757933835405
-0.20997561319270672
-0.2844405905590599
-0.3529727930551829
-0.4137349118236267
-0.4651173239050387
-0.5059168706436084
-0.5354108421828759
-0.5532691667324394
-0.5593917526714789
-0.5537677873029029
-0.5364056859759138
-0.5073998962794692
-0.467069018501386
-0.41611602549111343
-0.35572079760713554
-0.2874815759101942
-0.21322878461771452
-0.1348084788380683
-0.05391295365765035
0.027930590060226537
0.10928741268138234
0.18867283324176296
0.2644507516729255
0.3348129069822643
0.3979025179003927
0.45201821181226615
0.49583775071544467
0.5285083706996551
0.5496052084523806
0.5589783527983521
0.556605323690021
0.5424869985724524
0.5166849082091605
0.47943697866872315
0.4313269306094406
0.3734008886227632
0.3071554216555772
0.23438088564434206
0.15693830747733306
0.07657085822622824
-0.005153264352713403
-0.08678702316999976
-0.16687039037922496
-0.24381804291548806
-0.31586329385661627
-0.3811429360802005
-0.4378907061809987
-0.48466205277623303
-0.5204719456946376
-0.544789561391009
-0.5574090130050655
-0.5582816688645565
-0.5474069193265854
-0.5248212552657273
-0.49069600489503656
-0.4455027387467858
-0.39015610842196524
-0.3260363410110625
-0.2548780357248007
-0.17854011404853262
-0.0988141298886782
-0.01731392478168314
0.06449208055147684
0.14516002772876307
0.22314813537747039
0.29673834091676216
0.3640777116918318
0.42335182229037244
0.47300521988424993
0.5119213750120376
0.5394525849585967
0.5553225134284746
0.559449646722581
0.5518277082602919
0.5324787531112383
0.501518204202316
0.45932220245442007
0.4066703174776228
0.34482072380415113
0.2754305358339239
0.2003458408408006
0.12139505049830158
0.04023905634656545
-0.04161599899871113
-0.1227417529296668
-0.20162967917857424
-0.27661016754916284
-0.34585993690498246
-0.4075296064347985
-0.4599672650208258
-0.5019316536032241
-0.532646040391057
-0.5517447799660997
-0.5591138806367181
-0.5547330041776923
-0.538613137265339
-0.5108316706646551
-0.47167362928280226
-0.42179806956870564
-0.36233036276208025
-0.29483395925495515
-0.22112671372418585
-0.1430586269380605
-0.06234539002367092
0.01947398961825284
0.10095670567479977
0.18063353152307055
0.2568863855565409
0.32792118712157636
0.39187776999698015
0.4470270661696378
0.4920015445220926
0.5258908201043327
0.5482358428123523
0.5588697367319168
0.5577546987530352
0.5448945627064339
0.5203411054019706
0.484302120463544
0.43731813349727133
0.38038524543689656
0.31495368728300027
0.24279661602581068
0.16577849498541
0.08566058736324507
0.004024581283832157
-0.07767295690314063
-0.15797925884718655
-0.23532724762736937
-0.30796481987974555
-0.37403664325080904
-0.43175152211476303
-0.4796221225414853
-0.5166122852120151
-0.5421487403566592
-0.5559953283748531
-0.5581001466489072
-0.5484523222752085
-0.5270839739546561
-0.4941466427563614
-0.45007086629174964
-0.3957204636914744
-0.3324273972053288
-0.2619017121101731
-0.18599653532140184
-0.10651997708116917
-0.02510553759711744
0.056767659661521856
0.13765998214775504
0.21604755711868812
0.29022750337453745
0.3583579024064902
0.41860830146638484
0.4693883785931559
0.5095281753029893
0.5383316939371963
0.5554931127904762
0.5609201507837187
0.5546008387916784
0.5365477097791342
0.5068696445254781
0.4658993685694475
0.41437263368944394
0.3534942544767052
0.2848886385298017
0.21039404366424863
0.1318470186806769
0.05093114804727479
-0.030837864645743975
-0.11202543246147416
-0.19114000689922983
-0.2665315428067963
-0.336386046870873
-0.3988464900525111
-0.4522343287061576
-0.4952481732171706
-0.5270713589174427
-0.5472983350977809
-0.5557915300088123
-0.5525298443294191
-0.5375170032501914
-0.5108200585081408
-0.4726931917994029
-0.4237483041677955
-0.36505943425519305
-0.298154135219952
-0.224827249759718
-0.14694209359531468
-0.06622906774212137
0.015752520013322627
0.09756070423669595
0.17773253219754476
0.2546642495702582
0.3265865451841722
0.3916329004871439
0.44805435780745917
0.4944320005766775
0.52981201434573
0.5536914494019954
0.5658785109188808
0.5663312393183636
0.5550496843674808
0.5320756438444653
0.49759210499682427
0.45209427666886015
0.3965279079927674
0.33229246229726794
0.2611329071165366
0.1849073243707844
0.10538931880096306
0.024175235022290194
-0.057277747205396384
-0.13753686762289416
-0.21505887358918369
-0.28812220593941473
-0.35488480826296415
-0.41355769714666646
-0.46263119413406123
-0.501034787349912
-0.5281799290371787
-0.5438393104076505
-0.5479919429633291
-0.5406992202848468
-0.5220680224435671
-0.4923614862968871
-0.4521529731769736
-0.40249557774478506
-0.3449768144636585
-0.2816275495666038
-0.21469149478696894
-0.1463934161622452
-0.07875068412338854
-0.013506656899541516
0.04792206674435725
0.1044792698670149
0.15554163073250077
0.20098213045554375
0.24111552077037987
0.27655453878257086
0.3079242056403201
0.33557034829654186
0.35933630550989604
0.37848584583317063
0.3917922507034642
0.39782127366854075
0.3952638534580699
0.383274002969529
0.36169748241366767
0.331148516195252
0.2929754486715077
0.24907188592352608
0.2016636795663043
0.15305917682873665
0.105485528354829
0.06093912062488555
0.02106783075477429
-0.012934603768497652
-0.04045581583723862
-0.06147682066795281
-0.07649775918463016
-0.08635971799155576
-0.09205488094679222
-0.09454535984829537
-0.09468350592478772
-0.09315029241129177
-0.09048920432051738
-0.08709643900377753
-0.08325797327027928
-0.07919096213261305
-0.07503722853094054
-0.07089894412367839
-0.06684548426932878
-0.06292538263533533
-0.05916569716866716
-0.05558405935373766
-0.05218692478569001
-0.04898023338069982
-0.045962543777350574
-0.043125230872866176
-0.040463407467599063
-0.03797114757964861
-0.03563769673181673
-0.03345755202492757
-0.03141874628048053
-0.02951581681254285
-0.027738791728205127
-0.026079403674146562
-0.024526783169300966
-0.023080737861459946
-0.021728698313777772
-0.020465069275637376
-0.01928667113054619
-0.01818291704209865
-0.017151567599322712
-0.01618525713095644
-0.015284476152499319
-0.014439899990360463
-0.013647764730226178
-0.012906087959036357
-0.012213759254907848
-0.011559525809042787
-0.010949680778777345
-0.010376957699712315
-0.009838898412946894
-0.009330553207772607
-0.008855553484420266
-0.008408238440011468
-0.007990491304483914
-0.0075923623901532865
-0.007219081046194389
-0.0068660842441086315
-0.006535245214703028
-0.006222141377854677
-0.005929679030447281
-0.00564985340926496
-0.005386254074134734
-0.005138090184894568
-0.004901856573212946
-0.004680994185139472
-0.004470652273177612
-0.00427156709747757
-0.004084442139252106
-0.003906630041366002
-0.003736098548077772
-0.0035759968195024556
-0.003421022191673736
-0.0032785248454605775
-0.0031418647996672247
-0.0030111799554823683
-0.002887772481078485
-0.0027682323925406096
-0.0026576267952260523
-0.0025521010036736475
-0.0024503970731368572
-0.0023506231706395277
-0.002261164057285581
-0.002173108600282836
-0.002090058399177506
-0.002009372764910244
-0.001933552934834466
-0.0018621456904165587
-0.001792047449921064
-0.0017270513452852846
-0.0016638970969353828
-0.0016009108346310363
-0.0015436440752926782
-0.0014869409527558846
-0.0014349946871032898
-0.0013864340225263696
-0.0013380016440233751
-0.0012902767221465827
-0.0012474921025283751
-0.0012016866854979765
-0.0011614981059486073
-0.0011233116379773457
-0.0010857799882204918
-0.0010494197916631669
-0.0010149583130499285
-0.0009836393209552996
-0.0009491744963352125
-0.0009194124271348275
-0.0008927897093092692
-0.0008625975849344959
-0.0008336993173777753
-0.0008081676388163117
-0.0007817468410262271
-0.0007587328620515766
-0.0007357313042779817
-0.0007138921950020124
-0.0006920395951960537
-0.0006711709300835033
-0.0006522793666793084
-0.0006314698912690156
-0.0006114969415520969
-0.0005953137082638449
-0.0005794932164535703
-0.0005593103918793379
-0.0005462530959312873
-0.0005304499610318348
-0.000515044811190532
-0.0005002076682628148
-0.0004874395099507864
-0.00047352263561372055
-0.0004583080596647534
-0.00044716608367933715
-0.00043616368051807103
-0.0004224165752785148
-0.0004134317888202588
-0.0004011080223790899
-0.00039132037452528406
-0.0003792317175756759
