0
0
0
0
0
0
0
0
0
0
0
0
0
0
0
0
0
0
0
0
0
0
0
0
0
0
0
0
0
0
0
0
0
0
0
0
0
0
0
0
0
0
0
0
0
0
0
0
0
0
0
0
0
0
0
0
0
0
0
0
0
0
0
0
0
0
0
0
0
0
0
0
0
0
0
0
0
0
0
0
0
0
0
0
0
0
0
0
0
0
0
0
0
0
0
0
0
0
0
0
0
0
0
0
0
0
0
0
0
0
0
0
0
0
0
0
0
0
0
0
0
0
0
0
0
0
0
0
0
0
0
0
0
0
0
0
0
0
0
0
0
0
0
0
0
0
0
0
0
0
0
0
0
0
0
0
0
0
0.000375971
0.00146271
0.00319997
0.00552958
0.00839532
0.011743
0.0155203
0.0196769
0.0241644
0.0289362
0.0339476
0.0391555
0.044519
0.0499985
0.0555565
0.0611571
0.066766
0.0723506
0.0778798
0.0833244
0.0886566
0.09385
0.09888
0.103723
0.108358
0.112764
0.116922
0.120815
0.124426
0.127741
0.130746
0.133428
0.135778
0.137784
0.139438
0.140733
0.141663
0.142222
0.142405
0.142211
0.141637
0.140682
0.139346
0.137629
0.135534
0.133064
0.130221
0.127011
0.123439
0.11951
0.115231
0.110611
0.105656
0.100377
0.0947827
0.0888832
0.0826893
0.0762126
0.0694648
0.0624585
0.0552066
0.0477224
0.0400198
0.0321131
0.0240168
0.015746
0.00731602
-0.00125762
-0.00995899
-0.0187719
-0.0276801
-0.0366669
-0.0457157
-0.0548096
-0.0639315
-0.0730645
-0.0821914
-0.091295
-0.100358
-0.109364
-0.118295
-0.127134
-0.135865
-0.14447
-0.152933
-0.161238
-0.169369
-0.177308
-0.185041
-0.192552
-0.199826
-0.206849
-0.213605
-0.220081
-0.226263
-0.232139
-0.237694
-0.242919
-0.247799
-0.252326
-0.256487
-0.260274
-0.263678
-0.266688
-0.269299
-0.271502
-0.273292
-0.274662
-0.275608
-0.276127
-0.276214
-0.275868
-0.275087
-0.273872
-0.272222
-0.27014
-0.267627
-0.264688
-0.261328
-0.257552
-0.253367
-0.248781
-0.243804
-0.238446
-0.232719
-0.226636
-0.220212
-0.213461
-0.206402
-0.199051
-0.19143
-0.183559
-0.175461
-0.16716
-0.158681
-0.150052
-0.141302
-0.13246
-0.123559
-0.114632
-0.105715
-0.0968438
-0.0880577
-0.0793971
-0.070904
-0.0626224
-0.0545982
-0.046879
-0.0395143
-0.0325555
-0.0260562
-0.0200716
-0.0146591
-0.00987807
-0.00578992
-0.00245815
5.16438e-05
0.00212806
0.00421726
0.00633411
0.008492
0.0107058
0.0129912
0.0153646
0.0178432
0.0204468
0.0231976
0.0261176
0.0292351
0.0325794
0.0361847
0.0400903
0.0443425
0.0489925
0.0541024
0.0597441
0.0660011
0.0729722
0.0807734
0.089539
0.0994254
0.110613
0.123305
0.137732
0.15414
0.172782
0.19387
0.217503
0.243522
0.271329
0.299717
0.326888
0.350816
0.369882
0.38344
0.391955
0.396652
0.398949
0.400004
0.400538
0.400886
0.401155
0.401362
0.401508
0.4016
0.401647
0.401661
0.401646
0.401598
0.401506
0.401359
0.401152
0.400882
0.400533
0.399999
0.398943
0.396645
0.391948
0.383432
0.369873
0.350806
0.326877
0.299706
0.271317
0.24351
0.217489
0.193856
0.172767
0.154125
0.137715
0.123288
0.110595
0.0994068
0.0895196
0.0807533
0.0729514
0.065979
0.0597217
0.0540791
0.0489682
0.0443171
0.0400649
0.036158
0.0325516
0.0292067
0.0260887
0.0231672
0.0204161
0.0178113
0.0153315
0.0129576
0.0106712
0.00845645
0.00629738
0.00417979
0.00208915
1.21974e-05
-0.00206466
-0.00415523
-0.006273
-0.00843187
-0.0106467
-0.012933
-0.015307
-0.0177867
-0.0203912
-0.0231425
-0.0260637
-0.0291818
-0.0325268
-0.0361331
-0.0400398
-0.0442923
-0.0489432
-0.0540541
-0.0596963
-0.0659539
-0.0729259
-0.0807276
-0.0894938
-0.099381
-0.110569
-0.123262
-0.13769
-0.154099
-0.172741
-0.19383
-0.217463
-0.243483
-0.27129
-0.299678
-0.326851
-0.350779
-0.369845
-0.383404
-0.39192
-0.396617
-0.398915
-0.399971
-0.400505
-0.400853
-0.401123
-0.40133
-0.401477
-0.401569
-0.401617
-0.401631
-0.401617
-0.401569
-0.401478
-0.401331
-0.401124
-0.400855
-0.400506
-0.399972
-0.398917
-0.39662
-0.391923
-0.383407
-0.369848
-0.350782
-0.326854
-0.299682
-0.271294
-0.243487
-0.217468
-0.193834
-0.172746
-0.154104
-0.137695
-0.123268
-0.110575
-0.0993872
-0.0895002
-0.0807342
-0.0729327
-0.0659611
-0.0597036
-0.0540616
-0.0489509
-0.0443002
-0.0400481
-0.0361415
-0.0325358
-0.029191
-0.0260731
-0.023152
-0.0204013
-0.0177968
-0.0153173
-0.0129436
-0.0106576
-0.00844294
-0.00628442
-0.00416708
-0.00207676
5.16438e-05
0.00212806
0.00421726
0.00633411
0.008492
0.0107058
0.0129912
0.0153646
0.0178432
0.0204468
0.0231976
0.0261176
0.0292351
0.0325794
0.0361847
0.0400903
0.0443425
0.0489925
0.0541024
0.0597441
0.0660011
0.0729722
0.0807734
0.089539
0.0994254
0.110613
0.123305
0.137732
0.15414
0.172782
0.19387
0.217503
0.243522
0.271329
0.299717
0.326888
0.350816
0.369882
0.38344
0.391955
0.396652
0.398949
0.400004
0.400538
0.400886
0.401155
0.401362
0.401508
0.4016
0.401647
0.401661
0.401646
0.401598
0.401506
0.401359
0.401152
0.400882
0.400533
0.399999
0.398943
0.396645
0.391948
0.383432
0.369873
0.350806
0.326877
0.299706
0.271317
0.24351
0.217489
0.193856
0.172767
0.154125
0.137715
0.123288
0.110595
0.0994068
0.0895196
0.0807533
0.0729514
0.065979
0.0597217
0.0540791
0.0489682
0.0443171
0.0400649
0.036158
0.0325516
0.0292067
0.0260887
0.0231672
0.0204161
0.0178113
0.0153315
0.0129576
0.0106712
0.00845645
0.00629738
0.00417979
0.00208915
1.21974e-05
-0.00206466
-0.00415523
-0.006273
-0.00843187
-0.0106467
-0.012933
-0.015307
-0.0177867
-0.0203912
-0.0231425
-0.0260637
-0.0291818
-0.0325268
-0.0361331
-0.0400398
-0.0442923
-0.0489432
-0.0540541
-0.0596963
-0.0659539
-0.0729259
-0.0807276
-0.0894938
-0.099381
-0.110569
-0.123262
-0.13769
-0.154099
-0.172741
-0.19383
-0.217463
-0.243483
-0.27129
-0.299678
-0.326851
-0.350779
-0.369845
-0.383404
-0.39192
-0.396617
-0.398915
-0.399971
-0.400505
-0.400853
-0.401123
-0.40133
-0.401477
-0.401569
-0.401617
-0.401631
-0.401617
-0.401569
-0.401478
-0.401331
-0.401124
-0.400855
-0.400506
-0.399972
-0.398917
-0.39662
-0.391923
-0.383407
-0.369848
-0.350782
-0.326854
-0.299682
-0.271294
-0.243487
-0.217468
-0.193834
-0.172746
-0.154104
-0.137695
-0.123268
-0.110575
-0.0993872
-0.0895002
-0.0807342
-0.0729327
-0.0659611
-0.0597036
-0.0540616
-0.0489509
-0.0443002
-0.0400481
-0.0361415
-0.0325358
-0.029191
-0.0260731
-0.023152
-0.0204013
-0.0177968
-0.0153173
-0.0129436
-0.0106576
-0.00844294
-0.00628442
-0.00416708
-0.00207676
5.16438e-05
0.00212806
0.00421726
0.00633411
0.008492
0.0107058
0.0129912
0.0153646
0.0178432
0.0204468
0.0231976
0.0261176
0.0292351
0.0325794
0.0361847
0.0400903
0.0443425
0.0489925
0.0541024
0.0597441
0.0660011
0.0729722
0.0807734
0.089539
0.0994254
0.110613
0.123305
0.137732
0.15414
0.172782
0.19387
0.217503
0.243522
0.271329
0.299717
0.326888
0.350816
0.369882
0.38344
0.391955
0.396652
0.398949
0.400004
0.400538
0.400886
0.401155
0.401362
0.401508
0.4016
0.401647
0.401661
0.401646
0.401598
0.401506
0.401359
0.401152
0.400882
0.400533
0.399999
0.398943
0.396645
0.391948
0.383432
0.369873
0.350806
0.326877
0.299706
0.271317
0.24351
0.217489
0.193856
0.172767
0.154125
0.137715
0.123288
0.110595
0.0994068
0.0895196
0.0807533
0.0729514
0.065979
0.0597217
0.0540791
0.0489682
0.0443171
0.0400649
0.036158
0.0325516
0.0292067
0.0260887
0.0231672
0.0204161
0.0178113
0.0153315
0.0129576
0.0106712
0.00845645
0.00629738
0.00417979
0.00208915
1.21974e-05
-0.00206466
-0.00415523
-0.006273
-0.00843187
-0.0106467
-0.012933
-0.015307
-0.0177867
-0.0203912
-0.0231425
-0.0260637
-0.0291818
-0.0325268
-0.0361331
-0.0400398
-0.0442923
-0.0489432
-0.0540541
-0.0596963
-0.0659539
-0.0729259
-0.0807276
-0.0894938
-0.099381
-0.110569
-0.123262
-0.13769
-0.154099
-0.172741
-0.19383
-0.217463
-0.243483
-0.27129
-0.299678
-0.326851
-0.350779
-0.369845
-0.383404
-0.39192
-0.396617
-0.398915
-0.399971
-0.400505
-0.400853
-0.401123
-0.40133
-0.401477
-0.401569
-0.401617
-0.401631
-0.401617
-0.401569
-0.401478
-0.401331
-0.401124
-0.400855
-0.400506
-0.399972
-0.398917
-0.39662
-0.391923
-0.383407
-0.369848
-0.350782
-0.326854
-0.299682
-0.271294
-0.243487
-0.217468
-0.193834
-0.172746
-0.154104
-0.137695
-0.123268
-0.110575
-0.0993872
-0.0895002
-0.0807342
-0.0729327
-0.0659611
-0.0597036
-0.0540616
-0.0489509
-0.0443002
-0.0400481
-0.0361415
-0.0325358
-0.029191
-0.0260731
-0.023152
-0.0204013
-0.0177968
-0.0153173
-0.0129436
-0.0106576
-0.00844294
-0.00628442
-0.00416708
-0.00207676
5.16438e-05
0.00212806
0.00421726
0.00633411
0.008492
0.0107058
0.0129912
0.0153646
0.0178432
0.0204468
0.0231976
0.0261176
0.0292351
0.0325794
0.0361847
0.0400903
0.0443425
0.0489925
0.0541024
0.0597441
0.0660011
0.0729722
0.0807734
0.089539
0.0994254
0.110613
0.123305
0.137732
0.15414
0.172782
0.19387
0.217503
0.243522
0.271329
0.299717
0.326888
0.350816
0.369882
0.38344
0.391955
0.396652
0.398949
0.400004
0.400538
0.400886
0.401155
0.401362
0.401508
0.4016
0.401647
0.401661
0.401646
0.401598
0.401506
0.401359
0.401152
0.400882
0.400533
0.399999
0.398943
0.396645
0.391948
0.383432
0.369873
0.350806
0.326877
0.299706
0.271317
0.24351
0.217489
0.193856
0.172767
0.154125
0.137715
0.123288
0.110595
0.0994068
0.0895196
0.0807533
0.0729514
0.065979
0.0597217
0.0540791
0.0489682
0.0443171
0.0400649
0.036158
0.0325516
0.0292067
0.0260887
0.0231672
0.0204161
0.0178113
0.0153315
0.0129576
0.0106712
0.00845645
0.00629738
0.00417979
0.00208915
1.21974e-05
-0.00206466
-0.00415523
-0.006273
-0.00843187
-0.0106467
-0.012933
-0.015307
-0.0177867
-0.0203912
-0.0231425
-0.0260637
-0.0291818
-0.0325268
-0.0361331
-0.0400398
-0.0442923
-0.0489432
-0.0540541
-0.0596963
-0.0659539
-0.0729259
-0.0807276
-0.0894938
-0.099381
-0.110569
-0.123262
-0.13769
-0.154099
-0.172741
-0.19383
-0.217463
-0.243483
-0.27129
-0.299678
-0.326851
-0.350779
-0.369845
-0.383404
-0.39192
-0.396617
-0.398915
-0.399971
-0.400505
-0.400853
-0.401123
-0.40133
-0.401477
-0.401569
-0.401617
-0.401631
-0.401617
-0.401569
-0.401478
-0.401331
-0.401124
-0.400855
-0.400506
-0.399972
-0.398917
-0.39662
-0.391923
-0.383407
-0.369848
-0.350782
-0.326854
-0.299682
-0.271294
-0.243487
-0.217468
-0.193834
-0.172746
-0.154104
-0.137695
-0.123268
-0.110575
-0.0993872
-0.0895002
-0.0807342
-0.0729327
-0.0659611
-0.0597036
-0.0540616
-0.0489509
-0.0443002
-0.0400481
-0.0361415
-0.0325358
-0.029191
-0.0260731
-0.023152
-0.0204013
-0.0177968
-0.0153173
-0.0129436
-0.0106576
-0.00844294
-0.00628442
-0.00416708
-0.00207676
5.16438e-05
0.00212806
0.00421726
0.00633411
0.008492
0.0107058
0.0129912
0.0153646
0.0178432
0.0204468
0.0231976
0.0261176
0.0292351
0.0325794
0.0361847
0.0400903
0.0443425
0.0489925
0.0541024
0.0597441
0.0660011
0.0729722
0.0807734
0.089539
0.0994254
0.110613
0.123305
0.137732
0.15414
0.172782
0.19387
0.217503
0.243522
0.271329
0.299717
0.326888
0.350816
0.369882
0.38344
0.391955
0.396652
0.398949
0.400004
0.400538
0.400886
0.401155
0.401362
0.401508
0.4016
0.401647
0.401661
0.401646
0.401598
0.401506
0.401359
0.401152
0.400882
0.400533
0.399999
0.398943
0.396645
0.391948
0.383432
0.369873
0.350806
0.326877
0.299706
0.271317
0.24351
0.217489
0.193856
0.172767
0.154125
0.137715
0.123288
0.110595
0.0994068
0.0895196
0.0807533
0.0729514
0.065979
0.0597217
0.0540791
0.0489682
0.0443171
0.0400649
0.036158
0.0325516
0.0292067
0.0260887
0.0231672
0.0204161
0.0178113
0.0153315
0.0129576
0.0106712
0.00845645
0.00629738
0.00417979
0.00208915
1.21974e-05
-0.00206466
-0.00415523
-0.006273
-0.00843187
-0.0106467
-0.012933
-0.015307
-0.0177867
-0.0203912
-0.0231425
-0.0260637
-0.0291818
-0.0325268
-0.0361331
-0.0400398
-0.0442923
-0.0489432
-0.0540541
-0.0596963
-0.0659539
-0.0729259
-0.0807276
-0.0894938
-0.099381
-0.110569
-0.123262
-0.13769
-0.154099
-0.172741
-0.19383
-0.217463
-0.243483
-0.27129
-0.299678
-0.326851
-0.350779
-0.369845
-0.383404
-0.39192
-0.396617
-0.398915
-0.399971
-0.400505
-0.400853
-0.401123
-0.40133
-0.401477
-0.401569
-0.401617
-0.401631
-0.401617
-0.401569
-0.401478
-0.401331
-0.401124
-0.400855
-0.400506
-0.399972
-0.398917
-0.39662
-0.391923
-0.383407
-0.369848
-0.350782
-0.326854
-0.299682
-0.271294
-0.243487
-0.217468
-0.193834
-0.172746
-0.154104
-0.137695
-0.123268
-0.110575
-0.0993872
-0.0895002
-0.0807342
-0.0729327
-0.0659611
-0.0597036
-0.0540616
-0.0489509
-0.0443002
-0.0400481
-0.0361415
-0.0325358
-0.029191
-0.0260731
-0.023152
-0.0204013
-0.0177968
-0.0153173
-0.0129436
-0.0106576
-0.00844294
-0.00628442
-0.00416708
-0.00207676
5.16438e-05
0.00212806
0.00421726
0.00633411
0.008492
0.0107058
0.0129912
0.0153646
0.0178432
0.0204468
0.0231976
0.0261176
0.0292351
0.0325794
0.0361847
0.0400903
0.0443425
0.0489925
0.0541024
0.0597441
0.0660011
0.0729722
0.0807734
0.089539
0.0994254
0.110613
0.123305
0.137732
0.15414
0.172782
0.19387
0.217503
0.243522
0.271329
0.299717
0.326888
0.350816
0.369882
0.38344
0.391955
0.396652
0.398949
0.400004
0.400538
0.400886
0.401155
0.401362
0.401508
0.4016
0.401647
0.401661
0.401646
0.401598
0.401506
0.401359
0.401152
0.400882
0.400533
0.399999
0.398943
0.396645
0.391948
0.383432
0.369873
0.350806
0.326877
0.299706
0.271317
0.24351
0.217489
0.193856
0.172767
0.154125
0.137715
0.123288
0.110595
0.0994068
0.0895196
0.0807533
0.0729514
0.065979
0.0597217
0.0540791
0.0489682
0.0443171
0.0400649
0.036158
0.0325516
0.0292067
0.0260887
0.0231672
0.0204161
0.0178113
0.0153315
0.0129576
0.0106712
0.00845645
0.00629738
0.00417979
0.00208915
1.21974e-05
-0.00206466
-0.00415523
-0.006273
-0.00843187
-0.0106467
-0.012933
-0.015307
-0.0177867
-0.0203912
-0.0231425
-0.0260637
-0.0291818
-0.0325268
-0.0361331
-0.0400398
-0.0442923
-0.0489432
-0.0540541
-0.0596963
-0.0659539
-0.0729259
-0.0807276
-0.0894938
-0.099381
-0.110569
-0.123262
-0.13769
-0.154099
-0.172741
-0.19383
-0.217463
-0.243483
-0.27129
-0.299678
-0.326851
-0.350779
-0.369845
-0.383404
-0.39192
-0.396617
-0.398915
-0.399971
-0.400505
-0.400853
-0.401123
-0.40133
-0.401477
-0.401569
-0.401617
-0.401631
-0.401617
-0.401569
-0.401478
-0.401331
-0.401124
-0.400855
-0.400506
-0.399972
-0.398917
-0.39662
-0.391923
-0.383407
-0.369848
-0.350782
-0.326854
-0.299682
-0.271294
-0.243487
-0.217468
-0.193834
-0.172746
-0.154104
-0.137695
-0.123268
-0.110575
-0.0993872
-0.0895002
-0.0807342
-0.0729327
-0.0659611
-0.0597036
-0.0540616
-0.0489509
-0.0443002
-0.0400481
-0.0361415
-0.0325358
-0.029191
-0.0260731
-0.023152
-0.0204013
-0.0177968
-0.0153173
-0.0129436
-0.0106576
-0.00844294
-0.00628442
-0.00416708
-0.00207676
5.16438e-05
0.00212806
0.00421726
0.00633411
0.008492
0.0107058
0.0129912
0.0153646
0.0178432
0.0204468
0.0231976
0.0261176
0.0292351
0.0325794
0.0361847
0.0400903
0.0443425
0.0489925
0.0541024
0.0597441
0.0660011
0.0729722
0.0807734
0.089539
0.0994254
0.110613
0.123305
0.137732
0.15414
0.172782
0.19387
0.217503
0.243522
0.271329
0.299717
0.326888
0.350816
0.369882
0.38344
0.391955
0.396652
0.398949
0.400004
0.400538
0.400886
0.401155
0.401362
0.401508
0.4016
0.401647
0.401661
0.401646
0.401598
0.401506
0.401359
0.401152
0.400882
0.400533
0.399999
0.398943
0.396645
0.391948
0.383432
0.369873
0.350806
0.326877
0.299706
0.271317
0.24351
0.217489
0.193856
0.172767
0.154125
0.137715
0.123288
0.110595
0.0994068
0.0895196
0.0807533
0.0729514
0.065979
0.0597217
0.0540791
0.0489682
0.0443171
0.0400649
0.036158
0.0325516
0.0292067
0.0260887
0.0231672
0.0204161
0.0178113
0.0153315
0.0129576
0.0106712
0.00845645
0.00629738
0.00417979
0.00208915
1.21974e-05
-0.00206466
-0.00415523
-0.006273
-0.00843187
-0.0106467
-0.012933
-0.015307
-0.0177867
-0.0203912
-0.0231425
-0.0260637
-0.0291818
-0.0325268
-0.0361331
-0.0400398
-0.0442923
-0.0489432
-0.0540541
-0.0596963
-0.0659539
-0.0729259
-0.0807276
-0.0894938
-0.099381
-0.110569
-0.123262
-0.13769
-0.154099
-0.172741
-0.19383
-0.217463
-0.243483
-0.27129
-0.299678
-0.326851
-0.350779
-0.369845
-0.383404
-0.39192
-0.396617
-0.398915
-0.399971
-0.400505
-0.400853
-0.401123
-0.40133
-0.401477
-0.401569
-0.401617
-0.401631
-0.401617
-0.401569
-0.401478
-0.401331
-0.401124
-0.400855
-0.400506
-0.399972
-0.398917
-0.39662
-0.391923
-0.383407
-0.369848
-0.350782
-0.326854
-0.299682
-0.271294
-0.243487
-0.217468
-0.193834
-0.172746
-0.154104
-0.137695
-0.123268
-0.110575
-0.0993872
-0.0895002
-0.0807342
-0.0729327
-0.0659611
-0.0597036
-0.0540616
-0.0489509
-0.0443002
-0.0400481
-0.0361415
-0.0325358
-0.029191
-0.0260731
-0.023152
-0.0204013
-0.0177968
-0.0153173
-0.0129436
-0.0106576
-0.00844294
-0.00628442
-0.00416708
-0.00207676
5.16438e-05
0.00212806
0.00421726
0.00633411
0.008492
0.0107058
0.0129912
0.0153646
0.0178432
0.0204468
0.0231976
0.0261176
0.0292351
0.0325794
0.0361847
0.0400903
0.0443425
0.0489925
0.0541024
0.0597441
0.0660011
0.0729722
0.0807734
0.089539
0.0994254
0.110613
0.123305
0.137732
0.15414
0.172782
0.19387
0.217503
0.243522
0.271329
0.299717
0.326888
0.350816
0.369882
0.38344
0.391955
0.396652
0.398949
0.400004
0.400538
0.400886
0.401155
0.401362
0.401508
0.4016
0.401647
0.401661
0.401646
0.401598
0.401506
0.401359
0.401152
0.400882
0.400533
0.399999
0.398943
0.396645
0.391948
0.383432
0.369873
0.350806
0.326877
0.299706
0.271317
0.24351
0.217489
0.193856
0.172767
0.154125
0.137715
0.123288
0.110595
0.0994068
0.0895196
0.0807533
0.0729514
0.065979
0.0597217
0.0540791
0.0489682
0.0443171
0.0400649
0.036158
0.0325516
0.0292067
0.0260887
0.0231672
0.0204161
0.0178113
0.0153315
0.0129576
0.0106712
0.00845645
0.00629738
0.00417979
0.00208915
1.21974e-05
-0.00206466
-0.00415523
-0.006273
-0.00843187
-0.0106467
-0.012933
-0.015307
-0.0177867
-0.0203912
-0.0231425
-0.0260637
-0.0291818
-0.0325268
-0.0361331
-0.0400398
-0.0442923
-0.0489432
-0.0540541
-0.0596963
-0.0659539
-0.0729259
-0.0807276
-0.0894938
-0.099381
-0.110569
-0.123262
-0.13769
-0.154099
-0.172741
-0.19383
-0.217463
-0.243483
-0.27129
-0.299678
-0.326851
-0.350779
-0.369845
-0.383404
-0.39192
-0.396617
-0.398915
-0.399971
-0.400505
-0.400853
-0.401123
-0.40133
-0.401477
-0.401569
-0.401617
-0.401631
-0.401617
-0.401569
-0.401478
-0.401331
-0.401124
-0.400855
-0.400506
-0.399972
-0.398917
-0.39662
-0.391923
-0.383407
-0.369848
-0.350782
-0.326854
-0.299682
-0.271294
-0.243487
-0.217468
-0.193834
-0.172746
-0.154104
-0.137695
-0.123268
-0.110575
-0.0993872
-0.0895002
-0.0807342
-0.0729327
-0.0659611
-0.0597036
-0.0540616
-0.0489509
-0.0443002
-0.0400481
-0.0361415
-0.0325358
-0.029191
-0.0260731
-0.023152
-0.0204013
-0.0177968
-0.0153173
-0.0129436
-0.0106576
-0.00844294
-0.00628442
-0.00416708
-0.00207676
5.16438e-05
0.00212806
0.00421726
0.00633411
0.008492
0.0107058
0.0129912
0.0153646
0.0178432
0.0204468
0.0231976
0.0261176
0.0292351
0.0325794
0.0361847
0.0400903
0.0443425
0.0489925
0.0541024
0.0597441
0.0660011
0.0729722
0.0807734
0.089539
0.0994254
0.110613
0.123305
0.137732
0.15414
0.172782
0.19387
0.217503
0.243522
0.271329
0.299717
0.326888
0.350816
0.369882
0.38344
0.391955
0.396652
0.398949
0.400004
0.400538
0.400886
0.401155
0.401362
0.401508
0.4016
0.401647
0.401661
0.401646
0.401598
0.401506
0.401359
0.401152
0.400882
0.400533
0.399999
0.398943
0.396645
0.391948
0.383432
0.369873
0.350806
0.326877
0.299706
0.271317
0.24351
0.217489
0.193856
0.172767
0.154125
0.137715
0.123288
0.110595
0.0994068
0.0895196
0.0807533
0.0729514
0.065979
0.0597217
0.0540791
0.0489682
0.0443171
0.0400649
0.036158
0.0325516
0.0292067
0.0260887
0.0231672
0.0204161
0.0178113
0.0153315
0.0129576
0.0106712
0.00845645
0.00629738
0.00417979
0.00208915
1.21974e-05
-0.00206466
-0.00415523
-0.006273
-0.00843187
-0.0106467
-0.012933
-0.015307
-0.0177867
-0.0203912
-0.0231425
-0.0260637
-0.0291818
-0.0325268
-0.0361331
-0.0400398
-0.0442923
-0.0489432
-0.0540541
-0.0596963
-0.0659539
-0.0729259
-0.0807276
-0.0894938
-0.099381
-0.110569
-0.123262
-0.13769
-0.154099
-0.172741
-0.19383
-0.217463
-0.243483
-0.27129
-0.299678
-0.326851
-0.350779
-0.369845
-0.383404
-0.39192
-0.396617
-0.398915
-0.399971
-0.400505
-0.400853
-0.401123
-0.40133
-0.401477
-0.401569
-0.401617
-0.401631
-0.401617
-0.401569
-0.401478
-0.401331
-0.401124
-0.400855
-0.400506
-0.399972
-0.398917
-0.39662
-0.391923
-0.383407
-0.369848
-0.350782
-0.326854
-0.299682
-0.271294
-0.243487
-0.217468
-0.193834
-0.172746
-0.154104
-0.137695
-0.123268
-0.110575
-0.0993872
-0.0895002
-0.0807342
-0.0729327
-0.0659611
-0.0597036
-0.0540616
-0.0489509
-0.0443002
-0.0400481
-0.0361415
-0.0325358
-0.029191
-0.0260731
-0.023152
-0.0204013
-0.0177968
-0.0153173
-0.0129436
-0.0106576
-0.00844294
-0.00628442
-0.00416708
-0.00207676
5.16438e-05
0.00212806
0.00421726
0.00633411
0.008492
0.0107058
0.0129912
0.0153646
0.0178432
0.0204468
0.0231976
0.0261176
0.0292351
0.0325794
0.0361847
0.0400903
0.0443425
0.0489925
0.0541024
0.0597441
0.0660011
0.0729722
0.0807734
0.089539
0.0994254
0.110613
0.123305
0.137732
0.15414
0.172782
0.19387
0.217503
0.243522
0.271329
0.299717
0.326888
0.350816
0.369882
0.38344
0.391955
0.396652
0.398949
0.400004
0.400538
0.400886
0.401155
0.401362
0.401508
0.4016
0.401647
0.401661
0.401646
0.401598
0.401506
0.401359
0.401152
0.400882
0.400533
0.399999
0.398943
0.396645
0.391948
0.383432
0.369873
0.350806
0.326877
0.299706
0.271317
0.24351
0.217489
0.193856
0.172767
0.154125
0.137715
0.123288
0.110595
0.0994068
0.0895196
0.0807533
0.0729514
0.065979
0.0597217
0.0540791
0.0489682
0.0443171
0.0400649
0.036158
0.0325516
0.0292067
0.0260887
0.0231672
0.0204161
0.0178113
0.0153315
0.0129576
0.0106712
0.00845645
0.00629738
0.00417979
0.00208915
1.21974e-05
-0.00206466
-0.00415523
-0.006273
-0.00843187
-0.0106467
-0.012933
-0.015307
-0.0177867
-0.0203912
-0.0231425
-0.0260637
-0.0291818
-0.0325268
-0.0361331
-0.0400398
-0.0442923
-0.0489432
-0.0540541
-0.0596963
-0.0659539
-0.0729259
-0.0807276
-0.0894938
-0.099381
-0.110569
-0.123262
-0.13769
-0.154099
-0.172741
-0.19383
-0.217463
-0.243483
-0.27129
-0.299678
-0.326851
-0.350779
-0.369845
-0.383404
-0.39192
-0.396617
-0.398915
-0.399971
-0.400505
-0.400853
-0.401123
-0.40133
-0.401477
-0.401569
-0.401617
-0.401631
-0.401617
-0.401569
-0.401478
-0.401331
-0.401124
-0.400855
-0.400506
-0.399972
-0.398917
-0.39662
-0.391923
-0.383407
-0.369848
-0.350782
-0.326854
-0.299682
-0.271294
-0.243487
-0.217468
-0.193834
-0.172746
-0.154104
-0.137695
-0.123268
-0.110575
-0.0993872
-0.0895002
-0.0807342
-0.0729327
-0.0659611
-0.0597036
-0.0540616
-0.0489509
-0.0443002
-0.0400481
-0.0361415
-0.0325358
-0.029191
-0.0260731
-0.023152
-0.0204013
-0.0177968
-0.0153173
-0.0129436
-0.0106576
-0.00844294
-0.00628442
-0.00416708
-0.00207676
5.16438e-05
0.00212806
0.00421726
0.00633411
0.008492
0.0107058
0.0129912
0.0153646
0.0178432
0.0204468
0.0231976
0.0261176
0.0292351
0.0325794
0.0361847
0.0400903
0.0443425
0.0489925
0.0541024
0.0597441
0.0660011
0.0729722
0.0807734
0.089539
0.0994254
0.110613
0.123305
0.137732
0.15414
0.172782
0.19387
0.217503
0.243522
0.271329
0.299717
0.326888
0.350816
0.369882
0.38344
0.391955
0.396652
0.398949
0.400004
0.400538
0.400886
0.401155
0.401362
0.401508
0.4016
0.401647
0.401661
0.401646
0.401598
0.401506
0.401359
0.401152
0.400882
0.400533
0.399999
0.398943
0.396645
0.391948
0.383432
0.369873
0.350806
0.326877
0.299706
0.271317
0.24351
0.217489
0.193856
0.172767
0.154125
0.137715
0.123288
0.110595
0.0994068
0.0895196
0.0807533
0.0729514
0.065979
0.0597217
0.0540791
0.0489682
0.0443171
0.0400649
0.036158
0.0325516
0.0292067
0.0260887
0.0231672
0.0204161
0.0178113
0.0153315
0.0129576
0.0106712
0.00845645
0.00629738
0.00417979
0.00208915
1.21974e-05
-0.00206466
-0.00415523
-0.006273
-0.00843187
-0.0106467
-0.012933
-0.015307
-0.0177867
-0.0203912
-0.0231425
-0.0260637
-0.0291818
-0.0325268
-0.0361331
-0.0400398
-0.0442923
-0.0489432
-0.0540541
-0.0596963
-0.0659539
-0.0729259
-0.0807276
-0.0894938
-0.099381
-0.110569
-0.123262
-0.13769
-0.154099
-0.172741
-0.19383
-0.217463
-0.243483
-0.27129
-0.299678
-0.326851
-0.350779
-0.369845
-0.383404
-0.39192
-0.396617
-0.398915
-0.399971
-0.400505
-0.400853
-0.401123
-0.40133
-0.401477
-0.401569
-0.401617
-0.401631
-0.401617
-0.401569
-0.401478
-0.401331
-0.401124
-0.400855
-0.400506
-0.399972
-0.398917
-0.39662
-0.391923
-0.383407
-0.369848
-0.350782
-0.326854
-0.299682
-0.271294
-0.243487
-0.217468
-0.193834
-0.172746
-0.154104
-0.137695
-0.123268
-0.110575
-0.0993872
-0.0895002
-0.0807342
-0.0729327
-0.0659611
-0.0597036
-0.0540616
-0.0489509
-0.0443002
-0.0400481
-0.0361415
-0.0325358
-0.029191
-0.0260731
-0.023152
-0.0204013
-0.0177968
-0.0153173
-0.0129436
-0.0106576
-0.00844294
-0.00628442
-0.00416708
-0.00207676
5.16438e-05
0.00212806
0.00421726
0.00633411
0.008492
0.0107058
0.0129912
0.0153646
0.0178432
0.0204468
0.0231976
0.0261176
0.0292351
0.0325794
0.0361847
0.0400903
0.0443425
0.0489925
0.0541024
0.0597441
0.0660011
0.0729722
0.0807734
0.089539
0.0994254
0.110613
0.123305
0.137732
0.15414
0.172782
0.19387
0.217503
0.243522
0.271329
0.299717
0.326888
0.350816
0.369882
0.38344
0.391955
0.396652
0.398949
0.400004
0.400538
0.400886
0.401155
0.401362
0.401508
0.4016
0.401647
0.401661
0.401646
0.401598
0.401506
0.401359
0.401152
0.400882
0.400533
0.399999
0.398943
0.396645
0.391948
0.383432
0.369873
0.350806
0.326877
0.299706
0.271317
0.24351
0.217489
0.193856
0.172767
0.154125
0.137715
0.123288
0.110595
0.0994068
0.0895196
0.0807533
0.0729514
0.065979
0.0597217
0.0540791
0.0489682
0.0443171
0.0400649
0.036158
0.0325516
0.0292067
0.0260887
0.0231672
0.0204161
0.0178113
0.0153315
0.0129576
0.0106712
0.00845645
0.00629738
0.00417979
0.00208915
1.21974e-05
-0.00206466
-0.00415523
-0.006273
-0.00843187
-0.0106467
-0.012933
-0.015307
-0.0177867
-0.0203912
-0.0231425
-0.0260637
-0.0291818
-0.0325268
-0.0361331
-0.0400398
-0.0442923
-0.0489432
-0.0540541
-0.0596963
-0.0659539
-0.0729259
-0.0807276
-0.0894938
-0.099381
-0.110569
-0.123262
-0.13769
-0.154099
-0.172741
-0.19383
-0.217463
-0.243483
-0.27129
-0.299678
-0.326851
-0.350779
-0.369845
-0.383404
-0.39192
-0.396617
-0.398915
-0.399971
-0.400505
-0.400853
-0.401123
-0.40133
-0.401477
-0.401569
-0.401617
-0.401631
-0.401617
-0.401569
-0.401478
-0.401331
-0.401124
-0.400855
-0.400506
-0.399972
-0.398917
-0.39662
-0.391923
-0.383407
-0.369848
-0.350782
-0.326854
-0.299682
-0.271294
-0.243487
-0.217468
-0.193834
-0.172746
-0.154104
-0.137695
-0.123268
-0.110575
-0.0993872
-0.0895002
-0.0807342
-0.0729327
-0.0659611
-0.0597036
-0.0540616
-0.0489509
-0.0443002
-0.0400481
-0.0361415
-0.0325358
-0.029191
-0.0260731
-0.023152
-0.0204013
-0.0177968
-0.0153173
-0.0129436
-0.0106576
-0.00844294
-0.00628442
-0.00416708
-0.00207676
5.16438e-05
0.00212806
0.00421726
0.00633411
0.008492
0.0107058
0.0129912
0.0153646
0.0178432
0.0204468
0.0231976
0.0261176
0.0292351
0.0325794
0.0361847
0.0400903
0.0443425
0.0489925
0.0541024
0.0597441
0.0660011
0.0729722
0.0807734
0.089539
0.0994254
0.110613
0.123305
0.137732
0.15414
0.172782
0.19387
0.217503
0.243522
0.271329
0.299717
0.326888
0.350816
0.369882
0.38344
0.391955
0.396652
0.398949
0.400004
0.400538
0.400886
0.401155
0.401362
0.401508
0.4016
0.401647
0.401661
0.401646
0.401598
0.401506
0.401359
0.401152
0.400882
0.400533
0.399999
0.398943
0.396645
0.391948
0.383432
0.369873
0.350806
0.326877
0.299706
0.271317
0.24351
0.217489
0.193856
0.172767
0.154125
0.137715
0.123288
0.110595
0.0994068
0.0895196
0.0807533
0.0729514
0.065979
0.0597217
0.0540791
0.0489682
0.0443171
0.0400649
0.036158
0.0325516
0.0292067
0.0260887
0.0231672
0.0204161
0.0178113
0.0153315
0.0129576
0.0106712
0.00845645
0.00629738
0.00417979
0.00208915
1.21974e-05
-0.00206466
-0.00415523
-0.006273
-0.00843187
-0.0106467
-0.012933
-0.015307
-0.0177867
-0.0203912
-0.0231425
-0.0260637
-0.0291818
-0.0325268
-0.0361331
-0.0400398
-0.0442923
-0.0489432
-0.0540541
-0.0596963
-0.0659539
-0.0729259
-0.0807276
-0.0894938
-0.099381
-0.110569
-0.123262
-0.13769
-0.154099
-0.172741
-0.19383
-0.217463
-0.243483
-0.27129
-0.299678
-0.326851
-0.350779
-0.369845
-0.383404
-0.39192
-0.396617
-0.398915
-0.399971
-0.400505
-0.400853
-0.401123
-0.40133
-0.401477
-0.401569
-0.401617
-0.401631
-0.401617
-0.401569
-0.401478
-0.401331
-0.401124
-0.400855
-0.400506
-0.399972
-0.398917
-0.39662
-0.391923
-0.383407
-0.369848
-0.350782
-0.326854
-0.299682
-0.271294
-0.243487
-0.217468
-0.193834
-0.172746
-0.154104
-0.137695
-0.123268
-0.110575
-0.0993872
-0.0895002
-0.0807342
-0.0729327
-0.0659611
-0.0597036
-0.0540616
-0.0489509
-0.0443002
-0.0400481
-0.0361415
-0.0325358
-0.029191
-0.0260731
-0.023152
-0.0204013
-0.0177968
-0.0153173
-0.0129436
-0.0106576
-0.00844294
-0.00628442
-0.00416708
-0.00207676
5.16438e-05
0.00212806
0.00421726
0.00633411
0.008492
0.0107058
0.0129912
0.0153646
0.0178432
0.0204468
0.0231976
0.0261176
0.0292351
0.0325794
0.0361847
0.0400903
0.0443425
0.0489925
0.0541024
0.0597441
0.0660011
0.0729722
0.0807734
0.089539
0.0994254
0.110613
0.123305
0.137732
0.15414
0.172782
0.19387
0.217503
0.243522
0.271329
0.299717
0.326888
0.350816
0.369882
0.38344
0.391955
0.396652
0.398949
0.400004
0.400538
0.400886
0.401155
0.401362
0.401508
0.4016
0.401647
0.401661
0.401646
0.401598
0.401506
0.401359
0.401152
0.400882
0.400533
0.399999
0.398943
0.396645
0.391948
0.383432
0.369873
0.350806
0.326877
0.299706
0.271317
0.24351
0.217489
0.193856
0.172767
0.154125
0.137715
0.123288
0.110595
0.0994068
0.0895196
0.0807533
0.0729514
0.065979
0.0597217
0.0540791
0.0489682
0.0443171
0.0400649
0.036158
0.0325516
0.0292067
0.0260887
0.0231672
0.0204161
0.0178113
0.0153315
0.0129576
0.0106712
0.00845645
0.00629738
0.00417979
0.00208799
-0.000440158
-0.00379813
-0.00791979
-0.0127412
-0.0182004
-0.0242375
-0.0307947
-0.0378162
-0.0452481
-0.0530386
-0.0611377
-0.0694973
-0.0780713
-0.0868152
-0.0956867
-0.104645
-0.113651
-0.122667
-0.131659
-0.140592
-0.149433
-0.158154
-0.166723
-0.175115
-0.183303
-0.191262
-0.198971
-0.206407
-0.213551
-0.220385
-0.22689
-0.233052
-0.238855
-0.244287
-0.249336
-0.25399
-0.258242
-0.262082
-0.265503
-0.2685
-0.271067
-0.273201
-0.274899
-0.27616
-0.276983
-0.277368
-0.277316
-0.27683
-0.275913
-0.274569
-0.272801
-0.270617
-0.268023
-0.265025
-0.261631
-0.257851
-0.253692
-0.249166
-0.244282
-0.239053
-0.233488
-0.227601
-0.221405
-0.214912
-0.208136
-0.201092
-0.193793
-0.186255
-0.178493
-0.170523
-0.162359
-0.154019
-0.145519
-0.136875
-0.128104
-0.119223
-0.110249
-0.101199
-0.0920902
-0.0829401
-0.0737656
-0.0645843
-0.0554133
-0.0462698
-0.037171
-0.0281338
-0.019175
-0.0103114
-0.00155938
0.00706483
0.0155452
0.0238658
0.0320114
0.0399669
0.0477176
0.0552491
0.0625473
0.069599
0.076391
0.0829107
0.0891463
0.095086
0.100719
0.106036
0.111026
0.11568
0.11999
0.123949
0.12755
0.130786
0.133653
0.136145
0.13826
0.139994
0.141346
0.142314
0.142899
0.143102
0.142925
0.14237
0.141442
0.140146
0.138489
0.136478
0.134122
0.13143
0.128414
0.125085
0.121459
0.117549
0.113372
0.108945
0.104288
0.0994205
0.0943654
0.0891455
0.0837858
0.0783127
0.0727542
0.0671398
0.0615007
0.0558697
0.0502811
0.0447712
0.0393781
0.0341408
0.0291013
0.0243025
0.0197894
0.015609
0.01181
0.008443
0.0055606
0.00321742
0.00146997
0.00037688
0
0
0
0
0
0
0
0
0
0
0
0
0
0
0
0
0
0
0
0
0
0
0
0
0
0
0
0
0
0
0
0
0
0
0
0
0
0
0
0
0
0
0
0
0
0
0
0
0
0
0
0
0
0
0
0
0
0
0
0
0
0
0
0
0
0
0
0
0
0
0
0
0
0
0
0
0
0
0
0
0
0
0
0
0
0
0
0
0
0
0
0
0
0
0
0
0
0
0
0
0
0
0
0
0
0
0
0
0
0
0
0
0
0
0
0
0
0
0
0
0
0
0
0
0
0
0
0
0
0
0
0
0
0
0
0
0
0
0
0
0
0
0
0
0
0
0
0
0
0
0
0
0
0
0
0
0
0