0
0
0
0
0
0
0
0
0
0
0
0
0
0
0
0
0
0
0
0
0
0
0
0
0
0
0
0
0
0
0
0
0
0
0
0
0
0
0
0
0
0
0
0
0
0
0
0
0
0
0
0
0
0
0
0
0
0
0
0
0
0
0
0
0
0
0
0
0
0
0
0
0
0
0
0
0
0
0
0
0
0
0
0
0
0
0
0
0
0
0
0
0
0
0
0
0
0
0
0
0
0
0
0
0
0
0
0
0
0
0
0
0
0
0
0
0
0
0
0
0
0
0
0
0
0
0
0
0
0
0
0
0
0
0
0
0
0
0
0
0
0
0
0
0
0
0
0
0
0
0
0
0
0
0
0
0
0
0.00012044
0.000468569
0.0010251
0.00177138
0.00268942
0.00376185
0.00497193
0.00630353
0.00774114
0.00926983
0.0108753
0.0125437
0.014262
0.0160175
0.0177981
0.0195924
0.0213894
0.0231786
0.0249501
0.0266946
0.028403
0.030067
0.0316786
0.0332305
0.0347156
0.0361274
0.0374598
0.0387072
0.0398645
0.0409269
0.0418899
0.0427497
0.0435028
0.0441459
0.0446764
0.0450918
0.0453901
0.0455696
0.045629
0.0455673
0.0453839
0.0450784
0.0446509
0.0441015
0.0434309
0.04264
0.0417299
0.040702
0.0395579
0.0382998
0.0369296
0.0354498
0.0338631
0.0321722
0.0303804
0.0284908
0.0265069
0.0244323
0.0222709
0.0200266
0.0177036
0.0153062
0.0128387
0.0103058
0.00771219
0.00506258
0.00236193
-0.00038478
-0.00317245
-0.00599592
-0.00884995
-0.0117292
-0.0146284
-0.0175421
-0.0204648
-0.0233911
-0.0263155
-0.0292325
-0.0321366
-0.0350224
-0.0378843
-0.0407169
-0.0435147
-0.0462725
-0.0489848
-0.0516464
-0.0542521
-0.0567968
-0.0592754
-0.0616829
-0.0640147
-0.0662658
-0.0684317
-0.0705078
-0.07249
-0.0743738
-0.0761553
-0.0778307
-0.079396
-0.0808479
-0.082183
-0.0833981
-0.0844903
-0.0854568
-0.0862951
-0.0870029
-0.0875783
-0.0880193
-0.0883246
-0.0884927
-0.0885227
-0.088414
-0.088166
-0.0877787
-0.0872522
-0.0865871
-0.0857842
-0.0848447
-0.08377
-0.0825622
-0.0812233
-0.079756
-0.0781632
-0.0764484
-0.0746153
-0.0726681
-0.0706112
-0.0684499
-0.0661893
-0.0638356
-0.0613949
-0.058874
-0.0562802
-0.0536211
-0.0509051
-0.0481407
-0.0453372
-0.0425042
-0.039652
-0.0367912
-0.0339333
-0.0310899
-0.0282734
-0.0254969
-0.0227736
-0.0201179
-0.0175442
-0.0150678
-0.0127047
-0.0104712
-0.00838446
-0.00646221
-0.00472278
-0.00318519
-0.00186908
-0.000794783
1.67104e-05
0.000689635
0.00136684
0.00205281
0.00275198
0.00346904
0.00420894
0.004977
0.00577886
0.00662072
0.00750942
0.00845247
0.0094584
0.010537
0.0116987
0.0129562
0.0143239
0.0158184
0.0174591
0.0192687
0.0212734
0.0235045
0.0259981
0.0287962
0.0319477
0.035508
0.0395406
0.0441156
0.0493087
0.0551963
0.0618441
0.0692825
0.0774688
0.086232
0.0952247
0.103926
0.111735
0.118142
0.122878
0.125979
0.127721
0.128511
0.128752
0.128756
0.128715
0.128717
0.128773
0.128857
0.128936
0.128987
0.129005
0.128987
0.128935
0.128856
0.128772
0.128716
0.128714
0.128754
0.12875
0.128509
0.127719
0.125976
0.122876
0.118139
0.111732
0.103923
0.095221
0.086228
0.0774647
0.0692782
0.0618395
0.0551915
0.0493036
0.0441102
0.0395351
0.0355022
0.0319415
0.0287899
0.0259915
0.0234976
0.0212663
0.0192613
0.0174515
0.0158106
0.0143157
0.0129478
0.01169
0.010528
0.00944927
0.00844307
0.00749966
0.00661064
0.00576853
0.00496632
0.004198
0.00345778
0.00274039
0.00204093
0.00135468
0.000677106
3.95005e-06
-0.000669276
-0.00134682
-0.00203302
-0.00273251
-0.00344986
-0.00419011
-0.00495845
-0.0057606
-0.00660275
-0.00749168
-0.00843504
-0.00944131
-0.01052
-0.0116819
-0.0129397
-0.0143077
-0.0158025
-0.0174435
-0.0192532
-0.0212583
-0.0234895
-0.0259833
-0.0287816
-0.0319333
-0.035494
-0.0395267
-0.0441019
-0.0492952
-0.0551831
-0.061831
-0.0692697
-0.0774562
-0.0862194
-0.0952123
-0.103914
-0.111723
-0.11813
-0.122867
-0.125967
-0.12771
-0.1285
-0.128741
-0.128745
-0.128705
-0.128706
-0.128763
-0.128847
-0.128926
-0.128977
-0.128995
-0.128977
-0.128926
-0.128847
-0.128763
-0.128707
-0.128705
-0.128746
-0.128742
-0.128501
-0.127711
-0.125968
-0.122868
-0.118131
-0.111725
-0.103915
-0.0952135
-0.0862207
-0.0774575
-0.0692711
-0.0618324
-0.0551847
-0.0492969
-0.0441036
-0.0395285
-0.0354958
-0.0319352
-0.0287837
-0.0259854
-0.0234917
-0.0212605
-0.0192555
-0.0174458
-0.015805
-0.0143103
-0.0129424
-0.0116847
-0.0105228
-0.00944421
-0.00843807
-0.00749478
-0.00660588
-0.00576382
-0.0049618
-0.00419354
-0.00345338
-0.00273609
-0.0020367
-0.00135055
-0.000673131
1.67104e-05
0.000689635
0.00136684
0.00205281
0.00275198
0.00346904
0.00420894
0.004977
0.00577886
0.00662072
0.00750942
0.00845247
0.0094584
0.010537
0.0116987
0.0129562
0.0143239
0.0158184
0.0174591
0.0192687
0.0212734
0.0235045
0.0259981
0.0287962
0.0319477
0.035508
0.0395406
0.0441156
0.0493087
0.0551963
0.0618441
0.0692825
0.0774688
0.086232
0.0952247
0.103926
0.111735
0.118142
0.122878
0.125979
0.127721
0.128511
0.128752
0.128756
0.128715
0.128717
0.128773
0.128857
0.128936
0.128987
0.129005
0.128987
0.128935
0.128856
0.128772
0.128716
0.128714
0.128754
0.12875
0.128509
0.127719
0.125976
0.122876
0.118139
0.111732
0.103923
0.095221
0.086228
0.0774647
0.0692782
0.0618395
0.0551915
0.0493036
0.0441102
0.0395351
0.0355022
0.0319415
0.0287899
0.0259915
0.0234976
0.0212663
0.0192613
0.0174515
0.0158106
0.0143157
0.0129478
0.01169
0.010528
0.00944927
0.00844307
0.00749966
0.00661064
0.00576853
0.00496632
0.004198
0.00345778
0.00274039
0.00204093
0.00135468
0.000677106
3.95005e-06
-0.000669276
-0.00134682
-0.00203302
-0.00273251
-0.00344986
-0.00419011
-0.00495845
-0.0057606
-0.00660275
-0.00749168
-0.00843504
-0.00944131
-0.01052
-0.0116819
-0.0129397
-0.0143077
-0.0158025
-0.0174435
-0.0192532
-0.0212583
-0.0234895
-0.0259833
-0.0287816
-0.0319333
-0.035494
-0.0395267
-0.0441019
-0.0492952
-0.0551831
-0.061831
-0.0692697
-0.0774562
-0.0862194
-0.0952123
-0.103914
-0.111723
-0.11813
-0.122867
-0.125967
-0.12771
-0.1285
-0.128741
-0.128745
-0.128705
-0.128706
-0.128763
-0.128847
-0.128926
-0.128977
-0.128995
-0.128977
-0.128926
-0.128847
-0.128763
-0.128707
-0.128705
-0.128746
-0.128742
-0.128501
-0.127711
-0.125968
-0.122868
-0.118131
-0.111725
-0.103915
-0.0952135
-0.0862207
-0.0774575
-0.0692711
-0.0618324
-0.0551847
-0.0492969
-0.0441036
-0.0395285
-0.0354958
-0.0319352
-0.0287837
-0.0259854
-0.0234917
-0.0212605
-0.0192555
-0.0174458
-0.015805
-0.0143103
-0.0129424
-0.0116847
-0.0105228
-0.00944421
-0.00843807
-0.00749478
-0.00660588
-0.00576382
-0.0049618
-0.00419354
-0.00345338
-0.00273609
-0.0020367
-0.00135055
-0.000673131
1.67104e-05
0.000689635
0.00136684
0.00205281
0.00275198
0.00346904
0.00420894
0.004977
0.00577886
0.00662072
0.00750942
0.00845247
0.0094584
0.010537
0.0116987
0.0129562
0.0143239
0.0158184
0.0174591
0.0192687
0.0212734
0.0235045
0.0259981
0.0287962
0.0319477
0.035508
0.0395406
0.0441156
0.0493087
0.0551963
0.0618441
0.0692825
0.0774688
0.086232
0.0952247
0.103926
0.111735
0.118142
0.122878
0.125979
0.127721
0.128511
0.128752
0.128756
0.128715
0.128717
0.128773
0.128857
0.128936
0.128987
0.129005
0.128987
0.128935
0.128856
0.128772
0.128716
0.128714
0.128754
0.12875
0.128509
0.127719
0.125976
0.122876
0.118139
0.111732
0.103923
0.095221
0.086228
0.0774647
0.0692782
0.0618395
0.0551915
0.0493036
0.0441102
0.0395351
0.0355022
0.0319415
0.0287899
0.0259915
0.0234976
0.0212663
0.0192613
0.0174515
0.0158106
0.0143157
0.0129478
0.01169
0.010528
0.00944927
0.00844307
0.00749966
0.00661064
0.00576853
0.00496632
0.004198
0.00345778
0.00274039
0.00204093
0.00135468
0.000677106
3.95005e-06
-0.000669276
-0.00134682
-0.00203302
-0.00273251
-0.00344986
-0.00419011
-0.00495845
-0.0057606
-0.00660275
-0.00749168
-0.00843504
-0.00944131
-0.01052
-0.0116819
-0.0129397
-0.0143077
-0.0158025
-0.0174435
-0.0192532
-0.0212583
-0.0234895
-0.0259833
-0.0287816
-0.0319333
-0.035494
-0.0395267
-0.0441019
-0.0492952
-0.0551831
-0.061831
-0.0692697
-0.0774562
-0.0862194
-0.0952123
-0.103914
-0.111723
-0.11813
-0.122867
-0.125967
-0.12771
-0.1285
-0.128741
-0.128745
-0.128705
-0.128706
-0.128763
-0.128847
-0.128926
-0.128977
-0.128995
-0.128977
-0.128926
-0.128847
-0.128763
-0.128707
-0.128705
-0.128746
-0.128742
-0.128501
-0.127711
-0.125968
-0.122868
-0.118131
-0.111725
-0.103915
-0.0952135
-0.0862207
-0.0774575
-0.0692711
-0.0618324
-0.0551847
-0.0492969
-0.0441036
-0.0395285
-0.0354958
-0.0319352
-0.0287837
-0.0259854
-0.0234917
-0.0212605
-0.0192555
-0.0174458
-0.015805
-0.0143103
-0.0129424
-0.0116847
-0.0105228
-0.00944421
-0.00843807
-0.00749478
-0.00660588
-0.00576382
-0.0049618
-0.00419354
-0.00345338
-0.00273609
-0.0020367
-0.00135055
-0.000673131
1.67104e-05
0.000689635
0.00136684
0.00205281
0.00275198
0.00346904
0.00420894
0.004977
0.00577886
0.00662072
0.00750942
0.00845247
0.0094584
0.010537
0.0116987
0.0129562
0.0143239
0.0158184
0.0174591
0.0192687
0.0212734
0.0235045
0.0259981
0.0287962
0.0319477
0.035508
0.0395406
0.0441156
0.0493087
0.0551963
0.0618441
0.0692825
0.0774688
0.086232
0.0952247
0.103926
0.111735
0.118142
0.122878
0.125979
0.127721
0.128511
0.128752
0.128756
0.128715
0.128717
0.128773
0.128857
0.128936
0.128987
0.129005
0.128987
0.128935
0.128856
0.128772
0.128716
0.128714
0.128754
0.12875
0.128509
0.127719
0.125976
0.122876
0.118139
0.111732
0.103923
0.095221
0.086228
0.0774647
0.0692782
0.0618395
0.0551915
0.0493036
0.0441102
0.0395351
0.0355022
0.0319415
0.0287899
0.0259915
0.0234976
0.0212663
0.0192613
0.0174515
0.0158106
0.0143157
0.0129478
0.01169
0.010528
0.00944927
0.00844307
0.00749966
0.00661064
0.00576853
0.00496632
0.004198
0.00345778
0.00274039
0.00204093
0.00135468
0.000677106
3.95005e-06
-0.000669276
-0.00134682
-0.00203302
-0.00273251
-0.00344986
-0.00419011
-0.00495845
-0.0057606
-0.00660275
-0.00749168
-0.00843504
-0.00944131
-0.01052
-0.0116819
-0.0129397
-0.0143077
-0.0158025
-0.0174435
-0.0192532
-0.0212583
-0.0234895
-0.0259833
-0.0287816
-0.0319333
-0.035494
-0.0395267
-0.0441019
-0.0492952
-0.0551831
-0.061831
-0.0692697
-0.0774562
-0.0862194
-0.0952123
-0.103914
-0.111723
-0.11813
-0.122867
-0.125967
-0.12771
-0.1285
-0.128741
-0.128745
-0.128705
-0.128706
-0.128763
-0.128847
-0.128926
-0.128977
-0.128995
-0.128977
-0.128926
-0.128847
-0.128763
-0.128707
-0.128705
-0.128746
-0.128742
-0.128501
-0.127711
-0.125968
-0.122868
-0.118131
-0.111725
-0.103915
-0.0952135
-0.0862207
-0.0774575
-0.0692711
-0.0618324
-0.0551847
-0.0492969
-0.0441036
-0.0395285
-0.0354958
-0.0319352
-0.0287837
-0.0259854
-0.0234917
-0.0212605
-0.0192555
-0.0174458
-0.015805
-0.0143103
-0.0129424
-0.0116847
-0.0105228
-0.00944421
-0.00843807
-0.00749478
-0.00660588
-0.00576382
-0.0049618
-0.00419354
-0.00345338
-0.00273609
-0.0020367
-0.00135055
-0.000673131
1.67104e-05
0.000689635
0.00136684
0.00205281
0.00275198
0.00346904
0.00420894
0.004977
0.00577886
0.00662072
0.00750942
0.00845247
0.0094584
0.010537
0.0116987
0.0129562
0.0143239
0.0158184
0.0174591
0.0192687
0.0212734
0.0235045
0.0259981
0.0287962
0.0319477
0.035508
0.0395406
0.0441156
0.0493087
0.0551963
0.0618441
0.0692825
0.0774688
0.086232
0.0952247
0.103926
0.111735
0.118142
0.122878
0.125979
0.127721
0.128511
0.128752
0.128756
0.128715
0.128717
0.128773
0.128857
0.128936
0.128987
0.129005
0.128987
0.128935
0.128856
0.128772
0.128716
0.128714
0.128754
0.12875
0.128509
0.127719
0.125976
0.122876
0.118139
0.111732
0.103923
0.095221
0.086228
0.0774647
0.0692782
0.0618395
0.0551915
0.0493036
0.0441102
0.0395351
0.0355022
0.0319415
0.0287899
0.0259915
0.0234976
0.0212663
0.0192613
0.0174515
0.0158106
0.0143157
0.0129478
0.01169
0.010528
0.00944927
0.00844307
0.00749966
0.00661064
0.00576853
0.00496632
0.004198
0.00345778
0.00274039
0.00204093
0.00135468
0.000677106
3.95005e-06
-0.000669276
-0.00134682
-0.00203302
-0.00273251
-0.00344986
-0.00419011
-0.00495845
-0.0057606
-0.00660275
-0.00749168
-0.00843504
-0.00944131
-0.01052
-0.0116819
-0.0129397
-0.0143077
-0.0158025
-0.0174435
-0.0192532
-0.0212583
-0.0234895
-0.0259833
-0.0287816
-0.0319333
-0.035494
-0.0395267
-0.0441019
-0.0492952
-0.0551831
-0.061831
-0.0692697
-0.0774562
-0.0862194
-0.0952123
-0.103914
-0.111723
-0.11813
-0.122867
-0.125967
-0.12771
-0.1285
-0.128741
-0.128745
-0.128705
-0.128706
-0.128763
-0.128847
-0.128926
-0.128977
-0.128995
-0.128977
-0.128926
-0.128847
-0.128763
-0.128707
-0.128705
-0.128746
-0.128742
-0.128501
-0.127711
-0.125968
-0.122868
-0.118131
-0.111725
-0.103915
-0.0952135
-0.0862207
-0.0774575
-0.0692711
-0.0618324
-0.0551847
-0.0492969
-0.0441036
-0.0395285
-0.0354958
-0.0319352
-0.0287837
-0.0259854
-0.0234917
-0.0212605
-0.0192555
-0.0174458
-0.015805
-0.0143103
-0.0129424
-0.0116847
-0.0105228
-0.00944421
-0.00843807
-0.00749478
-0.00660588
-0.00576382
-0.0049618
-0.00419354
-0.00345338
-0.00273609
-0.0020367
-0.00135055
-0.000673131
1.67104e-05
0.000689635
0.00136684
0.00205281
0.00275198
0.00346904
0.00420894
0.004977
0.00577886
0.00662072
0.00750942
0.00845247
0.0094584
0.010537
0.0116987
0.0129562
0.0143239
0.0158184
0.0174591
0.0192687
0.0212734
0.0235045
0.0259981
0.0287962
0.0319477
0.035508
0.0395406
0.0441156
0.0493087
0.0551963
0.0618441
0.0692825
0.0774688
0.086232
0.0952247
0.103926
0.111735
0.118142
0.122878
0.125979
0.127721
0.128511
0.128752
0.128756
0.128715
0.128717
0.128773
0.128857
0.128936
0.128987
0.129005
0.128987
0.128935
0.128856
0.128772
0.128716
0.128714
0.128754
0.12875
0.128509
0.127719
0.125976
0.122876
0.118139
0.111732
0.103923
0.095221
0.086228
0.0774647
0.0692782
0.0618395
0.0551915
0.0493036
0.0441102
0.0395351
0.0355022
0.0319415
0.0287899
0.0259915
0.0234976
0.0212663
0.0192613
0.0174515
0.0158106
0.0143157
0.0129478
0.01169
0.010528
0.00944927
0.00844307
0.00749966
0.00661064
0.00576853
0.00496632
0.004198
0.00345778
0.00274039
0.00204093
0.00135468
0.000677106
3.95005e-06
-0.000669276
-0.00134682
-0.00203302
-0.00273251
-0.00344986
-0.00419011
-0.00495845
-0.0057606
-0.00660275
-0.00749168
-0.00843504
-0.00944131
-0.01052
-0.0116819
-0.0129397
-0.0143077
-0.0158025
-0.0174435
-0.0192532
-0.0212583
-0.0234895
-0.0259833
-0.0287816
-0.0319333
-0.035494
-0.0395267
-0.0441019
-0.0492952
-0.0551831
-0.061831
-0.0692697
-0.0774562
-0.0862194
-0.0952123
-0.103914
-0.111723
-0.11813
-0.122867
-0.125967
-0.12771
-0.1285
-0.128741
-0.128745
-0.128705
-0.128706
-0.128763
-0.128847
-0.128926
-0.128977
-0.128995
-0.128977
-0.128926
-0.128847
-0.128763
-0.128707
-0.128705
-0.128746
-0.128742
-0.128501
-0.127711
-0.125968
-0.122868
-0.118131
-0.111725
-0.103915
-0.0952135
-0.0862207
-0.0774575
-0.0692711
-0.0618324
-0.0551847
-0.0492969
-0.0441036
-0.0395285
-0.0354958
-0.0319352
-0.0287837
-0.0259854
-0.0234917
-0.0212605
-0.0192555
-0.0174458
-0.015805
-0.0143103
-0.0129424
-0.0116847
-0.0105228
-0.00944421
-0.00843807
-0.00749478
-0.00660588
-0.00576382
-0.0049618
-0.00419354
-0.00345338
-0.00273609
-0.0020367
-0.00135055
-0.000673131
1.67104e-05
0.000689635
0.00136684
0.00205281
0.00275198
0.00346904
0.00420894
0.004977
0.00577886
0.00662072
0.00750942
0.00845247
0.0094584
0.010537
0.0116987
0.0129562
0.0143239
0.0158184
0.0174591
0.0192687
0.0212734
0.0235045
0.0259981
0.0287962
0.0319477
0.035508
0.0395406
0.0441156
0.0493087
0.0551963
0.0618441
0.0692825
0.0774688
0.086232
0.0952247
0.103926
0.111735
0.118142
0.122878
0.125979
0.127721
0.128511
0.128752
0.128756
0.128715
0.128717
0.128773
0.128857
0.128936
0.128987
0.129005
0.128987
0.128935
0.128856
0.128772
0.128716
0.128714
0.128754
0.12875
0.128509
0.127719
0.125976
0.122876
0.118139
0.111732
0.103923
0.095221
0.086228
0.0774647
0.0692782
0.0618395
0.0551915
0.0493036
0.0441102
0.0395351
0.0355022
0.0319415
0.0287899
0.0259915
0.0234976
0.0212663
0.0192613
0.0174515
0.0158106
0.0143157
0.0129478
0.01169
0.010528
0.00944927
0.00844307
0.00749966
0.00661064
0.00576853
0.00496632
0.004198
0.00345778
0.00274039
0.00204093
0.00135468
0.000677106
3.95005e-06
-0.000669276
-0.00134682
-0.00203302
-0.00273251
-0.00344986
-0.00419011
-0.00495845
-0.0057606
-0.00660275
-0.00749168
-0.00843504
-0.00944131
-0.01052
-0.0116819
-0.0129397
-0.0143077
-0.0158025
-0.0174435
-0.0192532
-0.0212583
-0.0234895
-0.0259833
-0.0287816
-0.0319333
-0.035494
-0.0395267
-0.0441019
-0.0492952
-0.0551831
-0.061831
-0.0692697
-0.0774562
-0.0862194
-0.0952123
-0.103914
-0.111723
-0.11813
-0.122867
-0.125967
-0.12771
-0.1285
-0.128741
-0.128745
-0.128705
-0.128706
-0.128763
-0.128847
-0.128926
-0.128977
-0.128995
-0.128977
-0.128926
-0.128847
-0.128763
-0.128707
-0.128705
-0.128746
-0.128742
-0.128501
-0.127711
-0.125968
-0.122868
-0.118131
-0.111725
-0.103915
-0.0952135
-0.0862207
-0.0774575
-0.0692711
-0.0618324
-0.0551847
-0.0492969
-0.0441036
-0.0395285
-0.0354958
-0.0319352
-0.0287837
-0.0259854
-0.0234917
-0.0212605
-0.0192555
-0.0174458
-0.015805
-0.0143103
-0.0129424
-0.0116847
-0.0105228
-0.00944421
-0.00843807
-0.00749478
-0.00660588
-0.00576382
-0.0049618
-0.00419354
-0.00345338
-0.00273609
-0.0020367
-0.00135055
-0.000673131
1.67104e-05
0.000689635
0.00136684
0.00205281
0.00275198
0.00346904
0.00420894
0.004977
0.00577886
0.00662072
0.00750942
0.00845247
0.0094584
0.010537
0.0116987
0.0129562
0.0143239
0.0158184
0.0174591
0.0192687
0.0212734
0.0235045
0.0259981
0.0287962
0.0319477
0.035508
0.0395406
0.0441156
0.0493087
0.0551963
0.0618441
0.0692825
0.0774688
0.086232
0.0952247
0.103926
0.111735
0.118142
0.122878
0.125979
0.127721
0.128511
0.128752
0.128756
0.128715
0.128717
0.128773
0.128857
0.128936
0.128987
0.129005
0.128987
0.128935
0.128856
0.128772
0.128716
0.128714
0.128754
0.12875
0.128509
0.127719
0.125976
0.122876
0.118139
0.111732
0.103923
0.095221
0.086228
0.0774647
0.0692782
0.0618395
0.0551915
0.0493036
0.0441102
0.0395351
0.0355022
0.0319415
0.0287899
0.0259915
0.0234976
0.0212663
0.0192613
0.0174515
0.0158106
0.0143157
0.0129478
0.01169
0.010528
0.00944927
0.00844307
0.00749966
0.00661064
0.00576853
0.00496632
0.004198
0.00345778
0.00274039
0.00204093
0.00135468
0.000677106
3.95005e-06
-0.000669276
-0.00134682
-0.00203302
-0.00273251
-0.00344986
-0.00419011
-0.00495845
-0.0057606
-0.00660275
-0.00749168
-0.00843504
-0.00944131
-0.01052
-0.0116819
-0.0129397
-0.0143077
-0.0158025
-0.0174435
-0.0192532
-0.0212583
-0.0234895
-0.0259833
-0.0287816
-0.0319333
-0.035494
-0.0395267
-0.0441019
-0.0492952
-0.0551831
-0.061831
-0.0692697
-0.0774562
-0.0862194
-0.0952123
-0.103914
-0.111723
-0.11813
-0.122867
-0.125967
-0.12771
-0.1285
-0.128741
-0.128745
-0.128705
-0.128706
-0.128763
-0.128847
-0.128926
-0.128977
-0.128995
-0.128977
-0.128926
-0.128847
-0.128763
-0.128707
-0.128705
-0.128746
-0.128742
-0.128501
-0.127711
-0.125968
-0.122868
-0.118131
-0.111725
-0.103915
-0.0952135
-0.0862207
-0.0774575
-0.0692711
-0.0618324
-0.0551847
-0.0492969
-0.0441036
-0.0395285
-0.0354958
-0.0319352
-0.0287837
-0.0259854
-0.0234917
-0.0212605
-0.0192555
-0.0174458
-0.015805
-0.0143103
-0.0129424
-0.0116847
-0.0105228
-0.00944421
-0.00843807
-0.00749478
-0.00660588
-0.00576382
-0.0049618
-0.00419354
-0.00345338
-0.00273609
-0.0020367
-0.00135055
-0.000673131
1.67104e-05
0.000689635
0.00136684
0.00205281
0.00275198
0.00346904
0.00420894
0.004977
0.00577886
0.00662072
0.00750942
0.00845247
0.0094584
0.010537
0.0116987
0.0129562
0.0143239
0.0158184
0.0174591
0.0192687
0.0212734
0.0235045
0.0259981
0.0287962
0.0319477
0.035508
0.0395406
0.0441156
0.0493087
0.0551963
0.0618441
0.0692825
0.0774688
0.086232
0.0952247
0.103926
0.111735
0.118142
0.122878
0.125979
0.127721
0.128511
0.128752
0.128756
0.128715
0.128717
0.128773
0.128857
0.128936
0.128987
0.129005
0.128987
0.128935
0.128856
0.128772
0.128716
0.128714
0.128754
0.12875
0.128509
0.127719
0.125976
0.122876
0.118139
0.111732
0.103923
0.095221
0.086228
0.0774647
0.0692782
0.0618395
0.0551915
0.0493036
0.0441102
0.0395351
0.0355022
0.0319415
0.0287899
0.0259915
0.0234976
0.0212663
0.0192613
0.0174515
0.0158106
0.0143157
0.0129478
0.01169
0.010528
0.00944927
0.00844307
0.00749966
0.00661064
0.00576853
0.00496632
0.004198
0.00345778
0.00274039
0.00204093
0.00135468
0.000677106
3.95005e-06
-0.000669276
-0.00134682
-0.00203302
-0.00273251
-0.00344986
-0.00419011
-0.00495845
-0.0057606
-0.00660275
-0.00749168
-0.00843504
-0.00944131
-0.01052
-0.0116819
-0.0129397
-0.0143077
-0.0158025
-0.0174435
-0.0192532
-0.0212583
-0.0234895
-0.0259833
-0.0287816
-0.0319333
-0.035494
-0.0395267
-0.0441019
-0.0492952
-0.0551831
-0.061831
-0.0692697
-0.0774562
-0.0862194
-0.0952123
-0.103914
-0.111723
-0.11813
-0.122867
-0.125967
-0.12771
-0.1285
-0.128741
-0.128745
-0.128705
-0.128706
-0.128763
-0.128847
-0.128926
-0.128977
-0.128995
-0.128977
-0.128926
-0.128847
-0.128763
-0.128707
-0.128705
-0.128746
-0.128742
-0.128501
-0.127711
-0.125968
-0.122868
-0.118131
-0.111725
-0.103915
-0.0952135
-0.0862207
-0.0774575
-0.0692711
-0.0618324
-0.0551847
-0.0492969
-0.0441036
-0.0395285
-0.0354958
-0.0319352
-0.0287837
-0.0259854
-0.0234917
-0.0212605
-0.0192555
-0.0174458
-0.015805
-0.0143103
-0.0129424
-0.0116847
-0.0105228
-0.00944421
-0.00843807
-0.00749478
-0.00660588
-0.00576382
-0.0049618
-0.00419354
-0.00345338
-0.00273609
-0.0020367
-0.00135055
-0.000673131
1.67104e-05
0.000689635
0.00136684
0.00205281
0.00275198
0.00346904
0.00420894
0.004977
0.00577886
0.00662072
0.00750942
0.00845247
0.0094584
0.010537
0.0116987
0.0129562
0.0143239
0.0158184
0.0174591
0.0192687
0.0212734
0.0235045
0.0259981
0.0287962
0.0319477
0.035508
0.0395406
0.0441156
0.0493087
0.0551963
0.0618441
0.0692825
0.0774688
0.086232
0.0952247
0.103926
0.111735
0.118142
0.122878
0.125979
0.127721
0.128511
0.128752
0.128756
0.128715
0.128717
0.128773
0.128857
0.128936
0.128987
0.129005
0.128987
0.128935
0.128856
0.128772
0.128716
0.128714
0.128754
0.12875
0.128509
0.127719
0.125976
0.122876
0.118139
0.111732
0.103923
0.095221
0.086228
0.0774647
0.0692782
0.0618395
0.0551915
0.0493036
0.0441102
0.0395351
0.0355022
0.0319415
0.0287899
0.0259915
0.0234976
0.0212663
0.0192613
0.0174515
0.0158106
0.0143157
0.0129478
0.01169
0.010528
0.00944927
0.00844307
0.00749966
0.00661064
0.00576853
0.00496632
0.004198
0.00345778
0.00274039
0.00204093
0.00135468
0.000677106
3.95005e-06
-0.000669276
-0.00134682
-0.00203302
-0.00273251
-0.00344986
-0.00419011
-0.00495845
-0.0057606
-0.00660275
-0.00749168
-0.00843504
-0.00944131
-0.01052
-0.0116819
-0.0129397
-0.0143077
-0.0158025
-0.0174435
-0.0192532
-0.0212583
-0.0234895
-0.0259833
-0.0287816
-0.0319333
-0.035494
-0.0395267
-0.0441019
-0.0492952
-0.0551831
-0.061831
-0.0692697
-0.0774562
-0.0862194
-0.0952123
-0.103914
-0.111723
-0.11813
-0.122867
-0.125967
-0.12771
-0.1285
-0.128741
-0.128745
-0.128705
-0.128706
-0.128763
-0.128847
-0.128926
-0.128977
-0.128995
-0.128977
-0.128926
-0.128847
-0.128763
-0.128707
-0.128705
-0.128746
-0.128742
-0.128501
-0.127711
-0.125968
-0.122868
-0.118131
-0.111725
-0.103915
-0.0952135
-0.0862207
-0.0774575
-0.0692711
-0.0618324
-0.0551847
-0.0492969
-0.0441036
-0.0395285
-0.0354958
-0.0319352
-0.0287837
-0.0259854
-0.0234917
-0.0212605
-0.0192555
-0.0174458
-0.015805
-0.0143103
-0.0129424
-0.0116847
-0.0105228
-0.00944421
-0.00843807
-0.00749478
-0.00660588
-0.00576382
-0.0049618
-0.00419354
-0.00345338
-0.00273609
-0.0020367
-0.00135055
-0.000673131
1.67104e-05
0.000689635
0.00136684
0.00205281
0.00275198
0.00346904
0.00420894
0.004977
0.00577886
0.00662072
0.00750942
0.00845247
0.0094584
0.010537
0.0116987
0.0129562
0.0143239
0.0158184
0.0174591
0.0192687
0.0212734
0.0235045
0.0259981
0.0287962
0.0319477
0.035508
0.0395406
0.0441156
0.0493087
0.0551963
0.0618441
0.0692825
0.0774688
0.086232
0.0952247
0.103926
0.111735
0.118142
0.122878
0.125979
0.127721
0.128511
0.128752
0.128756
0.128715
0.128717
0.128773
0.128857
0.128936
0.128987
0.129005
0.128987
0.128935
0.128856
0.128772
0.128716
0.128714
0.128754
0.12875
0.128509
0.127719
0.125976
0.122876
0.118139
0.111732
0.103923
0.095221
0.086228
0.0774647
0.0692782
0.0618395
0.0551915
0.0493036
0.0441102
0.0395351
0.0355022
0.0319415
0.0287899
0.0259915
0.0234976
0.0212663
0.0192613
0.0174515
0.0158106
0.0143157
0.0129478
0.01169
0.010528
0.00944927
0.00844307
0.00749966
0.00661064
0.00576853
0.00496632
0.004198
0.00345778
0.00274039
0.00204093
0.00135468
0.000677106
3.95005e-06
-0.000669276
-0.00134682
-0.00203302
-0.00273251
-0.00344986
-0.00419011
-0.00495845
-0.0057606
-0.00660275
-0.00749168
-0.00843504
-0.00944131
-0.01052
-0.0116819
-0.0129397
-0.0143077
-0.0158025
-0.0174435
-0.0192532
-0.0212583
-0.0234895
-0.0259833
-0.0287816
-0.0319333
-0.035494
-0.0395267
-0.0441019
-0.0492952
-0.0551831
-0.061831
-0.0692697
-0.0774562
-0.0862194
-0.0952123
-0.103914
-0.111723
-0.11813
-0.122867
-0.125967
-0.12771
-0.1285
-0.128741
-0.128745
-0.128705
-0.128706
-0.128763
-0.128847
-0.128926
-0.128977
-0.128995
-0.128977
-0.128926
-0.128847
-0.128763
-0.128707
-0.128705
-0.128746
-0.128742
-0.128501
-0.127711
-0.125968
-0.122868
-0.118131
-0.111725
-0.103915
-0.0952135
-0.0862207
-0.0774575
-0.0692711
-0.0618324
-0.0551847
-0.0492969
-0.0441036
-0.0395285
-0.0354958
-0.0319352
-0.0287837
-0.0259854
-0.0234917
-0.0212605
-0.0192555
-0.0174458
-0.015805
-0.0143103
-0.0129424
-0.0116847
-0.0105228
-0.00944421
-0.00843807
-0.00749478
-0.00660588
-0.00576382
-0.0049618
-0.00419354
-0.00345338
-0.00273609
-0.0020367
-0.00135055
-0.000673131
1.67104e-05
0.000689635
0.00136684
0.00205281
0.00275198
0.00346904
0.00420894
0.004977
0.00577886
0.00662072
0.00750942
0.00845247
0.0094584
0.010537
0.0116987
0.0129562
0.0143239
0.0158184
0.0174591
0.0192687
0.0212734
0.0235045
0.0259981
0.0287962
0.0319477
0.035508
0.0395406
0.0441156
0.0493087
0.0551963
0.0618441
0.0692825
0.0774688
0.086232
0.0952247
0.103926
0.111735
0.118142
0.122878
0.125979
0.127721
0.128511
0.128752
0.128756
0.128715
0.128717
0.128773
0.128857
0.128936
0.128987
0.129005
0.128987
0.128935
0.128856
0.128772
0.128716
0.128714
0.128754
0.12875
0.128509
0.127719
0.125976
0.122876
0.118139
0.111732
0.103923
0.095221
0.086228
0.0774647
0.0692782
0.0618395
0.0551915
0.0493036
0.0441102
0.0395351
0.0355022
0.0319415
0.0287899
0.0259915
0.0234976
0.0212663
0.0192613
0.0174515
0.0158106
0.0143157
0.0129478
0.01169
0.010528
0.00944927
0.00844307
0.00749966
0.00661064
0.00576853
0.00496632
0.004198
0.00345778
0.00274039
0.00204093
0.00135468
0.000677106
3.95005e-06
-0.000669276
-0.00134682
-0.00203302
-0.00273251
-0.00344986
-0.00419011
-0.00495845
-0.0057606
-0.00660275
-0.00749168
-0.00843504
-0.00944131
-0.01052
-0.0116819
-0.0129397
-0.0143077
-0.0158025
-0.0174435
-0.0192532
-0.0212583
-0.0234895
-0.0259833
-0.0287816
-0.0319333
-0.035494
-0.0395267
-0.0441019
-0.0492952
-0.0551831
-0.061831
-0.0692697
-0.0774562
-0.0862194
-0.0952123
-0.103914
-0.111723
-0.11813
-0.122867
-0.125967
-0.12771
-0.1285
-0.128741
-0.128745
-0.128705
-0.128706
-0.128763
-0.128847
-0.128926
-0.128977
-0.128995
-0.128977
-0.128926
-0.128847
-0.128763
-0.128707
-0.128705
-0.128746
-0.128742
-0.128501
-0.127711
-0.125968
-0.122868
-0.118131
-0.111725
-0.103915
-0.0952135
-0.0862207
-0.0774575
-0.0692711
-0.0618324
-0.0551847
-0.0492969
-0.0441036
-0.0395285
-0.0354958
-0.0319352
-0.0287837
-0.0259854
-0.0234917
-0.0212605
-0.0192555
-0.0174458
-0.015805
-0.0143103
-0.0129424
-0.0116847
-0.0105228
-0.00944421
-0.00843807
-0.00749478
-0.00660588
-0.00576382
-0.0049618
-0.00419354
-0.00345338
-0.00273609
-0.0020367
-0.00135055
-0.000673131
1.67104e-05
0.000689635
0.00136684
0.00205281
0.00275198
0.00346904
0.00420894
0.004977
0.00577886
0.00662072
0.00750942
0.00845247
0.0094584
0.010537
0.0116987
0.0129562
0.0143239
0.0158184
0.0174591
0.0192687
0.0212734
0.0235045
0.0259981
0.0287962
0.0319477
0.035508
0.0395406
0.0441156
0.0493087
0.0551963
0.0618441
0.0692825
0.0774688
0.086232
0.0952247
0.103926
0.111735
0.118142
0.122878
0.125979
0.127721
0.128511
0.128752
0.128756
0.128715
0.128717
0.128773
0.128857
0.128936
0.128987
0.129005
0.128987
0.128935
0.128856
0.128772
0.128716
0.128714
0.128754
0.12875
0.128509
0.127719
0.125976
0.122876
0.118139
0.111732
0.103923
0.095221
0.086228
0.0774647
0.0692782
0.0618395
0.0551915
0.0493036
0.0441102
0.0395351
0.0355022
0.0319415
0.0287899
0.0259915
0.0234976
0.0212663
0.0192613
0.0174515
0.0158106
0.0143157
0.0129478
0.01169
0.010528
0.00944927
0.00844307
0.00749966
0.00661064
0.00576853
0.00496632
0.004198
0.00345778
0.00274039
0.00204093
0.00135468
0.000677106
3.95005e-06
-0.000669276
-0.00134682
-0.00203302
-0.00273251
-0.00344986
-0.00419011
-0.00495845
-0.0057606
-0.00660275
-0.00749168
-0.00843504
-0.00944131
-0.01052
-0.0116819
-0.0129397
-0.0143077
-0.0158025
-0.0174435
-0.0192532
-0.0212583
-0.0234895
-0.0259833
-0.0287816
-0.0319333
-0.035494
-0.0395267
-0.0441019
-0.0492952
-0.0551831
-0.061831
-0.0692697
-0.0774562
-0.0862194
-0.0952123
-0.103914
-0.111723
-0.11813
-0.122867
-0.125967
-0.12771
-0.1285
-0.128741
-0.128745
-0.128705
-0.128706
-0.128763
-0.128847
-0.128926
-0.128977
-0.128995
-0.128977
-0.128926
-0.128847
-0.128763
-0.128707
-0.128705
-0.128746
-0.128742
-0.128501
-0.127711
-0.125968
-0.122868
-0.118131
-0.111725
-0.103915
-0.0952135
-0.0862207
-0.0774575
-0.0692711
-0.0618324
-0.0551847
-0.0492969
-0.0441036
-0.0395285
-0.0354958
-0.0319352
-0.0287837
-0.0259854
-0.0234917
-0.0212605
-0.0192555
-0.0174458
-0.015805
-0.0143103
-0.0129424
-0.0116847
-0.0105228
-0.00944421
-0.00843807
-0.00749478
-0.00660588
-0.00576382
-0.0049618
-0.00419354
-0.00345338
-0.00273609
-0.0020367
-0.00135055
-0.000673131
1.67104e-05
0.000689635
0.00136684
0.00205281
0.00275198
0.00346904
0.00420894
0.004977
0.00577886
0.00662072
0.00750942
0.00845247
0.0094584
0.010537
0.0116987
0.0129562
0.0143239
0.0158184
0.0174591
0.0192687
0.0212734
0.0235045
0.0259981
0.0287962
0.0319477
0.035508
0.0395406
0.0441156
0.0493087
0.0551963
0.0618441
0.0692825
0.0774688
0.086232
0.0952247
0.103926
0.111735
0.118142
0.122878
0.125979
0.127721
0.128511
0.128752
0.128756
0.128715
0.128717
0.128773
0.128857
0.128936
0.128987
0.129005
0.128987
0.128935
0.128856
0.128772
0.128716
0.128714
0.128754
0.12875
0.128509
0.127719
0.125976
0.122876
0.118139
0.111732
0.103923
0.095221
0.086228
0.0774647
0.0692782
0.0618395
0.0551915
0.0493036
0.0441102
0.0395351
0.0355022
0.0319415
0.0287899
0.0259915
0.0234976
0.0212663
0.0192613
0.0174515
0.0158106
0.0143157
0.0129478
0.01169
0.010528
0.00944927
0.00844307
0.00749966
0.00661064
0.00576853
0.00496632
0.004198
0.00345778
0.00274039
0.00204093
0.00135468
0.000676811
-0.000140667
-0.00122349
-0.00255053
-0.00410119
-0.0058558
-0.00779509
-0.00990059
-0.0121544
-0.0145394
-0.0170388
-0.0196368
-0.0223179
-0.0250673
-0.0278709
-0.030715
-0.0335867
-0.0364734
-0.0393632
-0.0422447
-0.0451072
-0.0479403
-0.0507342
-0.0534797
-0.0561681
-0.0587909
-0.0613405
-0.0638096
-0.0661913
-0.0684791
-0.0706673
-0.0727503
-0.074723
-0.0765809
-0.0783198
-0.0799357
-0.0814254
-0.0827858
-0.0840142
-0.0851086
-0.0860668
-0.0868875
-0.0875693
-0.0881115
-0.0885135
-0.0887751
-0.0888965
-0.088878
-0.0887203
-0.0884245
-0.0879918
-0.0874237
-0.0867221
-0.0858889
-0.0849266
-0.0838375
-0.0826245
-0.0812904
-0.0798386
-0.0782723
-0.0765952
-0.0748108
-0.0729233
-0.0709365
-0.0688549
-0.0666827
-0.0644244
-0.0620848
-0.0596686
-0.0571806
-0.0546258
-0.0520094
-0.0493364
-0.0466121
-0.0438419
-0.041031
-0.0381849
-0.035309
-0.0324089
-0.02949
-0.0265578
-0.0236181
-0.020676
-0.0177375
-0.0148077
-0.0118923
-0.00899676
-0.00612637
-0.00328643
-0.000482358
0.00228069
0.00499762
0.00766342
0.0102731
0.0128217
0.0153047
0.0177175
0.0200555
0.0223145
0.0244902
0.0265787
0.0285761
0.0304788
0.0322832
0.033986
0.0355843
0.037075
0.0384555
0.0397235
0.0408766
0.041913
0.0428309
0.043629
0.0443059
0.044861
0.0452935
0.0456033
0.0457902
0.0458547
0.0457973
0.0456191
0.0453214
0.0449059
0.0443745
0.0437298
0.0429744
0.0421116
0.0411448
0.0400781
0.0389159
0.0376628
0.0363243
0.0349057
0.0334134
0.0318538
0.030234
0.0285615
0.0268441
0.0250905
0.0233095
0.0215106
0.0197038
0.0178997
0.0161091
0.0143438
0.0126159
0.010938
0.00932341
0.00778596
0.00634009
0.00500078
0.00378365
0.00270496
0.00178154
0.00103087
0.000471003
0.000120852
0
0
0
0
0
0
0
0
0
0
0
0
0
0
0
0
0
0
0
0
0
0
0
0
0
0
0
0
0
0
0
0
0
0
0
0
0
0
0
0
0
0
0
0
0
0
0
0
0
0
0
0
0
0
0
0
0
0
0
0
0
0
0
0
0
0
0
0
0
0
0
0
0
0
0
0
0
0
0
0
0
0
0
0
0
0
0
0
0
0
0
0
0
0
0
0
0
0
0
0
0
0
0
0
0
0
0
0
0
0
0
0
0
0
0
0
0
0
0
0
0
0
0
0
0
0
0
0
0
0
0
0
0
0
0
0
0
0
0
0
0
0
0
0
0
0
0
0
0
0
0
0
0
0
0
0
0
0
