0.00003466135985325597
0.000035189094994963784
0.000035726945746300836
0.00003627514613894756
0.00003683393655040339
0.000037403563912226126
0.00003798428189832377
0.00003857635115315018
0.00003918003949996428
0.00003979562217270923
0.00004042338205554939
0.00004106360991198955
0.00004171660465452415
0.00004238267359514991
0.000043062132724898904
0.00004375530698737656
0.00004446253057440641
0.00004518414722889707
0.0000459205105547642
0.000046671984343258515
0.00004743894290741488
0.00004822177144248835
0.00004902086637523322
0.00004983663574800625
0.00005066949959950319
0.00005151989039250778
0.000052388253405432
0.000053275047193251796
0.00005418074402829864
0.00005510583037653939
0.00005605080739115468
0.000057016191405079656
0.00005800251448469869
0.00005901032495495432
0.000060040187989559135
0.00006109268619305912
0.00006216842022062806
0.00006326800942751814
0.00006439209252443483
0.00006554132828736809
0.00006671639626490671
0.00006791799754698422
0.00006914685553574646
0.00007040371676582261
0.0000716893517583662
0.00007300455589429055
0.00007435015034884747
0.00007572698304336887
0.00007713592964767488
0.00007857789462027359
0.00008005381230201507
0.00008156464804071435
0.00008311139938258596
0.00008469509729329351
0.00008631680745902987
0.0000879776316084248
0.00008967870893764109
0.00009142121754546194
0.00009320637598511232
0.0000950354448415973
0.00009690972839618829
0.00009883057638045141
0.00010079938578127945
0.0001028176027424986
0.00010488672455495419
0.00010700830172780342
0.0001091839401666218
0.00011141530344127065
0.00011370411516138952
0.00011605216147223981
0.00011846129364940463
0.00012093343082843493
0.00012347056286697952
0.00012607475332698792
0.00012874814261463707
0.00013149295126557386
0.00013431148338325006
0.00013720613025218224
0.0001401793741263772
0.00014323379219817272
0.0001463720607699675
0.00014959695962122574
0.00015291137661252677
0.00015631831249489765
0.00015982088598681638
0.00016342233908864126
0.00016712604267910656
0.00017093550239548333
0.00017485436480913635
0.00017888642393702633
0.00018303562807544152
0.00018730608699943997
0.0001917020795480576
0.00019622806158917216
0.00020088867443735273
0.00020568875369833653
0.00021063333860884162
0.00021572768185886874
0.00022097725998056536
0.000226387784273617
0.00023196521236138663
0.00023771576036673382
0.00024364591578094269
0.00024976245104046393
0.000256072437886448
0.00026258326253695544
0.000269302641702143
0.00027623863955539323
0.00028339968566056363
0.0002907945939532527
0.00029843258283110505
0.00030632329641424157
0.00031447682709666953
0.0003229037394032236
0.0003316150953152325
0.0003406224810891021
0.00034993803573337405
0.0003595744812117794
0.0003695451545093183
0.000379864041679409
0.00039054581401025396
0.00040160586648239194
0.00041306035861067683
0.0004249262579206337
0.0004372213861859929
0.00044996446864155673
0.0004631751863932895
0.00047687423222634635
0.0004910833701098613
0.0005058254985924052
0.0005211247184446961
0.0005370064048191359
0.0005534972842738721
0.0005706255170241702
0.0005884207848106008
0.00060691438481661
0.0006261393300844157
0.0006461304569341151
0.0006669245399108406
0.0006885604148837702
0.0007110791108743029
0.0007345239913502445
0.0007589409056877589
0.0007843783516813638
0.0008108876498916255
0.0008385231308571728
0.0008673423361973935
0.0008974062347087306
0.0009287794547435958
0.0009615305341532655
0.0009957321893119683
0.0010314616047792634
0.0010688007453737
0.0011078366925322965
0.0011486620070366412
0.001191375120375621
0.0012360807572175832
0.0012828903916964924
0.0013319227404559844
0.001383304295710411
0.0014371699018529231
0.0014936633794885102
0.0015529382011439396
0.001615158223307313
0.0016804984799056908
0.0017491460428243162
0.001821300955583707
0.0018971772469667395
0.0019770040319196176
0.0020610267079453886
0.0021495082558185565
0.002242730654510314
0.0023409964210518064
0.0024446302872119983
0.0025539810259761937
0.002669423442193785
0.0027913605430941557
0.0029202259060139733
0.0030564862623525574
0.0032006443186988003
0.0033532418381248155
0.003514863006938889
0.003686138114679781
0.0038677475778789504
0.004060426341066919
0.004264968691778848
0.004482233529875587
0.004713150135255444
0.004958724482289957
0.005220046153715484
0.005498295911523374
0.005794753987596469
0.006110809162170039
0.00644796870400543
0.006807869252130027
0.0071922887250623615
0.007603159349750948
0.008042581908484114
0.00851284130792881
0.00901642357969197
0.009556034426083769
0.010134619427576394
0.010755386029062878
0.01142182741934184
0.012137748411213845
0.012907293416054032
0.013734976584549669
0.014625714150786577
0.015584858965723923
0.01661823713130189
0.01773218653938767
0.01893359696715519
0.02022995116423744
0.02162936606068096
0.023140632790304167
0.02477325360628115
0.02653747288312268
0.028444298131924017
0.030505505124693463
0.03273361856172377
0.03514185582048787
0.037744015587412895
0.04055428467317345
0.04358692364993955
0.046855773010782906
0.050373493162314736
0.054150409030202504
0.05819276665400728
0.06250011575950126
0.0670613979900269
0.07184913592848448
0.07681088652092848
0.0818568886222726
0.0868427495469137
0.09154646553261137
0.09564086284964375
0.09866698763027462
0.10002220325136708
0.0989870386614862
0.09481762175709513
0.08690829256337748
0.07497635755361746
0.059177243058536694
0.04008585479823017
0.01857037945971321
-0.004355402679292638
-0.02763986283175245
-0.050264655201863025
-0.07132362274963569
-0.09014483686024884
-0.10643620413633369
-0.12037337785257625
-0.13254836028912675
-0.1437764031272543
-0.1548401233563551
-0.1662637893591185
-0.17818315881677663
-0.19035279639309594
-0.20229670656235693
-0.213530611181204
-0.22371611588749032
-0.23263877235364228
-0.24003211043156683
-0.24539301294076132
-0.24794712081025486
-0.24681053899910277
-0.2412474917410745
-0.23086100441344135
-0.21561618118240727
-0.1957321447152499
-0.17158138744593554
-0.14371139829640692
-0.11297225581257009
-0.08062306643228899
-0.04829782067960919
-0.017798306334500594
0.009246559140697958
0.031768097490642286
0.049550615215473104
0.06327997453049176
0.07431134094995634
0.08428947664433709
0.09481818066332527
0.10728254339271155
0.12279498492048754
0.14217545218659894
0.16589467364114688
0.19396791577488043
0.2258531443766806
0.26044199446019667
0.2961937170609193
0.3313734251969466
0.36430415771029406
0.39356935310505353
0.4181483827070752
0.4374685714546496
0.4513436795567227
0.4598171270930322
0.4630128987326103
0.4610915998107936
0.4542946299634169
0.4429795289862255
0.42758767840491063
0.40856408533489696
0.3862782942145531
0.36097700358815427
0.33277450995534485
0.3016764129662797
0.26763065328859664
0.23059960959158465
0.19064338995601052
0.14799434166027758
0.10308728235386723
0.056508250113056296
0.008868866492593393
-0.03930742898132304
-0.08758368765987877
-0.1355015862516294
-0.18250155501092158
-0.22797085681006365
-0.27137506765724534
-0.3123614378277576
-0.3507769605762473
-0.3866169131604179
-0.41994351652524287
-0.4508036800333193
-0.47916118009094893
-0.5048529535602125
-0.5275790300885166
-0.5469368783525133
-0.5625056266201663
-0.5739607493507747
-0.5811579269558497
-0.5841127949362308
-0.5828786023220324
-0.5774386261298302
-0.567730815772881
-0.5537768819801683
-0.5357787386805645
-0.5140987973506446
-0.48915709774935845
-0.4613222003851948
-0.43084309107007485
-0.397830532216917
-0.36227922656289124
-0.324120393467365
-0.28329560797223596
-0.23984108613768995
-0.19396315091404429
-0.14607060842974584
-0.09672668809905628
-0.046525111541731716
0.004026032144043982
0.054507172405656654
0.10448053152376238
0.1534059323187177
0.20068387374975458
0.24578632833656272
0.28836330124875176
0.32826451503023707
0.3654899004891901
0.40010861738854253
0.4321763824843841
0.46166698236653914
0.48842776462010806
0.5121684920219204
0.5324941841420202
0.548987749316659
0.561324296028958
0.5693573102376251
0.5731026058948587
0.5726179721273403
0.5678923782670483
0.5588654010663958
0.5455550800260719
0.528158099953516
0.5070345025220602
0.4826064471428919
0.45524808905539843
0.4252155237363482
0.39262635240251165
0.3574804967863994
0.3197118032464251
0.279261267001562
0.236161219865752
0.19061167170729837
0.14301505657907854
0.0939315351627056
0.04395690500927369
-0.006395888733655997
-0.05670471978993104
-0.10653373501686067
-0.15534578440705446
-0.20254067001332407
-0.24758471496221499
-0.29011982263065944
-0.32998838032975036
-0.3671856800583199
-0.40177947772817496
-0.43382703993276944
-0.4633059272384487
-0.4900684044804197
-0.5138288310087074
-0.5341946632643167
-0.5507473285516368
-0.5631561849665173
-0.571267233406747
-0.5750916801663609
-0.5746880473837854
-0.5700483630533705
-0.5611120335348809
-0.5478918156530145
-0.5305772665543702
-0.50952379845517
-0.48515324866736914
-0.45784295470796216
-0.4278538780604541
-0.3953084478658973
-0.3602100474134907
-0.3224936471973046
-0.28209839551087307
-0.23905165964629654
-0.19354616477638845
-0.14597702582097685
-0.09690037474560807
-0.046913165643890274
0.0034675988474156573
0.05381796226037527
0.10370482649809597
0.15259508724292972
0.19988891749649781
0.2450479060516962
0.28770653851582695
0.327700362352741
0.3650204013814657
0.3997332889377549
0.4318980537701147
0.4614962059365554
0.48838512020169234
0.5122840292601879
0.5328032405895362
0.5495232472933004
0.5621082337438464
0.5703971526463011
0.5743968074649851
0.5741665283986553
0.5697015246036388
0.560941223379194
0.547893230127953
0.5307399770971717
0.5098321931804809
0.4855913864688384
0.45839815771436276
0.4285184896950037
0.3960798423049268
0.36108929103445525
0.3234831745039698
0.2831990356445547
0.2402594898200187
0.1948501115218571
0.1473586911573452
0.09833718377504634
0.048383538514075404
-0.001981164228032261
-0.052330896048949756
-0.10223504393743603
-0.151164445094141
-0.19851968285036076
-0.24375764191628202
-0.2865053218137286
-0.32659128127105413
-0.3640021028152439
-0.39880314131437344
-0.4310550685240061
-0.46074326874048527
-0.48773019748324453
-0.5117399801413895
-0.5323858439186715
-0.549247443134476
-0.5619838353849891
-0.5704268235131716
-0.574578556854993
-0.5744989530841506
-0.5701864159152533
-0.5615806148909431
-0.5486842039325253
-0.5316725055575597
-0.5108914267358373
-0.4867619723126096
-0.45966787774567763
-0.42988008490351054
-0.39753108014874766
-0.3626316715716061
-0.3251196394662015
-0.2849310158290985
-0.24208375786518874
-0.19675633971198228
-0.14932917814812596
-0.10034989158862438
-0.05041725554752503
-0.000056407538731213174
0.05030441021125845
0.10023695746683817
0.1492161016977687
0.19664307316761925
0.24197025810466188
0.2848172423984839
0.32500555266076375
0.3625172309074999
0.39741624322719404
0.4297648066497975
0.4595521100819209
0.4866456643434662
0.5107745255290577
0.531554957646902
0.5485659576509306
0.5614616233430325
0.5700666397511236
0.5743783616157043
0.5744571262475473
0.5703045321845475
0.5618606584908175
0.5491233485783642
0.5322607912125576
0.5116139217614655
0.48760308144631814
0.4606150411887445
0.43092567559210926
0.3986725300176687
0.3638702210256182
0.3264580769951711
0.2863707419457767
0.24362163048896768
0.19838217871283115
0.15102537908229424
0.10209433610644174
0.05218845423211927
0.0018368853807571596
-0.04852976374850971
-0.09848546474406152
-0.14750913184058964
-0.19500280823043134
-0.24041453210311095
-0.2833565090049155
-0.32364316333657595
-0.3612518809140415
-0.39624512147402785
-0.4286865499494198
-0.45856909492490583
-0.48576530084303043
-0.5100091890577267
-0.5309201617130024
-0.5480767107722616
-0.5611281030797858
-0.5698918978155634
-0.5743604793253551
-0.5745944131996942
-0.5705984908471217
-0.5623133917179314
-0.549732328575987
-0.5330163668540999
-0.5125013379154807
-0.48860675949094723
-0.46172232949604314
-0.4321288161849393
-0.3999688432902575
-0.36526089912006576
-0.3279459551277356
-0.28795738125265663
-0.24530416063638888
-0.20015075689898124
-0.15286270023467136
-0.10397842269096154
-0.054097775860028806
-0.0037538884108106415
0.04662012311936082
0.09660029362079803
0.14566962071903392
0.1932311544274355
0.23872876513712663
0.28176733542056287
0.32215413237148427
0.35986177669475344
0.3949511048764865
0.4274871288050401
0.45746644582482515
0.4847666062364141
0.5091266277506249
0.5301691541128415
0.547472335491497
0.5606807580041601
0.5696048754505844
0.5742319498397805
0.5746225899875298
0.5707847662082043
0.5626599307352592
0.5502368309612802
0.5336694099619895
0.5132882562000642
0.4895119000297743
0.4627328566561321
0.43323674998192574
0.4011713039559456
0.3665589450714513
0.32934238621113787
0.2894538402168542
0.24689797227193094
0.20183234044504114
0.154614973795373
0.10577946721406092
0.05592592399008548
0.005591395685603458
-0.044788351967896746
-0.09479125688027819
-0.14390441455806924
-0.19153205647577942
-0.23711405451533607
-0.2802480203985338
-0.320734005919233
-0.3585397561776965
-0.3937243673460358
-0.42635409842256433
-0.45642914620859065
-0.48383203995035223
-0.5083068233469088
-0.5294794804048771
-0.5469279753053389
-0.5602923563581842
-0.569375987005836
-0.5741608492489944
-0.5747074015703941
-0.5710267726764205
-0.5630613641550002
-0.5507956385754988
-0.5343764343293077
-0.5141289676900354
-0.49047061944780346
-0.4637966096892933
-0.434397375938738
-0.4024257601798886
-0.36790818983524265
-0.3307892144204474
-0.2910000045695316
-0.2485410211259115
-0.20356298750739657
-0.1564164012841277
-0.1076298655383507
-0.05780354527274912
-0.0074783593755052375
0.04290714158596504
0.09293263876747472
0.1420893405532829
0.18978284088133715
0.2354491937937384
0.2786788030446529
0.31926445364313166
0.3571689068589823
0.39244940092186553
0.4251733398281446
0.455344447296485
0.4828502010541711
0.5074396972921165
0.5287423573785499
0.546336117433882
0.5598566391372565
0.5691002242712662
0.5740434289273612
0.5747463685889086
0.5712233003556394
0.563417742013472
0.5513100485736678
0.5350399717981843
0.5149272257360358
0.49138787684218654
0.4648197349600316
0.4355180074535906
0.403640671384856
0.3692182177293078
0.3321971281248277
0.2925076464510974
0.2501461438216591
0.20525658173928127
0.15818189821036205
0.10944554969274169
0.05964756636976527
0.009332667471863752
-0.041057682604153004
-0.09110474295297505
-0.14030383709696692
-0.1880620930621309
-0.2338119253694328
-0.27713659388686324
-0.31782156651195087
-0.35582451277128896
-0.39120069532111834
-0.42401856106795766
-0.45428528801754897
-0.4818932712547331
-0.5065966841390834
-0.5280284792983674
-0.545766719261552
-0.5594428289711877
-0.5688460790475599
-0.5739474547492849
-0.5748065309770047
-0.5714406551637353
-0.5637946263851332
-0.5518448773997322
-0.5357241024587482
-0.5157463899225769
-0.4923263279717535
-0.46586419885712554
-0.4366599331207491
-0.40487665732317446
-0.37054898637849865
-0.33362542773100323
-0.29403541285344903
-0.2517713380822903
-0.20697047876940666
-0.1599681914442594
-0.11128263778369975
-0.061513518540993885
-0.011209281930829144
0.03918556917188477
0.08925370457137105
0.13849456039979136
0.18631697045682882
0.23214989419851054
0.2755695190797362
0.31635395032881175
0.3544556595004627
0.38992781573132007
0.4228398053274018
0.45320218585414573
0.4809122360938115
0.5057292284910925
0.5272897384407519
0.5451721090330873
0.5590036826819845
0.5685667385622372
0.5738265546354273
0.5748419675021108
0.5716333685649366
0.5641469963030666
0.5523555468988305
0.5363846901882979
0.5165427671240135
0.4932427221021625
0.4668871896166746
0.4377807743291153
0.40609176512796036
0.37185896028955107
0.3350329862429126
0.29554257633125375
0.25337626774111893
0.2086647275241468
0.16173571227760072
0.11310194291017253
0.06336259255632115
0.013069757742706602
-0.037328902289375666
-0.08741729738601613
-0.13669896381035654
-0.18458460609974786
-0.23049991312207155
-0.2740140745256268
-0.3148977897426028
-0.35309822699610427
-0.3886663439231908
-0.4216723623147588
-0.4521301438599349
-0.479941816158782
-0.5048717706110446
-0.5265602940267482
-0.5445861617443041
-0.5585727881983811
-0.5682955048741277
-0.5737137495241553
-0.5748854196675439
-0.5718338960571344
-0.5645070106529003
-0.5528739138872375
-0.5370532932311997
-0.5173476260091622
-0.4941680477654455
-0.4679194228295131
-0.4389109782411994
-0.40731617574721257
-0.37317805456237924
-0.3364494518712447
-0.2970585163723857
-0.25499004215446447
-0.21036816853715873
-0.16351303916652157
-0.11493179392115009
-0.06522288109909662
-0.014941959447761981
0.03546004289475072
0.08556810338870587
0.1348898398345547
0.18283799029757114
0.2288351616731744
0.272443626568552
0.31342663966126255
0.35172596195431916
0.3873902213437664
0.4204903700341211
0.45104349669848587
0.4789565407355526
0.5039990298453298
0.5258150483800154
0.5439839545805271
0.55812539243322
0.5680077971916266
0.5735846409719375
0.5749126811104498
0.5720182249138336
0.5648508451260782
0.5533763382895575
0.5377064567634137
0.51813770100964
0.495079231831029
0.4689380183972199
0.4400278559160441
0.40852738773811315
0.37448395038980603
0.33785268281728353
0.2985612622420435
0.256590856178919
0.21205915880090817
0.16527869152645655
0.11675087604362357
0.06707323649003526
0.01680489958967836
-0.0335998318525711
-0.08372682794771254
-0.13308776039003928
-0.1810975574774099
-0.2271759334561485
-0.2708783285938297
-0.3119605169515455
-0.35035874964902913
-0.38611920663643035
-0.4193134649388185
-0.4499617621593589
-0.47797581105882075
-0.5031302908397819
-0.5250731667105863
-0.5433845281617006
-0.5576804068763336
-0.5677223979801668
-0.5734578872406833
-0.5749422888913496
-0.5722047660124795
-0.5651967743865938
-0.5538809523119095
-0.538362172435298
-0.5189308503815036
-0.4959940067185029
-0.46996058818974135
-0.4411489012735449
-0.4097427774216804
-0.3757939050911733
-0.3392598146947072
-0.30006782441806346
-0.25819559208851506
-0.21375445174767063
-0.16704929828258405
-0.11857570333783007
-0.06893006829956976
-0.01867488786207105
0.03173206074645874
0.08187736394065633
0.13127671292906173
0.17934737944457763
0.2255063774165347
0.2693024051103417
0.3104837241770436
0.34898097472020023
0.3848377703963078
0.418126206471161
0.44886958992452086
0.4769843664985202
0.5022503796954537
0.5243195562983574
0.54277286392881
0.557222882260187
0.5674244292012793
0.573318690592251
0.5749595346229956
0.5723789015133222
0.5655302655501139
0.5543733035702628
0.5390060696893115
0.5197127904336235
0.4968981802650014
0.47097303374118926
0.442260109156953
0.410948430638716
0.37709409184854875
0.3406571034696663
0.30156453665266747
0.25979065678726243
0.21544052476663852
0.16881140855561913
0.12039290164991114
0.07078008305325133
0.020538708031631155
-0.02986987904502254
-0.08003280299770978
-0.12946973183967977
-0.17760042804720377
-0.223839398391194
-0.2677286936935012
-0.30900903479558994
-0.3476053510300913
-0.3835585714547126
-0.4169412024023343
-0.4477795396727091
-0.4759947201344852
-0.50137176226625
-0.5235666324330991
-0.5421613210736239
-0.5567651168343257
-0.5671261281908951
-0.5731792328505374
-0.5749765490155839
-0.5725527075005302
-0.5658633305454716
-0.5548653329239261
-0.539650019018793
-0.5204953273151257
-0.4978035008932534
-0.47198705021837367
-0.44337312332361745
-0.4121559393894485
-0.37839604885815104
-0.3420560302277039
-0.3030628188833396
-0.2613874052786016
-0.21712866630053634
-0.17057624722190254
-0.12221364041882936
-0.07263440375264661
-0.022407439991621602
0.02800225300801888
0.07818215958949971
0.12765587479426085
0.17584579470261427
0.22216411431425523
0.2661463369700807
0.30752561848272736
0.3462210793740826
0.3822708458142996
0.4157477271840276
0.446680926181152
0.4749962271206458
0.5004838317993747
0.5228038215245037
0.541539352466148
0.5562965847754363
0.5668169914879407
0.5730290410464229
0.5749828982364485
0.5727157904961719
0.5661856105638952
0.5553467115137163
0.5402837228534613
0.5212682003168532
0.49869975027958113
0.47299246476019857
0.4444778167908322
0.41335522093428184
0.37968973453467253
0.34344659045503895
0.30455269906026344
0.26297589363659796
0.21880895806798598
0.17233392307817172
0.12402806104768714
0.07448320961932696
0.02427129912957297
-0.02613894008926386
-0.07633517231439589
-0.12584486196280728
-0.17409317553504722
-0.22049019226998448
-0.26456497228214304
-0.3060430857362392
-0.3448377478204552
-0.3809841636021965
-0.414555336869892
-0.4455832942478366
-0.4739984223086963
-0.4995961123918578
-0.5220406334157459
-0.5409164479601151
-0.5558267507584289
-0.5665064582371806
-0.5728775342663454
-0.5749879865794277
-0.5728775376680828
-0.5665064666818499
-0.5558267671113766
-0.5409164757348065
-0.5220406763049373
-0.4995961739913109
-0.4739985059554216
-0.4455834028711586
-0.41455547281231353
-0.3809843284517984
-0.3448379423159083
-0.3060433097534079
-0.2645652248279222
-0.22049047140069383
-0.1740934781948921
-0.12584518384250162
-0.07633550787369577
-0.02613928281296756
0.02427095628809135
0.07448287371518139
0.12402773862086577
0.17233361970704356
0.21880867810481539
0.26297564017848085
0.3045524740877063
0.34344639499496354
0.3796895687452537
0.4133550841108675
0.44447770737782644
0.4729923804403386
0.49869968813991084
0.521268157028739
0.5402836948247225
0.5553466950499957
0.5661856021424835
0.5727157872277369
0.5749828984377751
0.573029044662302
0.5668170001062127
0.556296601220481
0.5415393802280535
0.5228038642871071
0.5004838931598272
0.47499631042494733
0.4466810343763396
0.41574786263789637
0.38227101014746334
0.34622127336204406
0.3075258420398803
0.2661465891458416
0.2221643932140002
0.17584609732541362
0.12765619688270471
0.07818249563892511
0.028002596513614603
-0.022407096092330405
-0.07263406654775842
-0.122213316487966
-0.1705759421823378
-0.21712838453884514
-0.26138714992061923
-0.3030625919333786
-0.34205583273558016
-0.3783958810091438
-0.4121558005112792
-0.4433730118970206
-0.47198696396464285
-0.4978034369388013
-0.5204952823722488
-0.5396499895358349
-0.5548653152376631
-0.5658633211373335
-0.57255270344423
-0.5749765485492309
-0.573179235821667
-0.5671261361049436
-0.5567651324700522
-0.542161347911387
-0.523566674169668
-0.5013718225179704
-0.4759948022682388
-0.44777964665601816
-0.4169413366255574
-0.3835587345611838
-0.3476055438148354
-0.30900925718830013
-0.26772894475613773
-0.2238396762446225
-0.17760072971628038
-0.1294700531088743
-0.08003313841812887
-0.029870222172610338
0.020538364210582877
0.07077974561072332
0.12039257719255643
0.1688111027658558
0.21544024211452076
0.2597904004776898
0.3015643087536052
0.34065690507717766
0.3770939231802139
0.4109482910456926
0.44225999713322234
0.4709729470075554
0.49689811593320865
0.519712745189518
0.5390060399489013
0.5543732856392984
0.5655302558868122
0.5723788971742061
0.5749595338293453
0.5733186931713155
0.5674244366318048
0.5572228972927258
0.5427728900170694
0.5243195971173391
0.502250438846647
0.4769844473435518
0.4488696954380653
0.41812633906381896
0.3848379317414577
0.34898116565203746
0.3104839446716518
0.2693026542860933
0.2255066534671883
0.17934767948332128
0.13127703283865555
0.08187769836274873
0.03173240330385836
-0.018674544152106117
-0.06892973051593636
-0.11857537812886439
-0.1670489913991255
-0.21375416774084902
-0.2581953342417622
-0.3000675948672102
-0.3392596145917577
-0.37579373470146293
-0.40974263613929074
-0.44114878763030546
-0.4699604999376344
-0.49599394099258387
-0.5189308038845823
-0.5383621415976737
-0.5538809334511954
-0.5651967639664045
-0.5722047610816133
-0.5749422876468098
-0.5734578894712481
-0.5677224051216647
-0.5576804216424726
-0.5433845539782723
-0.5250732072339234
-0.5031303496632855
-0.4779758915460237
-0.4499618672993903
-0.41931359717109307
-0.3861193676752056
-0.35035894037589216
-0.3119607373909599
-0.27087857791128706
-0.22717620988556358
-0.18109785815978502
-0.13308808121069085
-0.0837271635186513
-0.03360017573338965
0.0168045544611311
0.0670728972662591
0.1167505494292711
0.16527838330620245
0.21205887354217165
0.2565905971717182
0.29856103162470565
0.3378524817501851
0.3744837791569502
0.40852724576596056
0.4400277417817405
0.4689379299080553
0.49507916618511627
0.518137654977766
0.5377064268418039
0.5533763208411457
0.5648508366133724
0.5720182223107039
0.5749126824607155
0.5735846458608526
0.5680078068511311
0.5581254094189945
0.5439839822295691
0.5258150903222958
0.5039990896899141
0.4789566218840906
0.4510436021851655
0.4204905023405404
0.38739038221618255
0.35172615228938287
0.313426859477603
0.272443875004282
0.2288354369205806
0.18283828945367317
0.13489015875390079
0.08556843668157503
0.03546038416242272
-0.014941617180556399
-0.06522254486216014
-0.11493147028062903
-0.1635127337805934
-0.21036788587686425
-0.2549897854520741
-0.29705828774121784
-0.336449252471369
-0.37317788469385754
-0.40731603485860474
-0.43891086492853343
-0.4679193349049688
-0.4941679824124868
-0.5173475799640683
-0.5370532629383263
-0.5528738956506979
-0.5645070008801903
-0.5718338916855347
-0.574885418740557
-0.5737137516791084
-0.5682955114512477
-0.558572801901418
-0.5445861860616498
-0.5265603327091375
-0.5048718273449766
-0.4799418943842148
-0.4521302466271779
-0.4216724921131856
-0.38866650250928275
-0.35309841528221725
-0.3148980077710492
-0.2740143214738927
-0.23050018724607382
-0.1845849045906259
-0.13669928263809758
-0.0874176312710636
-0.037329244896368
0.013069413408540455
0.0633622536414683
0.11310161617013377
0.16173540358680352
0.20866444154713573
0.25337600785160863
0.29554234472952695
0.33503278413378135
0.3718587879956837
0.4060916221115718
0.4377806591974056
0.466887100194758
0.493242655589132
0.5165427202819234
0.5363846595030798
0.5523555287285645
0.5641469871022577
0.571633365279836
0.574841968110654
0.5738265586284872
0.5685667470812839
0.5590036982238517
0.5451721349146795
0.5272897782971678
0.5057292859485498
0.48091231458032285
0.45320228844330684
0.4228399345584702
0.38992797342459096
0.35445584663669105
0.3163541670141414
0.2755697645402951
0.23215016672138078
0.18631726724353942
0.1384948774157205
0.08925403653278795
0.03918590976587515
-0.011208939629794067
-0.061513181565390936
-0.1112823127645728
-0.1599678841598776
-0.20697019383694695
-0.25177107887531863
-0.29403518160402514
-0.33362522569324865
-0.37054881393311306
-0.40487651399656854
-0.43665981758374534
-0.4658641089931254
-0.49232626102952903
-0.5157463427006974
-0.5357240714637214
-0.5518448589907744
-0.5637946169963556
-0.5714406517024909
-0.5748065313745355
-0.5739474584539436
-0.5688460871717036
-0.5594428439999336
-0.5457667445136879
-0.5280285184222638
-0.5065967407806738
-0.4818933488660031
-0.4542853896983848
-0.42401868938697435
-0.391200852130253
-0.355824699083407
-0.31782178246334847
-0.2771368387335253
-0.23381219743236897
-0.18806238957775268
-0.14030415405593952
-0.09110507507233703
-0.041058023536435506
0.009332324718212411
0.05964722890355264
0.10944522421123269
0.1581815905395775
0.20525629652467173
0.2501458844508055
0.2925074151617259
0.3321969261729407
0.36921804549649273
0.40364052839551695
0.435517892369525
0.46481964563690725
0.49138781047275504
0.5149271790276482
0.5350399411277883
0.5513100301391467
0.5634177320730136
0.5712232956602645
0.57474636697423
0.574043429840497
0.5691002289248471
0.5598566501882238
0.5463361383922355
0.5287423920540374
0.5074397494425339
0.4828502741982996
0.4553445445797782
0.4251734638625263
0.39244955361590217
0.35716908930508556
0.31926466608493276
0.27867904488328954
0.23544946353323917
0.18978313597461685
0.14208965721561648
0.09293297190364358
0.04290748494636551
-0.007478012804932875
-0.05780320275331768
-0.10762953401786762
-0.15641608688623157
-0.20356269516336326
-0.24854075445662874
-0.29099976598049526
-0.33078900528239485
-0.3679080106125352
-0.4024256104679586
-0.4343972544708098
-0.46379651439963226
-0.49047054762222764
-0.5141289161441341
-0.5343763995652873
-0.5507956169226248
-0.5630613519883588
-0.5710267668154897
-0.5747073998480655
-0.5741608510278803
-0.5693759933471964
-0.5602923697284402
-0.5469279990160878
-0.529479518086509
-0.5083068786100874
-0.4838321162043513
-0.4564292465208996
-0.42635422534946654
-0.39372452275495307
-0.3585399411164679
-0.32073422058013856
-0.2802482641189675
-0.23711432572719926
-0.1915323525694068
-0.1439047317134375
-0.09479159001449758
-0.04478869490491084
0.005591049833281372
0.05592558232897876
0.10577913655016026
0.15461466015134276
0.20183204870380994
0.24689770604568514
0.28945360192267294
0.3293421772382419
0.3665587659029283
0.4011711542070424
0.43323662840428706
0.46273276120540235
0.4895118280156792
0.513288204477116
0.5336693750933926
0.550236809362061
0.5626599188731172
0.5707847609701638
0.5746225892178353
0.5742319528469672
0.5696048831955389
0.5606807728413915
0.5474723606338108
0.5301691931196632
0.5091266841953016
0.48476668352104263
0.45746654703629946
0.42748725653921366
0.3949512610496921
0.3598619624030556
0.3221543478392404
0.2817675799907671
0.23872903721796376
0.19323145134971206
0.14566993857437488
0.096600627216301
0.04662046616821338
-0.0037535428904417146
-0.054097435019734276
-0.10397809331351833
-0.1528623882487685
-0.20015046704912798
-0.24530389638766334
-0.2879571449019606
-0.3279457479890406
-0.3652607216452569
-0.39996869509956634
-0.43212869605874116
-0.46172223542624186
-0.48860668881572694
-0.5125012875015146
-0.5330163332503023
-0.5497323081510781
-0.5623133808505221
-0.5705984862908572
-0.5745944126330655
-0.5743604819061121
-0.5698919044281346
-0.5611281161139755
-0.548076733576259
-0.5309201980264101
-0.5100092426268195
-0.4857653752040865
-0.4585691932579499
-0.4286866749126714
-0.3962452750290095
-0.36125206419324934
-0.3236433765966215
-0.2833567516250915
-0.2404148025378272
-0.19500310387578082
-0.14750944887037484
-0.09848579805946403
-0.048530107143923834
0.0018365388363552485
0.05218811169879425
0.10209400444599374
0.15102506436594693
0.1983818858587964
0.2436213631294921
0.2863705025136764
0.3264578669000407
0.3638700407856316
0.3986723792970437
0.43092555319731074
0.46061494511789325
0.4876030090232143
0.5116138698127585
0.5322607562303826
0.5491233268643803
0.5618606463718621
0.5703045264007635
0.5744571245188604
0.5743783631827686
0.5700666455968577
0.5614616359311146
0.5485659803589469
0.5315549942000909
0.5107745796299277
0.4866457394794981
0.4595522093973459
0.42976493279480604
0.39741639818285684
0.3625174158542552
0.32500576792501473
0.28481748744530566
0.24197053147744133
0.19664337233312223
0.1492164228414964
0.10023729539279079
0.050304758489462226
-0.00005605616248840941
-0.05041690858045732
-0.10034955618298069
-0.14932886055242436
-0.1967560449126931
-0.24208348947979502
-0.28493077623890056
-0.32511943002827
-0.3626314927753874
-0.3975309316600185
-0.4298799655583674
-0.45966778558805765
-0.48676190470887015
-0.5108913805313406
-0.531672477209504
-0.5486841896271063
-0.5615806107285632
-0.5701864182973727
-0.5744989593071814
-0.5745785657124592
-0.5704268355922265
-0.5619838528735007
-0.5492474692840947
-0.5323858824595787
-0.5117400348658513
-0.48773027200329305
-0.4607433663224755
-0.43105519191702435
-0.39880329257109653
-0.3640022831602687
-0.3265914910567823
-0.28650556052526627
-0.2437579081393118
-0.19851997413560224
-0.151164757775356
-0.1022353730339612
-0.052331235394582676
-0.0019815068513389313
0.048383199843415825
0.09833685597291753
0.14735838030312476
0.19484982250978858
0.24025922624463028
0.28319879990538216
0.323482967992493
0.36108911427418583
0.3960796949869291
0.4285183706684772
0.45839806502228186
0.4855913174740632
0.5098321447361324
0.5307399457054273
0.5478932120724831
0.5609412149150321
0.5697015223142524
0.5741665297473258
0.5743968113670859
0.5703971597603298
0.5621082462922977
0.5495232685443355
0.5328032742809662
0.5122840791871719
0.4883851899768919
0.4614962988305961
0.43189817254020924
0.3997334356502105
0.3650205772733547
0.3277005677853255
0.28770677298375763
0.24504816816402702
0.19988920486922745
0.15259539634773897
0.10370515258727721
0.05381829948431158
0.0034679405699722748
-0.046912826400059525
-0.09690004480612657
-0.14597671136819867
-0.19354587094948805
-0.23905139034362402
-0.2820981534139813
-0.32249343391872604
-0.3602098636288725
-0.395308293355918
-0.4278537517153144
-0.4578428545774466
-0.4851531720929778
-0.5095237422673087
-0.5305772272562472
-0.5478917895917481
-0.5611120171190082
-0.570048353122657
-0.574688041733033
-0.5750916780630378
-0.571267235808888
-0.5631561942814576
-0.5507473480875903
-0.5341946966760712
-0.513828881939594
-0.49006847638163525
-0.46330602324842934
-0.4338271627293849
-0.4017796293479662
-0.36718586174431483
-0.3299885924640444
-0.2901200647242887
-0.2475849856044834
-0.2025409667305779
-0.15534610346532574
-0.10653407131463362
-0.05670506697839106
-0.0063962395965394695
0.043956558004601194
0.0939311992537227
0.14301473814132945
0.19061137585303323
0.2361609503021778
0.27926102614337966
0.31971159243628344
0.35748031646744677
0.3926262021867513
0.4252154024016464
0.4552479945800055
0.48260637682444035
0.5070344531401836
0.5281580679247914
0.5455550615230016
0.5588653921888589
0.5678923753905091
0.5726179724705239
0.5731026081552316
0.5693573149588492
0.5613243054564052
0.5489877668428592
0.5324942136670718
0.5121685374893028
0.48842782976380006
0.46166707056616646
0.4321764966214113
0.40010875967967496
0.36549007235405595
0.32826471702766036
0.28836353306428997
0.24578658874361156
0.20068416047766624
0.15340624188425023
0.10448085914678755
0.054507512120641116
0.004026377129291962
-0.04652476851880048
-0.09672635418296903
-0.14607029015150072
-0.1939628537316405
-0.2398408141829305
-0.2832953640544029
-0.324120179237031
-0.36227904267509176
-0.39783037841413715
-0.43084296620664275
-0.4613221024847331
-0.48915702414490897
-0.514098744872253
-0.5357787038260026
-0.5537768610589296
-0.5677308050784959
-0.5774386222612035
-0.5828786026917255
-0.5841127983069595
-0.5811579337297971
-0.5739607614169118
-0.5625056468913343
-0.5469369102537002
-0.5275790771969886
-0.5048530193842014
-0.4791612679087163
-0.4508037927143549
-0.419943656335628
-0.3866170815975724
-0.35077715828959777
-0.31236166459300213
-0.27137532234010275
-0.2279711372623102
-0.18250185793782991
-0.13550190715377536
-0.0875840209475587
-0.039307768284580775
0.00886852791107765
0.05650791890729386
0.1030869646472889
0.1479940426775168
0.19064311381876411
0.23059935932182815
0.267630430930912
0.30167621969809755
0.3327743461217118
0.3609768686877598
0.3862781869262352
0.4085640036334909
0.42758761972946546
0.44297949039262424
0.45429460822924655
0.4610915915525475
0.4630129006188259
0.4598171362159004
0.45134369386376033
0.43746859001329025
0.41814840562874267
0.39356938116095264
0.3643041918281292
0.3313734660505707
0.29619376485241616
0.2604420489302203
0.22585320501290027
0.19396798213619562
0.16589474564696338
0.14217553025250582
0.12279506988789227
0.10728263631359679
0.09481828251481798
0.08428958804088064
0.0743114618853635
0.06328010418543482
0.04955075184388419
0.031768238460542525
0.009246701194354296
-0.01779816660804178
-0.04829768632132877
-0.08062293973694364
-0.11297213817850876
-0.14371129028976998
-0.17158128903700284
-0.19573205563262316
-0.21561610127973785
-0.23086093385989345
-0.2412474309377764
-0.2468104882521847
-0.24794707998718526
-0.24539298132071438
-0.2400320868256803
-0.23263875539462747
-0.22371610427043453
-0.21353060375065658
-0.202296702276462
-0.19035279429025664
-0.17818315806849772
-0.16626378936827024
-0.1548401238321499
-0.14377640408034423
-0.1325483619477567
-0.12037338052719054
-0.10643620805324543
-0.0901448420237189
-0.07132362889097874
-0.05026466183030254
-0.027639869345752854
-0.004355408454247547
0.018570375035475165
0.04008585229742314
0.05917724297663977
0.07497636021332187
0.08690829800744124
0.09481762969314413
0.09898704853031837
0.10002221436948656
0.09866699934395454
0.09564087462708196
0.09154647699549726
0.0868427604561156
0.08185689884667541
0.07681089600587301
0.07184914466759532
0.06706140600737856
0.06250012309664908
0.05819277336128702
0.05415041515767056
0.05037349876188841
0.04685577813113273
0.04358692833492318
0.04055428896570867
0.037744019525522705
0.035141859437707534
0.032733621887402364
0.030505508187217582
0.028444300955951494
0.026537475489965982
0.024773256016354748
0.02314063501999955
0.021629368127570762
0.020229953081465947
0.0189335987478173
0.01773218819525666
0.01661823867194958
0.015584860401718918
0.014625715489547155
0.013734977834966241
0.012907294584048894
0.012137749504365492
0.011421828441906768
0.010755386986576743
0.010134620325766664
0.00955603526961864
0.009016424371574341
0.00851284205267416
0.00804258260934506
0.007603160008827241
0.007192289345701193
0.0068078698377226545
0.0064479692562051435
0.006110809683061571
0.005794754479130863
0.005498296376943727
0.005220046594576828
0.004958724899826777
0.004713150529970986
0.004482233903386052
0.004264969046378758
0.00406042667656226
0.0038677478969687943
0.003686138417823848
0.003514863294496144
0.0033532421114408854
0.003200644579007862
0.003056486510091606
0.002920226141466944
0.0027913607679652935
0.002669423655768945
0.002553981229668961
0.002444630481575796
0.002340996606677571
0.002242730830886425
0.002149508424951272
0.0020610268694558056
0.0019770041865314713
0.001897177394416537
0.0018213010972765885
0.0017491461774441378
0.0016804986086975736
0.001615158347400517
0.0015529383196622238
0.0014936634938371904
0.00143717001071911
0.001383304399430073
0.0013319228404079207
0.0012828904876101674
0.001236080849605018
0.0011913752083495964
0.0011486620918509602
0.0011078367741528818
0.001068800823565401
0.0010314616798667924
0.0009957322620428523
0.0009615306038329893
0.0009287795213454767
0.0008974062981770199
0.0008673423979827733
0.0008385231903454825
0.0008108877072277434
0.0007843784068530565
0.0007589409585158424
0.0007345240424655729
0.0007110791598047021
0.0006885604621389574
0.0006669245858844523
0.0006461305009018474
0.0006261393725058573
0.0006069144259002395
0.0005884208248138007
0.0005706255547245514
0.0005534973211418415
0.0005370064399506594
0.000521124752476133
0.0005058255311596134
0.0004910834012982904
0.00047687426282264935
0.000463175215922644
0.00044996449690376875
0.00043722141436190645
0.00042492628452058516
0.00041306038488236684
0.0004016058920135877
0.0003905458388640014
0.00037986406527964084
0.00036954517761333695
0.0003595745022274165
0.0003499380568545474
0.00034062250202492825
0.00033161511525870395
0.0003229037595313243
0.00031447684613725396
0.00030632331481678484
0.00029843260052831003
0.00029079461127528
0.0002833997016506896
0.0002762386552558989
0.000269302657019458
0.0002625832770627556
0.0002560724525252946
0.00024976246492807173
0.00024364592903198048
0.00023771577309067527
0.00023196522476131938
0.0002263877963725643
0.00022097727190343417
0.00021572769353023083
0.0002106333501591509
0.0002056887643825387
0.0002008886858607353
0.00019622807215493817
0.0001917020888592276
0.0001873060964590345
0.00018303563721245073
0.00017888643327829693
0.00017485437444201855
0.0001709355110941032
0.00016712605015229464
0.00016342234679346402
0.0001598208925525441
0.00015631832028388038
0.0001529113835744731
0.00014959696541495755
0.00014637206734934312
0.00014323379808822473
0.0001401793805796748
0.0001372061369169144
0.0001343114895938159
0.00013149295680274677
0.00012874814769772697
0.00012607475894412925
0.00012347056808213104
0.00012093343533841819
0.00011846129827341691
0.00011605216589768542
0.00011370411918067766
0.00011141530728359941
0.00010918394480891909
0.00010700830632276612
0.00010488672876817986
0.00010281760680713175
0.00010079938915044275
0.0000988305793405956
0.00009690973281500939
0.00009503544831965209
0.00009320637896297179
0.0000914212205890393
0.0000896787132358412
0.00008797763519339916
0.00008631681031842318
0.00008469509961420697
0.00008311140178424362
0.00008156465121279078
0.00008005381540945238
0.0000785778974718404
0.00007713593204955583
0.00007572698400462294
0.00007435015209449808
0.00007300455867369707
0.00007168935327047469
0.00007040371890006967
0.00006914685731257527
0.00006791799884167249
0.0000667163980687069
0.00006554133020615733
0.00006439209441271073
0.00006326801105313702
0.0000621684220463447
0.00006109268745905232
0.0000600401892229378
0.000059010326677107266
0.00005800251623711818
0.00005701619210651297
0.000056050808170780684
0.00005510583129506715
0.000054180745188009463
0.00005327504809745418
0.00005238825438594615
0.000051519891221563514
0.00005066950030269708
0.00004983663672672873
0.0000490208671809239
0.00004822177298279802
0.00004743894365627141
0.00004667198506010653
0.0000459205115503124
0.00004518414806075524
0.00004446253100355187
0.00004375530795666001
0.00004306213255992428
0.000042382673744939235
0.00004171660517436149
0.000041063609021970065
0.00004042338336751181
0.00003979562206762724
0.00003918003950551216
0.000038576352147506174
0.00003798428230813674
0.00003740356387652066
0.00003683393722837919
0.00003627514662397227
0.00003572694667917448
0.0000351890948288284
