-0.000034837713055380805
-0.000036090852649458046
-0.000035382032421926446
-0.000036666519995913784
-0.000037842153389320994
-0.00003675761625714807
-0.00003786938451836434
-0.00003933058411973446
-0.0000388125586838232
-0.00004011899237520452
-0.000041263616370610504
-0.000042152814468383516
-0.00004101124556568193
-0.00004206239355783219
-0.00004297360242980739
-0.00004388591333959137
-0.00004402506713515704
-0.000043625932580196494
-0.00004491135061241447
-0.000046739557858907615
-0.00004754311188188516
-0.00004710500827574335
-0.000048561621330714504
-0.00004899741777486849
-0.000049931225998568614
-0.000050667513321644564
-0.00005197595323118235
-0.00005254568026669352
-0.00005294462400311694
-0.000055689634231021036
-0.000056812190770433214
-0.00005675201354126207
-0.00005618771274646495
-0.00005736654283379709
-0.00005974483362435208
-0.000060952054622846816
-0.000059449405121072044
-0.00006155001508844257
-0.00006372362765866881
-0.00006201070528203333
-0.00006313260036514715
-0.00006577250366011174
-0.00006840214139004424
-0.00006895985531132804
-0.00006975065120591415
-0.00007009888244605302
-0.000071982690602172
-0.00007441505279835443
-0.00007743860149839889
-0.0000776182151490635
-0.00007702338251338506
-0.00007925517865468394
-0.00008064044388918614
-0.00008113442694160868
-0.00008341460475029533
-0.00008636084036240758
-0.00008747845867557505
-0.00008689748864992901
-0.00008939559548640527
-0.00009127393603250386
-0.00009253112695875243
-0.0000945042376655532
-0.00009673094222805563
-0.00009840010982109577
-0.00010048847772635047
-0.00010100408003166773
-0.00010421964464134267
-0.00010626487788531132
-0.00010862866076828314
-0.00011035685138678536
-0.00011316095238352677
-0.00011466641020019669
-0.00011798724293868112
-0.00012122916521232803
-0.0001220822609696565
-0.0001229808272255828
-0.00012695722555959585
-0.00012895882728866046
-0.0001314677999231514
-0.00013383612640050275
-0.0001364818313502707
-0.00014114046558193685
-0.00014365389587845884
-0.00014754173383225871
-0.0001495733362408499
-0.00015585411130118054
-0.00015747446757559508
-0.00016037768117978306
-0.0001639015593020335
-0.00016687301085301507
-0.0001708180164488255
-0.00017471399417363006
-0.00017860432291332982
-0.0001810273183828591
-0.00018554709216222508
-0.0001895695038470929
-0.00019379787700362253
-0.00019799489961990976
-0.0002026757689164041
-0.00020801533019257956
-0.00021311701774565745
-0.00021628565998873256
-0.0002219003072217239
-0.00022657468536321817
-0.00023268521111157053
-0.0002374312420750928
-0.00024410557899742595
-0.0002492107702900768
-0.0002559358016155212
-0.00026379812231225856
-0.000267781715318091
-0.00027431611277137306
-0.00028107840746729784
-0.00028901272517893996
-0.0002957698339836835
-0.0003025517440908097
-0.0003122517110585605
-0.00031906674991824394
-0.000327509271748167
-0.0003366450724179562
-0.00034512580656858764
-0.0003523759498106351
-0.00036234083276886483
-0.0003716136709326465
-0.0003819024305971571
-0.0003917276909040247
-0.0004024570365960196
-0.0004126358413956186
-0.00042515977927748514
-0.0004375035172982526
-0.00044772569478713017
-0.0004612369580558622
-0.0004730239783165811
-0.00048775836481945267
-0.0005014886810093796
-0.0005152964884875525
-0.0005297529558549881
-0.0005463116963174351
-0.0005607959415923609
-0.000578482876870212
-0.0005965937000718693
-0.0006134306152522338
-0.0006314546081516785
-0.0006506794223198666
-0.0006701040119757544
-0.0006906969455260143
-0.0007111641355958318
-0.0007345129895945925
-0.0007574402672634078
-0.0007803826889848568
-0.0008075663074449824
-0.0008317487147953851
-0.000859222233975224
-0.0008854404786582254
-0.0009144565657676978
-0.0009455009755012617
-0.000977374658095877
-0.0010098275991877116
-0.0010454670131486363
-0.0010809718945300857
-0.001118219464788185
-0.0011568591089054655
-0.001194804080479948
-0.0012385781828722741
-0.0012823293855095442
-0.0013273531825625114
-0.0013753117093600277
-0.001426682288668763
-0.0014781578182857789
-0.0015337283314722254
-0.0015909567029934858
-0.0016494031469010395
-0.0017125502826873683
-0.001779249384129908
-0.0018484474237378003
-0.0019194388100033336
-0.0019945781922639525
-0.002073918750183184
-0.0021565775132502
-0.0022444153261213314
-0.0023354884224228837
-0.00243332660821009
-0.002533075393946632
-0.0026385183048484285
-0.0027511555093793715
-0.002866886223778653
-0.002992516701621333
-0.0031223151959037456
-0.003259168154889652
-0.0034042651789520065
-0.0035568311021848065
-0.0037183718688815724
-0.003888395149584537
-0.004068667103159306
-0.004258877527682756
-0.004458119278663581
-0.004669676473729968
-0.004894185471279285
-0.005131932374043149
-0.005385275432224446
-0.005651745279285474
-0.005934081414336514
-0.00623409007046448
-0.0065540274969060315
-0.006893824429556144
-0.007253679491237895
-0.007636883506798032
-0.008043543179168682
-0.008478686485904606
-0.008941260818354885
-0.009433002105310635
-0.009959201331605121
-0.010519816036459798
-0.011119191772685553
-0.011761350964122808
-0.012446852879763779
-0.01317755886273107
-0.013960772981807125
-0.014801957461679427
-0.015701612743555818
-0.01666510773302127
-0.017702583737532928
-0.018812793039219747
-0.020005947890695177
-0.021286457870610502
-0.02266566854421317
-0.024147557487672326
-0.025741591262949087
-0.027456180748668454
-0.02930144515090985
-0.03128929053414157
-0.03342850110366495
-0.03573130183561443
-0.0382094010575921
-0.040876221729393654
-0.04374205201372017
-0.04681806654947378
-0.050121064377176935
-0.05365521081709192
-0.057431133590664964
-0.061451873557727514
-0.06571377802898642
-0.07021076666087041
-0.07491295501548033
-0.0797805329194815
-0.08474194241927849
-0.08968775534263387
-0.0944501033046452
-0.0987735727754039
-0.10229188337508685
-0.104464196448303
-0.10454026903822154
-0.10149961731504484
-0.09402983587141056
-0.08059668157264327
-0.05963255068928429
-0.02987376372489529
0.009251276077466748
0.05734771543500955
0.1130490131891147
0.17416363803233612
0.23792901763056257
0.30122989385611626
0.3608541779565281
0.4138345020343229
0.45779823046150936
0.49119927428385163
0.5133545021830834
0.5242521170673828
0.5243619915055998
0.5144791961641327
0.49570830909478647
0.4694940467598496
0.4375534340369768
0.40160259665323544
0.3629086880366072
0.32191388496692785
0.2781082777997191
0.23026011011029926
0.17692466638077176
0.11699694842435371
0.050127089447565526
-0.02317375651322748
-0.10163037905233253
-0.18335033742719622
-0.2659405443003839
-0.34661582665147533
-0.42247925253930546
-0.4909942900889053
-0.5504706462361925
-0.6003203175273277
-0.6409308265145438
-0.6732974050364217
-0.6986372641100043
-0.7180978450931799
-0.7326032525151777
-0.7427800961743205
-0.7489389666777485
-0.7510806408403999
-0.748890947876235
-0.741743027520863
-0.7287343140672724
-0.7087654748151122
-0.6807380339785901
-0.6438594986757228
-0.5980180610429054
-0.5440333590569852
-0.4836139980878995
-0.4189715455596322
-0.3522693198284063
-0.28520771848830945
-0.21883911927691485
-0.15362215311143956
-0.08955000935804693
-0.02630756696713069
0.03659178238237944
0.09971178906574277
0.1636000487002541
0.2286954866134778
0.2952189703851099
0.36302723364968625
0.4314635810102749
0.4992335994949221
0.5644427263922931
0.6248664931090281
0.6784382964606902
0.7237725683402677
0.7604460174184211
0.7888970644932146
0.8101078713682616
0.8252405205021016
0.8353737589938904
0.8413508284266704
0.843724504716174
0.8427451116491677
0.8383602774439776
0.8302144961674618
0.8176454720161666
0.7997207036781516
0.7753025904862892
0.7432487776686686
0.702709535379223
0.6535001569146794
0.5963695263854729
0.5329691512015163
0.4654809690747353
0.3960567191147077
0.326405502682833
0.25759293006069856
0.19008542487466784
0.12387748091903672
0.05865394165027821
-0.006079623173997737
-0.07089176857389948
-0.13633779287522316
-0.20287290114730175
-0.270732988464366
-0.3398015966316445
-0.4094463570985743
-0.47840552702340816
-0.5448105802480168
-0.6064420107339594
-0.6612184102253422
-0.7077319919415768
-0.745517146735194
-0.7749941235554422
-0.797134648584498
-0.8131071642693317
-0.823996144215562
-0.8306638991236054
-0.8336778935166824
-0.8333011945031465
-0.8294959653799084
-0.8219193664285811
-0.8099249773181707
-0.7925866469250736
-0.7687776883462578
-0.7373493656898256
-0.6974422863863654
-0.6488363889541676
-0.5922485526399321
-0.5293067622333569
-0.4621790323932081
-0.39303537997209587
-0.3236008236690328
-0.254967529540077
-0.1876206165782383
-0.12157353575224641
-0.056517816311555454
0.008037128880688063
0.07265436410899949
0.13789536253025608
0.2042193907508489
0.2718725122075151
0.34075199200139505
0.41024863597469446
0.4791252361166182
0.5455312112138448
0.607251668370049
0.6621923017141627
0.7089120988429222
0.7469107571669682
0.7765793362249633
0.7988764313429573
0.8149665076692177
0.8259431510794736
0.8326748384498692
0.8357413803150173
0.8354166951548723
0.8316746587371788
0.8241823902493672
0.8123057161501988
0.7951255882264192
0.7715233566228548
0.7403443160436712
0.7007073375903189
0.6523698560424344
0.5960073778794716
0.5332184297671375
0.46616293643995
0.3970167280127783
0.3275278741708743
0.2588120573714824
0.19137660351215477
0.125244498787596
0.06012274804160373
-0.004476049696002943
-0.06911663181279373
-0.13436121752594377
-0.20067221611335712
-0.26830888867439495
-0.33718194123073086
-0.40670558994673883
-0.47566499244155575
-0.5422296353288527
-0.6041913349950889
-0.659442926576183
-0.7065080043917052
-0.7448521301828751
-0.7748380447055374
-0.7974102579840407
-0.8137307998753418
-0.8248990457417533
-0.831795293899029
-0.8350084551019261
-0.8348277471709424
-0.8312322055919362
-0.8239045032093462
-0.8122200742020926
-0.7952709154252434
-0.7719385347479645
-0.741073505488777
-0.7017719878334485
-0.6537627772802296
-0.5976870013737506
-0.5351118070191848
-0.4681852332369951
-0.39909278732555514
-0.32960380578066656
-0.2608589438045573
-0.19338324292027675
-0.12721797283979555
-0.06207701181490942
0.0025200225719424875
0.06713855971654652
0.13234182319994295
0.19859669212301212
0.2661729725677524
0.33499942265869265
0.40450567300976786
0.4735064582611954
0.5401873343882162
0.6023511535814267
0.657874071572537
0.7052494899201587
0.7439079618354455
0.7741809765337575
0.7969998472682861
0.8135235354647573
0.8248592990145808
0.8318961102011396
0.8352320419028918
0.8351691938436643
0.8316991001340219
0.824512695198877
0.812998487584276
0.7962586594435467
0.7731797403201675
0.7426070349198869
0.7036247393247301
0.6559274914360358
0.600124211681918
0.5377493814466765
0.4709385082786724
0.4018884583102126
0.3323849781063302
0.26359602646327845
0.19606603935235725
0.12985130942222786
0.06467705514298279
0.00006569988659279572
-0.06454676025989889
-0.12972227505829692
-0.19593651864395295
-0.26346594588063127
-0.33225533264702184
-0.40175741715861757
-0.47080862479291874
-0.5376186711833136
-0.5999924533217914
-0.6557971680991039
-0.7034943259893767
-0.7424763263661908
-0.7730495508305538
-0.796126358987703
-0.8128669989819038
-0.8243794997988515
-0.8315648104012152
-0.8350336601545844
-0.8350962162003971
-0.8317583396095329
-0.8247213902040929
-0.8133849977086266
-0.7968588095752119
-0.7740383387064029
-0.7437637734765965
-0.7051039093545983
-0.6577277395831336
-0.6022028653572216
-0.5400371609816765
-0.4733529826861419
-0.4043507404189148
-0.33484195116952364
-0.2660152025779108
-0.19843570585314574
-0.1321784867662852
-0.06697358478516083
-0.002352972804070426
0.06224693385010169
0.1273905098314111
0.19355754239054507
0.26103502765354375
0.3297828645944823
0.3992736363878411
0.4683688878426129
0.535297528214196
0.5978748831979043
0.6539529902136608
0.7019648560112369
0.7412690257375819
0.7721374506367967
0.79547170280807
0.8124241895850806
0.824111678527339
0.8314434346521744
0.8350414063829744
0.8352278564567645
0.8320171925488626
0.8251257179736842
0.8139616366815245
0.7976447152500156
0.775077928871133
0.7450977344688453
0.7067588580644443
0.6597006727055694
0.6044543522374721
0.5424991109762957
0.47594115239836887
0.4069882148687678
0.3374715954953088
0.26860469358770395
0.20097575738890341
0.1346714490862134
0.06943387127604943
0.004800528698009958
-0.05979036820110787
-0.12490521352949066
-0.19102884113706375
-0.2584573737759086
-0.3271640889620247
-0.3966454513621714
-0.4657838607277127
-0.5328308697249201
-0.5956109340109252
-0.6519638862678881
-0.7002927634557434
-0.7399191649376181
-0.7710883344560985
-0.7946829949138456
-0.8118508794279591
-0.8237173400825507
-0.8311970732950855
-0.8349267483888918
-0.8352372060260376
-0.8321578685252988
-0.8254112046167434
-0.8144186103105804
-0.7983124173656315
-0.7759988951748518
-0.746312787990713
-0.7082945298436405
-0.6615559095275256
-0.6065930102217563
-0.544850730247613
-0.4784229601460186
-0.409523001790746
-0.34000235840623033
-0.2710978925861785
-0.20341883672524258
-0.13706926762603977
-0.07180081963035619
-0.007155144975470959
0.057427306679587814
0.12251287986732338
0.18859285119578104
0.25596919541006535
0.32463428343084955
0.3941014759218794
0.46327933505444263
0.5304416298934779
0.5934194893622333
0.6500431934247114
0.6986866170375609
0.7386365471089745
0.7701057457649769
0.7939584728484673
0.8113450566483787
0.8233881652578274
0.8310178669204411
0.834878378054189
0.8353129778141735
0.8323614516619963
0.8257583531221385
0.8149371580608029
0.7990388784768957
0.7769756035356934
0.7475811006266632
0.7098834120193377
0.6634648442231491
0.6087867547980779
0.5472599701082103
0.4809653394884652
0.41212024796776225
0.34259625475364164
0.2736542684699378
0.205924912242093
0.13952857927808562
0.07422653936574734
0.009566972622661641
-0.05500728246281429
-0.12006501916442033
-0.1861003042069196
-0.25342750279137805
-0.3220501973540896
-0.39150383520577015
-0.4607200161359221
-0.5279940097514483
-0.5911666646653814
-0.6480602114894743
-0.6970188522487724
-0.7372919632637476
-0.7690625823565519
-0.7931782846353085
-0.8107837040607562
-0.8230071488390168
-0.8307868951921603
-0.8347786632819677
-0.8353387002648407
-0.8325150104818246
-0.8260558360475769
-0.8154052668426176
-0.7997135707706872
-0.7778993071541223
-0.748796754623767
-0.7114184452895742
-0.6653210250624231
-0.6109286074386819
-0.5496218231601737
-0.4834628764509402
-0.4146760630319878
-0.345151566250606
-0.27617220868513054
-0.20839396634107468
-0.14195018683978752
-0.07661475068957323
-0.011941673188016505
0.052625162440717854
0.11765474084604759
0.18364716277140894
0.25092479535131823
0.31950383087834366
0.3889414261675802
0.4581925525176955
0.5255752499217751
0.5889401423542309
0.6461004405351789
0.6953723546334233
0.7359691886422297
0.7680419008093549
0.7924224696956975
0.8102469497501649
0.8226515449380393
0.8305817379680737
0.8347064597577065
0.835390584817796
0.8326946115944527
0.8263780398316649
0.8158949493787171
0.8004081006340725
0.7788419477837709
0.7500288856428153
0.712969178143395
0.6671932113581888
0.6130888215923352
0.5520037159808819
0.4859847267325615
0.41725846310252585
0.3477331202667644
0.2787192413762595
0.21089079549782105
0.14439956422490435
0.07903098034435209
0.01434223936735059
-0.050218170261540095
-0.11522142535364543
-0.18117113779120136
-0.24839783127567552
-0.31693329217237287
-0.3863542018633505
-0.45563903770634806
-0.5231272543185512
-0.5866818812916713
-0.644106559085184
-0.6936909594459788
-0.7346111976746612
-0.7669888294004724
-0.7916342082230304
-0.8096808294007566
-0.822267826826542
-0.830350703795952
-0.8346074377981424
-0.8354147426741916
-0.8328471798820188
-0.8266728171554477
-0.8163582812361155
-0.801074444770724
-0.7797541672114352
-0.7512295645088105
-0.7144879258354145
-0.6690340425575443
-0.6152195522568259
-0.5543599576704665
-0.48848313035559215
-0.41981962848815474
-0.3502968246568033
-0.2812476920992918
-0.21337070206552755
-0.14683264826128456
-0.08142845412436348
-0.016723997229578857
0.0478303952379725
0.1128077834545924
0.1787146042416948
0.24589147611819462
0.31438369624797713
0.3837852919949431
0.45310041095681153
0.5206912589798455
0.5844320422060654
0.6421189353717174
0.6920139044910136
0.7332584747801101
0.7659409813283025
0.7908536703932317
0.8091232826980961
0.821893894902042
0.8301298044413485
0.8345192720518757
0.8354515341314644
0.833011185495031
0.8269781928421379
0.8168290922728092
0.8017477027672646
0.7806715550650085
0.752433634549117
0.7160096747954869
0.6708780814959453
0.6173557770273808
0.5567228340561313
0.49099161082360143
0.42239385794306866
0.3528759518870859
0.2837930642853291
0.21586660632668447
0.14928056178116114
0.08384145068099598
0.019120321306840896
-0.04542969604009626
-0.1103815999883234
-0.1762465393084498
-0.24337345357208892
-0.31182006620790226
-0.38120226068105834
-0.4505461194901083
-0.5182370891170536
-0.5821603473258581
-0.640107274804918
-0.6903127689972636
-0.7318811564346472
-0.7648703078332699
-0.7900509301346262
-0.8085461012758876
-0.8215014691113196
-0.8298908577110284
-0.8344147331965657
-0.8354717012052446
-0.8331578491871159
-0.8272653918411105
-0.8172826726992819
-0.8024010408352555
-0.7815678773993997
-0.7536154627442296
-0.7175086621287371
-0.6726995115770174
-0.6194703490286445
-0.5590689595798596
-0.49348584926692324
-0.42495713576468647
-0.35544401028919637
-0.286329303182548
-0.21835359040086602
-0.15171943867161458
-0.08624443068837336
-0.02150613618585989
0.04303983286192179
0.10796711559469933
0.1737907182618658
0.24086733071868918
0.30926875633023243
0.378629673678292
0.44800021195800865
0.5157874064722308
0.5798910118527565
0.6380945630354393
0.6886089393894831
0.730501983320167
0.7637979001300453
0.7892491678321235
0.8079703367619955
0.8211126232208991
0.8296570973130626
0.8343144136963716
0.8354965638037406
0.8333094725224155
0.8275565183253196
0.8177375749218854
0.8030554542784715
0.7824630296444416
0.7547944646784595
0.7190037001611431
0.6745176043492169
0.6215838335173243
0.5614161866435395
0.49598518583485324
0.42752727101169424
0.35802212223995233
0.2888752989034575
0.2208509738460413
0.15416846917808083
0.08865638078544034
0.02390068446085137
-0.04064194456520025
-0.1055455963000704
-0.1713285043437475
-0.23835513266141461
-0.3067108357516955
-0.37604929911474283
-0.445443725636844
-0.5133256316428954
-0.5776056291991529
-0.6360635374470779
-0.6868855348721954
-0.7291027989457081
-0.7627074114467726
-0.7884306566842209
-0.8073800646855203
-0.8207096974722212
-0.8294097066893834
-0.8342021531028331
-0.8355092967469051
-0.8334484136564859
-0.8278348972397832
-0.8181787501528142
-0.8036938205265528
-0.7833412492503623
-0.755955020841438
-0.7204795667085954
-0.6763170459325002
-0.6236804675464133
-0.5637486212115926
-0.4984728556778527
-0.4300887226788922
-0.36059333829562124
-0.2914159589801221
-0.22334304701763322
-0.15661205211143733
-0.09106349175175374
-0.026288323647749818
0.03825167076541163
0.10313204924574572
0.16887439345973332
0.23585179556757388
0.3041611614093558
0.37347574571524683
0.4428924989891648
0.5108645081053527
0.5753184124277482
0.634029149544478
0.6851569076120614
0.7276985866954283
0.7616123200671147
0.787609027269991
0.8067884143341361
0.820306947485298
0.8291636235794654
0.8340912166426934
0.8355237360278406
0.8335890221202358
0.8281138493006579
0.818619716406925
0.8043309253699767
0.7842164715908634
0.7571108440940194
0.7219493034954497
0.6781109213304046
0.6257732952798636
0.5660802449066337
0.5009622689654684
0.43265508463865987
0.3631716929574358
0.29396410536351547
0.2258432155929311
0.15906364038595264
0.09347733850283219
0.02868264980794312
-0.035856276008757904
-0.10071391444412055
-0.1664163289298553
-0.2333434209298702
-0.30160678825733966
-0.37089610456717326
-0.44033278133903747
-0.5083931787120297
-0.5730178888558143
-0.6319779541193667
-0.6834101118512924
-0.7262766131057722
-0.760500937035256
-0.7867721551030029
-0.8061830785328448
-0.8198923570355897
-0.8289065174750921
-0.833970252296896
-0.8355281212120016
-0.8337194508529122
-0.8283818769218574
-0.819048691257311
-0.8049541623113833
-0.7850761567876134
-0.758250579550428
-0.7234019857821947
-0.679887651435781
-0.6278498069130317
-0.568398445146883
-0.5034420701771732
-0.43521408579561754
-0.3657441303292687
-0.2965082504129896
-0.22833977640950692
-0.16151111242331515
-0.0958863758521154
-0.031071915063555645
0.03346612967817136
0.09830220497158829
0.16396530128583944
0.2308434651349483
0.2990595586632141
0.3683223446219812
0.4377767741297991
0.5059225135363316
0.570714505123825
0.6299214175221652
0.6816573934140114
0.7248479227948432
0.7593835031154652
0.785931450056483
0.8055752267578336
0.8194762196233598
0.8286494519811817
0.8338497345775409
0.8355329919856186
0.8338495523857188
0.828649099504046
0.8194762639046869
0.8055753221809707
0.7859314127562175
0.7593838526554515
0.7248477383393563
0.681657609949184
0.6299216169766253
0.5707148572643415
0.5059226231621557
0.4377770148405641
0.36832244077635934
0.2990595483985357
0.23084364586501732
0.16396571903844395
0.09830231044493518
0.03346631192769355
-0.03107144182454239
-0.0958863966378848
-0.16151083052242773
-0.22833965762676925
-0.29650845838277673
-0.365744072563671
-0.4352144209730915
-0.5034421144572454
-0.5683983717952238
-0.6278498138131927
-0.6798873565694262
-0.7234020744909878
-0.7582505427694622
-0.7850765005771525
-0.8049546283711718
-0.8190486240073063
-0.8283818849163477
-0.833719420237989
-0.8355279740192758
-0.8339706946201327
-0.8289068793535893
-0.8198922877602727
-0.806183083540929
-0.7867726476990031
-0.7605010367012495
-0.7262766890101643
-0.6834105355438714
-0.6319781521081712
-0.5730177980987591
-0.5083929780912546
-0.4403327652052398
-0.3708961779095296
-0.30160720017317155
-0.2333438301118524
-0.16641671354945128
-0.10071379749624558
-0.03585649763467265
0.028682581487766902
0.09347704792029074
0.15906366704178285
0.2258434212239792
0.2939643281811608
0.3631711748101502
0.43265510900414256
0.5009623871724133
0.5660805087845797
0.6257733476757756
0.6781111852816741
0.7219496285180366
0.7571112272939248
0.7842165748586676
0.8043310890208151
0.818620007048174
0.8281144781823554
0.8335894150136628
0.8355239745132954
0.8340916063857514
0.8291640481937742
0.8203073757013241
0.8067882056852268
0.787609015883041
0.7616126152813264
0.7276987951040633
0.6851568748140416
0.6340291658290635
0.5753187322255358
0.5108645041999522
0.44289234802606153
0.3734759234546042
0.30416134665400846
0.23585188020237613
0.16887471042410945
0.10313200638066643
0.038251613429458944
-0.026288105408117848
-0.09106345491965448
-0.15661204354529884
-0.22334288687852658
-0.291415869498231
-0.3605937405264597
-0.43008874342122433
-0.49847294610612947
-0.5637487510987332
-0.6236803688914183
-0.6763172644621935
-0.720479474263458
-0.7559555346056916
-0.7833413408629927
-0.8036938147553702
-0.8181790123637552
-0.8278350374705231
-0.8334485162987495
-0.8355095227215111
-0.834202133018754
-0.8294099260582796
-0.820709927345214
-0.8073800973849611
-0.7884305972027821
-0.7627077410775616
-0.729103330609373
-0.6868854956931274
-0.6360637926947657
-0.5776060787390989
-0.5133253641638854
-0.4454440184722996
-0.3760494940373418
-0.3067112243388838
-0.23835535696052526
-0.1713283754235008
-0.10554556323647475
-0.040642126840201506
0.02390065227332055
0.0886568551979884
0.15416824416085625
0.22085116647564895
0.2888754904092018
0.35802220548894254
0.4275275040118816
0.4959853369671079
0.5614160455670129
0.6215840239601225
0.674517693231547
0.7190035697047693
0.7547945070798345
0.7824633351644346
0.8030554333032265
0.8177373597258405
0.8275571233262843
0.8333095699317845
0.8354966383078906
0.834314501861287
0.8296566452667931
0.8211127582557163
0.8079705038242899
0.789249263488522
0.7637978157441934
0.730502213075487
0.6886090499899017
0.6380946997988876
0.5798912186668099
0.5157877233826382
0.4480002189134092
0.3786302046370514
0.30926900283560166
0.24086741813898152
0.17379097622615702
0.10796747403519585
0.04303982856905647
-0.02150620281085359
-0.08624455130082814
-0.15171929427134434
-0.21835359189055897
-0.2863290119385562
-0.35544395544796303
-0.4249571245067269
-0.49348668229684356
-0.5590687159206159
-0.619470177657452
-0.6726988699870984
-0.7175085421277735
-0.7536156014834232
-0.7815677787075486
-0.802401055875689
-0.8172822359049634
-0.8272653753098562
-0.8331582766444295
-0.8354720417895196
-0.8344143868211302
-0.8298911147582615
-0.8215020687242695
-0.8085455564927657
-0.7900515664546496
-0.7648704024832265
-0.7318813081432956
-0.690312672088744
-0.6401072251487466
-0.5821607122261706
-0.51823769452664
-0.4505462075542798
-0.3812026311449581
-0.3118203920642132
-0.24337358893363029
-0.17624674950139563
-0.11038167921580604
-0.04542998182908089
0.01912043481557953
0.08384142745518955
0.14928038425825751
0.21586659142993722
0.28379303366199554
0.35287539856889266
0.422394426679794
0.49099245260666946
0.5567235719501591
0.6173556839103864
0.6708775923451771
0.7160098397606106
0.7524340003351632
0.7806719869221966
0.8017473648833846
0.8168297009422933
0.8269781548390789
0.8330105123263885
0.835451801694769
0.8345195190652851
0.8301293296507013
0.821894261149967
0.8091235127605766
0.7908534200020579
0.7659409660532576
0.733258464599105
0.692014080857039
0.6421183562054769
0.5844325643749627
0.5206913582249338
0.4531009746140853
0.3837850843420062
0.3143830391192818
0.24589177579330673
0.17871439558495272
0.1128077808559299
0.04783104423012227
-0.016724091320817112
-0.08142814600007395
-0.14683270184020725
-0.21337055366856275
-0.2812475629908336
-0.3502963089333646
-0.41981929717505523
-0.4884829425256109
-0.5543596409346664
-0.6152192942009728
-0.6690340991966839
-0.7144884037896004
-0.7512290169929982
-0.7797541660162395
-0.801074385297028
-0.8163582067503563
-0.8266731390205244
-0.8328476018482359
-0.8354152125322246
-0.8346074622214235
-0.8303505918691702
-0.8222678643364134
-0.8096806094365971
-0.7916343397981799
-0.7669894754951133
-0.7346115165215771
-0.6936909950750929
-0.6441071197665335
-0.5866820613641648
-0.5231274832505123
-0.4556390053248682
-0.38635485370498013
-0.31693400741672806
-0.2483984705575577
-0.18117121829134536
-0.1152222260619723
-0.050218962951967296
0.014341807466165845
0.07903058347684189
0.144399260711313
0.2108900227282759
0.27871879206355643
0.3477329904046359
0.41725778866078383
0.4859842466101287
0.5520035687824251
0.6130880880686636
0.6671931001803892
0.7129690053094326
0.7500287767967848
0.7788418556535512
0.8004077558757776
0.8158952101731318
0.8263777969439102
0.8326937788327758
0.8353898035026232
0.8347060092293564
0.8305819707920135
0.8226513368963642
0.8102469967856923
0.792422753413187
0.7680429278509389
0.7359697311338944
0.6953724033953171
0.6461008944738152
0.5889402525738612
0.5255759147889717
0.45819302768233494
0.38894182956859874
0.31950466141365425
0.2509249738733917
0.1836478252175497
0.11765574757292156
0.05262573796962156
-0.011941392757283927
-0.07661470141615201
-0.14195022776133773
-0.208393709122603
-0.27617185141689327
-0.3451502639833248
-0.4146753908938671
-0.48346262648010657
-0.5496210015854001
-0.6109277067455426
-0.6653201202381895
-0.7114181195130723
-0.7487957853513152
-0.7778993728061131
-0.7997130494601485
-0.8154047570694931
-0.8260558847492162
-0.8325141938633902
-0.8353381644483204
-0.8347799507049013
-0.830786758030206
-0.8230075607361274
-0.8107832692319721
-0.793178911964378
-0.7690627969053214
-0.7372917346135303
-0.6970189730424999
-0.648060376620342
-0.5911671261273358
-0.527993930468739
-0.46071915096824206
-0.3915037272082332
-0.32205019751085917
-0.25342789918593
-0.18609982853095658
-0.12006392870609278
-0.055007069568560364
0.00956735865470034
0.07422682191851848
0.13952889213810704
0.20592538675858885
0.27365428875001435
0.3425962810470513
0.4121202238312125
0.4809653020065535
0.547260933092937
0.60878660148702
0.6634652049998069
0.7098834639705146
0.7475811770335541
0.7769750062620379
0.7990389748018931
0.8149374406094448
0.8257587216392648
0.8323608336539924
0.8353124558516039
0.8348784125742092
0.8310175665551396
0.8233882705942855
0.8113445487988006
0.7939590936356469
0.7701053152699749
0.7386369627433116
0.6986875009503198
0.6500426820192502
0.593419016310727
0.5304414705269966
0.463279195103159
0.3941013110430699
0.32463412819775656
0.25596934386429243
0.18859126910221302
0.12251302901252029
0.05742702486317342
-0.007154586276617352
-0.07180119049948595
-0.13706938927101714
-0.20341904271625763
-0.27109782737282234
-0.3400024921312188
-0.4095233413902696
-0.47842276640807596
-0.5448502766354454
-0.6065929752305743
-0.6615557541062762
-0.7082942683118838
-0.7463126022273624
-0.7759991157450751
-0.7983124461983425
-0.8144187211199122
-0.8254111095459878
-0.8321566771125042
-0.8352370937934642
-0.8349264777304392
-0.8311968100783909
-0.8237162895620095
-0.8118502907937903
-0.794681727468775
-0.7710891935630981
-0.7399201158576344
-0.7002924129651478
-0.6519634569017386
-0.5956106499977709
-0.5328309723492436
-0.46578301276838024
-0.39664422113027525
-0.32716431561247905
-0.2584571954969734
-0.191029352777795
-0.12490495570027871
-0.05979063358834724
0.004800336813200872
0.06943377388513446
0.13467120217389708
0.20097453453315003
0.2686047554136285
0.33747137242399194
0.4069881664097786
0.47594061345459104
0.542499185429005
0.604454943805349
0.6597001847851365
0.7067590005229255
0.7450967401200309
0.775078292734117
0.797644563408389
0.8139610386177932
0.8251260799556115
0.8320170235409349
0.8352265202563579
0.8350416308155556
0.8314430325986206
0.8241117370549423
0.8124236633238268
0.7954712641652558
0.7721371214945577
0.7412681116251315
0.7019645038659504
0.6539525905585261
0.5978739825779731
0.5352966980457401
0.46836747088382147
0.39927333316495045
0.32978238368856744
0.26103405149684483
0.19355655602989974
0.12738958639244766
0.06224480476610812
-0.00235360557193615
-0.06697482633097436
-0.13217923098600867
-0.19843716801065556
-0.2660151559365022
-0.334842454448392
-0.4043518416297113
-0.4733526695487738
-0.5400381340172793
-0.6022033102370631
-0.6577283022309752
-0.7051048349662659
-0.743763889738388
-0.774038985177306
-0.7968591427424813
-0.8133848548791783
-0.8247224029834874
-0.8317587631256173
-0.8350970333598449
-0.8350344042945792
-0.831564779823572
-0.8243795543068593
-0.8128671285638058
-0.7961266200296552
-0.7730487614500471
-0.7424758762722905
-0.7034934974015744
-0.655797118275626
-0.5999933706861093
-0.5376186428260602
-0.47080813281200573
-0.4017571899842696
-0.3322543061551612
-0.2634646285226447
-0.1959353045161455
-0.12972120117660998
-0.06454648445077368
0.00006536166334316143
0.06467675056781055
0.129852057594852
0.19606655588480348
0.26359720480094184
0.3323847291779597
0.40188855116877453
0.4709390650521634
0.5377493142417133
0.6001245358694044
0.6559277799564245
0.7036244450042993
0.742607550503446
0.7731813064873071
0.7962591061505581
0.8129990030492149
0.8245132317740103
0.8316991125112114
0.8351682511038443
0.8352321039192403
0.8318953616259722
0.8248600288515701
0.8135243250775475
0.7969993750866681
0.7741810539844577
0.7439076551233356
0.7052504444396647
0.6578745870673011
0.6023522994760712
0.5401885010611063
0.47350514368367297
0.404506749994802
0.3349990273628371
0.26617373219760554
0.19859787168151033
0.13234173527246001
0.06713976423853002
0.002521538463432408
-0.0620764556380517
-0.12721840271895235
-0.1933835988406469
-0.2608586595494387
-0.3296043811940811
-0.3990923039216252
-0.46818499204458247
-0.5351120564944425
-0.5976870010098394
-0.6537633618377865
-0.701772720094112
-0.7410735236414514
-0.7719396156537275
-0.7952716524873152
-0.8122200321653555
-0.823904660593148
-0.8312324899310565
-0.8348282751281126
-0.8350098317747963
-0.8317958620993885
-0.8249002055387873
-0.813730531661723
-0.7974113337628133
-0.7748390607931087
-0.7448530696058087
-0.7065079241901147
-0.6594427139924843
-0.6041917000046041
-0.5422305489570983
-0.47566482496100876
-0.4067064238948369
-0.33718269736078743
-0.2683095764148154
-0.20067304919135484
-0.1343619588787628
-0.06911694450135626
-0.004476179987670403
0.060122180455520154
0.12524526346155349
0.19137609149256066
0.25881209987676973
0.3275283034185086
0.39701707744815085
0.46616402030714055
0.533219058851078
0.5960077601987512
0.6523693368266014
0.7007082194036697
0.7403435676825758
0.7715228185118663
0.79512663050732
0.8123063646280353
0.8241829863640926
0.8316753599029597
0.8354176056239871
0.8357426230727774
0.8326749210046112
0.8259429861336152
0.8149661211537834
0.7988768765065276
0.7765788535683961
0.746910980426507
0.7089121553663473
0.6621940471526143
0.6072515664423099
0.545531166902352
0.47912543211858916
0.4102497668706901
0.34075319810132837
0.27187153732555747
0.20421877652956227
0.1378951141395986
0.07265433133632769
0.008035443905353358
-0.05651741689499141
-0.12157254144658992
-0.1876218444819291
-0.25496749044858213
-0.3236011959761023
-0.3930356004819899
-0.4621803721673578
-0.5293075294660698
-0.5922495489448998
-0.6488361065974598
-0.6974415081492187
-0.7373507828376399
-0.7687775679912225
-0.7925861673321587
-0.8099249236176864
-0.8219194795807727
-0.829496167257255
-0.8333014270411776
-0.8336790144268611
-0.830664287555833
-0.823997812037791
-0.8131063745261856
-0.7971360157972347
-0.7749945857317224
-0.7455179126447411
-0.7077311830500402
-0.6612191173712366
-0.6064418689626435
-0.5448120491046834
-0.47840733061261814
-0.4094470932855122
-0.33980153090059956
-0.2707346104178119
-0.2028736210463349
-0.13633819378684223
-0.07089214330701242
-0.006079054244131006
0.05865242395101391
0.1238770554991631
0.19008508426550472
0.2575936668616391
0.326406261781836
0.3960576868243301
0.4654795321010556
0.5329701432178072
0.5963694110795285
0.6534994760472511
0.7027096141387567
0.7432487295485095
0.7753014765580561
0.799720131220791
0.817645771626092
0.8302133599463815
0.8383601206589785
0.8427447668183966
0.843724676647338
0.8413501105989325
0.8353722474978338
0.8252423158677255
0.810108460900949
0.7888974781701668
0.7604459162516147
0.7237741736766281
0.6784379029272207
0.6248662299460301
0.5644427975584854
0.49923244137282663
0.43146347576234123
0.3630280638411714
0.2952183285842395
0.22869506919821528
0.16359923938245988
0.09971155360818268
0.0365905494539838
-0.026308796496727214
-0.08954952342496578
-0.15362343916516605
-0.21884110078314337
-0.28520748823181347
-0.352270801935078
-0.41897142957471245
-0.4836138847498314
-0.5440344249298344
-0.5980197570587996
-0.643862034113456
-0.6807387726784282
-0.7087652323332972
-0.7287344165124716
-0.741743940372651
-0.748891656444696
-0.7510822240258412
-0.748939577196908
-0.7427805336489837
-0.7326053652099385
-0.7180994764221478
-0.6986368907061912
-0.6732983768915214
-0.6409329674353749
-0.6003232356226333
-0.550471630893113
-0.49099354489849184
-0.42247914548403726
-0.3466146308970839
-0.26594019386787426
-0.18335030136786204
-0.10162953377190323
-0.023174498018301095
0.05012673787114098
0.11699761253497584
0.17692529803039378
0.23026006639195626
0.2781060179745161
0.3219141972966078
0.3629089376534739
0.40160234260227423
0.4375537549388875
0.4694951113971937
0.4957074904858893
0.5144782231916967
0.5243628868916372
0.5242522051823646
0.5133527290318874
0.49119991851878975
0.45779667239459354
0.4138353034683286
0.3608541002761784
0.3012292624109878
0.23792939398204138
0.17416327362838868
0.11304924319072103
0.05735043767665724
0.009252112173578247
-0.029872686395916812
-0.05963077512658792
-0.08059742615938902
-0.09402995535981558
-0.10149963643747216
-0.10454075165801323
-0.10446542533557805
-0.10229067360746373
-0.09877437816188049
-0.09444968640124048
-0.08968804824345036
-0.08474073822384343
-0.07977996198309739
-0.07491163601008134
-0.07020993584803842
-0.06571571820174257
-0.061450719761936425
-0.05743032654067509
-0.05365493265939637
-0.05012039453517718
-0.04681881226272317
-0.043741610208601095
-0.04087521582539834
-0.038210017007153256
-0.035731168466318367
-0.03342670687194582
-0.03128835871092501
-0.029302685001944967
-0.02745570522923421
-0.025740026920882855
-0.024147551455466362
-0.02266446062581108
-0.021288344619260137
-0.020004717027807695
-0.01881243066117598
-0.017700686801416326
-0.01666604422406908
-0.015701589978058143
-0.014801135594151022
-0.013960719946415323
-0.013178481230438776
-0.012444975183209507
-0.011759419232235172
-0.011119618943012865
-0.010520560349875818
-0.009960381239879496
-0.009433181524741022
-0.008940911050170641
-0.008479149805344786
-0.008045168755864723
-0.0076355037175689444
-0.007253387043055631
-0.006893140097864634
-0.006553380805241346
-0.006236052669237027
-0.005934630657588248
-0.005651805334945876
-0.005384166235586218
-0.005131815881778802
-0.004894768093570661
-0.004671386316426717
-0.004458753931852649
-0.004256777736239411
-0.0040677611590495735
-0.0038877301923560302
-0.003717100786108973
-0.003557394583678573
-0.0034049580237848517
-0.003260293802595286
-0.0031223509948518605
-0.0029926082700906347
-0.0028680548362656007
-0.002750486417290308
-0.0026389541121260044
-0.0025338013303143354
-0.0024312079140036066
-0.0023362109066282387
-0.002242885429561396
-0.002157186768805861
-0.0020738501665486632
-0.001995128620188732
-0.0019191544344882405
-0.0018468550356167325
-0.001778684931081654
-0.0017137436029858004
-0.0016501738404378651
-0.0015896908660125659
-0.0015315129685109549
-0.001478165383305429
-0.0014250953703447342
-0.0013758123464712385
-0.0013272827020838298
-0.0012818526304664926
-0.0012390899689099673
-0.0011963642143032374
-0.001156091771026631
-0.0011161587196349336
-0.0010804955284885534
-0.0010445285002608046
-0.0010101239715990435
-0.0009782534875874957
-0.0009465288906971206
-0.0009159153989521718
-0.0008868340596696625
-0.0008573917370985605
-0.0008323933702864522
-0.0008060748553414918
-0.0007801890847082606
-0.0007574097058171737
-0.000733600692598694
-0.0007123049214417312
-0.0006906325655327192
-0.000670036532002706
-0.0006498328503422295
-0.0006322568981366008
-0.0006125338732990275
-0.0005955289495969385
-0.0005786056193930903
-0.0005612471706949444
-0.0005466374244413693
-0.0005300462700773042
-0.0005159859342666567
-0.0005002870283577471
-0.00048751442033300954
-0.000474417281802765
-0.00046128741791279774
-0.00044866417729188304
-0.00043804057109938426
-0.00042514707243710104
-0.0004135094214898479
-0.00040278453642099524
-0.00039194609974686767
-0.0003814333748356226
-0.0003730406304996605
-0.00036110637771318005
-0.00035478454365640193
-0.0003444253507429297
-0.0003355879886696706
-0.0003280690105648795
-0.0003179295810432929
-0.000310738609807026
-0.00030469592555291465
-0.00029573700384304553
-0.00028792233275501714
-0.00028144790994214577
-0.00027463273170183575
-0.00026975026923307943
-0.00026175081753596454
-0.0002545239206624785
-0.000250905834498514
-0.0002432400960183576
-0.00023865691905525945
-0.00023220259035971528
-0.00022768776444868498
-0.0002217372521788198
-0.000216871272741386
-0.00021223446471642954
-0.0002060501813518328
-0.00020286671666765565
-0.00019802957500876167
-0.0001931836230896239
-0.0001895434137838927
-0.00018562011915212429
-0.00018143481725941787
-0.00017771542134889902
-0.00017375463013643406
-0.00016869554252913957
-0.0001674068592179304
-0.00016367451065092163
-0.0001595963762625268
-0.00015767928124244118
-0.00015217248680399014
-0.00014887336954349384
-0.00014609638615696545
-0.0001450217059802261
-0.00014188237229066024
-0.00013848255530384763
-0.00013381405159088546
-0.00013072118902702527
-0.00013010136735192542
-0.00012528834955958707
-0.00012448576846081524
-0.0001229002898426189
-0.0001195096773517673
-0.0001172271087445852
-0.0001138859019957219
-0.00011305542889745036
-0.00011147501757585985
-0.00010832245527483249
-0.00010712854007361718
-0.0001044052559966977
-0.00010233808698272664
-0.0000983760366596973
-0.00009814455334852243
-0.00009743119717213457
-0.00009555355107149768
-0.00009429808024459524
-0.0000902144559237101
-0.0000886004564285862
-0.00008831602925503856
-0.00008804523538777882
-0.00008503359492905833
-0.00008266867070708234
-0.0000815122339576717
-0.00007979740232128174
-0.00007841548475481713
-0.00007857703562130405
-0.00007549191800375264
-0.0000756701839729994
-0.00007418869795110757
-0.0000718943389985441
-0.00007028117968744663
-0.00007086194066300453
-0.0000698243900446862
-0.00006593597675382828
-0.00006572026397909313
-0.00006485948477859088
-0.00006471014852848195
-0.00006379345637865925
-0.00006178816397758089
-0.000060228462162096536
-0.00005831693341984271
-0.000059763443952972065
-0.000057430748581015796
-0.00005884040137374284
-0.00005592238532884231
-0.00005516830458467333
-0.00005475888464342639
-0.000054844608808421704
-0.00005150332805168377
-0.00005146488596406705
-0.000050447365466855136
-0.000050092273416507805
-0.00004957570120941465
-0.000048088201180316985
-0.000047323458225854275
-0.000048256094990140686
-0.000045727549280554754
-0.0000451448114337624
-0.000042435438084728205
-0.00004531094390794761
-0.0000437738456515108
-0.00004230580305005368
-0.00004262263740167759
-0.000041778591235753585
-0.00004059173693883327
-0.00004051168684365634
-0.000038625560014105425
-0.00003947742787353229
-0.00003944266630079252
-0.000038182467899084124
-0.00003695711972142569
-0.00003730926664428762
-0.000035951685280986195
-0.00003528139378715314
-0.00003346627036851964
