0
0
0
0
0
0
0
0
0
0
0
0
0
0
0
0
0
0
0
0
0
0
0
0
0
0
0
0
0
0
0
0
0
0
0
0
0
0
0
0.000171200729896353
0.000658089103871511
0.00142198939223453
0.00242605908142913
0.00363525540440212
0.00501630187097189
0.00653765479819687
0.00816946984074397
0.00988356852125704
0.0116534047607253
0.013454031408852
0.0152620667744225
0.0170556611556731
0.0188144633706594
0.0205195872876244
0.0221535783553677
0.0237003801336132
0.025145300823378
0.0264749797973409
0.0276773541302103
0.0287416251290936
0.0296582248638647
0.0304187826975331
0.0310160918166122
0.0314440757614875
0.0316977549567854
0.0317732132417415
0.0316675644005692
0.0313789186928279
0.0309063493837916
0.0302498592748175
0.0294103472337142
0.0283895747251105
0.0271901323408235
0.025815406330227
0.0242695451306206
0.0225574258975974
0.020684621035413
0.0186573647273535
0.0164825194661046
0.0141675425841192
0.0117204527839868
0.00914979666880102
0.00646461527252905
0.00367441059037891
0.000789112109169314
-0.00218095666230297
-0.00522511166289433
-0.00833234174874564
-0.011491342162914
-0.0146905480050043
-0.0179181677008006
-0.0211622164718981
-0.0244105498053339
-0.027650896923219
-0.0308708942523703
-0.0340581188939412
-0.0372001220930541
-0.0402844627084305
-0.0432987406820246
-0.0462306305086532
-0.0490679147056278
-0.0517985172823862
-0.0544105372101235
-0.0568922818914251
-0.0592323006298959
-0.0614194180997943
-0.0634427678156627
-0.0652918256019569
-0.0669564430626829
-0.0684268810510226
-0.0696938431389688
-0.0707485090869564
-0.0715825683134929
-0.0721882533647908
-0.072558373384399
-0.0726863475828332
-0.0725662387072098
-0.0721927865108747
-0.0715614412230365
-0.0706683970183993
-0.0695106254867897
-0.0680859091027941
-0.0663928746953872
-0.0644310269175619
-0.0622007817159631
-0.059703499800521
-0.0569415201140775
-0.0539181933020239
-0.0506379151819247
-0.0471061602131624
-0.0433295149665498
-0.0393157115939773
-0.0350736612980418
-0.0306134878016704
-0.0259465608177609
-0.0210855295188077
-0.0160443560065353
-0.0108383487815327
-0.00548419621287888
-7.91806597156093e-12
0.00554282408454466
0.0111179701033959
0.0167511601679993
0.022457063716831
0.028237852202463
0.0340841644832844
0.0399772123622294
0.0458909092267658
0.0517934056713916
0.0576478693496561
0.0634126287785101
0.0690409541962012
0.0744808504482239
0.0796753335248047
0.0845637387992825
0.0890845693611129
0.0931800751162071
0.0968020474999585
0.0999173970538512
0.102511533589406
0.104588009041356
0.106164261174893
0.107264755907289
0.107913501707362
0.108127681572666
0.107913499732074
0.107264751956275
0.106164255248326
0.104588001139233
0.102511523711697
0.0999173852000819
0.0968020336697873
0.0931800593089729
0.0890845515760718
0.0845637190351745
0.079675311780732
0.0744808267231236
0.0690409284889464
0.0634126010877984
0.0576478396743051
0.0517933740097715
0.0458908755779943
0.0399771767246572
0.0340841268558161
0.028237812583023
0.0224570221043008
0.0167511165608488
0.0111179244993604
0.00554277648161572
-4.96120902052756e-08
-0.00554287570787228
-0.0111180237329589
-0.0167512158063893
-0.0224571213669311
-0.0282379118669934
-0.0340842261654304
-0.0399772760643519
-0.0458909749523811
-0.0517934734232493
-0.0576479391313345
-0.0634127005923215
-0.0690410280463256
-0.074480926336684
-0.0796754114559656
-0.0845638187764422
-0.089084651387388
-0.0931801591943277
-0.0968021336342699
-0.0999174852466883
-0.10251162384343
-0.104588101359504
-0.106164355560619
-0.107264852363658
-0.107913600238218
-0.108127782181249
-0.107913602422396
-0.107264856733103
-0.106164362115403
-0.10458811010111
-0.10251163477288
-0.0999174983644142
-0.0968021489412505
-0.0931801766903931
-0.0890846710706071
-0.0845638406466634
-0.079675435511671
-0.0744809525768041
-0.0690410564686823
-0.0634127311964615
-0.0576479719151717
-0.0517935083862418
-0.0458910120923435
-0.0399773153801882
-0.0340842676542989
-0.0282379555267336
-0.0224571671955912
-0.0167512638014246
-0.0111180738916909
-0.00554292802960738
-7.91806597156093e-12
0.00554282408454466
0.0111179701033959
0.0167511601679993
0.022457063716831
0.028237852202463
0.0340841644832844
0.0399772123622294
0.0458909092267658
0.0517934056713916
0.0576478693496561
0.0634126287785101
0.0690409541962012
0.0744808504482239
0.0796753335248047
0.0845637387992825
0.0890845693611129
0.0931800751162071
0.0968020474999585
0.0999173970538512
0.102511533589406
0.104588009041356
0.106164261174893
0.107264755907289
0.107913501707362
0.108127681572666
0.107913499732074
0.107264751956275
0.106164255248326
0.104588001139233
0.102511523711697
0.0999173852000819
0.0968020336697873
0.0931800593089729
0.0890845515760718
0.0845637190351745
0.079675311780732
0.0744808267231236
0.0690409284889464
0.0634126010877984
0.0576478396743051
0.0517933740097715
0.0458908755779943
0.0399771767246572
0.0340841268558161
0.028237812583023
0.0224570221043008
0.0167511165608488
0.0111179244993604
0.00554277648161572
-4.96120902052756e-08
-0.00554287570787228
-0.0111180237329589
-0.0167512158063893
-0.0224571213669311
-0.0282379118669934
-0.0340842261654304
-0.0399772760643519
-0.0458909749523811
-0.0517934734232493
-0.0576479391313345
-0.0634127005923215
-0.0690410280463256
-0.074480926336684
-0.0796754114559656
-0.0845638187764422
-0.089084651387388
-0.0931801591943277
-0.0968021336342699
-0.0999174852466883
-0.10251162384343
-0.104588101359504
-0.106164355560619
-0.107264852363658
-0.107913600238218
-0.108127782181249
-0.107913602422396
-0.107264856733103
-0.106164362115403
-0.10458811010111
-0.10251163477288
-0.0999174983644142
-0.0968021489412505
-0.0931801766903931
-0.0890846710706071
-0.0845638406466634
-0.079675435511671
-0.0744809525768041
-0.0690410564686823
-0.0634127311964615
-0.0576479719151717
-0.0517935083862418
-0.0458910120923435
-0.0399773153801882
-0.0340842676542989
-0.0282379555267336
-0.0224571671955912
-0.0167512638014246
-0.0111180738916909
-0.00554292802960738
-7.91806597156093e-12
0.00554282408454466
0.0111179701033959
0.0167511601679993
0.022457063716831
0.028237852202463
0.0340841644832844
0.0399772123622294
0.0458909092267658
0.0517934056713916
0.0576478693496561
0.0634126287785101
0.0690409541962012
0.0744808504482239
0.0796753335248047
0.0845637387992825
0.0890845693611129
0.0931800751162071
0.0968020474999585
0.0999173970538512
0.102511533589406
0.104588009041356
0.106164261174893
0.107264755907289
0.107913501707362
0.108127681572666
0.107913499732074
0.107264751956275
0.106164255248326
0.104588001139233
0.102511523711697
0.0999173852000819
0.0968020336697873
0.0931800593089729
0.0890845515760718
0.0845637190351745
0.079675311780732
0.0744808267231236
0.0690409284889464
0.0634126010877984
0.0576478396743051
0.0517933740097715
0.0458908755779943
0.0399771767246572
0.0340841268558161
0.028237812583023
0.0224570221043008
0.0167511165608488
0.0111179244993604
0.00554277648161572
-4.96120902052756e-08
-0.00554287570787228
-0.0111180237329589
-0.0167512158063893
-0.0224571213669311
-0.0282379118669934
-0.0340842261654304
-0.0399772760643519
-0.0458909749523811
-0.0517934734232493
-0.0576479391313345
-0.0634127005923215
-0.0690410280463256
-0.074480926336684
-0.0796754114559656
-0.0845638187764422
-0.089084651387388
-0.0931801591943277
-0.0968021336342699
-0.0999174852466883
-0.10251162384343
-0.104588101359504
-0.106164355560619
-0.107264852363658
-0.107913600238218
-0.108127782181249
-0.107913602422396
-0.107264856733103
-0.106164362115403
-0.10458811010111
-0.10251163477288
-0.0999174983644142
-0.0968021489412505
-0.0931801766903931
-0.0890846710706071
-0.0845638406466634
-0.079675435511671
-0.0744809525768041
-0.0690410564686823
-0.0634127311964615
-0.0576479719151717
-0.0517935083862418
-0.0458910120923435
-0.0399773153801882
-0.0340842676542989
-0.0282379555267336
-0.0224571671955912
-0.0167512638014246
-0.0111180738916909
-0.00554292802960738
-7.91806597156093e-12
0.00554282408454466
0.0111179701033959
0.0167511601679993
0.022457063716831
0.028237852202463
0.0340841644832844
0.0399772123622294
0.0458909092267658
0.0517934056713916
0.0576478693496561
0.0634126287785101
0.0690409541962012
0.0744808504482239
0.0796753335248047
0.0845637387992825
0.0890845693611129
0.0931800751162071
0.0968020474999585
0.0999173970538512
0.102511533589406
0.104588009041356
0.106164261174893
0.107264755907289
0.107913501707362
0.108127681572666
0.107913499732074
0.107264751956275
0.106164255248326
0.104588001139233
0.102511523711697
0.0999173852000819
0.0968020336697873
0.0931800593089729
0.0890845515760718
0.0845637190351745
0.079675311780732
0.0744808267231236
0.0690409284889464
0.0634126010877984
0.0576478396743051
0.0517933740097715
0.0458908755779943
0.0399771767246572
0.0340841268558161
0.028237812583023
0.0224570221043008
0.0167511165608488
0.0111179244993604
0.00554277648161572
-4.96120902052756e-08
-0.00554287570787228
-0.0111180237329589
-0.0167512158063893
-0.0224571213669311
-0.0282379118669934
-0.0340842261654304
-0.0399772760643519
-0.0458909749523811
-0.0517934734232493
-0.0576479391313345
-0.0634127005923215
-0.0690410280463256
-0.074480926336684
-0.0796754114559656
-0.0845638187764422
-0.089084651387388
-0.0931801591943277
-0.0968021336342699
-0.0999174852466883
-0.10251162384343
-0.104588101359504
-0.106164355560619
-0.107264852363658
-0.107913600238218
-0.108127782181249
-0.107913602422396
-0.107264856733103
-0.106164362115403
-0.10458811010111
-0.10251163477288
-0.0999174983644142
-0.0968021489412505
-0.0931801766903931
-0.0890846710706071
-0.0845638406466634
-0.079675435511671
-0.0744809525768041
-0.0690410564686823
-0.0634127311964615
-0.0576479719151717
-0.0517935083862418
-0.0458910120923435
-0.0399773153801882
-0.0340842676542989
-0.0282379555267336
-0.0224571671955912
-0.0167512638014246
-0.0111180738916909
-0.00554292802960738
-7.91806597156093e-12
0.00554282408454466
0.0111179701033959
0.0167511601679993
0.022457063716831
0.028237852202463
0.0340841644832844
0.0399772123622294
0.0458909092267658
0.0517934056713916
0.0576478693496561
0.0634126287785101
0.0690409541962012
0.0744808504482239
0.0796753335248047
0.0845637387992825
0.0890845693611129
0.0931800751162071
0.0968020474999585
0.0999173970538512
0.102511533589406
0.104588009041356
0.106164261174893
0.107264755907289
0.107913501707362
0.108127681572666
0.107913499732074
0.107264751956275
0.106164255248326
0.104588001139233
0.102511523711697
0.0999173852000819
0.0968020336697873
0.0931800593089729
0.0890845515760718
0.0845637190351745
0.079675311780732
0.0744808267231236
0.0690409284889464
0.0634126010877984
0.0576478396743051
0.0517933740097715
0.0458908755779943
0.0399771767246572
0.0340841268558161
0.028237812583023
0.0224570221043008
0.0167511165608488
0.0111179244993604
0.00554277648161572
-4.96120902052756e-08
-0.00554287570787228
-0.0111180237329589
-0.0167512158063893
-0.0224571213669311
-0.0282379118669934
-0.0340842261654304
-0.0399772760643519
-0.0458909749523811
-0.0517934734232493
-0.0576479391313345
-0.0634127005923215
-0.0690410280463256
-0.074480926336684
-0.0796754114559656
-0.0845638187764422
-0.089084651387388
-0.0931801591943277
-0.0968021336342699
-0.0999174852466883
-0.10251162384343
-0.104588101359504
-0.106164355560619
-0.107264852363658
-0.107913600238218
-0.108127782181249
-0.107913602422396
-0.107264856733103
-0.106164362115403
-0.10458811010111
-0.10251163477288
-0.0999174983644142
-0.0968021489412505
-0.0931801766903931
-0.0890846710706071
-0.0845638406466634
-0.079675435511671
-0.0744809525768041
-0.0690410564686823
-0.0634127311964615
-0.0576479719151717
-0.0517935083862418
-0.0458910120923435
-0.0399773153801882
-0.0340842676542989
-0.0282379555267336
-0.0224571671955912
-0.0167512638014246
-0.0111180738916909
-0.00554292802960738
-7.91806597156093e-12
0.00554282408454466
0.0111179701033959
0.0167511601679993
0.022457063716831
0.028237852202463
0.0340841644832844
0.0399772123622294
0.0458909092267658
0.0517934056713916
0.0576478693496561
0.0634126287785101
0.0690409541962012
0.0744808504482239
0.0796753335248047
0.0845637387992825
0.0890845693611129
0.0931800751162071
0.0968020474999585
0.0999173970538512
0.102511533589406
0.104588009041356
0.106164261174893
0.107264755907289
0.107913501707362
0.108127681572666
0.107913499732074
0.107264751956275
0.106164255248326
0.104588001139233
0.102511523711697
0.0999173852000819
0.0968020336697873
0.0931800593089729
0.0890845515760718
0.0845637190351745
0.079675311780732
0.0744808267231236
0.0690409284889464
0.0634126010877984
0.0576478396743051
0.0517933740097715
0.0458908755779943
0.0399771767246572
0.0340841268558161
0.028237812583023
0.0224570221043008
0.0167511165608488
0.0111179244993604
0.00554277648161572
-4.96120902052756e-08
-0.00554287570787228
-0.0111180237329589
-0.0167512158063893
-0.0224571213669311
-0.0282379118669934
-0.0340842261654304
-0.0399772760643519
-0.0458909749523811
-0.0517934734232493
-0.0576479391313345
-0.0634127005923215
-0.0690410280463256
-0.074480926336684
-0.0796754114559656
-0.0845638187764422
-0.089084651387388
-0.0931801591943277
-0.0968021336342699
-0.0999174852466883
-0.10251162384343
-0.104588101359504
-0.106164355560619
-0.107264852363658
-0.107913600238218
-0.108127782181249
-0.107913602422396
-0.107264856733103
-0.106164362115403
-0.10458811010111
-0.10251163477288
-0.0999174983644142
-0.0968021489412505
-0.0931801766903931
-0.0890846710706071
-0.0845638406466634
-0.079675435511671
-0.0744809525768041
-0.0690410564686823
-0.0634127311964615
-0.0576479719151717
-0.0517935083862418
-0.0458910120923435
-0.0399773153801882
-0.0340842676542989
-0.0282379555267336
-0.0224571671955912
-0.0167512638014246
-0.0111180738916909
-0.00554292802960738
-7.91806597156093e-12
0.00554282408454466
0.0111179701033959
0.0167511601679993
0.022457063716831
0.028237852202463
0.0340841644832844
0.0399772123622294
0.0458909092267658
0.0517934056713916
0.0576478693496561
0.0634126287785101
0.0690409541962012
0.0744808504482239
0.0796753335248047
0.0845637387992825
0.0890845693611129
0.0931800751162071
0.0968020474999585
0.0999173970538512
0.102511533589406
0.104588009041356
0.106164261174893
0.107264755907289
0.107913501707362
0.108127681572666
0.107913499732074
0.107264751956275
0.106164255248326
0.104588001139233
0.102511523711697
0.0999173852000819
0.0968020336697873
0.0931800593089729
0.0890845515760718
0.0845637190351745
0.079675311780732
0.0744808267231236
0.0690409284889464
0.0634126010877984
0.0576478396743051
0.0517933740097715
0.0458908755779943
0.0399771767246572
0.0340841268558161
0.028237812583023
0.0224570221043008
0.0167511165608488
0.0111179244993604
0.00554277648161572
-4.96120902052756e-08
-0.00554287570787228
-0.0111180237329589
-0.0167512158063893
-0.0224571213669311
-0.0282379118669934
-0.0340842261654304
-0.0399772760643519
-0.0458909749523811
-0.0517934734232493
-0.0576479391313345
-0.0634127005923215
-0.0690410280463256
-0.074480926336684
-0.0796754114559656
-0.0845638187764422
-0.089084651387388
-0.0931801591943277
-0.0968021336342699
-0.0999174852466883
-0.10251162384343
-0.104588101359504
-0.106164355560619
-0.107264852363658
-0.107913600238218
-0.108127782181249
-0.107913602422396
-0.107264856733103
-0.106164362115403
-0.10458811010111
-0.10251163477288
-0.0999174983644142
-0.0968021489412505
-0.0931801766903931
-0.0890846710706071
-0.0845638406466634
-0.079675435511671
-0.0744809525768041
-0.0690410564686823
-0.0634127311964615
-0.0576479719151717
-0.0517935083862418
-0.0458910120923435
-0.0399773153801882
-0.0340842676542989
-0.0282379555267336
-0.0224571671955912
-0.0167512638014246
-0.0111180738916909
-0.00554292802960738
-7.91806597156093e-12
0.00554282408454466
0.0111179701033959
0.0167511601679993
0.022457063716831
0.028237852202463
0.0340841644832844
0.0399772123622294
0.0458909092267658
0.0517934056713916
0.0576478693496561
0.0634126287785101
0.0690409541962012
0.0744808504482239
0.0796753335248047
0.0845637387992825
0.0890845693611129
0.0931800751162071
0.0968020474999585
0.0999173970538512
0.102511533589406
0.104588009041356
0.106164261174893
0.107264755907289
0.107913501707362
0.108127681572666
0.107913499732074
0.107264751956275
0.106164255248326
0.104588001139233
0.102511523711697
0.0999173852000819
0.0968020336697873
0.0931800593089729
0.0890845515760718
0.0845637190351745
0.079675311780732
0.0744808267231236
0.0690409284889464
0.0634126010877984
0.0576478396743051
0.0517933740097715
0.0458908755779943
0.0399771767246572
0.0340841268558161
0.028237812583023
0.0224570221043008
0.0167511165608488
0.0111179244993604
0.00554277648161572
-4.96120902052756e-08
-0.00554287570787228
-0.0111180237329589
-0.0167512158063893
-0.0224571213669311
-0.0282379118669934
-0.0340842261654304
-0.0399772760643519
-0.0458909749523811
-0.0517934734232493
-0.0576479391313345
-0.0634127005923215
-0.0690410280463256
-0.074480926336684
-0.0796754114559656
-0.0845638187764422
-0.089084651387388
-0.0931801591943277
-0.0968021336342699
-0.0999174852466883
-0.10251162384343
-0.104588101359504
-0.106164355560619
-0.107264852363658
-0.107913600238218
-0.108127782181249
-0.107913602422396
-0.107264856733103
-0.106164362115403
-0.10458811010111
-0.10251163477288
-0.0999174983644142
-0.0968021489412505
-0.0931801766903931
-0.0890846710706071
-0.0845638406466634
-0.079675435511671
-0.0744809525768041
-0.0690410564686823
-0.0634127311964615
-0.0576479719151717
-0.0517935083862418
-0.0458910120923435
-0.0399773153801882
-0.0340842676542989
-0.0282379555267336
-0.0224571671955912
-0.0167512638014246
-0.0111180738916909
-0.00554292802960738
-7.91806597156093e-12
0.00554282408454466
0.0111179701033959
0.0167511601679993
0.022457063716831
0.028237852202463
0.0340841644832844
0.0399772123622294
0.0458909092267658
0.0517934056713916
0.0576478693496561
0.0634126287785101
0.0690409541962012
0.0744808504482239
0.0796753335248047
0.0845637387992825
0.0890845693611129
0.0931800751162071
0.0968020474999585
0.0999173970538512
0.102511533589406
0.104588009041356
0.106164261174893
0.107264755907289
0.107913501707362
0.108127681572666
0.107913499732074
0.107264751956275
0.106164255248326
0.104588001139233
0.102511523711697
0.0999173852000819
0.0968020336697873
0.0931800593089729
0.0890845515760718
0.0845637190351745
0.079675311780732
0.0744808267231236
0.0690409284889464
0.0634126010877984
0.0576478396743051
0.0517933740097715
0.0458908755779943
0.0399771767246572
0.0340841268558161
0.028237812583023
0.0224570221043008
0.0167511165608488
0.0111179244993604
0.00554277648161572
-4.96120902052756e-08
-0.00554287570787228
-0.0111180237329589
-0.0167512158063893
-0.0224571213669311
-0.0282379118669934
-0.0340842261654304
-0.0399772760643519
-0.0458909749523811
-0.0517934734232493
-0.0576479391313345
-0.0634127005923215
-0.0690410280463256
-0.074480926336684
-0.0796754114559656
-0.0845638187764422
-0.089084651387388
-0.0931801591943277
-0.0968021336342699
-0.0999174852466883
-0.10251162384343
-0.104588101359504
-0.106164355560619
-0.107264852363658
-0.107913600238218
-0.108127782181249
-0.107913602422396
-0.107264856733103
-0.106164362115403
-0.10458811010111
-0.10251163477288
-0.0999174983644142
-0.0968021489412505
-0.0931801766903931
-0.0890846710706071
-0.0845638406466634
-0.079675435511671
-0.0744809525768041
-0.0690410564686823
-0.0634127311964615
-0.0576479719151717
-0.0517935083862418
-0.0458910120923435
-0.0399773153801882
-0.0340842676542989
-0.0282379555267336
-0.0224571671955912
-0.0167512638014246
-0.0111180738916909
-0.00554292802960738
-7.91806597156093e-12
0.00554282408454466
0.0111179701033959
0.0167511601679993
0.022457063716831
0.028237852202463
0.0340841644832844
0.0399772123622294
0.0458909092267658
0.0517934056713916
0.0576478693496561
0.0634126287785101
0.0690409541962012
0.0744808504482239
0.0796753335248047
0.0845637387992825
0.0890845693611129
0.0931800751162071
0.0968020474999585
0.0999173970538512
0.102511533589406
0.104588009041356
0.106164261174893
0.107264755907289
0.107913501707362
0.108127681572666
0.107913499732074
0.107264751956275
0.106164255248326
0.104588001139233
0.102511523711697
0.0999173852000819
0.0968020336697873
0.0931800593089729
0.0890845515760718
0.0845637190351745
0.079675311780732
0.0744808267231236
0.0690409284889464
0.0634126010877984
0.0576478396743051
0.0517933740097715
0.0458908755779943
0.0399771767246572
0.0340841268558161
0.028237812583023
0.0224570221043008
0.0167511165608488
0.0111179244993604
0.00554277648161572
-4.96120902052756e-08
-0.00554287570787228
-0.0111180237329589
-0.0167512158063893
-0.0224571213669311
-0.0282379118669934
-0.0340842261654304
-0.0399772760643519
-0.0458909749523811
-0.0517934734232493
-0.0576479391313345
-0.0634127005923215
-0.0690410280463256
-0.074480926336684
-0.0796754114559656
-0.0845638187764422
-0.089084651387388
-0.0931801591943277
-0.0968021336342699
-0.0999174852466883
-0.10251162384343
-0.104588101359504
-0.106164355560619
-0.107264852363658
-0.107913600238218
-0.108127782181249
-0.107913602422396
-0.107264856733103
-0.106164362115403
-0.10458811010111
-0.10251163477288
-0.0999174983644142
-0.0968021489412505
-0.0931801766903931
-0.0890846710706071
-0.0845638406466634
-0.079675435511671
-0.0744809525768041
-0.0690410564686823
-0.0634127311964615
-0.0576479719151717
-0.0517935083862418
-0.0458910120923435
-0.0399773153801882
-0.0340842676542989
-0.0282379555267336
-0.0224571671955912
-0.0167512638014246
-0.0111180738916909
-0.00554292802960738
-7.91806597156093e-12
0.00554282408454466
0.0111179701033959
0.0167511601679993
0.022457063716831
0.028237852202463
0.0340841644832844
0.0399772123622294
0.0458909092267658
0.0517934056713916
0.0576478693496561
0.0634126287785101
0.0690409541962012
0.0744808504482239
0.0796753335248047
0.0845637387992825
0.0890845693611129
0.0931800751162071
0.0968020474999585
0.0999173970538512
0.102511533589406
0.104588009041356
0.106164261174893
0.107264755907289
0.107913501707362
0.108127681572666
0.107913499732074
0.107264751956275
0.106164255248326
0.104588001139233
0.102511523711697
0.0999173852000819
0.0968020336697873
0.0931800593089729
0.0890845515760718
0.0845637190351745
0.079675311780732
0.0744808267231236
0.0690409284889464
0.0634126010877984
0.0576478396743051
0.0517933740097715
0.0458908755779943
0.0399771767246572
0.0340841268558161
0.028237812583023
0.0224570221043008
0.0167511165608488
0.0111179244993604
0.00554277648161572
-4.96120902052756e-08
-0.00554287570787228
-0.0111180237329589
-0.0167512158063893
-0.0224571213669311
-0.0282379118669934
-0.0340842261654304
-0.0399772760643519
-0.0458909749523811
-0.0517934734232493
-0.0576479391313345
-0.0634127005923215
-0.0690410280463256
-0.074480926336684
-0.0796754114559656
-0.0845638187764422
-0.089084651387388
-0.0931801591943277
-0.0968021336342699
-0.0999174852466883
-0.10251162384343
-0.104588101359504
-0.106164355560619
-0.107264852363658
-0.107913600238218
-0.108127782181249
-0.107913602422396
-0.107264856733103
-0.106164362115403
-0.10458811010111
-0.10251163477288
-0.0999174983644142
-0.0968021489412505
-0.0931801766903931
-0.0890846710706071
-0.0845638406466634
-0.079675435511671
-0.0744809525768041
-0.0690410564686823
-0.0634127311964615
-0.0576479719151717
-0.0517935083862418
-0.0458910120923435
-0.0399773153801882
-0.0340842676542989
-0.0282379555267336
-0.0224571671955912
-0.0167512638014246
-0.0111180738916909
-0.00554292802960738
-7.91806597156093e-12
0.00554282408454466
0.0111179701033959
0.0167511601679993
0.022457063716831
0.028237852202463
0.0340841644832844
0.0399772123622294
0.0458909092267658
0.0517934056713916
0.0576478693496561
0.0634126287785101
0.0690409541962012
0.0744808504482239
0.0796753335248047
0.0845637387992825
0.0890845693611129
0.0931800751162071
0.0968020474999585
0.0999173970538512
0.102511533589406
0.104588009041356
0.106164261174893
0.107264755907289
0.107913501707362
0.108127681572666
0.107913499732074
0.107264751956275
0.106164255248326
0.104588001139233
0.102511523711697
0.0999173852000819
0.0968020336697873
0.0931800593089729
0.0890845515760718
0.0845637190351745
0.079675311780732
0.0744808267231236
0.0690409284889464
0.0634126010877984
0.0576478396743051
0.0517933740097715
0.0458908755779943
0.0399771767246572
0.0340841268558161
0.028237812583023
0.0224570221043008
0.0167511165608488
0.0111179244993604
0.00554277648161572
-4.96120902052756e-08
-0.00554287570787228
-0.0111180237329589
-0.0167512158063893
-0.0224571213669311
-0.0282379118669934
-0.0340842261654304
-0.0399772760643519
-0.0458909749523811
-0.0517934734232493
-0.0576479391313345
-0.0634127005923215
-0.0690410280463256
-0.074480926336684
-0.0796754114559656
-0.0845638187764422
-0.089084651387388
-0.0931801591943277
-0.0968021336342699
-0.0999174852466883
-0.10251162384343
-0.104588101359504
-0.106164355560619
-0.107264852363658
-0.107913600238218
-0.108127782181249
-0.107913602422396
-0.107264856733103
-0.106164362115403
-0.10458811010111
-0.10251163477288
-0.0999174983644142
-0.0968021489412505
-0.0931801766903931
-0.0890846710706071
-0.0845638406466634
-0.079675435511671
-0.0744809525768041
-0.0690410564686823
-0.0634127311964615
-0.0576479719151717
-0.0517935083862418
-0.0458910120923435
-0.0399773153801882
-0.0340842676542989
-0.0282379555267336
-0.0224571671955912
-0.0167512638014246
-0.0111180738916909
-0.00554292802960738
-7.91806597156093e-12
0.00554282408454466
0.0111179701033959
0.0167511601679993
0.022457063716831
0.028237852202463
0.0340841644832844
0.0399772123622294
0.0458909092267658
0.0517934056713916
0.0576478693496561
0.0634126287785101
0.0690409541962012
0.0744808504482239
0.0796753335248047
0.0845637387992825
0.0890845693611129
0.0931800751162071
0.0968020474999585
0.0999173970538512
0.102511533589406
0.104588009041356
0.106164261174893
0.107264755907289
0.107913501707362
0.108127681572666
0.107913499732074
0.107264751956275
0.106164255248326
0.104588001139233
0.102511523711697
0.0999173852000819
0.0968020336697873
0.0931800593089729
0.0890845515760718
0.0845637190351745
0.079675311780732
0.0744808267231236
0.0690409284889464
0.0634126010877984
0.0576478396743051
0.0517933740097715
0.0458908755779943
0.0399771767246572
0.0340841268558161
0.028237812583023
0.0224570221043008
0.0167511165608488
0.0111179244993604
0.00554277648161572
-4.96120902052756e-08
-0.00554287570787228
-0.0111180237329589
-0.0167512158063893
-0.0224571213669311
-0.0282379118669934
-0.0340842261654304
-0.0399772760643519
-0.0458909749523811
-0.0517934734232493
-0.0576479391313345
-0.0634127005923215
-0.0690410280463256
-0.074480926336684
-0.0796754114559656
-0.0845638187764422
-0.089084651387388
-0.0931801591943277
-0.0968021336342699
-0.0999174852466883
-0.10251162384343
-0.104588101359504
-0.106164355560619
-0.107264852363658
-0.107913600238218
-0.108127782181249
-0.107913602422396
-0.107264856733103
-0.106164362115403
-0.10458811010111
-0.10251163477288
-0.0999174983644142
-0.0968021489412505
-0.0931801766903931
-0.0890846710706071
-0.0845638406466634
-0.079675435511671
-0.0744809525768041
-0.0690410564686823
-0.0634127311964615
-0.0576479719151717
-0.0517935083862418
-0.0458910120923435
-0.0399773153801882
-0.0340842676542989
-0.0282379555267336
-0.0224571671955912
-0.0167512638014246
-0.0111180738916909
-0.00554292802960738
-7.91806597156093e-12
0.00554282408454466
0.0111179701033959
0.0167511601679993
0.022457063716831
0.028237852202463
0.0340841644832844
0.0399772123622294
0.0458909092267658
0.0517934056713916
0.0576478693496561
0.0634126287785101
0.0690409541962012
0.0744808504482239
0.0796753335248047
0.0845637387992825
0.0890845693611129
0.0931800751162071
0.0968020474999585
0.0999173970538512
0.102511533589406
0.104588009041356
0.106164261174893
0.107264755907289
0.107913501707362
0.108127681572666
0.107913499732074
0.107264751956275
0.106164255248326
0.104588001139233
0.102511523711697
0.0999173852000819
0.0968020336697873
0.0931800593089729
0.0890845515760718
0.0845637190351745
0.079675311780732
0.0744808267231236
0.0690409284889464
0.0634126010877984
0.0576478396743051
0.0517933740097715
0.0458908755779943
0.0399771767246572
0.0340841268558161
0.028237812583023
0.0224570221043008
0.0167511165608488
0.0111179244993604
0.00554277648161572
-4.96120902052756e-08
-0.00554287570787228
-0.0111180237329589
-0.0167512158063893
-0.0224571213669311
-0.0282379118669934
-0.0340842261654304
-0.0399772760643519
-0.0458909749523811
-0.0517934734232493
-0.0576479391313345
-0.0634127005923215
-0.0690410280463256
-0.074480926336684
-0.0796754114559656
-0.0845638187764422
-0.089084651387388
-0.0931801591943277
-0.0968021336342699
-0.0999174852466883
-0.10251162384343
-0.104588101359504
-0.106164355560619
-0.107264852363658
-0.107913600238218
-0.108127782181249
-0.107913602422396
-0.107264856733103
-0.106164362115403
-0.10458811010111
-0.10251163477288
-0.0999174983644142
-0.0968021489412505
-0.0931801766903931
-0.0890846710706071
-0.0845638406466634
-0.079675435511671
-0.0744809525768041
-0.0690410564686823
-0.0634127311964615
-0.0576479719151717
-0.0517935083862418
-0.0458910120923435
-0.0399773153801882
-0.0340842676542989
-0.0282379555267336
-0.0224571671955912
-0.0167512638014246
-0.0111180738916909
-0.00554286455735564
2.71433964371681e-06
0.00547243794426322
0.0108425398357213
0.0160909141413867
0.0211970862001181
0.0261422083713114
0.030908958055079
0.035481562372297
0.0398457241244614
0.0439885705709457
0.0478986725211144
0.0515659372322261
0.0549816130660474
0.0581382438540459
0.0610296125523746
0.0636507263407111
0.0659977709874511
0.0680680559016764
0.0698599978350103
0.0713730617426336
0.072607752867043
0.0735655478201807
0.0742488573305309
0.0746610276401043
0.0748062273487449
0.0746894953772426
0.0743166329339147
0.0736942118965089
0.0728295003063977
0.071730449795723
0.0704056513495743
0.0688642840832472
0.0671160807833076
0.0651713153347373
0.0630407235585153
0.0607354957610369
0.0582672185264528
0.0556478570215404
0.0528896749019623
0.0500052734278142
0.0470074550248683
0.0439092637971044
0.0407239035703242
0.0374647276476026
0.0341451638378203
0.0307787200435996
0.0273789069615304
0.0239592236466706
0.020533112809062
0.0171139156445861
0.0137148359790444
0.010348919313401
0.0070289857685566
0.00376760121434927
0.000577065628021956
-0.00253068236634135
-0.00554403895512223
-0.00845181895419955
-0.0112432944588363
-0.0139081906527281
-0.0164367631077766
-0.0188198373652995
-0.0210488247685134
-0.0231157778762281
-0.0250134211964905
-0.026735186111182
-0.0282752625644207
-0.029628636315465
-0.0307911094278097
-0.0317593612708151
-0.032530952244997
-0.0331044248305261
-0.0334792770445347
-0.0336560378782451
-0.0336362943053246
-0.0334227248094976
-0.0330191561952233
-0.0324305766262114
-0.0316632050089538
-0.0307244905270636
-0.0296231969259679
-0.0283694020472467
-0.0269745560362935
-0.0254515050910413
-0.0238145692273974
-0.0220795096829534
-0.0202636439353228
-0.0183858433738351
-0.0164665561169386
-0.0145279006101191
-0.0125936414115131
-0.0106892809271812
-0.00884206686168909
-0.00708102341741324
-0.00543703464791179
-0.00394282303750515
-0.00263303751125932
-0.00154426228255034
-0.000715076923370361
-0.000186074990779161
0
0
0
0
0
0
0
0
0
0
0
0
0
0
0
0
0
0
0
0
0
0
0
0
0
0
0
0
0
0
0
0
0
0
0
0
0
0
0
0
0
0
0
0
0
0
0
0
0
0
0
0
0
0
0
0
0
0
0
0
0
0
0
0
0
0
0
0
0
0
0
0
0
0
0
0
0
0
0
0
0
0
0
0
0
0
0
0
0
