-0.00009015944983550176
-0.00009033562670143378
-0.00009469981855209582
-0.00009622935563597324
-0.00009721382369009297
-0.00009775301565825004
-0.00009908860670406371
-0.00010097392506266878
-0.00010476593627162105
-0.0001088870986324215
-0.00010863653950431935
-0.00011234340287386446
-0.00011376524552236655
-0.00011594518487034268
-0.00011810481714163229
-0.00011919620383679352
-0.00012447117567568122
-0.00012573992763920862
-0.00012756191186919115
-0.00013118767493570179
-0.00013389848983055933
-0.00013658254538067457
-0.0001406517186367733
-0.0001439249357464147
-0.00014684052283214834
-0.00015253452025590586
-0.00015487988300718939
-0.00015696232142788414
-0.00015839341346001663
-0.00016267105194993408
-0.00016630820769923953
-0.00017016957512488515
-0.0001768073131838085
-0.0001772277529878125
-0.00018314122126964792
-0.00018571031696559422
-0.00018921515563528278
-0.00019611338647461583
-0.00019962312774729764
-0.00020509873887008265
-0.0002105416200232526
-0.00021418597774490754
-0.0002215617398063925
-0.0002270304567018644
-0.00023118389708046293
-0.00023803815485604583
-0.0002409955652246593
-0.00024787057635343646
-0.00025673348928417864
-0.00026145879410659716
-0.00026827372048872047
-0.00027391269214271284
-0.0002808345552913045
-0.0002889645719351375
-0.000294605936126476
-0.00030339394595501473
-0.0003104802962650106
-0.0003191078233552212
-0.0003280192968161787
-0.00033838347475665753
-0.00034577268812433973
-0.0003564060939736022
-0.000366703412361569
-0.0003758981206418043
-0.0003862283691403614
-0.0003967938803213728
-0.0004067665925662366
-0.00042074337510319255
-0.00043174344892003727
-0.000442864854071671
-0.0004558455894133015
-0.00046944174589641063
-0.00048373309358891274
-0.0004973171749240457
-0.0005124145233886823
-0.0005278100183706425
-0.0005429736172064036
-0.0005607632518505657
-0.0005759727321798302
-0.0005931873848265592
-0.0006117193115762725
-0.0006314519782560511
-0.000651025394522896
-0.0006735176892675176
-0.0006931980957357157
-0.0007164775138718
-0.0007403134336314588
-0.0007633419395439025
-0.0007883068947395486
-0.0008133998559626337
-0.0008419746191936381
-0.000869677155966966
-0.0008996502334684488
-0.0009320775434028984
-0.0009617592047814545
-0.000995428791889404
-0.0010284902054295277
-0.0010654481057841452
-0.0011045522184412418
-0.0011435394583212749
-0.0011852360873838238
-0.0012285989439004795
-0.0012741526999259466
-0.0013197785220281156
-0.0013675980067296377
-0.0014198298641154346
-0.0014742553013223135
-0.0015300773945868802
-0.0015898627492219619
-0.001649884064230807
-0.0017159520554764903
-0.0017846108390719045
-0.0018560174588131242
-0.0019291695682330874
-0.0020095232212567946
-0.0020916146732499444
-0.0021788007683344727
-0.002268619702600493
-0.002366506990167992
-0.0024673065377810426
-0.0025722074290509753
-0.002685085069906775
-0.002802469980635143
-0.0029244206479390406
-0.0030569121596993208
-0.0031925904220793163
-0.0033376063492098033
-0.0034935065711482662
-0.003653576582183409
-0.003825941828404598
-0.004006975307809156
-0.004199350060332947
-0.0044024926786015075
-0.004617019827465855
-0.004844271522783507
-0.005087045035822201
-0.0053418592125223825
-0.005614994763771888
-0.00590182554354228
-0.006206983225118985
-0.006533063478745524
-0.006880292512045536
-0.007248534251942226
-0.007641764911074156
-0.008059271171726645
-0.008505442408113802
-0.008981230506142916
-0.00948844082440075
-0.01003074929113356
-0.010610077672255356
-0.011228431996636097
-0.011890050058837526
-0.012599296562526575
-0.013357398284077575
-0.01417094022572618
-0.01504323028845751
-0.015977434616662695
-0.01697906704242905
-0.018056919430490186
-0.01921513289609376
-0.020458818410777322
-0.021796824163526355
-0.023235338302316597
-0.02478288131566428
-0.02644992614293178
-0.028241249607935934
-0.030169875973147263
-0.0322469428447884
-0.03448497112682521
-0.036890494734832566
-0.03947601140145739
-0.04225696994310668
-0.04523833030947109
-0.048438387887585865
-0.05185619484271436
-0.0555095368049424
-0.0593881886842381
-0.06349611098306138
-0.06781749817323193
-0.07232273974193379
-0.07696638228582589
-0.08167649012873868
-0.08633327341932051
-0.0907625891092924
-0.09470500964969192
-0.09778405424696818
-0.09946547411753495
-0.09900967043213459
-0.09542672658226951
-0.08748304712966722
-0.07377093679989125
-0.052905456470262714
-0.02383641407041128
0.013824157491759442
0.059573670470663184
0.11202930930683089
0.16906276657787558
0.22802995391282976
0.28594217804969524
0.3397017007046532
0.38639407615327986
0.4236172764319425
0.4497624640259741
0.46410884276901193
0.4668018784516692
0.45874452531249166
0.4414307732095846
0.41674847840849205
0.38660467717315455
0.35250135381734904
0.3151510605287899
0.2743763264376065
0.2292803287575378
0.17868625802036955
0.12163443188589772
0.05777480000082692
-0.01248026293128356
-0.08801606630471402
-0.16714304687124729
-0.24769513664953222
-0.3271093092193576
-0.40260915987562723
-0.47154604449417087
-0.5318633178363776
-0.582390180101813
-0.6228735561515011
-0.6537004278567332
-0.6755504070496688
-0.6890596210208003
-0.6946247515729834
-0.6922887083457876
-0.6817511294647237
-0.6624158050672735
-0.6335892143327592
-0.5947443770419484
-0.5458683570111277
-0.4877075425197126
-0.42178893029620307
-0.3501202542864624
-0.2747329859666054
-0.19729085685604986
-0.11890291336760772
-0.040156408889542555
0.038736886131895854
0.11775354212601073
0.19683308933957963
0.2756808343687008
0.3535775423996615
0.4292459238835946
0.5009056184172589
0.5664870658178786
0.6240974296175995
0.6724280233611977
0.7109878356782467
0.7399895975398729
0.760061768129298
0.7719100832752442
0.7760770913619034
0.7727892157205587
0.7619152332377829
0.7429830968659333
0.7153013205578869
0.6781787817106245
0.6312386044420558
0.5747485033448947
0.5097764378132984
0.4380850828961905
0.36172961069742904
0.28261054389405954
0.20214920920904747
0.12120950133233463
0.04018236044036732
-0.04083289990288183
-0.12182817254721885
-0.20267870773471716
-0.2829318194988138
-0.36164794474497786
-0.4373212430898444
-0.5080089111121927
-0.5716663475545285
-0.6266048834777196
-0.6718671983006322
-0.7072971777732172
-0.7333296062372102
-0.7506725503737806
-0.7599934541889136
-0.7617172488245775
-0.7559201452729928
-0.7423228818301333
-0.720343765175551
-0.6892621951463055
-0.6484861035286804
-0.5978818949484095
-0.5380507321055794
-0.4704077908124902
-0.3968944600806843
-0.3195533971687342
-0.24010834822467952
-0.15973927578492633
-0.07909054551218865
0.0015921350584944423
0.0822778048545836
0.1629308281434059
0.24331126447276336
0.3227709547280989
0.40013013593368085
0.47366615143151636
0.5413394034713522
0.601201941128672
0.6518479177771916
0.6926732856547405
0.7238097099655654
0.7458517276045925
0.7595172815342673
0.7653943011498449
0.7637602780932654
0.7545363249755397
0.7373002875368112
0.7113865691401011
0.6760885511786234
0.6309648359799616
0.5761781075520359
0.512687519790917
0.44217701470734655
0.36669084127135304
0.28817713914924015
0.20813549586556235
0.12750926644834593
0.046752396193586274
-0.03401173107972598
-0.11477187261268372
-0.1954328835563147
-0.27560019328069646
-0.35440985629624855
-0.4304336056234218
-0.5017776593010304
-0.5663830947016255
-0.6224821119064986
-0.6690024638215545
-0.7056781286534344
-0.7328796162950535
-0.7512946655546244
-0.7616118167164108
-0.7642974721029407
-0.759481492870895
-0.7469324259375228
-0.7261032335557324
-0.6962800965469047
-0.6568286422348639
-0.6075342381447852
-0.5488808995045326
-0.48217227845467037
-0.40930331149065896
-0.3323296168820862
-0.25303740948285797
-0.17268801787632984
-0.09200033535772396
-0.011261688586211748
0.06947682902781387
0.15019483569026573
0.23068971190880608
0.31039064733361726
0.3881886747800765
0.4624381129671291
0.531117099454261
0.5922366540098257
0.6442951901381453
0.6865649266966221
0.7190896561176939
0.7424180077580915
0.7572707541156222
0.764262141723605
0.763723343790391
0.7556280308876314
0.7396000381203606
0.7149929522384143
0.6810927389984274
0.63740116105145
0.5839761399246404
0.5216577375044529
0.4520465363884826
0.3771638506720734
0.29899254059936237
0.21911755933021645
0.13855392817195772
0.05781686511732232
-0.02292954512968468
-0.10367975692860049
-0.18435376303163908
-0.2646185007633303
-0.3436817902845027
-0.42019797907062584
-0.49232499598391244
-0.5580000261171416
-0.6153860275621617
-0.6632980034045681
-0.7013574346314553
-0.7298627054677103
-0.7494780942347932
-0.7609080156269856
-0.7646583289065547
-0.7609118741039147
-0.749487603664
-0.7298765612994164
-0.701374650449995
-0.6633191699538248
-0.6154098806603047
-0.5580281357316297
-0.492357550384123
-0.42023541369727385
-0.3437233811762897
-0.2646646124875743
-0.18440428284427757
-0.10373381710363487
-0.02299132475889199
0.057752722377805044
0.13848399217938742
0.21904393538531386
0.2989158330006919
0.3770810975247651
0.4519602195693489
0.5215653924719584
0.5838792017858986
0.6373003462705634
0.6809868752373125
0.7148817261075132
0.7394845160094241
0.7555096476505044
0.7635981969072749
0.764132661890594
0.7571356943094019
0.7422759637024728
0.71894169609981
0.6864113100740518
0.6441365460638623
0.5920710133933436
0.530944114034336
0.4622574252823416
0.38800266765822194
0.310195598512399
0.23048927215085707
0.14998399853345412
0.06925891675790824
-0.011487154775662301
-0.09223384955343426
-0.17292883661438285
-0.2532864261482548
-0.33258756963002933
-0.40956948623650735
-0.48244589963660917
-0.5491630171728586
-0.6078222883786979
-0.6571284022252426
-0.6965878730071711
-0.7264204297963637
-0.7472604806903786
-0.7598191974703983
-0.7646459860925781
-0.7619724819626554
-0.7516666572887728
-0.7332643091283685
-0.7060756357048897
-0.6694148650866805
-0.6229085695779056
-0.5668230393105878
-0.5022354469911833
-0.43090774586401887
-0.3548987303000933
-0.2761073272494157
-0.1959588247523803
-0.11531593910868697
-0.03457358927650323
0.04617053256507528
0.1269090344074175
0.20751437216245938
0.2875353130313304
0.36602858491999524
0.44149440988341854
0.5119828308896716
0.5754515175532205
0.6302147490338682
0.675312378423716
0.7105864660621592
0.7364740529772322
0.753682460873551
0.7628742147721798
0.7644779142827879
0.7585700584642024
0.7448674314603795
0.7227886802451478
0.6916144198568857
0.6507492033899417
0.6000569320350034
0.5401499522550338
0.47242889919715514
0.39884236210480506
0.3214301664932767
0.24191491150160263
0.1614785317519059
0.08076584202199494
0.00002030844593551379
-0.0807257054178376
-0.16143835265068324
-0.24187373371762047
-0.3213905803092985
-0.3988014269599779
-0.47238899230051085
-0.5401097145067227
-0.6000172104129129
-0.650708130576021
-0.691574484801624
-0.722748390322716
-0.7448273372515906
-0.7585295881411994
-0.7644386543624484
-0.7628347590373309
-0.753640389350756
-0.7364332968199462
-0.7105443293866472
-0.6752711399725285
-0.630172445739629
-0.5754091245225027
-0.5119406220549951
-0.44145040864599583
-0.3659850640710116
-0.2874921656851769
-0.20747061540470255
-0.1268660303782991
-0.046126098252306125
0.03461806993674469
0.11536207786947386
0.1960036156287547
0.2761530645355095
0.3549452291668195
0.43095457787876956
0.5022823064320331
0.5668705583248983
0.622955240735549
0.6694614487019703
0.7061229545426574
0.7333122261525746
0.7517141193591091
0.7620198791212353
0.7646939765714665
0.7598687824027119
0.7473094096145808
0.726471365299716
0.696638970262233
0.6571794540072096
0.6078753253434198
0.5492144614127651
0.48249992811958053
0.40962289020345805
0.33264159319883796
0.2533418779618404
0.17298619636749005
0.09229062028968803
0.01154527772681483
-0.06920133780328057
-0.1499251251110494
-0.23042984380672552
-0.3101361387798454
-0.3879415441569298
-0.4621961527387185
-0.5308815703600771
-0.5920078809709661
-0.644071602822176
-0.6863475538759203
-0.7188768766654554
-0.7422106917752124
-0.7570682914584999
-0.7640650350722579
-0.7635307707462609
-0.7554393307628338
-0.7394130678837091
-0.7148099447920497
-0.6809135602568597
-0.637225827067354
-0.5838043293644163
-0.5214895341623279
-0.45188098087306117
-0.37700118606005745
-0.2988344777301775
-0.21895998322142735
-0.1383998826957898
-0.05766674990635259
0.023077941988417748
0.10382184929160856
0.18449495637187402
0.26475465881891885
0.343815323551295
0.42032913710718034
0.49245262120074484
0.5581234199723023
0.6155078006280181
0.6634173413294634
0.7014742762222331
0.7299775082987264
0.7495907534458153
0.7610177213280974
0.7647653360151769
0.7610182943411034
0.7495901552132664
0.7299766452664861
0.7014730755141325
0.6634169698759353
0.6155073952124085
0.558122369676069
0.4924516830515232
0.4203274598985282
0.343813827362753
0.264754332311187
0.18449295060802662
0.10382099167640141
0.023075451734417163
-0.057669281190484645
-0.13840329789270467
-0.2189631264981772
-0.29883720578578266
-0.37700352305856416
-0.45188374049916874
-0.5214925542000245
-0.5838073442271848
-0.6372294871905462
-0.6809176815125069
-0.7148136733212191
-0.7394166582091051
-0.7554424931293781
-0.7635337087013305
-0.7640679750102691
-0.7570725620035512
-0.7422147908069607
-0.7188814160616527
-0.6863524755464753
-0.6440761607057857
-0.5920124387504471
-0.5308860939918619
-0.4622003063651185
-0.38794594501377805
-0.3101407563576093
-0.23043403722287178
-0.14993083928402182
-0.06920569439559886
0.011538940657970875
0.09228435939899919
0.1729789613671789
0.25333563175617174
0.33263527327269427
0.40961723040129944
0.48249399109574576
0.5492086933946467
0.6078689030344441
0.6571732359547247
0.6966321319365325
0.7264649893436862
0.747303171563847
0.7598611394649004
0.7646872030817677
0.7620129317241946
0.7517076411859824
0.7333029412954757
0.7061143625235273
0.6694523892007413
0.6229470969884702
0.5668605809359166
0.5022723069762979
0.4309446586421054
0.3549352837965808
0.2761439128702534
0.19599463180366924
0.11535094592064704
0.03460852353053303
-0.04613667006538549
-0.1268763111509144
-0.20748203794134443
-0.287503289846876
-0.3659984272082906
-0.4414630549056382
-0.5119528139940327
-0.575421308508533
-0.6301856131548064
-0.6752835953186386
-0.7105582071638189
-0.7364462241218813
-0.753654399138326
-0.7628484831125669
-0.7644514931814589
-0.7585439680584211
-0.7448418803544938
-0.7227635451730001
-0.6915888393399074
-0.650722857423262
-0.6000323983044205
-0.540125151645489
-0.4724045993638253
-0.3988178621130407
-0.3214057458299736
-0.24189046893112248
-0.16145531697036947
-0.08074318766137788
2.5189523124899414e-6
0.08074803938014079
0.1614604899773777
0.2418969023838643
0.32141233287635257
0.398822701246071
0.47240943108484323
0.5401304267757093
0.6000380151632976
0.6507284865852474
0.6915937213529025
0.7227683929022174
0.7448467055750544
0.758548877191246
0.7644569555969549
0.7628525129669799
0.7536585712440153
0.7364510179815673
0.7105629237694459
0.6752885689791659
0.6301898180937072
0.5754265391681155
0.5119573410693525
0.44146792569306204
0.36600354996658746
0.28750941138671554
0.2074874316801917
0.12688075336962182
0.046141665376642625
-0.03460303085187087
-0.1153458762133006
-0.19598860654253536
-0.2761380496430929
-0.3549300608962472
-0.4309391182850828
-0.5022675445365629
-0.5668559704946239
-0.6229411185222091
-0.6694470590929714
-0.7061085666888979
-0.7332976729830432
-0.7517009270645526
-0.7620067349515979
-0.7646814304449261
-0.7598554346000841
-0.747296262756195
-0.7264584038226072
-0.6966258388614792
-0.6571677698566584
-0.6078620227862244
-0.5492027768575231
-0.48248689805519446
-0.4096105703078884
-0.33262917021101673
-0.25332931142359477
-0.1729730208626824
-0.09227837952148374
-0.01153258471191739
0.06921266628376019
0.14993715666780086
0.23044090787467406
0.31014679001719836
0.38795253022169557
0.462206726120395
0.5308918439371931
0.5920187757229279
0.6440822476582755
0.6863586729449501
0.7188879731066561
0.7422213571195276
0.7570791772942871
0.7640750965405158
0.7635407055918123
0.7554498691157542
0.7394235478421994
0.7148199825405032
0.6809236195539817
0.6372356579099225
0.5838139213315379
0.521499568169649
0.4518908268069592
0.3770103501518698
0.29884428505844457
0.21897067387470764
0.1384103473515569
0.057676722075095874
-0.023068697620787035
-0.10381297186518718
-0.18448487654208065
-0.2647459278731862
-0.3438063527843921
-0.4203200282683681
-0.4924441263020225
-0.5581144295694893
-0.6154998241694047
-0.6634087931093015
-0.7014655469662016
-0.7299690985803673
-0.7495826248508889
-0.7610095362652641
-0.764757978881867
-0.761009258877013
-0.7495824677398838
-0.7299689382959392
-0.7014652154576164
-0.6634087579843337
-0.6154997890187788
-0.5581150271302495
-0.4924436223675677
-0.4203194176298209
-0.3438060932562484
-0.26474602529887015
-0.18448522654468666
-0.10381315145641559
-0.02306796261917115
0.05767679226554863
0.13841033836089187
0.2189700655329297
0.2988444329098443
0.37701077877261874
0.4518908388674809
0.5214988526924581
0.5838135772852023
0.637235747620343
0.6809232943342035
0.7148197302980603
0.7394228635707109
0.7554492828761323
0.7635399774168388
0.7640746103687271
0.757078390299221
0.7422208139441631
0.7188876615780767
0.6863577873557302
0.6440826859803929
0.5920184448850364
0.5308915979155708
0.4622055049398949
0.387951712476157
0.3101461484001587
0.23044029682609515
0.14993697672393744
0.06921151521290372
-0.011533414388315674
-0.09227929313467437
-0.17297374681004488
-0.2533297214304092
-0.33263041906427104
-0.4096115230197479
-0.48248809904600926
-0.5492030989476314
-0.6078633752013239
-0.6571682207055307
-0.6966267485314955
-0.7264591168995926
-0.747297587417395
-0.7598566267959123
-0.764681990104579
-0.7620076625754504
-0.7517018949882095
-0.7332986113657514
-0.7061094032820383
-0.6694480946660024
-0.6229417357720453
-0.5668565737022382
-0.5022686097900836
-0.4309401757289372
-0.3549312776315137
-0.2761393374742122
-0.1959895373438214
-0.11534644225595395
-0.03460412312985998
0.046140394345819714
0.12688003605955014
0.20748625428523004
0.2875077546022016
0.3660021831709548
0.44146679845659104
0.5119565310907153
0.5754258276022869
0.6301886035698917
0.6752872535084721
0.7105614954427835
0.7364500478472564
0.7536580131775562
0.7628520218969213
0.7644557416365606
0.7585475964138101
0.7448451944659792
0.7227671309982555
0.6915923383430405
0.6507272336785983
0.6000362005817895
0.5401288910468859
0.4724077703562148
0.3988212477054912
0.3214100455306207
0.24189522697383697
0.161458738980031
0.08074671402069213
1.0997664004478845e-6
-0.08074449017559138
-0.16145710633049531
-0.2418928285063462
-0.32140798865597553
-0.3988194297950206
-0.4724056269906077
-0.5401267433568187
-0.6000344632064963
-0.6507247164866532
-0.6915907865456181
-0.7227651152349044
-0.7448437285122109
-0.7585458521639447
-0.7644531171778924
-0.7628497753931356
-0.753655987767954
-0.73644828278027
-0.7105595395299592
-0.6752853153389817
-0.6301872665598173
-0.57542373475397
-0.511954926593435
-0.441465170833196
-0.3660005899017761
-0.28750592630252997
-0.20748431906359913
-0.12687847718807424
-0.04613938620132688
0.03460538335906896
0.1153489607723234
0.19599134526228715
0.27614148246312525
0.35493299085064095
0.430942795045938
0.5022707412105468
0.5668585296092977
0.6229439655399562
0.6694504011750833
0.7061116647465823
0.7333004576448287
0.7517042710801586
0.7620095543923615
0.7646840061693518
0.7598584075411647
0.7472996904633392
0.7264613519553029
0.6966287717923406
0.6571700469636214
0.6078654657215286
0.5492058124349457
0.4824902445969284
0.40961369117795127
0.3326325851256987
0.2533317496469954
0.1729763691057642
0.09228109699254475
0.011536048230634668
-0.06920984089251266
-0.14993439545685744
-0.23043825377435148
-0.3101439588642419
-0.38794975286511124
-0.46220386476049286
-0.5308895230665989
-0.5920158615540627
-0.6440796416119777
-0.6863553505420154
-0.7188855307646707
-0.7422188027607509
-0.7570762880552284
-0.7640721747267168
-0.7635381055055929
-0.7554468596324205
-0.7394212082227561
-0.7148177241423024
-0.6809210802275315
-0.6372334461438558
-0.5838112590283708
-0.5214970588194262
-0.45188806229377554
-0.37700798141153224
-0.29884197754998765
-0.2189676170277237
-0.13840806069765726
-0.05767456030192097
0.023070912627999825
0.10381545061371257
0.18448763002271124
0.264748432041356
0.34380851050630856
0.42032251111184016
0.49244601937770516
0.5581177754457872
0.6155022325259264
0.6634109837998495
0.7014683911815126
0.7299719745976028
0.7495848825285841
0.761011839564051
0.7647600900539054
0.7610121915160768
0.7495850833554113
0.7299712666827449
0.7014678120992983
0.6634113047310612
0.6155016928258065
0.5581169868260105
0.4924460786357316
0.4203220667408466
0.3438082239811371
0.26474808282231577
0.1844875729119769
0.10381528544729479
0.023070625826638453
-0.05767447364253563
-0.13840798294523082
-0.21896799082750829
-0.2988420614715174
-0.37700834677493084
-0.4518883773380524
-0.521497232656875
-0.5838112442333501
-0.6372334849567404
-0.6809209905903001
-0.7148175609964013
-0.7394210659711724
-0.7554469506424085
-0.7635377708210431
-0.7640722971151684
-0.7570762917529377
-0.7422186109819787
-0.7188858423921363
-0.68635557827694
-0.6440794707907743
-0.5920160210747831
-0.5308893568324609
-0.46220384743287024
-0.3879498036196206
-0.31014423252967105
-0.230437987284808
-0.14993468057994877
-0.06920986688110944
0.011535801221977244
0.09228121504752372
0.17297633514078253
0.2533316357687815
0.33263249270753215
0.4096130623879271
0.48248966442923524
0.5492054077917039
0.6078651999501483
0.657170001413052
0.696628290911007
0.7264607711226061
0.7472994077716554
0.7598580745249836
0.7646835806239203
0.7620092527893544
0.75170431690065
0.7333006553378325
0.7061116265040412
0.6694499197993672
0.6229438794499154
0.5668584270051755
0.5022705413858553
0.430942232202463
0.3549335295736545
0.276141824914516
0.19599107205554847
0.1153486856236419
0.03460533538274017
-0.046139024279999705
-0.12687807511297083
-0.20748418199383886
-0.28750596073486595
-0.3660002322191197
-0.44146526860429813
-0.5119544514365598
-0.5754235259945887
-0.6301872878998074
-0.6752858514170088
-0.7105599557995831
-0.7364482224448637
-0.7536562856664184
-0.7628498980343484
-0.764453480763417
-0.7585459061211584
-0.744843441726321
-0.7227649889437
-0.6915908412856808
-0.6507249354662004
-0.6000345500672497
-0.5401268555713212
-0.4724062297851699
-0.39881939593933535
-0.32140833332251323
-0.2418930967994696
-0.1614568802808258
-0.08074447938699397
8.748366461391609e-7
0.080746408759534
0.16145840129879785
0.2418945138520052
0.32141047060809236
0.39882097204537315
0.47240828128787116
0.5401286817329064
0.6000362963107007
0.6507269600440975
0.6915923888686414
0.7227670375662958
0.7448452067711999
0.7585479045965245
0.7644554687460844
0.7628518655408766
0.7536577709681823
0.736449980588623
0.7105613124313533
0.6752872736058445
0.6301889065610267
0.5754255300036569
0.5119563001510902
0.4414667584544499
0.3660024775604893
0.2875078640146194
0.20748633441850153
0.1268804839091576
0.04614108813316254
-0.034604105508744716
-0.11534669540154038
-0.1959894829939638
-0.27613899886946885
-0.3549312259124688
-0.43094035893212046
-0.5022687495208265
-0.5668566941625063
-0.6229421015628712
-0.6694485764901478
-0.7061098541257439
-0.7332983224181158
-0.7517019519095911
-0.7620070723093076
-0.7646815520304626
-0.7598564010490666
-0.7472974217713361
-0.7264587086559252
-0.6966268561393322
-0.6571678689314335
-0.6078634508476612
-0.549203544879474
-0.4824877987070856
-0.40961170007123504
-0.33263056449256934
-0.2533298337253458
-0.1729741316400776
-0.092279262999105
-0.01153401643554037
0.06921143237353107
0.14993639788052285
0.23043952975138474
0.3101463423996565
0.3879516348589041
0.4622062007427885
0.5308913967962899
0.592017911976472
0.6440824275282507
0.6863579067547486
0.7188874300419292
0.742220504714612
0.7570786792334686
0.7640747617846528
0.7635401592554756
0.7554493325507483
0.7394231923032669
0.714819787970939
0.6809233320576538
0.6372359268939224
0.5838135798797232
0.5214995299706775
0.4518907344968391
0.37701026728011716
0.2988440830569341
0.21897021153607446
0.13841061074036257
0.057676597478832366
-0.023068203901066953
-0.10381301093323128
-0.18448525561874454
-0.26474583647331
-0.3438057769209977
-0.4203201861237102
-0.49244378588058185
-0.5581147116100492
-0.6154994797776302
-0.6634089346588357
-0.7014652696545287
-0.7299692804458463
-0.7495824095054927
-0.7610097842155544
-0.7647578282329168
-0.7610100088431967
-0.7495823974773641
-0.7299688428553981
-0.7014655075760062
-0.6634094968460664
-0.6155001277679528
-0.55811452574031
-0.4924436974683925
-0.42032014993421024
-0.34380633934977767
-0.26474605042670313
-0.1844857388195145
-0.1038129011834814
-0.023068671624050508
0.057676616699584786
0.1384106023848193
0.2189703201772093
0.29884431386995824
0.3770107230352053
0.4518905131199642
0.5214994713809109
0.5838137218169709
0.6372364511904438
0.6809234538104996
0.7148209076710629
0.7394231560371788
0.7554498842930303
0.7635404248505656
0.764075147803991
0.7570791806111468
0.7422214485241116
0.7188880378679384
0.6863587129691451
0.6440819808637015
0.5920190712007584
0.5308919157359933
0.46220649449717477
0.3879523683851879
0.31014623644571027
0.23044065065656885
0.14993686017262836
0.06921212291604618
-0.011533329401839496
-0.09227854651913861
-0.17297339709451237
-0.2533293449159755
-0.33262903151664924
-0.40961076187048057
-0.48248746032309314
-0.5492032434546784
-0.6078627837634965
-0.6571670722105263
-0.6966261305066578
-0.7264587260637005
-0.7472970370783043
-0.7598556750461011
-0.7646814978747656
-0.7620062315121265
-0.7517013783762182
-0.7332978248960077
-0.706109134490431
-0.669447544667736
-0.6229409233477385
-0.5668557984887214
-0.5022673077358359
-0.4309392168211578
-0.35492987821643185
-0.27613853846072234
-0.1959889798445697
-0.11534555347145313
-0.03460308648783668
0.046142220245001184
0.1268812985139026
0.20748782567168328
0.2875088685609408
0.36600400840818736
0.44146776669297816
0.5119577212801831
0.5754265918147422
0.6301904021780719
0.6752895870903302
0.7105627856816089
0.7364516032957501
0.7536593756932811
0.762853617219352
0.7644570716147009
0.7585495102010137
0.7448473643789546
0.722768872471183
0.6915949599671264
0.6507281650409735
0.60003828585524
0.5401301988960041
0.47240983522982877
0.3988235670892145
0.3214118698159927
0.24189746302496343
0.16146018602542642
0.08074794440551011
2.1871945140768223e-6
-0.08074292884693601
-0.16145446948914746
-0.24189073847893147
-0.32140656904610404
-0.3988173032493161
-0.4724035739152324
-0.5401251519867373
-0.600031874131483
-0.6507228274795092
-0.6915885357469729
-0.7227634950168563
-0.7448408398557865
-0.7585439663706124
-0.7644524385510657
-0.7628469788045535
-0.7536541112282028
-0.7364462597708911
-0.7105578686057387
-0.6752830334073099
-0.6301845518668913
-0.5754203004860626
-0.5119524919019763
-0.4414636716322002
-0.3659973727934335
-0.28750356994063864
-0.20748186816820088
-0.12687557309993078
-0.04613684652442342
0.03460801886891004
0.11535106322175334
0.19599432394675956
0.27614384226683786
0.35493617054502735
0.4309450838618322
0.5022732667900135
0.5668613411601149
0.622946029816247
0.6694531943899122
0.7061146343886691
0.7333035497254021
0.7517068378153359
0.7620128863602499
0.7646868947350935
0.7598620683780095
0.7473029340362626
0.7264641844318086
0.6966322833911618
0.6571729830466324
0.6078689242041467
0.5492090735389317
0.482493202675585
0.40961660642579073
0.33263590127135684
0.2533354478613821
0.17297920406968614
0.09228493422876906
0.011539619039434934
-0.06920594061296384
-0.14993062913553473
-0.23043413324960832
-0.3101401675145494
-0.3879462761640211
-0.4622008121412456
-0.5308856600579425
-0.5920121492887942
-0.6440756941337117
-0.6863513406231188
-0.7188817796094935
-0.7422146915799486
-0.7570720135091833
-0.7640684078866465
-0.7635339178223235
-0.755443167798105
-0.7394172662469954
-0.7148144395276634
-0.6809167743384376
-0.6372292700247816
-0.5838072149009353
-0.5214920035382975
-0.45188274432939907
-0.3770036836848209
-0.298837084778076
-0.2189630647171946
-0.13840313940265356
-0.05766885022937433
0.02307587383769126
0.10382021023364778
0.18449323877047485
0.2647539983147308
0.34381397760636684
0.42032823843376976
0.49245132986914936
0.5581228398077555
0.6155077906155438
0.6634169817852943
0.70147378262726
0.7299771817047286
0.7495909548992948
0.7610178622719506
0.7647662862622175
0.7610181487559593
0.749590765205651
0.729977642634245
0.7014733615149539
0.6634173409645048
0.6155082948397006
0.5581231525838446
0.4924530348137105
0.42032844727119173
0.3438146193104312
0.264754653203827
0.18449385131818039
0.10382225681949303
0.02307748739667249
-0.057667943242042274
-0.1384011250069141
-0.21896075574907065
-0.29883479514247546
-0.3770023248009079
-0.451881119454986
-0.5214897660691983
-0.583804228604618
-0.6372264323974028
-0.6809144684069381
-0.7148106323003791
-0.7394140158204466
-0.7554395203489365
-0.7635299823516125
-0.7640644071277535
-0.7570680205190455
-0.7422110805884737
-0.7188775850104567
-0.686347794277016
-0.6440720591340977
-0.592007896466429
-0.5308807624603862
-0.46219574493649934
-0.3879418143083252
-0.3101354027067732
-0.23042931131762906
-0.14992576408567257
-0.06920135575970796
0.01154528244965059
0.09229026998777753
0.17298573182110252
0.2533409677753085
0.3326423697691579
0.4096228489710428
0.4824995691439605
0.5492152048810086
0.6078753237988557
0.6571808309833492
0.6966390977701465
0.7264713214401028
0.7473100301392973
0.7598690657663182
0.764695591242991
0.7620200519581334
0.7517145580376742
0.7333122876235982
0.7061229351388896
0.6694618144935509
0.6229555174962319
0.5668709996743123
0.5022826369571792
0.43095479693209987
0.3549457398689588
0.27615411947040913
0.19600350311158996
0.11536222666406827
0.034619192391510484
-0.04612521963031067
-0.12686478061899048
-0.20747004951523357
-0.28749163993752036
-0.3659861735058409
-0.4414509252527763
-0.5119403774686452
-0.5754090390352845
-0.6301727506428338
-0.6752711181353038
-0.7105448520143928
-0.7364325100665884
-0.7536407755813626
-0.7628349444673526
-0.7644384262916472
-0.7585308701481988
-0.744826655496306
-0.7227494112007358
-0.6915735966940543
-0.65070765421584
-0.6000177287675785
-0.5401098964520467
-0.472388618674823
-0.3988015303896089
-0.3213907795998338
-0.24187583777981655
-0.161437849848275
-0.08072679882988838
0.000019179547515422235
0.08076534036722259
0.161477299633574
0.24191561314674012
0.32143016404895397
0.39884105546123694
0.4724283661117612
0.5401489807300541
0.60005712552429
0.6507479230520485
0.6916140545207404
0.7227890341376897
0.7448669720933965
0.7585696713248316
0.764479039234084
0.762874363285327
0.7536814131501327
0.7364741085877582
0.7105853525657142
0.6753116625757559
0.6302133463206196
0.5754501687683374
0.511982246538823
0.4414932475875456
0.3660292363877424
0.2875348671300197
0.20751364408755993
0.12690986578859195
0.046169577962953325
-0.03457412263380711
-0.1153164698566443
-0.1959590718102681
-0.27610847310608844
-0.35489997404556234
-0.4309079178243454
-0.502236490681486
-0.5668238193036678
-0.6229090921963001
-0.6694149227548315
-0.7060756307318278
-0.7332635216894712
-0.7516671907974419
-0.7619721543015602
-0.7646459277846291
-0.759820414183526
-0.7472603336198759
-0.7264209726216938
-0.6965884166156446
-0.6571291565293601
-0.6078226570508615
-0.5491641045950483
-0.4824454937347044
-0.40956951194454516
-0.33258700295279137
-0.2532869388047915
-0.17292821092347443
-0.09223357035473692
-0.011487568878730195
0.06925832674039087
0.14998411421427482
0.23048931038546447
0.3101956516591107
0.3880018786250571
0.4622577196925206
0.5309438573604035
0.5920707305565889
0.6441354374586203
0.6864129747178751
0.7189415672207832
0.7422772285453697
0.7571348902684121
0.7641321782837492
0.7635983802806116
0.7555093050925277
0.7394843820165024
0.7148820453791755
0.6809867681860189
0.6372999973796102
0.5838795961705182
0.521568569276529
0.45196105185305163
0.37708046284882907
0.29891679157600337
0.21904385703290366
0.13848498533637113
0.05775265805031142
-0.022990465744617567
-0.10373300604507373
-0.1844048705309446
-0.2646641876769462
-0.34372305769465644
-0.42023556689176483
-0.49235753315596326
-0.5580267535986673
-0.6154093428583044
-0.6633187155606431
-0.7013732787808854
-0.7298750703620315
-0.7494861528042301
-0.7609116737447996
-0.7646571965468382
-0.7609072903284863
-0.7494783135046348
-0.7298625384642706
-0.7013570139862827
-0.6632972146955226
-0.6153853576913916
-0.5579979819596596
-0.49232374673617274
-0.42019740774758096
-0.34368130130075114
-0.2646181928548901
-0.18435405051654324
-0.10367954203272413
-0.022931396492598927
0.0578174895956311
0.13855387330722538
0.21911726605271445
0.29899306752578453
0.37716351188395464
0.45204640839539006
0.5216579763294626
0.5839757042200109
0.6374013861176461
0.6810914506019973
0.7149923830618907
0.7395986642529067
0.7556300130131949
0.7637230943529018
0.7642620189914222
0.7572701371551936
0.742417590473575
0.7190907290593314
0.6865646818991162
0.6442954655111289
0.5922371906609201
0.5311167337157202
0.46243699265785854
0.38818812041360334
0.3103894022079013
0.23068947996932646
0.1501937772231881
0.06947625416451315
-0.011262254208934497
-0.09200157552005202
-0.17268967244488143
-0.2530373000802865
-0.332329498651398
-0.4093035463203543
-0.48217387156706076
-0.5488799284243057
-0.6075343765491805
-0.6568300167412731
-0.6962789942974731
-0.7261036937061647
-0.7469326773106105
-0.7594820334193129
-0.7642981549572809
-0.7616112201294581
-0.7512949950401767
-0.7328797659734296
-0.7056779009398223
-0.6690042892442523
-0.6224825204860645
-0.566382830155116
-0.5017785117210141
-0.43043535972269165
-0.3544095623064055
-0.2756009417822113
-0.19543351239529985
-0.11477284079895798
-0.034010441182751164
0.04675230367510705
0.12751090689014993
0.2081363931294977
0.2881776750836809
0.36669270244391133
0.44217688229306035
0.5126877399706011
0.5761788342386452
0.6309677054922743
0.67608653429373
0.7113875664396451
0.7373022506908047
0.7545373374746134
0.7637606391696504
0.765395838601884
0.7595199781003178
0.7458513291371128
0.723810900843746
0.6926736642108678
0.6518490239502425
0.6012022471750504
0.5413404704647949
0.473668562831887
0.40013254682644905
0.32277290645273404
0.243310352463668
0.16293143997905743
0.08227808057156562
0.0015907256724480825
-0.07909057683335997
-0.15973941118744642
-0.24010822230053874
-0.3195548624431652
-0.39689468379882353
-0.47040819694145647
-0.5380526753214736
-0.5978780959133758
-0.6484866028582877
-0.689262559639812
-0.7203435985083297
-0.7423239169851077
-0.7559193752937098
-0.7617151590213735
-0.7599932540370001
-0.7506716861975066
-0.7333292809963726
-0.7072970800467239
-0.6718687524007844
-0.6266048693148095
-0.5716650000944795
-0.508009810312773
-0.4373226728774752
-0.3616485995334346
-0.2829334161337265
-0.20267872960722547
-0.1218305575551729
-0.04083223461388013
0.0401822125728363
0.1212089337988196
0.20214831754621718
0.2826122351168835
0.36173104912390724
0.43808505454731467
0.5097777351625298
0.5747473318051407
0.6312388778598709
0.6781772386987501
0.7152995416663137
0.7429824650359648
0.7619165118812229
0.7727896918173507
0.77607594652576
0.7719084969616283
0.7600609156130932
0.7399888889127804
0.7109895750104076
0.6724284592998745
0.6240971565169494
0.5664863340131249
0.5009057913329594
0.42924829597048253
0.3535764068874814
0.27568351008773934
0.1968332718485112
0.11775271509001509
0.038737304347081995
-0.04015720067220105
-0.11890143898380724
-0.1972908684354327
-0.274734981063449
-0.3501214248617445
-0.42178954974630883
-0.48770832659685276
-0.5458695414966365
-0.5947457982507488
-0.6335889597295877
-0.6624159253437989
-0.6817506909758871
-0.6922902480411035
-0.6946252845779596
-0.6890589400291378
-0.6755518417641084
-0.6536998332392211
-0.6228731201885945
-0.5823917932041497
-0.5318625631760848
-0.47154643124845796
-0.402607683388385
-0.32710985273272997
-0.24769569286803791
-0.16714322844118104
-0.0880168229295649
-0.01248058618749589
0.05777491910175198
0.12163494319879435
0.1786865041569123
0.22928034027406696
0.27437622657904204
0.31515165020125147
0.35250044476330866
0.38660609185433203
0.41674818444458583
0.44143248786147316
0.45874471118400334
0.46680246249680213
0.4641079631059866
0.4497622681188279
0.4236185186174186
0.38639445303721287
0.3397011914406356
0.28594232038504974
0.22803033581129595
0.16906367029441374
0.11202584138076754
0.05957603154222237
0.013826440410995747
-0.023836281702889192
-0.052906300980296105
-0.07377107436290828
-0.08748280890747667
-0.09542769498911749
-0.09900973473787072
-0.0994663738788382
-0.09778356829335343
-0.09470656488230907
-0.09076218469929904
-0.0863325220524145
-0.08167644145967405
-0.07696890271588383
-0.07232378062431422
-0.06781778230731869
-0.06349524833398061
-0.059388785294976223
-0.05550920645958082
-0.05185743017011707
-0.048438625412992736
-0.045238136666633684
-0.04225623971569678
-0.03947565163564371
-0.03688853638049659
-0.03448373560768678
-0.03224864604090796
-0.030170500744475488
-0.028240735657771077
-0.02644898885211642
-0.024783339628352365
-0.023234323145947706
-0.021795528853101966
-0.020458321252228504
-0.019214709854575268
-0.018057607953014008
-0.016979977999535854
-0.015977445114661388
-0.015041485101754506
-0.014169471420765994
-0.013357414307509089
-0.012598536747576626
-0.01189047575178213
-0.011228938776354305
-0.010610190421304552
-0.010029928918314585
-0.009488976931742747
-0.00898047823074368
-0.00850508589292112
-0.00806119424439046
-0.007641388533086963
-0.007249116565388581
-0.006879372222710598
-0.006533586876830611
-0.006209574768319812
-0.005902831939079646
-0.005614205809253195
-0.005342162798950409
-0.0050857537199228324
-0.004845057395763564
-0.004616121266218009
-0.004403042028063653
-0.004197559815711885
-0.004007453250344028
-0.003829093838062218
-0.0036531886560879773
-0.0034917167070649467
-0.003338828661776035
-0.003192518248701163
-0.003055002253171582
-0.002923959404703217
-0.0028025072546733333
-0.0026835201690576277
-0.0025713476612053763
-0.002464976818923243
-0.0023637158981519545
-0.0022679340989284523
-0.002177656361811431
-0.002090397516369417
-0.0020091802074249728
-0.0019302690145012972
-0.0018554450997464924
-0.0017845851081015594
-0.0017168347300157564
-0.001651490273654986
-0.0015892679035937436
-0.0015294236316297427
-0.0014742868894374187
-0.0014209989211439254
-0.0013698229397165606
-0.0013182403794851673
-0.0012735574081198702
-0.0012266211961905326
-0.0011861684821743528
-0.00114202545549508
-0.001103207305602229
-0.001066322156831458
-0.0010301161864096295
-0.000995328903863632
-0.0009621041654451152
-0.000930058888980792
-0.0008991992168407353
-0.0008682133613546236
-0.0008422511379590597
-0.0008144330153173542
-0.0007896948380632587
-0.0007627447639492889
-0.0007389402762025807
-0.0007159500827742902
-0.0006914768302260507
-0.000671266313380839
-0.0006537478872914383
-0.000631142597645203
-0.0006123271831693715
-0.0005964081510524152
-0.0005764102195858671
-0.0005591223681129422
-0.0005423591811868352
-0.0005286030603739494
-0.0005100776287367419
-0.000496995096479357
-0.00048530044198938084
-0.0004699109985615658
-0.0004562254933319112
-0.0004441302463210418
-0.00043191609206542957
-0.00041930143609964133
-0.0004078746248727056
-0.00039772585638201194
-0.00038541115793057313
-0.0003750792759429029
-0.00036632171141415
-0.0003551342886423453
-0.0003474816176892136
-0.0003368544907983051
-0.0003282972428185274
-0.00032045432344295977
-0.0003123590639858602
-0.0003046057349723355
-0.00029648798627726966
-0.0002885462691740122
-0.000281772627397125
-0.00027643571911080005
-0.00026881372699212586
-0.00026136263666958094
-0.00025305455070712195
-0.0002494241772536199
-0.0002408444869033888
-0.00023753031883501426
-0.00022952752362682852
-0.0002252507716135239
-0.0002202896758672481
-0.00021446344067713906
-0.00020896397352313168
-0.00020373080296498937
-0.00019932769456624614
-0.000197337785153547
-0.00019171725282755075
-0.00018551128238071069
-0.00018181137376850384
-0.00017813738955770907
-0.00017420998303921628
-0.00017249885498816223
-0.00016435802450736467
-0.00016232168032454498
-0.00016126902821429921
-0.00015626909267361607
-0.0001505028622022989
-0.00014873954004549153
-0.00014738260668442196
-0.0001420206390410776
-0.00013776399003467471
-0.00013819950366874688
-0.0001337339841944347
-0.00013051379764444555
-0.00013001569771882297
-0.00012718959848432413
-0.00012318656495042323
-0.0001214807214605479
-0.00011814376763994222
-0.00011696707484178314
-0.00011524445280198289
-0.00011166565566177311
-0.00010731748300732153
-0.00010481734769209436
-0.00010582948942695729
-0.00010262228521430125
-0.00010068038209529416
-0.00009875145120724202
-0.00009598401731889646
-0.00009492162635713563
-0.0000939919283239451
-0.00008952951163516627
