0.000527618
0.000532955
0.000539137
0.00054481
0.00055134
0.000557942
0.000563821
0.000569799
0.0005762
0.000583289
0.000590412
0.000597215
0.000602744
0.000611025
0.000618159
0.000624451
0.00063242
0.000638742
0.000646603
0.000654346
0.000662414
0.000669491
0.000677752
0.000685734
0.000694154
0.000702166
0.000710598
0.00071872
0.000727197
0.000736107
0.000745291
0.000754272
0.000762781
0.000772296
0.000781675
0.000790546
0.000800287
0.000810597
0.0008206
0.000829798
0.000840604
0.000850791
0.000861482
0.000871903
0.000882496
0.000893201
0.000904822
0.000916375
0.000927911
0.000939143
0.000950133
0.000963044
0.000974627
0.000987756
0.000999354
0.00101238
0.0010254
0.00103775
0.00105154
0.00106562
0.001079
0.00109246
0.00110594
0.00112157
0.00113541
0.00115048
0.00116552
0.00118088
0.00119652
0.00121198
0.0012281
0.00124426
0.00126035
0.00127693
0.00129417
0.00131125
0.0013285
0.00134622
0.00136397
0.00138239
0.00140115
0.00141976
0.00143909
0.00145808
0.0014776
0.00149894
0.00151879
0.00153863
0.00156019
0.00158175
0.00160454
0.00162614
0.00164825
0.00167067
0.00169443
0.00171825
0.001742
0.00176648
0.00179166
0.00181645
0.00184193
0.00186797
0.00189446
0.00192146
0.00194785
0.00197646
0.00200459
0.0020329
0.00206282
0.002092
0.00212184
0.00215264
0.00218383
0.00221544
0.0022475
0.00228
0.00231403
0.00234735
0.00238174
0.00241712
0.0024526
0.0024887
0.00252508
0.00256225
0.00260096
0.00263945
0.00267853
0.00271947
0.00276015
0.00280091
0.00284334
0.00288641
0.00292954
0.00297432
0.0030194
0.00306578
0.00311204
0.0031598
0.00320866
0.00325758
0.00330759
0.00335938
0.00341074
0.00346354
0.00351786
0.00357251
0.0036278
0.00368505
0.0037429
0.00380087
0.00386068
0.00392267
0.00398466
0.00404748
0.0041115
0.00417737
0.00424318
0.00431092
0.00438059
0.00445066
0.00452262
0.00459572
0.00466977
0.004745
0.00482216
0.00490111
0.00498072
0.00506134
0.00514405
0.00522889
0.00531428
0.00540164
0.0054915
0.00558251
0.00567518
0.00576938
0.00586536
0.00596396
0.00606307
0.00616475
0.00626881
0.00637362
0.00648202
0.00659101
0.00670264
0.00681659
0.00693257
0.00705006
0.00717099
0.00729402
0.00741921
0.00754698
0.00767657
0.00780979
0.00794497
0.0080831
0.00822424
0.00836733
0.00851335
0.00866238
0.00881483
0.00897012
0.00912779
0.00928876
0.00945427
0.00962197
0.00979359
0.00996835
0.0101461
0.0103287
0.0105142
0.0107034
0.0108961
0.0110947
0.0112956
0.0115014
0.0117106
0.0119253
0.0121438
0.0123671
0.0125948
0.0128281
0.013066
0.0133088
0.0135569
0.0138099
0.0140689
0.0143335
0.0146038
0.0148796
0.0151622
0.0154501
0.0157458
0.0160467
0.0163549
0.0166704
0.016993
0.0173227
0.0176594
0.0180048
0.0183574
0.0187189
0.0190883
0.0194671
0.0198544
0.0202513
0.0206572
0.021074
0.0214998
0.0219367
0.0223842
0.0228432
0.0233131
0.0237952
0.02429
0.024797
0.0253171
0.0258514
0.0263992
0.0269614
0.027539
0.0281322
0.0287409
0.0293669
0.0300101
0.0306708
0.0313503
0.0320486
0.0327673
0.0335058
0.0342663
0.0350484
0.0358538
0.0366822
0.037535
0.0384126
0.0393162
0.0402468
0.0412044
0.0421895
0.0432039
0.0442477
0.0453215
0.0464244
0.0475576
0.0487209
0.0499139
0.051135
0.0523839
0.0536585
0.0549559
0.056272
0.0576027
0.0589415
0.0602794
0.0616075
0.0629124
0.0641766
0.0653808
0.0664968
0.0674953
0.0683352
0.06897
0.0693393
0.0693725
0.0689845
0.0680745
0.0665232
0.0641965
0.0609406
0.056587
0.0509582
0.0438736
0.0351592
0.0246628
0.0122659
-0.00210286
-0.0184524
-0.0367255
-0.0567953
-0.0784703
-0.101503
-0.125603
-0.15045
-0.175713
-0.201064
-0.226193
-0.250826
-0.27474
-0.297762
-0.319791
-0.340784
-0.360757
-0.379766
-0.397892
-0.415219
-0.431813
-0.447702
-0.462864
-0.477214
-0.490607
-0.50284
-0.513671
-0.522838
-0.530084
-0.535187
-0.537986
-0.538394
-0.536411
-0.532123
-0.525693
-0.517336
-0.5073
-0.495837
-0.483173
-0.469488
-0.454906
-0.439479
-0.423194
-0.405981
-0.387727
-0.368287
-0.347512
-0.325267
-0.301441
-0.275965
-0.248813
-0.220002
-0.189588
-0.157651
-0.124285
-0.0895918
-0.0536626
-0.0165794
0.0215936
0.0608083
0.101034
0.142253
0.184461
0.227654
0.271832
0.316984
0.363082
0.410073
0.457861
0.506305
0.555195
0.604248
0.653095
0.701279
0.748257
0.793411
0.836074
0.875557
0.911189
0.942349
0.968498
0.989196
1.00411
1.01301
1.01575
1.0123
1.00267
0.987003
0.965502
0.938492
0.906396
0.869743
0.829139
0.785241
0.738727
0.690247
0.640403
0.589719
0.538632
0.487484
0.436529
0.38594
0.33582
0.286214
0.237118
0.188496
0.140281
0.0923853
0.04471
-0.00285468
-0.050422
-0.0981057
-0.146015
-0.194249
-0.242895
-0.292019
-0.34166
-0.391819
-0.442451
-0.493452
-0.544649
-0.595787
-0.646522
-0.696415
-0.74494
-0.791492
-0.835414
-0.876027
-0.912665
-0.944715
-0.97164
-0.993008
-1.00849
-1.01785
-1.02098
-1.01782
-1.00841
-0.99289
-0.97148
-0.94451
-0.912414
-0.875726
-0.835061
-0.791083
-0.744472
-0.695886
-0.645928
-0.595126
-0.543919
-0.49265
-0.441575
-0.390868
-0.340632
-0.290912
-0.241708
-0.19298
-0.144663
-0.0966707
-0.0489025
-0.0012499
0.0464007
0.0941628
0.142145
0.190447
0.239157
0.288338
0.338031
0.388236
0.438908
0.489945
0.541171
0.592332
0.643085
0.69299
0.741523
0.788078
0.832
0.872611
0.909246
0.941292
0.968217
0.989587
1.00508
1.01446
1.0176
1.01447
1.00511
0.989636
0.968283
0.941377
0.90935
0.872736
0.832148
0.788249
0.741719
0.693212
0.643334
0.59261
0.541479
0.490284
0.43928
0.388641
0.33847
0.288812
0.239667
0.190995
0.142731
0.0947885
0.0470672
-0.000541907
-0.0481516
-0.0958756
-0.143823
-0.192093
-0.240773
-0.289929
-0.339598
-0.389783
-0.440437
-0.491458
-0.542672
-0.593824
-0.64457
-0.694471
-0.743001
-0.789556
-0.833479
-0.874092
-0.910729
-0.942778
-0.969704
-0.991075
-1.00656
-1.01594
-1.01907
-1.01593
-1.00655
-0.991056
-0.969679
-0.942746
-0.91069
-0.874044
-0.833423
-0.789492
-0.742927
-0.694387
-0.644475
-0.593719
-0.542556
-0.49133
-0.440296
-0.389629
-0.339431
-0.289748
-0.240579
-0.191884
-0.143599
-0.0956366
-0.0478968
-0.000270662
0.0473549
0.0950935
0.143054
0.191336
0.240026
0.289191
0.338868
0.38906
0.439719
0.490745
0.541961
0.593115
0.64386
0.693761
0.74229
0.788843
0.832763
0.873372
0.910006
0.942052
0.968976
0.990345
1.00583
1.01521
1.01835
1.01521
1.00584
0.990352
0.968986
0.942065
0.910023
0.873392
0.832786
0.78887
0.742321
0.693796
0.6439
0.593158
0.542009
0.490798
0.439778
0.389123
0.338937
0.289265
0.240106
0.191422
0.143145
0.095191
0.0474588
-0.000160461
-0.0477799
-0.0955129
-0.143468
-0.191747
-0.240434
-0.289596
-0.339271
-0.389461
-0.44012
-0.491145
-0.542363
-0.593517
-0.644265
-0.694168
-0.7427
-0.789256
-0.83318
-0.873792
-0.91043
-0.942479
-0.969406
-0.990776
-1.00626
-1.01564
-1.01844
-1.0153
-1.00592
-0.990434
-0.969066
-0.942143
-0.910098
-0.873465
-0.832857
-0.788938
-0.742386
-0.693859
-0.64396
-0.593216
-0.542065
-0.490851
-0.439828
-0.389171
-0.338983
-0.289309
-0.240147
-0.191461
-0.143182
-0.0952258
-0.0474914
0
0.0474916
0.0952257
0.143182
0.19146
0.240147
0.289309
0.338983
0.389171
0.439828
0.490851
0.542065
0.593216
0.64396
0.693859
0.742386
0.788938
0.832857
0.873465
0.910098
0.942143
0.969066
0.990434
1.00592
1.0153
1.01844
1.0153
1.00592
0.990434
0.969066
0.942143
0.910098
0.873465
0.832857
0.788938
0.742386
0.693859
0.64396
0.593216
0.542065
0.490851
0.439828
0.389171
0.338983
0.289309
0.240147
0.191461
0.143182
0.0952258
0.0474914
0
-0.0474916
-0.0952257
-0.143182
-0.19146
-0.240147
-0.289309
-0.338983
-0.389171
-0.439828
-0.490851
-0.542065
-0.593216
-0.64396
-0.693859
-0.742386
-0.788938
-0.832857
-0.873465
-0.910098
-0.942143
-0.969066
-0.990434
-1.00592
-1.0153
-1.01844
-1.0153
-1.00592
-0.990434
-0.969066
-0.942143
-0.910098
-0.873465
-0.832857
-0.788938
-0.742386
-0.693859
-0.64396
-0.593216
-0.542065
-0.490851
-0.439828
-0.389171
-0.338983
-0.289309
-0.240147
-0.191461
-0.143182
-0.0952258
-0.0474914
0
0.0474916
0.0952257
0.143182
0.19146
0.240147
0.289309
0.338983
0.389171
0.439828
0.490851
0.542065
0.593216
0.64396
0.693859
0.742386
0.788938
0.832857
0.873465
0.910098
0.942143
0.969066
0.990434
1.00592
1.0153
1.01844
1.0153
1.00592
0.990434
0.969066
0.942143
0.910098
0.873465
0.832857
0.788938
0.742386
0.693859
0.64396
0.593216
0.542065
0.490851
0.439828
0.389171
0.338983
0.289309
0.240147
0.191461
0.143182
0.0952258
0.0474914
0
-0.0474916
-0.0952257
-0.143182
-0.19146
-0.240147
-0.289309
-0.338983
-0.389171
-0.439828
-0.490851
-0.542065
-0.593216
-0.64396
-0.693859
-0.742386
-0.788938
-0.832857
-0.873465
-0.910098
-0.942143
-0.969066
-0.990434
-1.00592
-1.0153
-1.01844
-1.0153
-1.00592
-0.990434
-0.969066
-0.942143
-0.910098
-0.873465
-0.832857
-0.788938
-0.742386
-0.693859
-0.64396
-0.593216
-0.542065
-0.490851
-0.439828
-0.389171
-0.338983
-0.289309
-0.240147
-0.191461
-0.143182
-0.0952258
-0.0474914
0
0.0474916
0.0952257
0.143182
0.19146
0.240147
0.289309
0.338983
0.389171
0.439828
0.490851
0.542065
0.593216
0.64396
0.693859
0.742386
0.788938
0.832857
0.873465
0.910098
0.942143
0.969066
0.990434
1.00592
1.0153
1.01844
1.0153
1.00592
0.990434
0.969066
0.942143
0.910098
0.873465
0.832857
0.788938
0.742386
0.693859
0.64396
0.593216
0.542065
0.490851
0.439828
0.389171
0.338983
0.289309
0.240147
0.191461
0.143182
0.0952258
0.0474914
0
-0.0474916
-0.0952257
-0.143182
-0.19146
-0.240147
-0.289309
-0.338983
-0.389171
-0.439828
-0.490851
-0.542065
-0.593216
-0.64396
-0.693859
-0.742386
-0.788938
-0.832857
-0.873465
-0.910098
-0.942143
-0.969066
-0.990434
-1.00592
-1.0153
-1.01844
-1.0153
-1.00592
-0.990434
-0.969066
-0.942143
-0.910098
-0.873465
-0.832857
-0.788938
-0.742386
-0.693859
-0.64396
-0.593216
-0.542065
-0.490851
-0.439828
-0.389171
-0.338983
-0.289309
-0.240147
-0.191461
-0.143182
-0.0952258
-0.0474914
0
0.0474916
0.0952257
0.143182
0.19146
0.240147
0.289309
0.338983
0.389171
0.439828
0.490851
0.542065
0.593216
0.64396
0.693859
0.742386
0.788938
0.832857
0.873465
0.910098
0.942143
0.969066
0.990434
1.00592
1.0153
1.01844
1.0153
1.00592
0.990434
0.969066
0.942143
0.910098
0.873465
0.832857
0.788938
0.742386
0.693859
0.64396
0.593216
0.542065
0.490851
0.439828
0.389171
0.338983
0.289309
0.240147
0.191461
0.143182
0.0952258
0.0474914
0
-0.0474916
-0.0952257
-0.143182
-0.19146
-0.240147
-0.289309
-0.338983
-0.389171
-0.439828
-0.490851
-0.542065
-0.593216
-0.64396
-0.693859
-0.742386
-0.788938
-0.832857
-0.873465
-0.910098
-0.942143
-0.969066
-0.990434
-1.00592
-1.0153
-1.01844
-1.0153
-1.00592
-0.990434
-0.969066
-0.942143
-0.910098
-0.873465
-0.832857
-0.788938
-0.742386
-0.693859
-0.64396
-0.593216
-0.542065
-0.490851
-0.439828
-0.389171
-0.338983
-0.289309
-0.240147
-0.191461
-0.143182
-0.0952258
-0.0474914
0
0.0474916
0.0952257
0.143182
0.19146
0.240147
0.289309
0.338983
0.389171
0.439828
0.490851
0.542065
0.593216
0.64396
0.693859
0.742386
0.788938
0.832857
0.873465
0.910098
0.942143
0.969066
0.990434
1.00592
1.0153
1.01844
1.0153
1.00592
0.990434
0.969066
0.942143
0.910098
0.873465
0.832857
0.788938
0.742386
0.693859
0.64396
0.593216
0.542065
0.490851
0.439828
0.389171
0.338983
0.289309
0.240147
0.191461
0.143182
0.0952258
0.0474914
0
-0.0474916
-0.0952257
-0.143182
-0.19146
-0.240147
-0.289309
-0.338983
-0.389171
-0.439828
-0.490851
-0.542065
-0.593216
-0.64396
-0.693859
-0.742386
-0.788938
-0.832857
-0.873465
-0.910098
-0.942143
-0.969066
-0.990434
-1.00592
-1.0153
-1.01844
-1.0153
-1.00592
-0.990434
-0.969066
-0.942143
-0.910098
-0.873465
-0.832857
-0.788938
-0.742386
-0.693859
-0.64396
-0.593216
-0.542065
-0.490851
-0.439828
-0.389171
-0.338983
-0.289309
-0.240147
-0.191461
-0.143182
-0.0952258
-0.0474914
0
0.0474916
0.0952257
0.143182
0.19146
0.240147
0.289309
0.338983
0.389171
0.439828
0.490851
0.542065
0.593216
0.64396
0.693859
0.742386
0.788938
0.832857
0.873465
0.910098
0.942143
0.969066
0.990434
1.00592
1.0153
1.01844
1.0153
1.00592
0.990434
0.969066
0.942143
0.910098
0.873465
0.832857
0.788938
0.742386
0.693859
0.64396
0.593216
0.542065
0.490851
0.439828
0.389171
0.338983
0.289309
0.240147
0.191461
0.143182
0.0952258
0.0474914
0
-0.0474916
-0.0952257
-0.143182
-0.19146
-0.240147
-0.289309
-0.338983
-0.389171
-0.439828
-0.490851
-0.542065
-0.593216
-0.64396
-0.693859
-0.742386
-0.788938
-0.832857
-0.873465
-0.910098
-0.942143
-0.969066
-0.990434
-1.00592
-1.0153
-1.01844
-1.0153
-1.00592
-0.990434
-0.969066
-0.942143
-0.910098
-0.873465
-0.832857
-0.788938
-0.742386
-0.693859
-0.64396
-0.593216
-0.542065
-0.490851
-0.439828
-0.389171
-0.338983
-0.289309
-0.240147
-0.191461
-0.143182
-0.0952258
-0.0474914
0
0.0474916
0.0952257
0.143182
0.19146
0.240147
0.289309
0.338983
0.389171
0.439828
0.490851
0.542065
0.593216
0.64396
0.693859
0.742386
0.788938
0.832857
0.873465
0.910098
0.942143
0.969066
0.990434
1.00592
1.0153
1.01844
1.0153
1.00592
0.990434
0.969066
0.942143
0.910098
0.873465
0.832857
0.788938
0.742386
0.693859
0.64396
0.593216
0.542065
0.490851
0.439828
0.389171
0.338983
0.289309
0.240147
0.191461
0.143182
0.0952258
0.0474914
0
-0.0474916
-0.0952257
-0.143182
-0.19146
-0.240147
-0.289309
-0.338983
-0.389171
-0.439828
-0.490851
-0.542065
-0.593216
-0.64396
-0.693859
-0.742386
-0.788938
-0.832857
-0.873465
-0.910098
-0.942143
-0.969066
-0.990434
-1.00592
-1.0153
-1.01844
-1.0153
-1.00592
-0.990434
-0.969066
-0.942143
-0.910098
-0.873465
-0.832857
-0.788938
-0.742386
-0.693859
-0.64396
-0.593216
-0.542065
-0.490851
-0.439828
-0.389171
-0.338983
-0.289309
-0.240147
-0.191461
-0.143182
-0.0952258
-0.0474914
0
0.0474916
0.0952257
0.143182
0.19146
0.240147
0.289309
0.338983
0.389171
0.439828
0.490851
0.542065
0.593216
0.64396
0.693859
0.742386
0.788938
0.832857
0.873465
0.910098
0.942143
0.969066
0.990434
1.00592
1.0153
1.01844
1.0153
1.00592
0.990434
0.969066
0.942143
0.910098
0.873465
0.832857
0.788938
0.742386
0.693859
0.64396
0.593216
0.542065
0.490851
0.439828
0.389171
0.338983
0.289309
0.240147
0.191461
0.143182
0.0952258
0.0474914
0
-0.0474916
-0.0952257
-0.143182
-0.19146
-0.240147
-0.289309
-0.338983
-0.389171
-0.439828
-0.490851
-0.542065
-0.593216
-0.64396
-0.693859
-0.742386
-0.788938
-0.832857
-0.873465
-0.910098
-0.942143
-0.969066
-0.990434
-1.00592
-1.0153
-1.01844
-1.0153
-1.00592
-0.990434
-0.969066
-0.942143
-0.910098
-0.873465
-0.832857
-0.788938
-0.742386
-0.693859
-0.64396
-0.593216
-0.542065
-0.490851
-0.439828
-0.389171
-0.338983
-0.289309
-0.240147
-0.191461
-0.143182
-0.0952258
-0.0474914
0
0.0474916
0.0952257
0.143182
0.19146
0.240147
0.289309
0.338983
0.389171
0.439828
0.490851
0.542065
0.593216
0.64396
0.693859
0.742386
0.788938
0.832857
0.873465
0.910098
0.942143
0.969066
0.990434
1.00592
1.0153
1.01844
1.0153
1.00592
0.990434
0.969066
0.942143
0.910098
0.873465
0.832857
0.788938
0.742386
0.693859
0.64396
0.593216
0.542065
0.490851
0.439828
0.389171
0.338983
0.289309
0.240147
0.191461
0.143182
0.0952258
0.0474914
0
-0.0474916
-0.0952257
-0.143182
-0.19146
-0.240147
-0.289309
-0.338983
-0.389171
-0.439828
-0.490851
-0.542065
-0.593216
-0.64396
-0.693859
-0.742386
-0.788938
-0.832857
-0.873465
-0.910098
-0.942143
-0.969066
-0.990434
-1.00592
-1.0153
-1.01844
-1.0153
-1.00592
-0.990434
-0.969066
-0.942143
-0.910098
-0.873465
-0.832857
-0.788938
-0.742386
-0.693859
-0.64396
-0.593216
-0.542065
-0.490851
-0.439828
-0.389171
-0.338983
-0.289309
-0.240147
-0.191461
-0.143182
-0.0952258
-0.0474914
0
0.0474916
0.0952257
0.143182
0.19146
0.240147
0.289309
0.338983
0.389171
0.439828
0.490851
0.542065
0.593216
0.64396
0.693859
0.742386
0.788938
0.832857
0.873465
0.910098
0.942143
0.969066
0.990434
1.00592
1.0153
1.01844
1.0153
1.00592
0.990434
0.969066
0.942143
0.910098
0.873465
0.832857
0.788938
0.742386
0.693859
0.64396
0.593216
0.542065
0.490851
0.439828
0.389171
0.338983
0.289309
0.240147
0.191461
0.143182
0.0952258
0.0474914
0
-0.0474916
-0.0952257
-0.143182
-0.19146
-0.240147
-0.289309
-0.338983
-0.389171
-0.439828
-0.490851
-0.542065
-0.593216
-0.64396
-0.693859
-0.742386
-0.788938
-0.832857
-0.873465
-0.910098
-0.942143
-0.969066
-0.990434
-1.00592
-1.0153
-1.01844
-1.0153
-1.00592
-0.990434
-0.969066
-0.942143
-0.910098
-0.873465
-0.832857
-0.788938
-0.742386
-0.693859
-0.64396
-0.593216
-0.542065
-0.490851
-0.439828
-0.389171
-0.338983
-0.289309
-0.240147
-0.191461
-0.143182
-0.0952258
-0.0474914
0
0.0474916
0.0952257
0.143182
0.19146
0.240147
0.289309
0.338983
0.389171
0.439828
0.490851
0.542065
0.593216
0.64396
0.693859
0.742386
0.788938
0.832857
0.873465
0.910098
0.942143
0.969066
0.990434
1.00592
1.0153
1.01844
1.0153
1.00592
0.990434
0.969066
0.942143
0.910098
0.873465
0.832857
0.788938
0.742386
0.693859
0.64396
0.593216
0.542065
0.490851
0.439828
0.389171
0.338983
0.289309
0.240147
0.191461
0.143182
0.0952258
0.0474914
0
-0.0474916
-0.0952257
-0.143182
-0.19146
-0.240147
-0.289309
-0.338983
-0.389171
-0.439828
-0.490851
-0.542065
-0.593216
-0.64396
-0.693859
-0.742386
-0.788938
-0.832857
-0.873465
-0.910098
-0.942143
-0.969066
-0.990434
-1.00592
-1.0153
-1.01844
-1.0153
-1.00592
-0.990434
-0.969066
-0.942143
-0.910098
-0.873465
-0.832857
-0.788938
-0.742386
-0.693859
-0.64396
-0.593216
-0.542065
-0.490851
-0.439828
-0.389171
-0.338983
-0.289309
-0.240147
-0.191461
-0.143182
-0.0952258
-0.0474914
0
0.0474916
0.0952257
0.143182
0.19146
0.240147
0.289309
0.338983
0.389171
0.439828
0.490851
0.542065
0.593216
0.64396
0.693859
0.742386
0.788938
0.832857
0.873465
0.910098
0.942143
0.969066
0.990434
1.00592
1.0153
1.01844
1.0153
1.00592
0.990434
0.969066
0.942143
0.910098
0.873465
0.832857
0.788938
0.742386
0.693859
0.64396
0.593216
0.542065
0.490851
0.439828
0.389171
0.338983
0.289309
0.240147
0.191461
0.143182
0.0952258
0.0474914
0
-0.0474916
-0.0952257
-0.143182
-0.19146
-0.240147
-0.289309
-0.338983
-0.389171
-0.439828
-0.490851
-0.542065
-0.593216
-0.64396
-0.693859
-0.742386
-0.788938
-0.832857
-0.873465
-0.910098
-0.942143
-0.969066
-0.990434
-1.00592
-1.0153
-1.01844
-1.0153
-1.00592
-0.990434
-0.969066
-0.942143
-0.910098
-0.873465
-0.832857
-0.788938
-0.742386
-0.693859
-0.64396
-0.593216
-0.542065
-0.490851
-0.439828
-0.389171
-0.338983
-0.289309
-0.240147
-0.191461
-0.143182
-0.0952258
-0.0474914
0
0.0474916
0.0952257
0.143182
0.19146
0.240147
0.289309
0.338983
0.389171
0.439828
0.490851
0.542065
0.593216
0.64396
0.693859
0.742386
0.788938
0.832857
0.873465
0.910098
0.942143
0.969066
0.990434
1.00592
1.0153
1.01844
1.0153
1.00592
0.990434
0.969066
0.942143
0.910098
0.873465
0.832857
0.788938
0.742386
0.693859
0.64396
0.593216
0.542065
0.490851
0.439828
0.389171
0.338983
0.289309
0.240147
0.191461
0.143182
0.0952258
0.0474914
0
-0.0474916
-0.0952257
-0.143182
-0.19146
-0.240147
-0.289309
-0.338983
-0.389171
-0.439828
-0.490851
-0.542065
-0.593216
-0.64396
-0.693859
-0.742386
-0.788938
-0.832857
-0.873465
-0.910098
-0.942143
-0.969066
-0.990434
-1.00592
-1.0153
-1.01844
-1.0153
-1.00592
-0.990434
-0.969066
-0.942143
-0.910098
-0.873465
-0.832857
-0.788938
-0.742386
-0.693859
-0.64396
-0.593216
-0.542065
-0.490851
-0.439828
-0.389171
-0.338983
-0.289309
-0.240147
-0.191461
-0.143182
-0.0952258
-0.0474914
0
0.0474916
0.0952257
0.143182
0.19146
0.240147
0.289309
0.338983
0.389171
0.439828
0.490851
0.542065
0.593216
0.64396
0.693859
0.742386
0.788938
0.832857
0.873465
0.910098
0.942143
0.969066
0.990434
1.00592
1.0153
1.01844
1.0153
1.00592
0.990434
0.969066
0.942143
0.910098
0.873465
0.832857
0.788938
0.742386
0.693859
0.64396
0.593216
0.542065
0.490851
0.439828
0.389171
0.338983
0.289309
0.240147
0.191461
0.143182
0.0952258
0.0474914
0
-0.0474916
-0.0952257
-0.143182
-0.19146
-0.240147
-0.289309
-0.338983
-0.389171
-0.439828
-0.490851
-0.542065
-0.593216
-0.64396
-0.693859
-0.742386
-0.788938
-0.832857
-0.873465
-0.910098
-0.942143
-0.969066
-0.990434
-1.00592
-1.0153
-1.01844
-1.0153
-1.00592
-0.990434
-0.969066
-0.942143
-0.910098
-0.873465
-0.832857
-0.788938
-0.742386
-0.693859
-0.64396
-0.593216
-0.542065
-0.490851
-0.439828
-0.389171
-0.338983
-0.289309
-0.240147
-0.191461
-0.143182
-0.0952258
-0.0474914
0
0.0474916
0.0952257
0.143182
0.19146
0.240147
0.289309
0.338983
0.389171
0.439828
0.490851
0.542065
0.593216
0.64396
0.693859
0.742386
0.788938
0.832857
0.873465
0.910098
0.942143
0.969066
0.990434
1.00592
1.0153
1.01844
1.0153
1.00592
0.990434
0.969066
0.942143
0.910098
0.873465
0.832857
0.788938
0.742386
0.693859
0.64396
0.593216
0.542065
0.490851
0.439828
0.389171
0.338983
0.289309
0.240147
0.191461
0.143182
0.0952258
0.0474914
0
-0.0474916
-0.0952257
-0.143182
-0.19146
-0.240147
-0.289309
-0.338983
-0.389171
-0.439828
-0.490851
-0.542065
-0.593216
-0.64396
-0.693859
-0.742386
-0.788938
-0.832857
-0.873465
-0.910098
-0.942143
-0.969066
-0.990434
-1.00592
-1.0153
-1.01844
-1.0153
-1.00592
-0.990434
-0.969066
-0.942143
-0.910098
-0.873465
-0.832857
-0.788938
-0.742386
-0.693859
-0.64396
-0.593216
-0.542065
-0.490851
-0.439828
-0.389171
-0.338983
-0.289309
-0.240147
-0.191461
-0.143182
-0.0952258
-0.0474914
0
0.0474916
0.0952257
0.143182
0.19146
0.240147
0.289309
0.338983
0.389171
0.439828
0.490851
0.542065
0.593216
0.64396
0.693859
0.742386
0.788938
0.832857
0.873465
0.910098
0.942143
0.969066
0.990434
1.00592
1.0153
1.01844
1.0153
1.00592
0.990434
0.969066
0.942143
0.910098
0.873465
0.832857
0.788938
0.742386
0.693859
0.64396
0.593216
0.542065
0.490851
0.439828
0.389171
0.338983
0.289309
0.240147
0.191461
0.143182
0.0952258
0.0474914
0
-0.0474916
-0.0952257
-0.143182
-0.19146
-0.240147
-0.289309
-0.338983
-0.389171
-0.439828
-0.490851
-0.542065
-0.593216
-0.64396
-0.693859
-0.742386
-0.788938
-0.832857
-0.873465
-0.910098
-0.942143
-0.969066
-0.990434
-1.00592
-1.0153
-1.01844
-1.0153
-1.00592
-0.990434
-0.969066
-0.942143
-0.910098
-0.873465
-0.832857
-0.788938
-0.742386
-0.693859
-0.64396
-0.593216
-0.542065
-0.490851
-0.439828
-0.389171
-0.338983
-0.289309
-0.240147
-0.191461
-0.143182
-0.0952258
-0.0474914
0
0.0474916
0.0952257
0.143182
0.19146
0.240147
0.289309
0.338983
0.389171
0.439828
0.490851
0.542065
0.593216
0.64396
0.693859
0.742386
0.788938
0.832857
0.873465
0.910098
0.942143
0.969066
0.990434
1.00592
1.0153
1.01844
1.0153
1.00592
0.990434
0.969066
0.942143
0.910098
0.873465
0.832857
0.788938
0.742386
0.693859
0.64396
0.593216
0.542065
0.490851
0.439828
0.389171
0.338983
0.289309
0.240147
0.191461
0.143182
0.0952258
0.0474914
0
-0.0474916
-0.0952257
-0.143182
-0.19146
-0.240147
-0.289309
-0.338983
-0.389171
-0.439828
-0.490851
-0.542065
-0.593216
-0.64396
-0.693859
-0.742386
-0.788938
-0.832857
-0.873465
-0.910098
-0.942143
-0.969066
-0.990434
-1.00592
-1.0153
-1.01844
-1.0153
-1.00592
-0.990434
-0.969066
-0.942143
-0.910098
-0.873465
-0.832857
-0.788938
-0.742386
-0.693859
-0.64396
-0.593216
-0.542065
-0.490851
-0.439828
-0.389171
-0.338983
-0.289309
-0.240147
-0.191461
-0.143182
-0.0952258
-0.0474914
0
0.0474916
0.0952257
0.143182
0.19146
0.240147
0.289309
0.338983
0.389171
0.439828
0.490851
0.542065
0.593216
0.64396
0.693859
0.742386
0.788938
0.832857
0.873465
0.910098
0.942143
0.969066
0.990434
1.00592
1.0153
1.01844
1.0153
1.00592
0.990434
0.969066
0.942143
0.910098
0.873465
0.832857
0.788938
0.742386
0.693859
0.64396
0.593216
0.542065
0.490851
0.439828
0.389171
0.338983
0.289309
0.240147
0.191461
0.143182
0.0952258
0.0474914
0
-0.0474916
-0.0952257
-0.143182
-0.19146
-0.240147
-0.289309
-0.338983
-0.389171
-0.439828
-0.490851
-0.542065
-0.593216
-0.64396
-0.693859
-0.742386
-0.788938
-0.832857
-0.873465
-0.910098
-0.942143
-0.969066
-0.990434
-1.00592
-1.0153
-1.01844
-1.0153
-1.00592
-0.990434
-0.969066
-0.942143
-0.910098
-0.873465
-0.832857
-0.788938
-0.742386
-0.693859
-0.64396
-0.593216
-0.542065
-0.490851
-0.439828
-0.389171
-0.338983
-0.289309
-0.240147
-0.191461
-0.143182
-0.0952258
-0.0474914
0
0.0474916
0.0952257
0.143182
0.19146
0.240147
0.289309
0.338983
0.389171
0.439828
0.490851
0.542065
0.593216
0.64396
0.693859
0.742386
0.788938
0.832857
0.873465
0.910098
0.942143
0.969066
0.990434
1.00592
1.0153
1.01844
1.0153
1.00592
0.990434
0.969066
0.942143
0.910098
0.873465
0.832857
0.788938
0.742386
0.693859
0.64396
0.593216
0.542065
0.490851
0.439828
0.389171
0.338983
0.289309
0.240147
0.191461
0.143182
0.0952258
0.0474914
0
-0.0474916
-0.0952257
-0.143182
-0.19146
-0.240147
-0.289309
-0.338983
-0.389171
-0.439828
-0.490851
-0.542065
-0.593216
-0.64396
-0.693859
-0.742386
-0.788938
-0.832857
-0.873465
-0.910098
-0.942143
-0.969066
-0.990434
-1.00592
-1.0153
-1.01844
-1.0153
-1.00592
-0.990434
-0.969066
-0.942143
-0.910098
-0.873465
-0.832857
-0.788938
-0.742386
-0.693859
-0.64396
-0.593216
-0.542065
-0.490851
-0.439828
-0.389171
-0.338983
-0.289309
-0.240147
-0.191461
-0.143182
-0.0952258
-0.0474914
0
0.0474916
0.0952257
0.143182
0.19146
0.240147
0.289309
0.338983
0.389171
0.439828
0.490851
0.542065
0.593216
0.64396
0.693859
0.742386
0.788938
0.832857
0.873465
0.910098
0.942143
0.969066
0.990434
1.00592
1.0153
1.01844
1.0153
1.00592
0.990434
0.969066
0.942143
0.910098
0.873465
0.832857
0.788938
0.742386
0.693859
0.64396
0.593216
0.542065
0.490851
0.439828
0.389171
0.338983
0.289309
0.240147
0.191461
0.143182
0.0952258
0.0474914
0
-0.0474916
-0.0952257
-0.143182
-0.19146
-0.240147
-0.289309
-0.338983
-0.389171
-0.439828
-0.490851
-0.542065
-0.593216
-0.64396
-0.693859
-0.742386
-0.788938
-0.832857
-0.873465
-0.910098
-0.942143
-0.969066
-0.990434
-1.00592
-1.0153
-1.01844
-1.0153
-1.00592
-0.990434
-0.969066
-0.942143
-0.910098
-0.873465
-0.832857
-0.788938
-0.742386
-0.693859
-0.64396
-0.593216
-0.542065
-0.490851
-0.439828
-0.389171
-0.338983
-0.289309
-0.240147
-0.191461
-0.143182
-0.0952258
-0.0474914
0
0.0474916
0.0952257
0.143182
0.19146
0.240147
0.289309
0.338983
0.389171
0.439828
0.490851
0.542065
0.593216
0.64396
0.693859
0.742386
0.788938
0.832857
0.873465
0.910098
0.942143
0.969066
0.990434
1.00592
1.0153
1.01844
1.0153
1.00592
0.990434
0.969066
0.942143
0.910098
0.873465
0.832857
0.788938
0.742386
0.693859
0.64396
0.593216
0.542065
0.490851
0.439828
0.389171
0.338983
0.289309
0.240147
0.191461
0.143182
0.0952258
0.0474914
0
-0.0474916
-0.0952257
-0.143182
-0.19146
-0.240147
-0.289309
-0.338983
-0.389171
-0.439828
-0.490851
-0.542065
-0.593216
-0.64396
-0.693859
-0.742386
-0.788938
-0.832857
-0.873465
-0.910098
-0.942143
-0.969066
-0.990434
-1.00592
-1.0153
-1.01844
-1.0153
-1.00592
-0.990434
-0.969066
-0.942143
-0.910098
-0.873465
-0.832857
-0.788938
-0.742386
-0.693859
-0.64396
-0.593216
-0.542065
-0.490851
-0.439828
-0.389171
-0.338983
-0.289309
-0.240147
-0.191461
-0.143182
-0.0952258
-0.0474914
0
0.0474916
0.0952257
0.143182
0.19146
0.240147
0.289309
0.338983
0.389171
0.439828
0.490851
0.542065
0.593216
0.64396
0.693859
0.742386
0.788938
0.832857
0.873465
0.910098
0.942143
0.969066
0.990434
1.00592
1.0153
1.01844
1.0153
1.00592
0.990434
0.969066
0.942143
0.910098
0.873465
0.832857
0.788938
0.742386
0.693859
0.64396
0.593216
0.542065
0.490851
0.439828
0.389171
0.338983
0.289309
0.240147
0.191461
0.143182
0.0952258
0.0474914
0
-0.0474916
-0.0952257
-0.143182
-0.19146
-0.240147
-0.289309
-0.338983
-0.389171
-0.439828
-0.490851
-0.542065
-0.593216
-0.64396
-0.693859
-0.742386
-0.788938
-0.832857
-0.873465
-0.910098
-0.942143
-0.969066
-0.990434
-1.00592
-1.0153
-1.01844
-1.0153
-1.00592
-0.990434
-0.969066
-0.942143
-0.910098
-0.873465
-0.832857
-0.788938
-0.742386
-0.693859
-0.64396
-0.593216
-0.542065
-0.490851
-0.439828
-0.389171
-0.338983
-0.289309
-0.240147
-0.191461
-0.143182
-0.0952258
-0.0474914
0
0.0474916
0.0952257
0.143182
0.19146
0.240147
0.289309
0.338983
0.389171
0.439828
0.490851
0.542065
0.593216
0.64396
0.693859
0.742386
0.788938
0.832857
0.873465
0.910098
0.942143
0.969066
0.990434
1.00592
1.0153
1.01844
1.0153
1.00592
0.990434
0.969066
0.942143
0.910098
0.873465
0.832857
0.788938
0.742386
0.693859
0.64396
0.593216
0.542065
0.490851
0.439828
0.389171
0.338983
0.289309
0.240147
0.191461
0.143182
0.0952258
0.0474914
0
-0.0474916
-0.0952257
-0.143182
-0.19146
-0.240147
-0.289309
-0.338983
-0.389171
-0.439828
-0.490851
-0.542065
-0.593216
-0.64396
-0.693859
-0.742386
-0.788938
-0.832857
-0.873465
-0.910098
-0.942143
-0.969066
-0.990434
-1.00592
-1.0153
-1.01844
-1.0153
-1.00592
-0.990434
-0.969066
-0.942143
-0.910098
-0.873465
-0.832857
-0.788938
-0.742386
-0.693859
-0.64396
-0.593216
-0.542065
-0.490851
-0.439828
-0.389171
-0.338983
-0.289309
-0.240147
-0.191461
-0.143182
-0.0952258
-0.0474914
0
0.0474916
0.0952257
0.143182
0.19146
0.240147
0.289309
0.338983
0.389171
0.439828
0.490851
0.542065
0.593216
0.64396
0.693859
0.742386
0.788938
0.832857
0.873465
0.910098
0.942143
0.969066
0.990434
1.00592
1.0153
1.01844
1.0153
1.00592
0.990434
0.969066
0.942143
0.910098
0.873465
0.832857
0.788938
0.742386
0.693859
0.64396
0.593216
0.542065
0.490851
0.439828
0.389171
0.338983
0.289309
0.240147
0.191461
0.143182
0.0952258
0.0474914
0
-0.0474916
-0.0952257
-0.143182
-0.19146
-0.240147
-0.289309
-0.338983
-0.389171
-0.439828
-0.490851
-0.542065
-0.593216
-0.64396
-0.693859
-0.742386
-0.788938
-0.832857
-0.873465
-0.910098
-0.942143
-0.969066
-0.990434
-1.00592
-1.0153
-1.01844
-1.0153
-1.00592
-0.990434
-0.969066
-0.942143
-0.910098
-0.873465
-0.832857
-0.788938
-0.742386
-0.693859
-0.64396
-0.593216
-0.542065
-0.490851
-0.439828
-0.389171
-0.338983
-0.289309
-0.240147
-0.191461
-0.143182
-0.0952258
-0.0474914
0
0.0474916
0.0952257
0.143182
0.19146
0.240147
0.289309
0.338983
0.389171
0.439828
0.490851
0.542065
0.593216
0.64396
0.693859
0.742386
0.788938
0.832857
0.873465
0.910098
0.942143
0.969066
0.990434
1.00592
1.0153
1.01844
1.0153
1.00592
0.990434
0.969066
0.942143
0.910098
0.873465
0.832857
0.788938
0.742386
0.693859
0.64396
0.593216
0.542065
0.490851
0.439828
0.389171
0.338983
0.289309
0.240147
0.191461
0.143182
0.0952258
0.0474914
0
-0.0474916
-0.0952257
-0.143182
-0.19146
-0.240147
-0.289309
-0.338983
-0.389171
-0.439828
-0.490851
-0.542065
-0.593216
-0.64396
-0.693859
-0.742386
-0.788938
-0.832857
-0.873465
-0.910098
-0.942143
-0.969066
-0.990434
-1.00592
-1.0153
-1.01844
-1.0153
-1.00592
-0.990434
-0.969066
-0.942143
-0.910098
-0.873465
-0.832857
-0.788938
-0.742386
-0.693859
-0.64396
-0.593216
-0.542065
-0.490851
-0.439828
-0.389171
-0.338983
-0.289309
-0.240147
-0.191461
-0.143182
-0.0952258
-0.0474914
0
0.0474916
0.0952257
0.143182
0.19146
0.240147
0.289309
0.338983
0.389171
0.439828
0.490851
0.542065
0.593216
0.64396
0.693859
0.742386
0.788938
0.832857
0.873465
0.910098
0.942143
0.969066
0.990434
1.00592
1.0153
1.01844
1.0153
1.00592
0.990434
0.969066
0.942143
0.910098
0.873465
0.832857
0.788938
0.742386
0.693859
0.64396
0.593216
0.542065
0.490851
0.439828
0.389171
0.338983
0.289309
0.240147
0.191461
0.143182
0.0952258
0.0474914
0
-0.0474916
-0.0952257
-0.143182
-0.19146
-0.240147
-0.289309
-0.338983
-0.389171
-0.439828
-0.490851
-0.542065
-0.593216
-0.64396
-0.693859
-0.742386
-0.788938
-0.832857
-0.873465
-0.910098
-0.942143
-0.969066
-0.990434
-1.00592
-1.0153
-1.01844
-1.0153
-1.00592
-0.990434
-0.969066
-0.942143
-0.910098
-0.873465
-0.832857
-0.788938
-0.742386
-0.693859
-0.64396
-0.593216
-0.542065
-0.490851
-0.439828
-0.389171
-0.338983
-0.289309
-0.240147
-0.191461
-0.143182
-0.0952258
-0.0474914
0
0.0474916
0.0952257
0.143182
0.19146
0.240147
0.289309
0.338983
0.389171
0.439828
0.490851
0.542065
0.593216
0.64396
0.693859
0.742386
0.788938
0.832857
0.873465
0.910098
0.942143
0.969066
0.990434
1.00592
1.0153
1.01844
1.0153
1.00592
0.990434
0.969066
0.942143
0.910098
0.873465
0.832857
0.788938
0.742386
0.693859
0.64396
0.593216
0.542065
0.490851
0.439828
0.389171
0.338983
0.289309
0.240147
0.191461
0.143182
0.0952258
0.0474914
0
-0.0474916
-0.0952257
-0.143182
-0.19146
-0.240147
-0.289309
-0.338983
-0.389171
-0.439828
-0.490851
-0.542065
-0.593216
-0.64396
-0.693859
-0.742386
-0.788938
-0.832857
-0.873465
-0.910098
-0.942143
-0.969066
-0.990434
-1.00592
-1.0153
-1.01844
-1.0153
-1.00592
-0.990434
-0.969066
-0.942143
-0.910098
-0.873465
-0.832857
-0.788938
-0.742386
-0.693859
-0.64396
-0.593216
-0.542065
-0.490851
-0.439828
-0.389171
-0.338983
-0.289309
-0.240147
-0.191461
-0.143182
-0.0952258
-0.0474914
0
0.0474916
0.0952257
0.143182
0.19146
0.240147
0.289309
0.338983
0.389171
0.439828
0.490851
0.542065
0.593216
0.64396
0.693859
0.742386
0.788938
0.832857
0.873465
0.910098
0.942143
0.969066
0.990434
1.00592
1.0153
1.01844
1.0153
1.00592
0.990434
0.969066
0.942143
0.910098
0.873465
0.832857
0.788938
0.742386
0.693859
0.64396
0.593216
0.542065
0.490851
0.439828
0.389171
0.338983
0.289309
0.240147
0.191461
0.143182
0.0952258
0.0474914
0
-0.0474916
-0.0952257
-0.143182
-0.19146
-0.240147
-0.289309
-0.338983
-0.389171
-0.439828
-0.490851
-0.542065
-0.593216
-0.64396
-0.693859
-0.742386
-0.788938
-0.832857
-0.873465
-0.910098
-0.942143
-0.969066
-0.990434
-1.00592
-1.0153
-1.01844
-1.0153
-1.00592
-0.990434
-0.969066
-0.942143
-0.910098
-0.873465
-0.832857
-0.788938
-0.742386
-0.693859
-0.64396
-0.593216
-0.542065
-0.490851
-0.439828
-0.389171
-0.338983
-0.289309
-0.240147
-0.191461
-0.143182
-0.0952258
-0.0474914
0
0.0474916
0.0952257
0.143182
0.19146
0.240147
0.289309
0.338983
0.389171
0.439828
0.490851
0.542065
0.593216
0.64396
0.693859
0.742386
0.788938
0.832857
0.873465
0.910098
0.942143
0.969066
0.990434
1.00592
1.0153
1.01844
1.0153
1.00592
0.990434
0.969066
0.942143
0.910098
0.873465
0.832857
0.788938
0.742386
0.693859
0.64396
0.593216
0.542065
0.490851
0.439828
0.389171
0.338983
0.289309
0.240147
0.191461
0.143182
0.0952258
0.0474914
0
-0.0474916
-0.0952257
-0.143182
-0.19146
-0.240147
-0.289309
-0.338983
-0.389171
-0.439828
-0.490851
-0.542065
-0.593216
-0.64396
-0.693859
-0.742386
-0.788938
-0.832857
-0.873465
-0.910098
-0.942143
-0.969066
-0.990434
-1.00592
-1.0153
-1.01844
-1.0153
-1.00592
-0.990434
-0.969066
-0.942143
-0.910098
-0.873465
-0.832857
-0.788938
-0.742386
-0.693859
-0.64396
-0.593216
-0.542065
-0.490851
-0.439828
-0.389171
-0.338983
-0.289309
-0.240147
-0.191461
-0.143182
-0.0952258
-0.0474914
0
0.0474916
0.0952257
0.143182
0.19146
0.240147
0.289309
0.338983
0.389171
0.439828
0.490851
0.542065
0.593216
0.64396
0.693859
0.742386
0.788938
0.832857
0.873465
0.910098
0.942143
0.969066
0.990434
1.00592
1.0153
1.01844
1.0153
1.00592
0.990434
0.969066
0.942143
0.910098
0.873465
0.832857
0.788938
0.742386
0.693859
0.64396
0.593216
0.542065
0.490851
0.439828
0.389171
0.338983
0.289309
0.240147
0.191461
0.143182
0.0952258
0.0474914
0
-0.0474916
-0.0952257
-0.143182
-0.19146
-0.240147
-0.289309
-0.338983
-0.389171
-0.439828
-0.490851
-0.542065
-0.593216
-0.64396
-0.693859
-0.742386
-0.788938
-0.832857
-0.873465
-0.910098
-0.942143
-0.969066
-0.990434
-1.00592
-1.0153
-1.01844
-1.0153
-1.00592
-0.990434
-0.969066
-0.942143
-0.910098
-0.873465
-0.832857
-0.788938
-0.742386
-0.693859
-0.64396
-0.593216
-0.542065
-0.490851
-0.439828
-0.389171
-0.338983
-0.289309
-0.240147
-0.191461
-0.143182
-0.0952258
-0.0474914
0
0.0474916
0.0952257
0.143182
0.19146
0.240147
0.289309
0.338983
0.389171
0.439828
0.490851
0.542065
0.593216
0.64396
0.693859
0.742386
0.788938
0.832857
0.873465
0.910098
0.942143
0.969066
0.990434
1.00592
1.0153
1.01844
1.0153
1.00592
0.990434
0.969066
0.942143
0.910098
0.873465
0.832857
0.788938
0.742386
0.693859
0.64396
0.593216
0.542065
0.490851
0.439828
0.389171
0.338983
0.289309
0.240147
0.191461
0.143182
0.0952258
0.0474914
0
-0.0474916
-0.0952257
-0.143182
-0.19146
-0.240147
-0.289309
-0.338983
-0.389171
-0.439828
-0.490851
-0.542065
-0.593216
-0.64396
-0.693859
-0.742386
-0.788938
-0.832857
-0.873465
-0.910098
-0.942143
-0.969066
-0.990434
-1.00592
-1.0153
-1.01844
-1.0153
-1.00592
-0.990434
-0.969066
-0.942143
-0.910098
-0.873465
-0.832857
-0.788938
-0.742386
-0.693859
-0.64396
-0.593216
-0.542065
-0.490851
-0.439828
-0.389171
-0.338983
-0.289309
-0.240147
-0.191461
-0.143182
-0.0952258
-0.0474914
0
0.0474916
0.0952257
0.143182
0.19146
0.240147
0.289309
0.338983
0.389171
0.439828
0.490851
0.542065
0.593216
0.64396
0.693859
0.742386
0.788938
0.832857
0.873465
0.910098
0.942143
0.969066
0.990434
1.00592
1.0153
1.01844
1.0153
1.00592
0.990434
0.969066
0.942143
0.910098
0.873465
0.832857
0.788938
0.742386
0.693859
0.64396
0.593216
0.542065
0.490851
0.439828
0.389171
0.338983
0.289309
0.240147
0.191461
0.143182
0.0952258
0.0474914
0
-0.0474916
-0.0952257
-0.143182
-0.19146
-0.240147
-0.289309
-0.338983
-0.389171
-0.439828
-0.490851
-0.542065
-0.593216
-0.64396
-0.693859
-0.742386
-0.788938
-0.832857
-0.873465
-0.910098
-0.942143
-0.969066
-0.990434
-1.00592
-1.0153
-1.01844
-1.0153
-1.00592
-0.990434
-0.969066
-0.942143
-0.910098
-0.873465
-0.832857
-0.788938
-0.742386
-0.693859
-0.64396
-0.593216
-0.542065
-0.490851
-0.439828
-0.389171
-0.338983
-0.289309
-0.240147
-0.191461
-0.143182
-0.0952258
-0.0474914
0
0.0474916
0.0952257
0.143182
0.19146
0.240147
0.289309
0.338983
0.389171
0.439828
0.490851
0.542065
0.593216
0.64396
0.693859
0.742386
0.788938
0.832857
0.873465
0.910098
0.942143
0.969066
0.990434
1.00592
1.0153
1.01844
1.0153
1.00592
0.990434
0.969066
0.942143
0.910098
0.873465
0.832857
0.788938
0.742386
0.693859
0.64396
0.593216
0.542065
0.490851
0.439828
0.389171
0.338983
0.289309
0.240147
0.191461
0.143182
0.0952258
0.0474914
0
-0.0474916
-0.0952257
-0.143182
-0.19146
-0.240147
-0.289309
-0.338983
-0.389171
-0.439828
-0.490851
-0.542065
-0.593216
-0.64396
-0.693859
-0.742386
-0.788938
-0.832857
-0.873465
-0.910098
-0.942143
-0.969066
-0.990434
-1.00592
-1.0153
-1.01844
-1.0153
-1.00592
-0.990434
-0.969066
-0.942143
-0.910098
-0.873465
-0.832857
-0.788938
-0.742386
-0.693859
-0.64396
-0.593216
-0.542065
-0.490851
-0.439828
-0.389171
-0.338983
-0.289309
-0.240147
-0.191461
-0.143182
-0.0952258
-0.0474914
0
0.0474916
0.0952257
0.143182
0.19146
0.240147
0.289309
0.338983
0.389171
0.439828
0.490851
0.542065
0.593216
0.64396
0.693859
0.742386
0.788938
0.832857
0.873465
0.910098
0.942143
0.969066
0.990434
1.00592
1.0153
1.01844
1.0153
1.00592
0.990434
0.969066
0.942143
0.910098
0.873465
0.832857
0.788938
0.742386
0.693859
0.64396
0.593216
0.542065
0.490851
0.439828
0.389171
0.338983
0.289309
0.240147
0.191461
0.143182
0.0952258
0.0474914
0
-0.0474916
-0.0952257
-0.143182
-0.19146
-0.240147
-0.289309
-0.338983
-0.389171
-0.439828
-0.490851
-0.542065
-0.593216
-0.64396
-0.693859
-0.742386
-0.788938
-0.832857
-0.873465
-0.910098
-0.942143
-0.969066
-0.990434
-1.00592
-1.0153
-1.01844
-1.0153
-1.00592
-0.990434
-0.969066
-0.942143
-0.910098
-0.873465
-0.832857
-0.788938
-0.742386
-0.693859
-0.64396
-0.593216
-0.542065
-0.490851
-0.439828
-0.389171
-0.338983
-0.289309
-0.240147
-0.191461
-0.143182
-0.0952258
-0.0474914
0
0.0474916
0.0952257
0.143182
0.19146
0.240147
0.289309
0.338983
0.389171
0.439828
0.490851
0.542065
0.593216
0.64396
0.693859
0.742386
0.788938
0.832857
0.873465
0.910098
0.942143
0.969066
0.990434
1.00592
1.0153
1.01844
1.0153
1.00592
0.990434
0.969066
0.942143
0.910098
0.873465
0.832857
0.788938
0.742386
0.693859
0.64396
0.593216
0.542065
0.490851
0.439828
0.389171
0.338983
0.289309
0.240147
0.191461
0.143182
0.0952258
0.0474914
0
-0.0474916
-0.0952257
-0.143182
-0.19146
-0.240147
-0.289309
-0.338983
-0.389171
-0.439828
-0.490851
-0.542065
-0.593216
-0.64396
-0.693859
-0.742386
-0.788938
-0.832857
-0.873465
-0.910098
-0.942143
-0.969066
-0.990434
-1.00592
-1.0153
-1.01844
-1.0153
-1.00592
-0.990434
-0.969066
-0.942143
-0.910098
-0.873465
-0.832857
-0.788938
-0.742386
-0.693859
-0.64396
-0.593216
-0.542065
-0.490851
-0.439828
-0.389171
-0.338983
-0.289309
-0.240147
-0.191461
-0.143182
-0.0952258
-0.0474914
0
0.0474916
0.0952257
0.143182
0.19146
0.240147
0.289309
0.338983
0.389171
0.439828
0.490851
0.542065
0.593216
0.64396
0.693859
0.742386
0.788938
0.832857
0.873465
0.910098
0.942143
0.969066
0.990434
1.00592
1.0153
1.01844
1.0153
1.00592
0.990434
0.969066
0.942143
0.910098
0.873465
0.832857
0.788938
0.742386
0.693859
0.64396
0.593216
0.542065
0.490851
0.439828
0.389171
0.338983
0.289309
0.240147
0.191461
0.143182
0.0952258
0.0474914
0
-0.0474916
-0.0952257
-0.143182
-0.19146
-0.240147
-0.289309
-0.338983
-0.389171
-0.439828
-0.490851
-0.542065
-0.593216
-0.64396
-0.693859
-0.742386
-0.788938
-0.832857
-0.873465
-0.910098
-0.942143
-0.969066
-0.990434
-1.00592
-1.0153
-1.01844
-1.0153
-1.00592
-0.990434
-0.969066
-0.942143
-0.910098
-0.873465
-0.832857
-0.788938
-0.742386
-0.693859
-0.64396
-0.593216
-0.542065
-0.490851
-0.439828
-0.389171
-0.338983
-0.289309
-0.240147
-0.191461
-0.143182
-0.0952258
-0.0474914
0
0.0474916
0.0952257
0.143182
0.19146
0.240147
0.289309
0.338983
0.389171
0.439828
0.490851
0.542065
0.593216
0.64396
0.693859
0.742386
0.788938
0.832857
0.873465
0.910098
0.942143
0.969066
0.990434
1.00592
1.0153
1.01844
1.0153
1.00592
0.990434
0.969066
0.942143
0.910098
0.873465
0.832857
0.788938
0.742386
0.693859
0.64396
0.593216
0.542065
0.490851
0.439828
0.389171
0.338983
0.289309
0.240147
0.191461
0.143182
0.0952258
0.0474914
0
-0.0474916
-0.0952257
-0.143182
-0.19146
-0.240147
-0.289309
-0.338983
-0.389171
-0.439828
-0.490851
-0.542065
-0.593216
-0.64396
-0.693859
-0.742386
-0.788938
-0.832857
-0.873465
-0.910098
-0.942143
-0.969066
-0.990434
-1.00592
-1.0153
-1.01844
-1.0153
-1.00592
-0.990434
-0.969066
-0.942143
-0.910098
-0.873465
-0.832857
-0.788938
-0.742386
-0.693859
-0.64396
-0.593216
-0.542065
-0.490851
-0.439828
-0.389171
-0.338983
-0.289309
-0.240147
-0.191461
-0.143182
-0.0952258
-0.0474914
0
0.0474916
0.0952257
0.143182
0.19146
0.240147
0.289309
0.338983
0.389171
0.439828
0.490851
0.542065
0.593216
0.64396
0.693859
0.742386
0.788938
0.832857
0.873465
0.910098
0.942143
0.969066
0.990434
1.00592
1.0153
1.01844
1.0153
1.00592
0.990434
0.969066
0.942143
0.910098
0.873465
0.832857
0.788938
0.742386
0.693859
0.64396
0.593216
0.542065
0.490851
0.439828
0.389171
0.338983
0.289309
0.240147
0.191461
0.143182
0.0952258
0.0474914
0
-0.0474916
-0.0952257
-0.143182
-0.19146
-0.240147
-0.289309
-0.338983
-0.389171
-0.439828
-0.490851
-0.542065
-0.593216
-0.64396
-0.693859
-0.742386
-0.788938
-0.832857
-0.873465
-0.910098
-0.942143
-0.969066
-0.990434
-1.00592
-1.0153
-1.01844
-1.0153
-1.00592
-0.990434
-0.969066
-0.942143
-0.910098
-0.873465
-0.832857
-0.788938
-0.742386
-0.693859
-0.64396
-0.593216
-0.542065
-0.490851
-0.439828
-0.389171
-0.338983
-0.289309
-0.240147
-0.191461
-0.143182
-0.0952258
-0.0474914
0
0.0474916
0.0952257
0.143182
0.19146
0.240147
0.289309
0.338983
0.389171
0.439828
0.490851
0.542065
0.593216
0.64396
0.693859
0.742386
0.788938
0.832857
0.873465
0.910098
0.942143
0.969066
0.990434
1.00592
1.0153
1.01844
1.0153
1.00592
0.990434
0.969066
0.942143
0.910098
0.873465
0.832857
0.788938
0.742386
0.693859
0.64396
0.593216
0.542065
0.490851
0.439828
0.389171
0.338983
0.289309
0.240147
0.191461
0.143182
0.0952258
0.0474914
0
-0.0474916
-0.0952257
-0.143182
-0.19146
-0.240147
-0.289309
-0.338983
-0.389171
-0.439828
-0.490851
-0.542065
-0.593216
-0.64396
-0.693859
-0.742386
-0.788938
-0.832857
-0.873465
-0.910098
-0.942143
-0.969066
-0.990434
-1.00592
-1.0153
-1.01844
-1.0153
-1.00592
-0.990434
-0.969066
-0.942143
-0.910098
-0.873465
-0.832857
-0.788938
-0.742386
-0.693859
-0.64396
-0.593216
-0.542065
-0.490851
-0.439828
-0.389171
-0.338983
-0.289309
-0.240147
-0.191461
-0.143182
-0.0952258
-0.0474914
0
0.0474916
0.0952257
0.143182
0.19146
0.240147
0.289309
0.338983
0.389171
0.439828
0.490851
0.542065
0.593216
0.64396
0.693859
0.742386
0.788938
0.832857
0.873465
0.910098
0.942143
0.969066
0.990434
1.00592
1.0153
1.01844
1.0153
1.00592
0.990434
0.969066
0.942143
0.910098
0.873465
0.832857
0.788938
0.742386
0.693859
0.64396
0.593216
0.542065
0.490851
0.439828
0.389171
0.338983
0.289309
0.240147
0.191461
0.143182
0.0952258
0.0474914
0
-0.0474916
-0.0952257
-0.143182
-0.19146
-0.240147
-0.289309
-0.338983
-0.389171
-0.439828
-0.490851
-0.542065
-0.593216
-0.64396
-0.693859
-0.742386
-0.788938
-0.832857
-0.873465
-0.910098
-0.942143
-0.969066
-0.990434
-1.00592
-1.0153
-1.01844
-1.0153
-1.00592
-0.990434
-0.969066
-0.942143
-0.910098
-0.873465
-0.832857
-0.788938
-0.742386
-0.693859
-0.64396
-0.593216
-0.542065
-0.490851
-0.439828
-0.389171
-0.338983
-0.289309
-0.240147
-0.191461
-0.143182
-0.0952258
-0.0474914
0
0.0474916
0.0952257
0.143182
0.19146
0.240147
0.289309
0.338983
0.389171
0.439828
0.490851
0.542065
0.593216
0.64396
0.693859
0.742386
0.788938
0.832857
0.873465
0.910098
0.942143
0.969066
0.990434
1.00592
1.0153
1.01844
1.0153
1.00592
0.990434
0.969066
0.942143
0.910098
0.873465
0.832857
0.788938
0.742386
0.693859
0.64396
0.593216
0.542065
0.490851
0.439828
0.389171
0.338983
0.289309
0.240147
0.191461
0.143182
0.0952258
0.0474914
0
-0.0474916
-0.0952257
-0.143182
-0.19146
-0.240147
-0.289309
-0.338983
-0.389171
-0.439828
-0.490851
-0.542065
-0.593216
-0.64396
-0.693859
-0.742386
-0.788938
-0.832857
-0.873465
-0.910098
-0.942143
-0.969066
-0.990434
-1.00592
-1.0153
-1.01844
-1.0153
-1.00592
-0.990434
-0.969066
-0.942143
-0.910098
-0.873465
-0.832857
-0.788938
-0.742386
-0.693859
-0.64396
-0.593216
-0.542065
-0.490851
-0.439828
-0.389171
-0.338983
-0.289309
-0.240147
-0.191461
-0.143182
-0.0952258
-0.0474914
0
0.0474916
0.0952257
0.143182
0.19146
0.240147
0.289309
0.338983
0.389171
0.439828
0.490851
0.542065
0.593216
0.64396
0.693859
0.742386
0.788938
0.832857
0.873465
0.910098
0.942143
0.969066
0.990434
1.00592
1.0153
1.01844
1.0153
1.00592
0.990434
0.969066
0.942143
0.910098
0.873465
0.832857
0.788938
0.742386
0.693859
0.64396
0.593216
0.542065
0.490851
0.439828
0.389171
0.338983
0.289309
0.240147
0.191461
0.143182
0.0952258
0.0474914
0
-0.0474916
-0.0952257
-0.143182
-0.19146
-0.240147
-0.289309
-0.338983
-0.389171
-0.439828
-0.490851
-0.542065
-0.593216
-0.64396
-0.693859
-0.742386
-0.788938
-0.832857
-0.873465
-0.910098
-0.942143
-0.969066
-0.990434
-1.00592
-1.0153
-1.01844
-1.0153
-1.00592
-0.990434
-0.969066
-0.942143
-0.910098
-0.873465
-0.832857
-0.788938
-0.742386
-0.693859
-0.64396
-0.593216
-0.542065
-0.490851
-0.439828
-0.389171
-0.338983
-0.289309
-0.240147
-0.191461
-0.143182
-0.0952258
-0.0474914
0
0.0474916
0.0952257
0.143182
0.19146
0.240147
0.289309
0.338983
0.389171
0.439828
0.490851
0.542065
0.593216
0.64396
0.693859
0.742386
0.788938
0.832857
0.873465
0.910098
0.942143
0.969066
0.990434
1.00592
1.0153
1.01844
1.0153
1.00592
0.990434
0.969066
0.942143
0.910098
0.873465
0.832857
0.788938
0.742386
0.693859
0.64396
0.593216
0.542065
0.490851
0.439828
0.389171
0.338983
0.289309
0.240147
0.191461
0.143182
0.0952258
0.0474914
0
-0.0474916
-0.0952257
-0.143182
-0.19146
-0.240147
-0.289309
-0.338983
-0.389171
-0.439828
-0.490851
-0.542065
-0.593216
-0.64396
-0.693859
-0.742386
-0.788938
-0.832857
-0.873465
-0.910098
-0.942143
-0.969066
-0.990434
-1.00592
-1.0153
-1.01844
-1.0153
-1.00592
-0.990434
-0.969066
-0.942143
-0.910098
-0.873465
-0.832857
-0.788938
-0.742386
-0.693859
-0.64396
-0.593216
-0.542065
-0.490851
-0.439828
-0.389171
-0.338983
-0.289309
-0.240147
-0.191461
-0.143182
-0.0952258
-0.0474914
0
0.0474916
0.0952257
0.143182
0.19146
0.240147
0.289309
0.338983
0.389171
0.439828
0.490851
0.542065
0.593216
0.64396
0.693859
0.742386
0.788938
0.832857
0.873465
0.910098
0.942143
0.969066
0.990434
1.00592
1.0153
1.01844
1.0153
1.00592
0.990434
0.969066
0.942143
0.910098
0.873465
0.832857
0.788938
0.742386
0.693859
0.64396
0.593216
0.542065
0.490851
0.439828
0.389171
0.338983
0.289309
0.240147
0.191461
0.143182
0.0952258
0.0474914
0
-0.0474916
-0.0952257
-0.143182
-0.19146
-0.240147
-0.289309
-0.338983
-0.389171
-0.439828
-0.490851
-0.542065
-0.593216
-0.64396
-0.693859
-0.742386
-0.788938
-0.832857
-0.873465
-0.910098
-0.942143
-0.969066
-0.990434
-1.00592
-1.0153
-1.01844
-1.0153
-1.00592
-0.990434
-0.969066
-0.942143
-0.910098
-0.873465
-0.832857
-0.788938
-0.742386
-0.693859
-0.64396
-0.593216
-0.542065
-0.490851
-0.439828
-0.389171
-0.338983
-0.289309
-0.240147
-0.191461
-0.143182
-0.0952258
-0.0474914
0
0.0474916
0.0952257
0.143182
0.19146
0.240147
0.289309
0.338983
0.389171
0.439828
0.490851
0.542065
0.593216
0.64396
0.693859
0.742386
0.788938
0.832857
0.873465
0.910098
0.942143
0.969066
0.990434
1.00592
1.0153
1.01844
1.0153
1.00592
0.990434
0.969066
0.942143
0.910098
0.873465
0.832857
0.788938
0.742386
0.693859
0.64396
0.593216
0.542065
0.490851
0.439828
0.389171
0.338983
0.289309
0.240147
0.191461
0.143182
0.0952258
0.0474914
0
-0.0474916
-0.0952257
-0.143182
-0.19146
-0.240147
-0.289309
-0.338983
-0.389171
-0.439828
-0.490851
-0.542065
-0.593216
-0.64396
-0.693859
-0.742386
-0.788938
-0.832857
-0.873465
-0.910098
-0.942143
-0.969066
-0.990434
-1.00592
-1.0153
-1.01844
-1.0153
-1.00592
-0.990434
-0.969066
-0.942143
-0.910098
-0.873465
-0.832857
-0.788938
-0.742386
-0.693859
-0.64396
-0.593216
-0.542065
-0.490851
-0.439828
-0.389171
-0.338983
-0.289309
-0.240147
-0.191461
-0.143182
-0.0952258
-0.0474914
0
0.0474916
0.0952257
0.143182
0.19146
0.240147
0.289309
0.338983
0.389171
0.439828
0.490851
0.542065
0.593216
0.64396
0.693859
0.742386
0.788938
0.832857
0.873465
0.910098
0.942143
0.969066
0.990434
1.00592
1.0153
1.01844
1.0153
1.00592
0.990434
0.969066
0.942143
0.910098
0.873465
0.832857
0.788938
0.742386
0.693859
0.64396
0.593216
0.542065
0.490851
0.439828
0.389171
0.338983
0.289309
0.240147
0.191461
0.143182
0.0952258
0.0474914
0
-0.0474916
-0.0952257
-0.143182
-0.19146
-0.240147
-0.289309
-0.338983
-0.389171
-0.439828
-0.490851
-0.542065
-0.593216
-0.64396
-0.693859
-0.742386
-0.788938
-0.832857
-0.873465
-0.910098
-0.942143
-0.969066
-0.990434
-1.00592
-1.0153
-1.01844
-1.0153
-1.00592
-0.990434
-0.969066
-0.942143
-0.910098
-0.873465
-0.832857
-0.788938
-0.742386
-0.693859
-0.64396
-0.593216
-0.542065
-0.490851
-0.439828
-0.389171
-0.338983
-0.289309
-0.240147
-0.191461
-0.143182
-0.0952258
-0.0474914
0
0.0474916
0.0952257
0.143182
0.19146
0.240147
0.289309
0.338983
0.389171
0.439828
0.490851
0.542065
0.593216
0.64396
0.693859
0.742386
0.788938
0.832857
0.873465
0.910098
0.942143
0.969066
0.990434
1.00592
1.0153
1.01844
1.0153
1.00592
0.990434
0.969066
0.942143
0.910098
0.873465
0.832857
0.788938
0.742386
0.693859
0.64396
0.593216
0.542065
0.490851
0.439828
0.389171
0.338983
0.289309
0.240147
0.191461
0.143182
0.0952258
0.0474914
0
-0.0474916
-0.0952257
-0.143182
-0.19146
-0.240147
-0.289309
-0.338983
-0.389171
-0.439828
-0.490851
-0.542065
-0.593216
-0.64396
-0.693859
-0.742386
-0.788938
-0.832857
-0.873465
-0.910098
-0.942143
-0.969066
-0.990434
-1.00592
-1.0153
-1.01844
-1.0153
-1.00592
-0.990434
-0.969066
-0.942143
-0.910098
-0.873465
-0.832857
-0.788938
-0.742386
-0.693859
-0.64396
-0.593216
-0.542065
-0.490851
-0.439828
-0.389171
-0.338983
-0.289309
-0.240147
-0.191461
-0.143182
-0.0952258
-0.0474914
0
0.0474916
0.0952257
0.143182
0.19146
0.240147
0.289309
0.338983
0.389171
0.439828
0.490851
0.542065
0.593216
0.64396
0.693859
0.742386
0.788938
0.832857
0.873465
0.910098
0.942143
0.969066
0.990434
1.00592
1.0153
1.01844
1.0153
1.00592
0.990434
0.969066
0.942143
0.910098
0.873465
0.832857
0.788938
0.742386
0.693859
0.64396
0.593216
0.542065
0.490851
0.439828
0.389171
0.338983
0.289309
0.240147
0.191461
0.143182
0.0952258
0.0474914
0
-0.0474916
-0.0952257
-0.143182
-0.19146
-0.240147
-0.289309
-0.338983
-0.389171
-0.439828
-0.490851
-0.542065
-0.593216
-0.64396
-0.693859
-0.742386
-0.788938
-0.832857
-0.873465
-0.910098
-0.942143
-0.969066
-0.990434
-1.00592
-1.0153
-1.01844
-1.0153
-1.00592
-0.990434
-0.969066
-0.942143
-0.910098
-0.873465
-0.832857
-0.788938
-0.742386
-0.693859
-0.64396
-0.593216
-0.542065
-0.490851
-0.439828
-0.389171
-0.338983
-0.289309
-0.240147
-0.191461
-0.143182
-0.0952258
-0.0474914
0
0.0474916
0.0952257
0.143182
0.19146
0.240147
0.289309
0.338983
0.389171
0.439828
0.490851
0.542065
0.593216
0.64396
0.693859
0.742386
0.788938
0.832857
0.873465
0.910098
0.942143
0.969066
0.990434
1.00592
1.0153
1.01844
1.0153
1.00592
0.990434
0.969066
0.942143
0.910098
0.873465
0.832857
0.788938
0.742386
0.693859
0.64396
0.593216
0.542065
0.490851
0.439828
0.389171
0.338983
0.289309
0.240147
0.191461
0.143182
0.0952258
0.0474914
0
-0.0474916
-0.0952257
-0.143182
-0.19146
-0.240147
-0.289309
-0.338983
-0.389171
-0.439828
-0.490851
-0.542065
-0.593216
-0.64396
-0.693859
-0.742386
-0.788938
-0.832857
-0.873465
-0.910098
-0.942143
-0.969066
-0.990434
-1.00592
-1.0153
-1.01844
-1.0153
-1.00592
-0.990434
-0.969066
-0.942143
-0.910098
-0.873465
-0.832857
-0.788938
-0.742386
-0.693859
-0.64396
-0.593216
-0.542065
-0.490851
-0.439828
-0.389171
-0.338983
-0.289309
-0.240147
-0.191461
-0.143182
-0.0952258
-0.0474914
0
0.0474916
0.0952257
0.143182
0.19146
0.240147
0.289309
0.338983
0.389171
0.439828
0.490851
0.542065
0.593216
0.64396
0.693859
0.742386
0.788938
0.832857
0.873465
0.910098
0.942143
0.969066
0.990434
1.00592
1.0153
1.01844
1.0153
1.00592
0.990434
0.969066
0.942143
0.910098
0.873465
0.832857
0.788938
0.742386
0.693859
0.64396
0.593216
0.542065
0.490851
0.439828
0.389171
0.338983
0.289309
0.240147
0.191461
0.143182
0.0952258
0.0474914
0
-0.0474916
-0.0952257
-0.143182
-0.19146
-0.240147
-0.289309
-0.338983
-0.389171
-0.439828
-0.490851
-0.542065
-0.593216
-0.64396
-0.693859
-0.742386
-0.788938
-0.832857
-0.873465
-0.910098
-0.942143
-0.969066
-0.990434
-1.00592
-1.0153
-1.01844
-1.0153
-1.00592
-0.990434
-0.969066
-0.942143
-0.910098
-0.873465
-0.832857
-0.788938
-0.742386
-0.693859
-0.64396
-0.593216
-0.542065
-0.490851
-0.439828
-0.389171
-0.338983
-0.289309
-0.240147
-0.191461
-0.143182
-0.0952258
-0.0474914
0
0.0474916
0.0952257
0.143182
0.19146
0.240147
0.289309
0.338983
0.389171
0.439828
0.490851
0.542065
0.593216
0.64396
0.693859
0.742386
0.788938
0.832857
0.873465
0.910098
0.942143
0.969066
0.990434
1.00592
1.0153
1.01844
1.0153
1.00592
0.990434
0.969066
0.942143
0.910098
0.873465
0.832857
0.788938
0.742386
0.693859
0.64396
0.593216
0.542065
0.490851
0.439828
0.389171
0.338983
0.289309
0.240147
0.191461
0.143182
0.0952258
0.0474914
0
-0.0474916
-0.0952257
-0.143182
-0.19146
-0.240147
-0.289309
-0.338983
-0.389171
-0.439828
-0.490851
-0.542065
-0.593216
-0.64396
-0.693859
-0.742386
-0.788938
-0.832857
-0.873465
-0.910098
-0.942143
-0.969066
-0.990434
-1.00592
-1.0153
-1.01844
-1.0153
-1.00592
-0.990434
-0.969066
-0.942143
-0.910098
-0.873465
-0.832857
-0.788938
-0.742386
-0.693859
-0.64396
-0.593216
-0.542065
-0.490851
-0.439828
-0.389171
-0.338983
-0.289309
-0.240147
-0.191461
-0.143182
-0.0952258
-0.0474914
0
0.0474916
0.0952257
0.143182
0.19146
0.240147
0.289309
0.338983
0.389171
0.439828
0.490851
0.542065
0.593216
0.64396
0.693859
0.742386
0.788938
0.832857
0.873465
0.910098
0.942143
0.969066
0.990434
1.00592
1.0153
1.01844
1.0153
1.00592
0.990434
0.969066
0.942143
0.910098
0.873465
0.832857
0.788938
0.742386
0.693859
0.64396
0.593216
0.542065
0.490851
0.439828
0.389171
0.338983
0.289309
0.240147
0.191461
0.143182
0.0952258
0.0474914
0
-0.0474916
-0.0952257
-0.143182
-0.19146
-0.240147
-0.289309
-0.338983
-0.389171
-0.439828
-0.490851
-0.542065
-0.593216
-0.64396
-0.693859
-0.742386
-0.788938
-0.832857
-0.873465
-0.910098
-0.942143
-0.969066
-0.990434
-1.00592
-1.0153
-1.01844
-1.0153
-1.00592
-0.990434
-0.969066
-0.942143
-0.910098
-0.873465
-0.832857
-0.788938
-0.742386
-0.693859
-0.64396
-0.593216
-0.542065
-0.490851
-0.439828
-0.389171
-0.338983
-0.289309
-0.240147
-0.191461
-0.143182
-0.0952258
-0.0474914
0
0.0474916
0.0952257
0.143182
0.19146
0.240147
0.289309
0.338983
0.389171
0.439828
0.490851
0.542065
0.593216
0.64396
0.693859
0.742386
0.788938
0.832857
0.873465
0.910098
0.942143
0.969066
0.990434
1.00592
1.0153
1.01844
1.0153
1.00592
0.990434
0.969066
0.942143
0.910098
0.873465
0.832857
0.788938
0.742386
0.693859
0.64396
0.593216
0.542065
0.490851
0.439828
0.389171
0.338983
0.289309
0.240147
0.191461
0.143182
0.0952258
0.0474914
0
-0.0474916
-0.0952257
-0.143182
-0.19146
-0.240147
-0.289309
-0.338983
-0.389171
-0.439828
-0.490851
-0.542065
-0.593216
-0.64396
-0.693859
-0.742386
-0.788938
-0.832857
-0.873465
-0.910098
-0.942143
-0.969066
-0.990434
-1.00592
-1.0153
-1.01844
-1.0153
-1.00592
-0.990434
-0.969066
-0.942143
-0.910098
-0.873465
-0.832857
-0.788938
-0.742386
-0.693859
-0.64396
-0.593216
-0.542065
-0.490851
-0.439828
-0.389171
-0.338983
-0.289309
-0.240147
-0.191461
-0.143182
-0.0952258
-0.0474914
0
0.0474916
0.0952257
0.143182
0.19146
0.240147
0.289309
0.338983
0.389171
0.439828
0.490851
0.542065
0.593216
0.64396
0.693859
0.742386
0.788938
0.832857
0.873465
0.910098
0.942143
0.969066
0.990434
1.00592
1.0153
1.01844
1.0153
1.00592
0.990434
0.969066
0.942143
0.910098
0.873465
0.832857
0.788938
0.742386
0.693859
0.64396
0.593216
0.542065
0.490851
0.439828
0.389171
0.338983
0.289309
0.240147
0.191461
0.143182
0.0952258
0.0474914
0
-0.0474916
-0.0952257
-0.143182
-0.19146
-0.240147
-0.289309
-0.338983
-0.389171
-0.439828
-0.490851
-0.542065
-0.593216
-0.64396
-0.693859
-0.742386
-0.788938
-0.832857
-0.873465
-0.910098
-0.942143
-0.969066
-0.990434
-1.00592
-1.0153
-1.01844
-1.0153
-1.00592
-0.990434
-0.969066
-0.942143
-0.910098
-0.873465
-0.832857
-0.788938
-0.742386
-0.693859
-0.64396
-0.593216
-0.542065
-0.490851
-0.439828
-0.389171
-0.338983
-0.289309
-0.240147
-0.191461
-0.143182
-0.0952258
-0.0474914
0
0.0474916
0.0952257
0.143182
0.19146
0.240147
0.289309
0.338983
0.389171
0.439828
0.490851
0.542065
0.593216
0.64396
0.693859
0.742386
0.788938
0.832857
0.873465
0.910098
0.942143
0.969066
0.990434
1.00592
1.0153
1.01844
1.0153
1.00592
0.990434
0.969066
0.942143
0.910098
0.873465
0.832857
0.788938
0.742386
0.693859
0.64396
0.593216
0.542065
0.490851
0.439828
0.389171
0.338983
0.289309
0.240147
0.191461
0.143182
0.0952258
0.0474914
0
-0.0474916
-0.0952257
-0.143182
-0.19146
-0.240147
-0.289309
-0.338983
-0.389171
-0.439828
-0.490851
-0.542065
-0.593216
-0.64396
-0.693859
-0.742386
-0.788938
-0.832857
-0.873465
-0.910098
-0.942143
-0.969066
-0.990434
-1.00592
-1.0153
-1.01844
-1.0153
-1.00592
-0.990434
-0.969066
-0.942143
-0.910098
-0.873465
-0.832857
-0.788938
-0.742386
-0.693859
-0.64396
-0.593216
-0.542065
-0.490851
-0.439828
-0.389171
-0.338983
-0.289309
-0.240147
-0.191461
-0.143182
-0.0952258
-0.0474914
0
0.0474916
0.0952257
0.143182
0.19146
0.240147
0.289309
0.338983
0.389171
0.439828
0.490851
0.542065
0.593216
0.64396
0.693859
0.742386
0.788938
0.832857
0.873465
0.910098
0.942143
0.969066
0.990434
1.00592
1.0153
1.01844
1.0153
1.00592
0.990434
0.969066
0.942143
0.910098
0.873465
0.832857
0.788938
0.742386
0.693859
0.64396
0.593216
0.542065
0.490851
0.439828
0.389171
0.338983
0.289309
0.240147
0.191461
0.143182
0.0952258
0.0474914
0
-0.0474916
-0.0952257
-0.143182
-0.19146
-0.240147
-0.289309
-0.338983
-0.389171
-0.439828
-0.490851
-0.542065
-0.593216
-0.64396
-0.693859
-0.742386
-0.788938
-0.832857
-0.873465
-0.910098
-0.942143
-0.969066
-0.990434
-1.00592
-1.0153
-1.01844
-1.0153
-1.00592
-0.990434
-0.969066
-0.942143
-0.910098
-0.873465
-0.832857
-0.788938
-0.742386
-0.693859
-0.64396
-0.593216
-0.542065
-0.490851
-0.439828
-0.389171
-0.338983
-0.289309
-0.240147
-0.191461
-0.143182
-0.0952258
-0.0474914
0
0.0474916
0.0952257
0.143182
0.19146
0.240147
0.289309
0.338983
0.389171
0.439828
0.490851
0.542065
0.593216
0.64396
0.693859
0.742386
0.788938
0.832857
0.873465
0.910098
0.942143
0.969066
0.990434
1.00592
1.0153
1.01844
1.0153
1.00592
0.990434
0.969066
0.942143
0.910098
0.873465
0.832857
0.788938
0.742386
0.693859
0.64396
0.593216
0.542065
0.490851
0.439828
0.389171
0.338983
0.289309
0.240147
0.191461
0.143182
0.0952258
0.0474914
0
-0.0474916
-0.0952257
-0.143182
-0.19146
-0.240147
-0.289309
-0.338983
-0.389171
-0.439828
-0.490851
-0.542065
-0.593216
-0.64396
-0.693859
-0.742386
-0.788938
-0.832857
-0.873465
-0.910098
-0.942143
-0.969066
-0.990434
-1.00592
-1.0153
-1.01844
-1.0153
-1.00592
-0.990434
-0.969066
-0.942143
-0.910098
-0.873465
-0.832857
-0.788938
-0.742386
-0.693859
-0.64396
-0.593216
-0.542065
-0.490851
-0.439828
-0.389171
-0.338983
-0.289309
-0.240147
-0.191461
-0.143182
-0.0952258
-0.0474914
0
0.0474916
0.0952257
0.143182
0.19146
0.240147
0.289309
0.338983
0.389171
0.439828
0.490851
0.542065
0.593216
0.64396
0.693859
0.742386
0.788938
0.832857
0.873465
0.910098
0.942143
0.969066
0.990434
1.00592
1.0153
1.01844
1.0153
1.00592
0.990434
0.969066
0.942143
0.910098
0.873465
0.832857
0.788938
0.742386
0.693859
0.64396
0.593216
0.542065
0.490851
0.439828
0.389171
0.338983
0.289309
0.240147
0.191461
0.143182
0.0952258
0.0474914
0
-0.0474916
-0.0952257
-0.143182
-0.19146
-0.240147
-0.289309
-0.338983
-0.389171
-0.439828
-0.490851
-0.542065
-0.593216
-0.64396
-0.693859
-0.742386
-0.788938
-0.832857
-0.873465
-0.910098
-0.942143
-0.969066
-0.990434
-1.00592
-1.0153
-1.01844
-1.0153
-1.00592
-0.990434
-0.969066
-0.942143
-0.910098
-0.873465
-0.832857
-0.788938
-0.742386
-0.693859
-0.64396
-0.593216
-0.542065
-0.490851
-0.439828
-0.389171
-0.338983
-0.289309
-0.240147
-0.191461
-0.143182
-0.0952258
-0.0474914
0
0.0474916
0.0952257
0.143182
0.19146
0.240147
0.289309
0.338983
0.389171
0.439828
0.490851
0.542065
0.593216
0.64396
0.693859
0.742386
0.788938
0.832857
0.873465
0.910098
0.942143
0.969066
0.990434
1.00592
1.0153
1.01844
1.0153
1.00592
0.990434
0.969066
0.942143
0.910098
0.873465
0.832857
0.788938
0.742386
0.693859
0.64396
0.593216
0.542065
0.490851
0.439828
0.389171
0.338983
0.289309
0.240147
0.191461
0.143182
0.0952258
0.0474914
0
-0.0474916
-0.0952257
-0.143182
-0.19146
-0.240147
-0.289309
-0.338983
-0.389171
-0.439828
-0.490851
-0.542065
-0.593216
-0.64396
-0.693859
-0.742386
-0.788938
-0.832857
-0.873465
-0.910098
-0.942143
-0.969066
-0.990434
-1.00592
-1.0153
-1.01844
-1.0153
-1.00592
-0.990434
-0.969066
-0.942143
-0.910098
-0.873465
-0.832857
-0.788938
-0.742386
-0.693859
-0.64396
-0.593216
-0.542065
-0.490851
-0.439828
-0.389171
-0.338983
-0.289309
-0.240147
-0.191461
-0.143182
-0.0952258
-0.0474914
0
0.0474916
0.0952257
0.143182
0.19146
0.240147
0.289309
0.338983
0.389171
0.439828
0.490851
0.542065
0.593216
0.64396
0.693859
0.742386
0.788938
0.832857
0.873465
0.910098
0.942143
0.969066
0.990434
1.00592
1.0153
1.01844
1.0153
1.00592
0.990434
0.969066
0.942143
0.910098
0.873465
0.832857
0.788938
0.742386
0.693859
0.64396
0.593216
0.542065
0.490851
0.439828
0.389171
0.338983
0.289309
0.240147
0.191461
0.143182
0.0952258
0.0474914
0
-0.0474916
-0.0952257
-0.143182
-0.19146
-0.240147
-0.289309
-0.338983
-0.389171
-0.439828
-0.490851
-0.542065
-0.593216
-0.64396
-0.693859
-0.742386
-0.788938
-0.832857
-0.873465
-0.910098
-0.942143
-0.969066
-0.990434
-1.00592
-1.0153
-1.01844
-1.0153
-1.00592
-0.990434
-0.969066
-0.942143
-0.910098
-0.873465
-0.832857
-0.788938
-0.742386
-0.693859
-0.64396
-0.593216
-0.542065
-0.490851
-0.439828
-0.389171
-0.338983
-0.289309
-0.240147
-0.191461
-0.143182
-0.0952258
-0.0474914
0
0.0474916
0.0952257
0.143182
0.19146
0.240147
0.289309
0.338983
0.389171
0.439828
0.490851
0.542065
0.593216
0.64396
0.693859
0.742386
0.788938
0.832857
0.873465
0.910098
0.942143
0.969066
0.990434
1.00592
1.0153
1.01844
1.0153
1.00592
0.990434
0.969066
0.942143
0.910098
0.873465
0.832857
0.788938
0.742386
0.693859
0.64396
0.593216
0.542065
0.490851
0.439828
0.389171
0.338983
0.289309
0.240147
0.191461
0.143182
0.0952258
0.0474914
0
-0.0474916
-0.0952257
-0.143182
-0.19146
-0.240147
-0.289309
-0.338983
-0.389171
-0.439828
-0.490851
-0.542065
-0.593216
-0.64396
-0.693859
-0.742386
-0.788938
-0.832857
-0.873465
-0.910098
-0.942143
-0.969066
-0.990434
-1.00592
-1.0153
-1.01844
-1.0153
-1.00592
-0.990434
-0.969066
-0.942143
-0.910098
-0.873465
-0.832857
-0.788938
-0.742386
-0.693859
-0.64396
-0.593216
-0.542065
-0.490851
-0.439828
-0.389171
-0.338983
-0.289309
-0.240147
-0.191461
-0.143182
-0.0952258
-0.0474914
0
0.0474916
0.0952257
0.143182
0.19146
0.240147
0.289309
0.338983
0.389171
0.439828
0.490851
0.542065
0.593216
0.64396
0.693859
0.742386
0.788938
0.832857
0.873465
0.910098
0.942143
0.969066
0.990434
1.00592
1.0153
1.01844
1.0153
1.00592
0.990434
0.969066
0.942143
0.910098
0.873465
0.832857
0.788938
0.742386
0.693859
0.64396
0.593216
0.542065
0.490851
0.439828
0.389171
0.338983
0.289309
0.240147
0.191461
0.143182
0.0952258
0.0474914
0
-0.0474916
-0.0952257
-0.143182
-0.19146
-0.240147
-0.289309
-0.338983
-0.389171
-0.439828
-0.490851
-0.542065
-0.593216
-0.64396
-0.693859
-0.742386
-0.788938
-0.832857
-0.873465
-0.910098
-0.942143
-0.969066
-0.990434
-1.00592
-1.0153
-1.01844
-1.0153
-1.00592
-0.990434
-0.969066
-0.942143
-0.910098
-0.873465
-0.832857
-0.788938
-0.742386
-0.693859
-0.64396
-0.593216
-0.542065
-0.490851
-0.439828
-0.389171
-0.338983
-0.289309
-0.240147
-0.191461
-0.143182
-0.0952258
-0.0474914
0
0.0474916
0.0952257
0.143182
0.19146
0.240147
0.289309
0.338983
0.389171
0.439828
0.490851
0.542065
0.593216
0.64396
0.693859
0.742386
0.788938
0.832857
0.873465
0.910098
0.942143
0.969066
0.990434
1.00592
1.0153
1.01844
1.0153
1.00592
0.990434
0.969066
0.942143
0.910098
0.873465
0.832857
0.788938
0.742386
0.693859
0.64396
0.593216
0.542065
0.490851
0.439828
0.389171
0.338983
0.289309
0.240147
0.191461
0.143182
0.0952258
0.0474914
0
-0.0474916
-0.0952257
-0.143182
-0.19146
-0.240147
-0.289309
-0.338983
-0.389171
-0.439828
-0.490851
-0.542065
-0.593216
-0.64396
-0.693859
-0.742386
-0.788938
-0.832857
-0.873465
-0.910098
-0.942143
-0.969066
-0.990434
-1.00592
-1.0153
-1.01844
-1.0153
-1.00592
-0.990434
-0.969066
-0.942143
-0.910098
-0.873465
-0.832857
-0.788938
-0.742386
-0.693859
-0.64396
-0.593216
-0.542065
-0.490851
-0.439828
-0.389171
-0.338983
-0.289309
-0.240147
-0.191461
-0.143182
-0.0952258
-0.0474914
0
0.0474916
0.0952257
0.143182
0.19146
0.240147
0.289309
0.338983
0.389171
0.439828
0.490851
0.542065
0.593216
0.64396
0.693859
0.742386
0.788938
0.832857
0.873465
0.910098
0.942143
0.969066
0.990434
1.00592
1.0153
1.01844
1.0153
1.00592
0.990434
0.969066
0.942143
0.910098
0.873465
0.832857
0.788938
0.742386
0.693859
0.64396
0.593216
0.542065
0.490851
0.439828
0.389171
0.338983
0.289309
0.240147
0.191461
0.143182
0.0952258
0.0474914
0
-0.0474916
-0.0952257
-0.143182
-0.19146
-0.240147
-0.289309
-0.338983
-0.389171
-0.439828
-0.490851
-0.542065
-0.593216
-0.64396
-0.693859
-0.742386
-0.788938
-0.832857
-0.873465
-0.910098
-0.942143
-0.969066
-0.990434
-1.00592
-1.0153
-1.01844
-1.0153
-1.00592
-0.990434
-0.969066
-0.942143
-0.910098
-0.873465
-0.832857
-0.788938
-0.742386
-0.693859
-0.64396
-0.593216
-0.542065
-0.490851
-0.439828
-0.389171
-0.338983
-0.289309
-0.240147
-0.191461
-0.143182
-0.0952258
-0.0474914
0
0.0474916
0.0952257
0.143182
0.19146
0.240147
0.289309
0.338983
0.389171
0.439828
0.490851
0.542065
0.593216
0.64396
0.693859
0.742386
0.788938
0.832857
0.873465
0.910098
0.942143
0.969066
0.990434
1.00592
1.0153
1.01844
1.0153
1.00592
0.990434
0.969066
0.942143
0.910098
0.873465
0.832857
0.788938
0.742386
0.693859
0.64396
0.593216
0.542065
0.490851
0.439828
0.389171
0.338983
0.289309
0.240147
0.191461
0.143182
0.0952258
0.0474914
0
-0.0474916
-0.0952257
-0.143182
-0.19146
-0.240147
-0.289309
-0.338983
-0.389171
-0.439828
-0.490851
-0.542065
-0.593216
-0.64396
-0.693859
-0.742386
-0.788938
-0.832857
-0.873465
-0.910098
-0.942143
-0.969066
-0.990434
-1.00592
-1.0153
-1.01844
-1.0153
-1.00592
-0.990434
-0.969066
-0.942143
-0.910098
-0.873465
-0.832857
-0.788938
-0.742386
-0.693859
-0.64396
-0.593216
-0.542065
-0.490851
-0.439828
-0.389171
-0.338983
-0.289309
-0.240147
-0.191461
-0.143182
-0.0952258
-0.0474914
0
0.0474916
0.0952257
0.143182
0.19146
0.240147
0.289309
0.338983
0.389171
0.439828
0.490851
0.542065
0.593216
0.64396
0.693859
0.742386
0.788938
0.832857
0.873465
0.910098
0.942143
0.969066
0.990434
1.00592
1.0153
1.01844
1.0153
1.00592
0.990434
0.969066
0.942143
0.910098
0.873465
0.832857
0.788938
0.742386
0.693859
0.64396
0.593216
0.542065
0.490851
0.439828
0.389171
0.338983
0.289309
0.240147
0.191461
0.143182
0.0952258
0.0474914
0
-0.0474916
-0.0952257
-0.143182
-0.19146
-0.240147
-0.289309
-0.338983
-0.389171
-0.439828
-0.490851
-0.542065
-0.593216
-0.64396
-0.693859
-0.742386
-0.788938
-0.832857
-0.873465
-0.910098
-0.942143
-0.969066
-0.990434
-1.00592
-1.0153
-1.01844
-1.0153
-1.00592
-0.990434
-0.969066
-0.942143
-0.910098
-0.873465
-0.832857
-0.788938
-0.742386
-0.693859
-0.64396
-0.593216
-0.542065
-0.490851
-0.439828
-0.389171
-0.338983
-0.289309
-0.240147
-0.191461
-0.143182
-0.0952258
-0.0474914
0
0.0474916
0.0952257
0.143182
0.19146
0.240147
0.289309
0.338983
0.389171
0.439828
0.490851
0.542065
0.593216
0.64396
0.693859
0.742386
0.788938
0.832857
0.873465
0.910098
0.942143
0.969066
0.990434
1.00592
1.0153
1.01844
1.0153
1.00592
0.990434
0.969066
0.942143
0.910098
0.873465
0.832857
0.788938
0.742386
0.693859
0.64396
0.593216
0.542065
0.490851
0.439828
0.389171
0.338983
0.289309
0.240147
0.191461
0.143182
0.0952258
0.0474914
0
-0.0474916
-0.0952257
-0.143182
-0.19146
-0.240147
-0.289309
-0.338983
-0.389171
-0.439828
-0.490851
-0.542065
-0.593216
-0.64396
-0.693859
-0.742386
-0.788938
-0.832857
-0.873465
-0.910098
-0.942143
-0.969066
-0.990434
-1.00592
-1.0153
-1.01844
-1.0153
-1.00592
-0.990434
-0.969066
-0.942143
-0.910098
-0.873465
-0.832857
-0.788938
-0.742386
-0.693859
-0.64396
-0.593216
-0.542065
-0.490851
-0.439828
-0.389171
-0.338983
-0.289309
-0.240147
-0.191461
-0.143182
-0.0952258
-0.0474914
0
0.0474916
0.0952257
0.143182
0.19146
0.240147
0.289309
0.338983
0.389171
0.439828
0.490851
0.542065
0.593216
0.64396
0.693859
0.742386
0.788938
0.832857
0.873465
0.910098
0.942143
0.969066
0.990434
1.00592
1.0153
1.01844
1.0153
1.00592
0.990434
0.969066
0.942143
0.910098
0.873465
0.832857
0.788938
0.742386
0.693859
0.64396
0.593216
0.542065
0.490851
0.439828
0.389171
0.338983
0.289309
0.240147
0.191461
0.143182
0.0952258
0.0474914
0
-0.0474916
-0.0952257
-0.143182
-0.19146
-0.240147
-0.289309
-0.338983
-0.389171
-0.439828
-0.490851
-0.542065
-0.593216
-0.64396
-0.693859
-0.742386
-0.788938
-0.832857
-0.873465
-0.910098
-0.942143
-0.969066
-0.990434
-1.00592
-1.0153
-1.01844
-1.0153
-1.00592
-0.990434
-0.969066
-0.942143
-0.910098
-0.873465
-0.832857
-0.788938
-0.742386
-0.693859
-0.64396
-0.593216
-0.542065
-0.490851
-0.439828
-0.389171
-0.338983
-0.289309
-0.240147
-0.191461
-0.143182
-0.0952258
-0.0474914
0
0.0474916
0.0952257
0.143182
0.19146
0.240147
0.289309
0.338983
0.389171
0.439828
0.490851
0.542065
0.593216
0.64396
0.693859
0.742386
0.788938
0.832857
0.873465
0.910098
0.942143
0.969066
0.990434
1.00592
1.0153
1.01844
1.0153
1.00592
0.990434
0.969066
0.942143
0.910098
0.873465
0.832857
0.788938
0.742386
0.693859
0.64396
0.593216
0.542065
0.490851
0.439828
0.389171
0.338983
0.289309
0.240147
0.191461
0.143182
0.0952258
0.0474914
0
-0.0474916
-0.0952257
-0.143182
-0.19146
-0.240147
-0.289309
-0.338983
-0.389171
-0.439828
-0.490851
-0.542065
-0.593216
-0.64396
-0.693859
-0.742386
-0.788938
-0.832857
-0.873465
-0.910098
-0.942143
-0.969066
-0.990434
-1.00592
-1.0153
-1.01844
-1.0153
-1.00592
-0.990434
-0.969066
-0.942143
-0.910098
-0.873465
-0.832857
-0.788938
-0.742386
-0.693859
-0.64396
-0.593216
-0.542065
-0.490851
-0.439828
-0.389171
-0.338983
-0.289309
-0.240147
-0.191461
-0.143182
-0.0952258
-0.0474914
0
0.0474916
0.0952257
0.143182
0.19146
0.240147
0.289309
0.338983
0.389171
0.439828
0.490851
0.542065
0.593216
0.64396
0.693859
0.742386
0.788938
0.832857
0.873465
0.910098
0.942143
0.969066
0.990434
1.00592
1.0153
1.01844
1.0153
1.00592
0.990434
0.969066
0.942143
0.910098
0.873465
0.832857
0.788938
0.742386
0.693859
0.64396
0.593216
0.542065
0.490851
0.439828
0.389171
0.338983
0.289309
0.240147
0.191461
0.143182
0.0952258
0.0474914
0
-0.0474916
-0.0952257
-0.143182
-0.19146
-0.240147
-0.289309
-0.338983
-0.389171
-0.439828
-0.490851
-0.542065
-0.593216
-0.64396
-0.693859
-0.742386
-0.788938
-0.832857
-0.873465
-0.910098
-0.942143
-0.969066
-0.990434
-1.00592
-1.0153
-1.01844
-1.0153
-1.00592
-0.990434
-0.969066
-0.942143
-0.910098
-0.873465
-0.832857
-0.788938
-0.742386
-0.693859
-0.64396
-0.593216
-0.542065
-0.490851
-0.439828
-0.389171
-0.338983
-0.289309
-0.240147
-0.191461
-0.143182
-0.0952258
-0.0474914
0
0.0474916
0.0952257
0.143182
0.19146
0.240147
0.289309
0.338983
0.389171
0.439828
0.490851
0.542065
0.593216
0.64396
0.693859
0.742386
0.788938
0.832857
0.873465
0.910098
0.942143
0.969066
0.990434
1.00592
1.0153
1.01844
1.0153
1.00592
0.990434
0.969066
0.942143
0.910098
0.873465
0.832857
0.788938
0.742386
0.693859
0.64396
0.593216
0.542065
0.490851
0.439828
0.389171
0.338983
0.289309
0.240147
0.191461
0.143182
0.0952258
0.0474914
0
-0.0474916
-0.0952257
-0.143182
-0.19146
-0.240147
-0.289309
-0.338983
-0.389171
-0.439828
-0.490851
-0.542065
-0.593216
-0.64396
-0.693859
-0.742386
-0.788938
-0.832857
-0.873465
-0.910098
-0.942143
-0.969066
-0.990434
-1.00592
-1.0153
-1.01844
-1.0153
-1.00592
-0.990434
-0.969066
-0.942143
-0.910098
-0.873465
-0.832857
-0.788938
-0.742386
-0.693859
-0.64396
-0.593216
-0.542065
-0.490851
-0.439828
-0.389171
-0.338983
-0.289309
-0.240147
-0.191461
-0.143182
-0.0952258
-0.0474914
0
0.0474916
0.0952257
0.143182
0.19146
0.240147
0.289309
0.338983
0.389171
0.439828
0.490851
0.542065
0.593216
0.64396
0.693859
0.742386
0.788938
0.832857
0.873465
0.910098
0.942143
0.969066
0.990434
1.00592
1.0153
1.01844
1.0153
1.00592
0.990434
0.969066
0.942143
0.910098
0.873465
0.832857
0.788938
0.742386
0.693859
0.64396
0.593216
0.542065
0.490851
0.439828
0.389171
0.338983
0.289309
0.240147
0.191461
0.143182
0.0952258
0.0474914
0
-0.0474916
-0.0952257
-0.143182
-0.19146
-0.240147
-0.289309
-0.338983
-0.389171
-0.439828
-0.490851
-0.542065
-0.593216
-0.64396
-0.693859
-0.742386
-0.788938
-0.832857
-0.873465
-0.910098
-0.942143
-0.969066
-0.990434
-1.00592
-1.0153
-1.01844
-1.0153
-1.00592
-0.990434
-0.969066
-0.942143
-0.910098
-0.873465
-0.832857
-0.788938
-0.742386
-0.693859
-0.64396
-0.593216
-0.542065
-0.490851
-0.439828
-0.389171
-0.338983
-0.289309
-0.240147
-0.191461
-0.143182
-0.0952258
-0.0474914
0
0.0474916
0.0952257
0.143182
0.19146
0.240147
0.289309
0.338983
0.389171
0.439828
0.490851
0.542065
0.593216
0.64396
0.693859
0.742386
0.788938
0.832857
0.873465
0.910098
0.942143
0.969066
0.990434
1.00592
1.0153
1.01844
1.0153
1.00592
0.990434
0.969066
0.942143
0.910098
0.873465
0.832857
0.788938
0.742386
0.693859
0.64396
0.593216
0.542065
0.490851
0.439828
0.389171
0.338983
0.289309
0.240147
0.191461
0.143182
0.0952258
0.0474914
0
-0.0474916
-0.0952257
-0.143182
-0.19146
-0.240147
-0.289309
-0.338983
-0.389171
-0.439828
-0.490851
-0.542065
-0.593216
-0.64396
-0.693859
-0.742386
-0.788938
-0.832857
-0.873465
-0.910098
-0.942143
-0.969066
-0.990434
-1.00592
-1.0153
-1.01844
-1.0153
-1.00592
-0.990434
-0.969066
-0.942143
-0.910098
-0.873465
-0.832857
-0.788938
-0.742386
-0.693859
-0.64396
-0.593216
-0.542065
-0.490851
-0.439828
-0.389171
-0.338983
-0.289309
-0.240147
-0.191461
-0.143182
-0.0952258
-0.0474914
0
0.0474916
0.0952257
0.143182
0.19146
0.240147
0.289309
0.338983
0.389171
0.439828
0.490851
0.542065
0.593216
0.64396
0.693859
0.742386
0.788938
0.832857
0.873465
0.910098
0.942143
0.969066
0.990434
1.00592
1.0153
1.01844
1.0153
1.00592
0.990434
0.969066
0.942143
0.910098
0.873465
0.832857
0.788938
0.742386
0.693859
0.64396
0.593216
0.542065
0.490851
0.439828
0.389171
0.338983
0.289309
0.240147
0.191461
0.143182
0.0952258
0.0474914
0
-0.0474916
-0.0952257
-0.143182
-0.19146
-0.240147
-0.289309
-0.338983
-0.389171
-0.439828
-0.490851
-0.542065
-0.593216
-0.64396
-0.693859
-0.742386
-0.788938
-0.832857
-0.873465
-0.910098
-0.942143
-0.969066
-0.990434
-1.00592
-1.0153
-1.01844
-1.0153
-1.00592
-0.990434
-0.969066
-0.942143
-0.910098
-0.873465
-0.832857
-0.788938
-0.742386
-0.693859
-0.64396
-0.593216
-0.542065
-0.490851
-0.439828
-0.389171
-0.338983
-0.289309
-0.240147
-0.191461
-0.143182
-0.0952258
-0.0474914
0
0.0474916
0.0952257
0.143182
0.19146
0.240147
0.289309
0.338983
0.389171
0.439828
0.490851
0.542065
0.593216
0.64396
0.693859
0.742386
0.788938
0.832857
0.873465
0.910098
0.942143
0.969066
0.990434
1.00592
1.0153
1.01844
1.0153
1.00592
0.990434
0.969066
0.942143
0.910098
0.873465
0.832857
0.788938
0.742386
0.693859
0.64396
0.593216
0.542065
0.490851
0.439828
0.389171
0.338983
0.289309
0.240147
0.191461
0.143182
0.0952258
0.0474914
0
-0.0474916
-0.0952257
-0.143182
-0.19146
-0.240147
-0.289309
-0.338983
-0.389171
-0.439828
-0.490851
-0.542065
-0.593216
-0.64396
-0.693859
-0.742386
-0.788938
-0.832857
-0.873465
-0.910098
-0.942143
-0.969066
-0.990434
-1.00592
-1.0153
-1.01844
-1.0153
-1.00592
-0.990434
-0.969066
-0.942143
-0.910098
-0.873465
-0.832857
-0.788938
-0.742386
-0.693859
-0.64396
-0.593216
-0.542065
-0.490851
-0.439828
-0.389171
-0.338983
-0.289309
-0.240147
-0.191461
-0.143182
-0.0952258
-0.0474914
0
0.0474916
0.0952257
0.143182
0.19146
0.240147
0.289309
0.338983
0.389171
0.439828
0.490851
0.542065
0.593216
0.64396
0.693859
0.742386
0.788938
0.832857
0.873465
0.910098
0.942143
0.969066
0.990434
1.00592
1.0153
1.01844
1.0153
1.00592
0.990434
0.969066
0.942143
0.910098
0.873465
0.832857
0.788938
0.742386
0.693859
0.64396
0.593216
0.542065
0.490851
0.439828
0.389171
0.338983
0.289309
0.240147
0.191461
0.143182
0.0952258
0.0474914
0
-0.0474916
-0.0952257
-0.143182
-0.19146
-0.240147
-0.289309
-0.338983
-0.389171
-0.439828
-0.490851
-0.542065
-0.593216
-0.64396
-0.693859
-0.742386
-0.788938
-0.832857
-0.873465
-0.910098
-0.942143
-0.969066
-0.990434
-1.00592
-1.0153
-1.01844
-1.0153
-1.00592
-0.990434
-0.969066
-0.942143
-0.910098
-0.873465
-0.832857
-0.788938
-0.742386
-0.693859
-0.64396
-0.593216
-0.542065
-0.490851
-0.439828
-0.389171
-0.338983
-0.289309
-0.240147
-0.191461
-0.143182
-0.0952258
-0.0474914
0
0.0474916
0.0952257
0.143182
0.19146
0.240147
0.289309
0.338983
0.389171
0.439828
0.490851
0.542065
0.593216
0.64396
0.693859
0.742386
0.788938
0.832857
0.873465
0.910098
0.942143
0.969066
0.990434
1.00592
1.0153
1.01844
1.0153
1.00592
0.990434
0.969066
0.942143
0.910098
0.873465
0.832857
0.788938
0.742386
0.693859
0.64396
0.593216
0.542065
0.490851
0.439828
0.389171
0.338983
0.289309
0.240147
0.191461
0.143182
0.0952258
0.0474914
0
-0.0474916
-0.0952257
-0.143182
-0.19146
-0.240147
-0.289309
-0.338983
-0.389171
-0.439828
-0.490851
-0.542065
-0.593216
-0.64396
-0.693859
-0.742386
-0.788938
-0.832857
-0.873465
-0.910098
-0.942143
-0.969066
-0.990434
-1.00592
-1.0153
-1.01844
-1.0153
-1.00592
-0.990434
-0.969066
-0.942143
-0.910098
-0.873465
-0.832857
-0.788938
-0.742386
-0.693859
-0.64396
-0.593216
-0.542065
-0.490851
-0.439828
-0.389171
-0.338983
-0.289309
-0.240147
-0.191461
-0.143182
-0.0952258
-0.0474914
0
0.0474916
0.0952257
0.143182
0.19146
0.240147
0.289309
0.338983
0.389171
0.439828
0.490851
0.542065
0.593216
0.64396
0.693859
0.742386
0.788938
0.832857
0.873465
0.910098
0.942143
0.969066
0.990434
1.00592
1.0153
1.01844
1.0153
1.00592
0.990434
0.969066
0.942143
0.910098
0.873465
0.832857
0.788938
0.742386
0.693859
0.64396
0.593216
0.542065
0.490851
0.439828
0.389171
0.338983
0.289309
0.240147
0.191461
0.143182
0.0952258
0.0474914
0
-0.0474916
-0.0952257
-0.143182
-0.19146
-0.240147
-0.289309
-0.338983
-0.389171
-0.439828
-0.490851
-0.542065
-0.593216
-0.64396
-0.693859
-0.742386
-0.788938
-0.832857
-0.873465
-0.910098
-0.942143
-0.969066
-0.990434
-1.00592
-1.0153
-1.01844
-1.0153
-1.00592
-0.990434
-0.969066
-0.942143
-0.910098
-0.873465
-0.832857
-0.788938
-0.742386
-0.693859
-0.64396
-0.593216
-0.542065
-0.490851
-0.439828
-0.389171
-0.338983
-0.289309
-0.240147
-0.191461
-0.143182
-0.0952258
-0.0474914
0
0.0474916
0.0952257
0.143182
0.19146
0.240147
0.289309
0.338983
0.389171
0.439828
0.490851
0.542065
0.593216
0.64396
0.693859
0.742386
0.788938
0.832857
0.873465
0.910098
0.942143
0.969066
0.990434
1.00592
1.0153
1.01844
1.0153
1.00592
0.990434
0.969066
0.942143
0.910098
0.873465
0.832857
0.788938
0.742386
0.693859
0.64396
0.593216
0.542065
0.490851
0.439828
0.389171
0.338983
0.289309
0.240147
0.191461
0.143182
0.0952258
0.0474914
0
-0.0474916
-0.0952257
-0.143182
-0.19146
-0.240147
-0.289309
-0.338983
-0.389171
-0.439828
-0.490851
-0.542065
-0.593216
-0.64396
-0.693859
-0.742386
-0.788938
-0.832857
-0.873465
-0.910098
-0.942143
-0.969066
-0.990434
-1.00592
-1.0153
-1.01844
-1.0153
-1.00592
-0.990434
-0.969066
-0.942143
-0.910098
-0.873465
-0.832857
-0.788938
-0.742386
-0.693859
-0.64396
-0.593216
-0.542065
-0.490851
-0.439828
-0.389171
-0.338983
-0.289309
-0.240147
-0.191461
-0.143182
-0.0952258
-0.0474914
0
0.0474916
0.0952257
0.143182
0.19146
0.240147
0.289309
0.338983
0.389171
0.439828
0.490851
0.542065
0.593216
0.64396
0.693859
0.742386
0.788938
0.832857
0.873465
0.910098
0.942143
0.969066
0.990434
1.00592
1.0153
1.01844
1.0153
1.00592
0.990434
0.969066
0.942143
0.910098
0.873465
0.832857
0.788938
0.742386
0.693859
0.64396
0.593216
0.542065
0.490851
0.439828
0.389171
0.338983
0.289309
0.240147
0.191461
0.143182
0.0952258
0.0474914
0
-0.0474916
-0.0952257
-0.143182
-0.19146
-0.240147
-0.289309
-0.338983
-0.389171
-0.439828
-0.490851
-0.542065
-0.593216
-0.64396
-0.693859
-0.742386
-0.788938
-0.832857
-0.873465
-0.910098
-0.942143
-0.969066
-0.990434
-1.00592
-1.0153
-1.01844
-1.0153
-1.00592
-0.990434
-0.969066
-0.942143
-0.910098
-0.873465
-0.832857
-0.788938
-0.742386
-0.693859
-0.64396
-0.593216
-0.542065
-0.490851
-0.439828
-0.389171
-0.338983
-0.289309
-0.240147
-0.191461
-0.143182
-0.0952258
-0.0474914
0
0.0474916
0.0952257
0.143182
0.19146
0.240147
0.289309
0.338983
0.389171
0.439828
0.490851
0.542065
0.593216
0.64396
0.693859
0.742386
0.788938
0.832857
0.873465
0.910098
0.942143
0.969066
0.990434
1.00592
1.0153
1.01844
1.0153
1.00592
0.990434
0.969066
0.942143
0.910098
0.873465
0.832857
0.788938
0.742386
0.693859
0.64396
0.593216
0.542065
0.490851
0.439828
0.389171
0.338983
0.289309
0.240147
0.191461
0.143182
0.0952258
0.0474914
0
-0.0474916
-0.0952257
-0.143182
-0.19146
-0.240147
-0.289309
-0.338983
-0.389171
-0.439828
-0.490851
-0.542065
-0.593216
-0.64396
-0.693859
-0.742386
-0.788938
-0.832857
-0.873465
-0.910098
-0.942143
-0.969066
-0.990434
-1.00592
-1.0153
-1.01844
-1.0153
-1.00592
-0.990434
-0.969066
-0.942143
-0.910098
-0.873465
-0.832857
-0.788938
-0.742386
-0.693859
-0.64396
-0.593216
-0.542065
-0.490851
-0.439828
-0.389171
-0.338983
-0.289309
-0.240147
-0.191461
-0.143182
-0.0952258
-0.0474914
0
0.0474916
0.0952257
0.143182
0.19146
0.240147
0.289309
0.338983
0.389171
0.439828
0.490851
0.542065
0.593216
0.64396
0.693859
0.742386
0.788938
0.832857
0.873465
0.910098
0.942143
0.969066
0.990434
1.00592
1.0153
1.01844
1.0153
1.00592
0.990434
0.969066
0.942143
0.910098
0.873465
0.832857
0.788938
0.742386
0.693859
0.64396
0.593216
0.542065
0.490851
0.439828
0.389171
0.338983
0.289309
0.240147
0.191461
0.143182
0.0952258
0.0474914
0
-0.0474916
-0.0952257
-0.143182
-0.19146
-0.240147
-0.289309
-0.338983
-0.389171
-0.439828
-0.490851
-0.542065
-0.593216
-0.64396
-0.693859
-0.742386
-0.788938
-0.832857
-0.873465
-0.910098
-0.942143
-0.969066
-0.990434
-1.00592
-1.0153
-1.01844
-1.0153
-1.00592
-0.990434
-0.969066
-0.942143
-0.910098
-0.873465
-0.832857
-0.788938
-0.742386
-0.693859
-0.64396
-0.593216
-0.542065
-0.490851
-0.439828
-0.389171
-0.338983
-0.289309
-0.240147
-0.191461
-0.143182
-0.0952258
-0.0474914
0
0.0474916
0.0952257
0.143182
0.19146
0.240147
0.289309
0.338983
0.389171
0.439828
0.490851
0.542065
0.593216
0.64396
0.693859
0.742386
0.788938
0.832857
0.873465
0.910098
0.942143
0.969066
0.990434
1.00592
1.0153
1.01844
1.0153
1.00592
0.990434
0.969066
0.942143
0.910098
0.873465
0.832857
0.788938
0.742386
0.693859
0.64396
0.593216
0.542065
0.490851
0.439828
0.389171
0.338983
0.289309
0.240147
0.191461
0.143182
0.0952258
0.0474914
0
-0.0474916
-0.0952257
-0.143182
-0.19146
-0.240147
-0.289309
-0.338983
-0.389171
-0.439828
-0.490851
-0.542065
-0.593216
-0.64396
-0.693859
-0.742386
-0.788938
-0.832857
-0.873465
-0.910098
-0.942143
-0.969066
-0.990434
-1.00592
-1.0153
-1.01844
-1.0153
-1.00592
-0.990434
-0.969066
-0.942143
-0.910098
-0.873465
-0.832857
-0.788938
-0.742386
-0.693859
-0.64396
-0.593216
-0.542065
-0.490851
-0.439828
-0.389171
-0.338983
-0.289309
-0.240147
-0.191461
-0.143182
-0.0952258
-0.0474914
0
0.0474916
0.0952257
0.143182
0.19146
0.240147
0.289309
0.338983
0.389171
0.439828
0.490851
0.542065
0.593216
0.64396
0.693859
0.742386
0.788938
0.832857
0.873465
0.910098
0.942143
0.969066
0.990434
1.00592
1.0153
1.01844
1.0153
1.00592
0.990434
0.969066
0.942143
0.910098
0.873465
0.832857
0.788938
0.742386
0.693859
0.64396
0.593216
0.542065
0.490851
0.439828
0.389171
0.338983
0.289309
0.240147
0.191461
0.143182
0.0952258
0.0474914
0
-0.0474916
-0.0952257
-0.143182
-0.19146
-0.240147
-0.289309
-0.338983
-0.389171
-0.439828
-0.490851
-0.542065
-0.593216
-0.64396
-0.693859
-0.742386
-0.788938
-0.832857
-0.873465
-0.910098
-0.942143
-0.969066
-0.990434
-1.00592
-1.0153
-1.01844
-1.0153
-1.00592
-0.990434
-0.969066
-0.942143
-0.910098
-0.873465
-0.832857
-0.788938
-0.742386
-0.693859
-0.64396
-0.593216
-0.542065
-0.490851
-0.439828
-0.389171
-0.338983
-0.289309
-0.240147
-0.191461
-0.143182
-0.0952258
-0.0474914
0
0.0474916
0.0952257
0.143182
0.19146
0.240147
0.289309
0.338983
0.389171
0.439828
0.490851
0.542065
0.593216
0.64396
0.693859
0.742386
0.788938
0.832857
0.873465
0.910098
0.942143
0.969066
0.990434
1.00592
1.0153
1.01844
1.0153
1.00592
0.990434
0.969066
0.942143
0.910098
0.873465
0.832857
0.788938
0.742386
0.693859
0.64396
0.593216
0.542065
0.490851
0.439828
0.389171
0.338983
0.289309
0.240147
0.191461
0.143182
0.0952258
0.0474914
0
-0.0474916
-0.0952257
-0.143182
-0.19146
-0.240147
-0.289309
-0.338983
-0.389171
-0.439828
-0.490851
-0.542065
-0.593216
-0.64396
-0.693859
-0.742386
-0.788938
-0.832857
-0.873465
-0.910098
-0.942143
-0.969066
-0.990434
-1.00592
-1.0153
-1.01844
-1.0153
-1.00592
-0.990434
-0.969066
-0.942143
-0.910098
-0.873465
-0.832857
-0.788938
-0.742386
-0.693859
-0.64396
-0.593216
-0.542065
-0.490851
-0.439828
-0.389171
-0.338983
-0.289309
-0.240147
-0.191461
-0.143182
-0.0952258
-0.0474914
0
0.0474916
0.0952257
0.143182
0.19146
0.240147
0.289309
0.338983
0.389171
0.439828
0.490851
0.542065
0.593216
0.64396
0.693859
0.742386
0.788938
0.832857
0.873465
0.910098
0.942143
0.969066
0.990434
1.00592
1.0153
1.01844
1.0153
1.00592
0.990434
0.969066
0.942143
0.910098
0.873465
0.832857
0.788938
0.742386
0.693859
0.64396
0.593216
0.542065
0.490851
0.439828
0.389171
0.338983
0.289309
0.240147
0.191461
0.143182
0.0952258
0.0474914
0
-0.0474916
-0.0952257
-0.143182
-0.19146
-0.240147
-0.289309
-0.338983
-0.389171
-0.439828
-0.490851
-0.542065
-0.593216
-0.64396
-0.693859
-0.742386
-0.788938
-0.832857
-0.873465
-0.910098
-0.942143
-0.969066
-0.990434
-1.00592
-1.0153
-1.01844
-1.0153
-1.00592
-0.990434
-0.969066
-0.942143
-0.910098
-0.873465
-0.832857
-0.788938
-0.742386
-0.693859
-0.64396
-0.593216
-0.542065
-0.490851
-0.439828
-0.389171
-0.338983
-0.289309
-0.240147
-0.191461
-0.143182
-0.0952258
-0.0474914
0
0.0474916
0.0952257
0.143182
0.19146
0.240147
0.289309
0.338983
0.389171
0.439828
0.490851
0.542065
0.593216
0.64396
0.693859
0.742386
0.788938
0.832857
0.873465
0.910098
0.942143
0.969066
0.990434
1.00592
1.0153
1.01844
1.0153
1.00592
0.990434
0.969066
0.942143
0.910098
0.873465
0.832857
0.788938
0.742386
0.693859
0.64396
0.593216
0.542065
0.490851
0.439828
0.389171
0.338983
0.289309
0.240147
0.191461
0.143182
0.0952258
0.0474914
0
-0.0474916
-0.0952257
-0.143182
-0.19146
-0.240147
-0.289309
-0.338983
-0.389171
-0.439828
-0.490851
-0.542065
-0.593216
-0.64396
-0.693859
-0.742386
-0.788938
-0.832857
-0.873465
-0.910098
-0.942143
-0.969066
-0.990434
-1.00592
-1.0153
-1.01844
-1.0153
-1.00592
-0.990434
-0.969066
-0.942143
-0.910098
-0.873465
-0.832857
-0.788938
-0.742386
-0.693859
-0.64396
-0.593216
-0.542065
-0.490851
-0.439828
-0.389171
-0.338983
-0.289309
-0.240147
-0.191461
-0.143182
-0.0952258
-0.0474914
0
0.0474916
0.0952257
0.143182
0.19146
0.240147
0.289309
0.338983
0.389171
0.439828
0.490851
0.542065
0.593216
0.64396
0.693859
0.742386
0.788938
0.832857
0.873465
0.910098
0.942143
0.969066
0.990434
1.00592
1.0153
1.01844
1.0153
1.00592
0.990434
0.969066
0.942143
0.910098
0.873465
0.832857
0.788938
0.742386
0.693859
0.64396
0.593216
0.542065
0.490851
0.439828
0.389171
0.338983
0.289309
0.240147
0.191461
0.143182
0.0952258
0.0474914
0
-0.0474916
-0.0952257
-0.143182
-0.19146
-0.240147
-0.289309
-0.338983
-0.389171
-0.439828
-0.490851
-0.542065
-0.593216
-0.64396
-0.693859
-0.742386
-0.788938
-0.832857
-0.873465
-0.910098
-0.942143
-0.969066
-0.990434
-1.00592
-1.0153
-1.01844
-1.0153
-1.00592
-0.990434
-0.969066
-0.942143
-0.910098
-0.873465
-0.832857
-0.788938
-0.742386
-0.693859
-0.64396
-0.593216
-0.542065
-0.490851
-0.439828
-0.389171
-0.338983
-0.289309
-0.240147
-0.191461
-0.143182
-0.0952258
-0.0474914
0
0.0474916
0.0952257
0.143182
0.19146
0.240147
0.289309
0.338983
0.389171
0.439828
0.490851
0.542065
0.593216
0.64396
0.693859
0.742386
0.788938
0.832857
0.873465
0.910098
0.942143
0.969066
0.990434
1.00592
1.0153
1.01844
1.0153
1.00592
0.990434
0.969066
0.942143
0.910098
0.873465
0.832857
0.788938
0.742386
0.693859
0.64396
0.593216
0.542065
0.490851
0.439828
0.389171
0.338983
0.289309
0.240147
0.191461
0.143182
0.0952258
0.0474914
0
-0.0474916
-0.0952257
-0.143182
-0.19146
-0.240147
-0.289309
-0.338983
-0.389171
-0.439828
-0.490851
-0.542065
-0.593216
-0.64396
-0.693859
-0.742386
-0.788938
-0.832857
-0.873465
-0.910098
-0.942143
-0.969066
-0.990434
-1.00592
-1.0153
-1.01844
-1.0153
-1.00592
-0.990434
-0.969066
-0.942143
-0.910098
-0.873465
-0.832857
-0.788938
-0.742386
-0.693859
-0.64396
-0.593216
-0.542065
-0.490851
-0.439828
-0.389171
-0.338983
-0.289309
-0.240147
-0.191461
-0.143182
-0.0952258
-0.0474914
0
0.0474916
0.0952257
0.143182
0.19146
0.240147
0.289309
0.338983
0.389171
0.439828
0.490851
0.542065
0.593216
0.64396
0.693859
0.742386
0.788938
0.832857
0.873465
0.910098
0.942143
0.969066
0.990434
1.00592
1.0153
1.01844
1.0153
1.00592
0.990434
0.969066
0.942143
0.910098
0.873465
0.832857
0.788938
0.742386
0.693859
0.64396
0.593216
0.542065
0.490851
0.439828
0.389171
0.338983
0.289309
0.240147
0.191461
0.143182
0.0952258
0.0474914
0
-0.0474916
-0.0952257
-0.143182
-0.19146
-0.240147
-0.289309
-0.338983
-0.389171
-0.439828
-0.490851
-0.542065
-0.593216
-0.64396
-0.693859
-0.742386
-0.788938
-0.832857
-0.873465
-0.910098
-0.942143
-0.969066
-0.990434
-1.00592
-1.0153
-1.01844
-1.0153
-1.00592
-0.990434
-0.969066
-0.942143
-0.910098
-0.873465
-0.832857
-0.788938
-0.742386
-0.693859
-0.64396
-0.593216
-0.542065
-0.490851
-0.439828
-0.389171
-0.338983
-0.289309
-0.240147
-0.191461
-0.143182
-0.0952258
-0.0474914
0
0.0474916
0.0952257
0.143182
0.19146
0.240147
0.289309
0.338983
0.389171
0.439828
0.490851
0.542065
0.593216
0.64396
0.693859
0.742386
0.788938
0.832857
0.873465
0.910098
0.942143
0.969066
0.990434
1.00592
1.0153
1.01844
1.0153
1.00592
0.990434
0.969066
0.942143
0.910098
0.873465
0.832857
0.788938
0.742386
0.693859
0.64396
0.593216
0.542065
0.490851
0.439828
0.389171
0.338983
0.289309
0.240147
0.191461
0.143182
0.0952258
0.0474914
0
-0.0474916
-0.0952257
-0.143182
-0.19146
-0.240147
-0.289309
-0.338983
-0.389171
-0.439828
-0.490851
-0.542065
-0.593216
-0.64396
-0.693859
-0.742386
-0.788938
-0.832857
-0.873465
-0.910098
-0.942143
-0.969066
-0.990434
-1.00592
-1.0153
-1.01844
-1.0153
-1.00592
-0.990434
-0.969066
-0.942143
-0.910098
-0.873465
-0.832857
-0.788938
-0.742386
-0.693859
-0.64396
-0.593216
-0.542065
-0.490851
-0.439828
-0.389171
-0.338983
-0.289309
-0.240147
-0.191461
-0.143182
-0.0952258
-0.0474914
0
0.0474916
0.0952257
0.143182
0.19146
0.240147
0.289309
0.338983
0.389171
0.439828
0.490851
0.542065
0.593216
0.64396
0.693859
0.742386
0.788938
0.832857
0.873465
0.910098
0.942143
0.969066
0.990434
1.00592
1.0153
1.01844
1.0153
1.00592
0.990434
0.969066
0.942143
0.910098
0.873465
0.832857
0.788938
0.742386
0.693859
0.64396
0.593216
0.542065
0.490851
0.439828
0.389171
0.338983
0.289309
0.240147
0.191461
0.143182
0.0952258
0.0474914
0
-0.0474916
-0.0952257
-0.143182
-0.19146
-0.240147
-0.289309
-0.338983
-0.389171
-0.439828
-0.490851
-0.542065
-0.593216
-0.64396
-0.693859
-0.742386
-0.788938
-0.832857
-0.873465
-0.910098
-0.942143
-0.969066
-0.990434
-1.00592
-1.0153
-1.01844
-1.0153
-1.00592
-0.990434
-0.969066
-0.942143
-0.910098
-0.873465
-0.832857
-0.788938
-0.742386
-0.693859
-0.64396
-0.593216
-0.542065
-0.490851
-0.439828
-0.389171
-0.338983
-0.289309
-0.240147
-0.191461
-0.143182
-0.0952258
-0.0474914
0
0.0474916
0.0952257
0.143182
0.19146
0.240147
0.289309
0.338983
0.389171
0.439828
0.490851
0.542065
0.593216
0.64396
0.693859
0.742386
0.788938
0.832857
0.873465
0.910098
0.942143
0.969066
0.990434
1.00592
1.0153
1.01844
1.0153
1.00592
0.990434
0.969066
0.942143
0.910098
0.873465
0.832857
0.788938
0.742386
0.693859
0.64396
0.593216
0.542065
0.490851
0.439828
0.389171
0.338983
0.289309
0.240147
0.191461
0.143182
0.0952258
0.0474914
0
-0.0474916
-0.0952257
-0.143182
-0.19146
-0.240147
-0.289309
-0.338983
-0.389171
-0.439828
-0.490851
-0.542065
-0.593216
-0.64396
-0.693859
-0.742386
-0.788938
-0.832857
-0.873465
-0.910098
-0.942143
-0.969066
-0.990434
-1.00592
-1.0153
-1.01844
-1.0153
-1.00592
-0.990434
-0.969066
-0.942143
-0.910098
-0.873465
-0.832857
-0.788938
-0.742386
-0.693859
-0.64396
-0.593216
-0.542065
-0.490851
-0.439828
-0.389171
-0.338983
-0.289309
-0.240147
-0.191461
-0.143182
-0.0952258
-0.0474914
0
0.0474916
0.0952257
0.143182
0.19146
0.240147
0.289309
0.338983
0.389171
0.439828
0.490851
0.542065
0.593216
0.64396
0.693859
0.742386
0.788938
0.832857
0.873465
0.910098
0.942143
0.969066
0.990434
1.00592
1.0153
1.01844
1.0153
1.00592
0.990434
0.969066
0.942143
0.910098
0.873465
0.832857
0.788938
0.742386
0.693859
0.64396
0.593216
0.542065
0.490851
0.439828
0.389171
0.338983
0.289309
0.240147
0.191461
0.143182
0.0952258
0.0474914
0
-0.0474916
-0.0952257
-0.143182
-0.19146
-0.240147
-0.289309
-0.338983
-0.389171
-0.439828
-0.490851
-0.542065
-0.593216
-0.64396
-0.693859
-0.742386
-0.788938
-0.832857
-0.873465
-0.910098
-0.942143
-0.969066
-0.990434
-1.00592
-1.0153
-1.01844
-1.01564
-1.00626
-0.990776
-0.969406
-0.942479
-0.91043
-0.873792
-0.83318
-0.789256
-0.7427
-0.694168
-0.644265
-0.593518
-0.542363
-0.491145
-0.44012
-0.389461
-0.339271
-0.289596
-0.240434
-0.191747
-0.143468
-0.0955129
-0.0477799
-0.000160345
0.0474588
0.0951911
0.143145
0.191422
0.240106
0.289265
0.338937
0.389123
0.439778
0.490798
0.542009
0.593158
0.6439
0.693796
0.742321
0.788869
0.832786
0.873392
0.910023
0.942065
0.968987
0.990353
1.00584
1.01521
1.01835
1.01521
1.00583
0.990345
0.968976
0.942052
0.910006
0.873372
0.832763
0.788843
0.74229
0.693761
0.64386
0.593115
0.541961
0.490744
0.439719
0.389059
0.338868
0.289191
0.240026
0.191336
0.143054
0.0950932
0.0473549
-0.000270921
-0.0478967
-0.0956366
-0.143599
-0.191884
-0.240579
-0.289749
-0.339431
-0.389629
-0.440296
-0.49133
-0.542555
-0.593719
-0.644475
-0.694387
-0.742927
-0.789491
-0.833424
-0.874045
-0.91069
-0.942746
-0.969679
-0.991056
-1.00655
-1.01593
-1.01907
-1.01594
-1.00656
-0.991075
-0.969704
-0.942778
-0.910729
-0.874092
-0.83348
-0.789556
-0.743001
-0.694471
-0.64457
-0.593824
-0.542672
-0.491459
-0.440437
-0.389783
-0.339598
-0.289929
-0.240773
-0.192093
-0.143823
-0.0958756
-0.0481516
-0.000541868
0.0470674
0.0947886
0.142731
0.190995
0.239667
0.288812
0.33847
0.388641
0.43928
0.490284
0.541479
0.59261
0.643334
0.693212
0.741718
0.788249
0.832148
0.872736
0.90935
0.941377
0.968283
0.989636
1.00511
1.01447
1.0176
1.01446
1.00508
0.989587
0.968217
0.941292
0.909246
0.872611
0.832
0.788078
0.741523
0.69299
0.643084
0.592332
0.54117
0.489944
0.438908
0.388236
0.338031
0.288339
0.239156
0.190447
0.142145
0.0941626
0.0464007
-0.00124998
-0.0489028
-0.0966705
-0.144663
-0.19298
-0.241708
-0.290912
-0.340632
-0.390868
-0.441575
-0.49265
-0.543919
-0.595126
-0.645928
-0.695886
-0.744472
-0.791083
-0.835061
-0.875726
-0.912414
-0.94451
-0.97148
-0.99289
-1.00841
-1.01782
-1.02098
-1.01785
-1.00849
-0.993008
-0.97164
-0.944715
-0.912665
-0.876027
-0.835414
-0.791492
-0.74494
-0.696415
-0.646522
-0.595787
-0.544649
-0.493452
-0.442451
-0.391819
-0.34166
-0.292019
-0.242895
-0.194249
-0.146014
-0.0981053
-0.0504223
-0.00285456
0.04471
0.0923854
0.14028
0.188496
0.237118
0.286214
0.33582
0.38594
0.436529
0.487484
0.538632
0.58972
0.640403
0.690247
0.738726
0.785242
0.829139
0.869743
0.906396
0.938492
0.965503
0.987002
1.00267
1.0123
1.01575
1.01301
1.00411
0.989196
0.968498
0.942349
0.911189
0.875557
0.836074
0.793411
0.748257
0.701279
0.653095
0.604248
0.555195
0.506305
0.457861
0.410072
0.363082
0.316984
0.271832
0.227654
0.18446
0.142253
0.101034
0.060808
0.0215934
-0.016579
-0.0536628
-0.0895918
-0.124285
-0.15765
-0.189588
-0.220002
-0.248812
-0.275965
-0.301441
-0.325267
-0.347512
-0.368286
-0.387726
-0.405982
-0.423194
-0.439479
-0.454906
-0.469489
-0.483172
-0.495837
-0.5073
-0.517336
-0.525693
-0.532124
-0.536411
-0.538394
-0.537986
-0.535187
-0.530084
-0.522837
-0.513671
-0.50284
-0.490607
-0.477214
-0.462864
-0.447702
-0.431813
-0.415219
-0.397892
-0.379766
-0.360757
-0.340784
-0.319791
-0.297762
-0.274739
-0.250827
-0.226193
-0.201064
-0.175713
-0.15045
-0.125603
-0.101503
-0.0784702
-0.0567952
-0.0367245
-0.0184523
-0.00210308
0.0122659
0.0246625
0.0351595
0.0438737
0.0509583
0.0565867
0.0609401
0.0641966
0.0665233
0.0680744
0.0689844
0.0693724
0.069339
0.06897
0.0683358
0.0674954
0.066497
0.0653799
0.0641765
0.0629124
0.0616075
0.0602796
0.0589411
0.0576024
0.0562719
0.0549555
0.0536589
0.0523842
0.0511352
0.049914
0.0487211
0.0475577
0.0464242
0.0453206
0.0442475
0.0432044
0.0421901
0.0412038
0.0402469
0.0393164
0.0384128
0.0375346
0.036682
0.0358536
0.0350486
0.0342664
0.033506
0.0327673
0.0320488
0.0313502
0.0306705
0.0300101
0.0293669
0.0287414
0.0281317
0.0275389
0.0269617
0.026399
0.0258512
0.0253174
0.0247968
0.0242893
0.0237957
0.0233132
0.0228432
0.0223844
0.0219368
0.0214999
0.0210732
0.0206573
0.0202515
0.0198548
0.0194672
0.0190884
0.0187191
0.0183575
0.0180043
0.0176591
0.017323
0.0169927
0.0166707
0.0163551
0.0160464
0.0157454
0.0154508
0.0151619
0.0148799
0.0146038
0.014334
0.0140687
0.0138099
0.0135568
0.0133087
0.0130657
0.0128281
0.0125948
0.0123672
0.0121438
0.0119256
0.0117104
0.0115011
0.0112956
0.0110943
0.0108967
0.0107034
0.0105141
0.0103284
0.0101462
0.00996745
0.00979266
0.00962199
0.00945389
0.00928913
0.00912874
0.00896991
0.00881448
0.00866253
0.00851381
0.00836764
0.00822361
0.00808317
0.00794563
0.00780993
0.00767699
0.00754729
0.00741962
0.00729466
0.00717171
0.0070512
0.00693252
0.00681669
0.00670249
0.00659126
0.00648158
0.00637414
0.00626772
0.00616459
0.00606338
0.00596338
0.00586502
0.00576896
0.00567517
0.00558259
0.005492
0.00540284
0.0053146
0.00522952
0.00514434
0.00506133
0.00498035
0.00490057
0.00482222
0.00474519
0.00466992
0.00459506
0.00452302
0.00445074
0.00438021
0.00431156
0.00424338
0.00417715
0.00411205
0.00404695
0.00398367
0.0039216
0.00386148
0.00380138
0.00374229
0.00368371
0.00362859
0.00357225
0.00351818
0.00346457
0.0034111
0.00335912
0.00330832
0.00325791
0.00320845
0.00315941
0.00311191
0.00306541
0.00301905
0.00297484
0.00293035
0.00288582
0.00284334
0.00280146
0.00275943
0.00271995
0.00267943
0.00263948
0.0026011
0.0025627
0.00252533
0.00248857
0.00245232
0.00241591
0.00238138
0.00234701
0.00231333
0.00228178
0.00224704
0.00221511
0.00218412
0.00215247
0.00212158
0.00209185
0.00206147
0.00203308
0.00200475
0.00197629
0.00194889
0.00192061
0.00189428
0.00186819
0.00184173
0.00181655
0.00179076
0.00176656
0.00174173
0.00171767
0.00169481
0.00167147
0.00164826
0.00162526
0.00160351
0.00158175
0.0015615
0.00154001
0.00151938
0.00149855
0.0014782
0.00145835
0.00143903
0.00141942
0.00140097
0.00138226
0.00136398
0.00134586
0.00132834
0.00131088
0.00129409
0.00127708
0.00125999
0.00124369
0.00122728
0.00121141
0.00119603
0.00118052
0.00116578
0.00115
0.00113552
0.00112111
0.00110695
0.00109346
0.00107817
0.00106595
0.00105138
0.00103818
0.0010251
0.00101251
0.000999673
0.000987161
0.00097432
0.000962609
0.000950481
0.000939707
0.000926635
0.000916973
0.000904983
0.000892675
0.000882636
0.000872419
0.000861384
0.00085097
0.000840239
0.000829572
0.000821204
0.000810306
0.000800253
0.000790902
0.000782054
0.00077217
0.000762281
0.000753559
0.000745317
0.000736431
0.000727993
0.000718335
0.000710787
0.000702313
0.000693257
0.000684928
0.000677318
0.000669328
0.000662824
0.000655102
0.000646409
0.000638954
0.000632285
0.000624951
0.000617726
0.000610778
0.000604003
0.00059676
0.000589775
0.000583528
0.00057714
0.000569702
0.000563987
0.000557566
0.000550996
0.000545429
0.000539177
0.000532728
0.000526709