0
0
0
0
0
0
0
0
0
0
0
0
0
0
0
0
0
0
0
0
0
0
0
0
0
0
0
0
0
0
0
0
0
0
0
0
0
0
0
0
0
0
0
0
0
0
0
0
0
0
0
0
0
0
0
0
0
0
0
0
0
0
0
0
0
0
0
0
0
0
0
0
0
0
0
0
0
0
0
0
0
0
0
0
0
0
0
0
0
0
0
0
0
0
0
0
0
0
0
0
0
0
0
0
0
0
0
0
0
0
0
0
0
0
0
0
0
0
0
0
0
0
0
0
0
0
0
0
0
0
0
0
0
0
0
0
0
0
0
0
0
0
0
0
0
0
0
0
0
0
0
0
0
0
0
0
0
0
0
0
0
0
0
0
0
0
0
0
0
0
0
0
0
0
0
0
0
0
0
0
0
0
0
0
0
0
0
0
0
0
0
0
0
0
0
0
0
0
0
0
0
0
0.000650236
0.00253809
0.00557125
0.00965995
0.014717
0.0206577
0.0273999
0.0348639
0.0429724
0.0516506
0.0608261
0.0704288
0.0803909
0.0906471
0.101134
0.111792
0.12256
0.133384
0.144209
0.154982
0.165655
0.176179
0.186508
0.196599
0.20641
0.215902
0.225036
0.233778
0.242094
0.249952
0.257321
0.264174
0.270484
0.276227
0.281381
0.285924
0.289837
0.293103
0.295705
0.29763
0.298865
0.299399
0.299223
0.298328
0.296709
0.29436
0.291279
0.287462
0.28291
0.277624
0.271605
0.264858
0.257387
0.249197
0.240298
0.230697
0.220404
0.20943
0.197787
0.185489
0.17255
0.158985
0.144812
0.130047
0.11471
0.0988194
0.082396
0.0654613
0.0480377
0.0301484
0.0118172
-0.00693074
-0.0260699
-0.0455739
-0.0654156
-0.085567
-0.106
-0.126684
-0.147591
-0.168689
-0.189947
-0.211335
-0.232819
-0.254367
-0.275946
-0.297522
-0.319061
-0.340529
-0.361891
-0.383111
-0.404154
-0.424985
-0.445567
-0.465863
-0.485837
-0.505453
-0.524673
-0.543461
-0.561778
-0.579588
-0.596853
-0.613537
-0.6296
-0.645006
-0.659718
-0.673697
-0.686908
-0.699312
-0.710872
-0.721552
-0.731315
-0.740124
-0.747944
-0.754737
-0.760469
-0.765104
-0.768607
-0.770944
-0.77208
-0.771981
-0.770613
-0.767945
-0.763943
-0.758575
-0.751811
-0.743619
-0.733969
-0.722832
-0.710179
-0.69598
-0.68021
-0.662841
-0.643847
-0.623202
-0.600883
-0.576865
-0.551126
-0.523645
-0.494399
-0.463369
-0.430536
-0.395882
-0.359389
-0.321042
-0.280826
-0.238726
-0.194731
-0.148828
-0.101006
-0.0512578
0.000426134
0.0530802
0.106269
0.160545
0.216495
0.274762
0.336079
0.401303
0.471455
0.54776
0.631677
0.724915
0.829389
0.947014
1.07917
1.22563
1.38287
1.54277
1.69352
1.82392
1.9278
2.00504
2.05908
2.09422
2.11393
2.12086
2.1146
2.09506
2.06
2.00586
1.92835
1.8241
1.69338
1.54239
1.38238
1.2251
1.07866
0.946529
0.828944
0.724509
0.631305
0.547418
0.471138
0.401008
0.335803
0.274502
0.21625
0.160315
0.106053
0.0528762
0.000234292
-0.0524076
-0.105584
-0.159847
-0.215783
-0.274035
-0.335337
-0.400545
-0.470679
-0.546966
-0.630864
-0.724083
-0.828536
-0.946141
-1.07828
-1.22472
-1.38194
-1.54182
-1.69257
-1.82295
-1.92683
-2.00406
-2.0581
-2.09324
-2.11294
-2.11929
-2.11294
-2.09324
-2.0581
-2.00405
-1.92682
-1.82294
-1.69255
-1.5418
-1.38191
-1.22468
-1.07823
-0.946085
-0.828471
-0.724008
-0.630779
-0.546871
-0.470574
-0.400429
-0.335211
-0.273899
-0.215636
-0.159689
-0.105415
-0.0522275
0.000426134
0.0530802
0.106269
0.160545
0.216495
0.274762
0.336079
0.401303
0.471455
0.54776
0.631677
0.724915
0.829389
0.947014
1.07917
1.22563
1.38287
1.54277
1.69352
1.82392
1.9278
2.00504
2.05908
2.09422
2.11393
2.12086
2.1146
2.09506
2.06
2.00586
1.92835
1.8241
1.69338
1.54239
1.38238
1.2251
1.07866
0.946529
0.828944
0.724509
0.631305
0.547418
0.471138
0.401008
0.335803
0.274502
0.21625
0.160315
0.106053
0.0528762
0.000234292
-0.0524076
-0.105584
-0.159847
-0.215783
-0.274035
-0.335337
-0.400545
-0.470679
-0.546966
-0.630864
-0.724083
-0.828536
-0.946141
-1.07828
-1.22472
-1.38194
-1.54182
-1.69257
-1.82295
-1.92683
-2.00406
-2.0581
-2.09324
-2.11294
-2.11929
-2.11294
-2.09324
-2.0581
-2.00405
-1.92682
-1.82294
-1.69255
-1.5418
-1.38191
-1.22468
-1.07823
-0.946085
-0.828471
-0.724008
-0.630779
-0.546871
-0.470574
-0.400429
-0.335211
-0.273899
-0.215636
-0.159689
-0.105415
-0.0522275
0.000426134
0.0530802
0.106269
0.160545
0.216495
0.274762
0.336079
0.401303
0.471455
0.54776
0.631677
0.724915
0.829389
0.947014
1.07917
1.22563
1.38287
1.54277
1.69352
1.82392
1.9278
2.00504
2.05908
2.09422
2.11393
2.12086
2.1146
2.09506
2.06
2.00586
1.92835
1.8241
1.69338
1.54239
1.38238
1.2251
1.07866
0.946529
0.828944
0.724509
0.631305
0.547418
0.471138
0.401008
0.335803
0.274502
0.21625
0.160315
0.106053
0.0528762
0.000234292
-0.0524076
-0.105584
-0.159847
-0.215783
-0.274035
-0.335337
-0.400545
-0.470679
-0.546966
-0.630864
-0.724083
-0.828536
-0.946141
-1.07828
-1.22472
-1.38194
-1.54182
-1.69257
-1.82295
-1.92683
-2.00406
-2.0581
-2.09324
-2.11294
-2.11929
-2.11294
-2.09324
-2.0581
-2.00405
-1.92682
-1.82294
-1.69255
-1.5418
-1.38191
-1.22468
-1.07823
-0.946085
-0.828471
-0.724008
-0.630779
-0.546871
-0.470574
-0.400429
-0.335211
-0.273899
-0.215636
-0.159689
-0.105415
-0.0522275
0.000426134
0.0530802
0.106269
0.160545
0.216495
0.274762
0.336079
0.401303
0.471455
0.54776
0.631677
0.724915
0.829389
0.947014
1.07917
1.22563
1.38287
1.54277
1.69352
1.82392
1.9278
2.00504
2.05908
2.09422
2.11393
2.12086
2.1146
2.09506
2.06
2.00586
1.92835
1.8241
1.69338
1.54239
1.38238
1.2251
1.07866
0.946529
0.828944
0.724509
0.631305
0.547418
0.471138
0.401008
0.335803
0.274502
0.21625
0.160315
0.106053
0.0528762
0.000234292
-0.0524076
-0.105584
-0.159847
-0.215783
-0.274035
-0.335337
-0.400545
-0.470679
-0.546966
-0.630864
-0.724083
-0.828536
-0.946141
-1.07828
-1.22472
-1.38194
-1.54182
-1.69257
-1.82295
-1.92683
-2.00406
-2.0581
-2.09324
-2.11294
-2.11929
-2.11294
-2.09324
-2.0581
-2.00405
-1.92682
-1.82294
-1.69255
-1.5418
-1.38191
-1.22468
-1.07823
-0.946085
-0.828471
-0.724008
-0.630779
-0.546871
-0.470574
-0.400429
-0.335211
-0.273899
-0.215636
-0.159689
-0.105415
-0.0522275
0.000426134
0.0530802
0.106269
0.160545
0.216495
0.274762
0.336079
0.401303
0.471455
0.54776
0.631677
0.724915
0.829389
0.947014
1.07917
1.22563
1.38287
1.54277
1.69352
1.82392
1.9278
2.00504
2.05908
2.09422
2.11393
2.12086
2.1146
2.09506
2.06
2.00586
1.92835
1.8241
1.69338
1.54239
1.38238
1.2251
1.07866
0.946529
0.828944
0.724509
0.631305
0.547418
0.471138
0.401008
0.335803
0.274502
0.21625
0.160315
0.106053
0.0528762
0.000234292
-0.0524076
-0.105584
-0.159847
-0.215783
-0.274035
-0.335337
-0.400545
-0.470679
-0.546966
-0.630864
-0.724083
-0.828536
-0.946141
-1.07828
-1.22472
-1.38194
-1.54182
-1.69257
-1.82295
-1.92683
-2.00406
-2.0581
-2.09324
-2.11294
-2.11929
-2.11294
-2.09324
-2.0581
-2.00405
-1.92682
-1.82294
-1.69255
-1.5418
-1.38191
-1.22468
-1.07823
-0.946085
-0.828471
-0.724008
-0.630779
-0.546871
-0.470574
-0.400429
-0.335211
-0.273899
-0.215636
-0.159689
-0.105415
-0.0522275
0.000426134
0.0530802
0.106269
0.160545
0.216495
0.274762
0.336079
0.401303
0.471455
0.54776
0.631677
0.724915
0.829389
0.947014
1.07917
1.22563
1.38287
1.54277
1.69352
1.82392
1.9278
2.00504
2.05908
2.09422
2.11393
2.12086
2.1146
2.09506
2.06
2.00586
1.92835
1.8241
1.69338
1.54239
1.38238
1.2251
1.07866
0.946529
0.828944
0.724509
0.631305
0.547418
0.471138
0.401008
0.335803
0.274502
0.21625
0.160315
0.106053
0.0528762
0.000234292
-0.0524076
-0.105584
-0.159847
-0.215783
-0.274035
-0.335337
-0.400545
-0.470679
-0.546966
-0.630864
-0.724083
-0.828536
-0.946141
-1.07828
-1.22472
-1.38194
-1.54182
-1.69257
-1.82295
-1.92683
-2.00406
-2.0581
-2.09324
-2.11294
-2.11929
-2.11294
-2.09324
-2.0581
-2.00405
-1.92682
-1.82294
-1.69255
-1.5418
-1.38191
-1.22468
-1.07823
-0.946085
-0.828471
-0.724008
-0.630779
-0.546871
-0.470574
-0.400429
-0.335211
-0.273899
-0.215636
-0.159689
-0.105415
-0.0522275
0.000426134
0.0530802
0.106269
0.160545
0.216495
0.274762
0.336079
0.401303
0.471455
0.54776
0.631677
0.724915
0.829389
0.947014
1.07917
1.22563
1.38287
1.54277
1.69352
1.82392
1.9278
2.00504
2.05908
2.09422
2.11393
2.12086
2.1146
2.09506
2.06
2.00586
1.92835
1.8241
1.69338
1.54239
1.38238
1.2251
1.07866
0.946529
0.828944
0.724509
0.631305
0.547418
0.471138
0.401008
0.335803
0.274502
0.21625
0.160315
0.106053
0.0528762
0.000234292
-0.0524076
-0.105584
-0.159847
-0.215783
-0.274035
-0.335337
-0.400545
-0.470679
-0.546966
-0.630864
-0.724083
-0.828536
-0.946141
-1.07828
-1.22472
-1.38194
-1.54182
-1.69257
-1.82295
-1.92683
-2.00406
-2.0581
-2.09324
-2.11294
-2.11929
-2.11294
-2.09324
-2.0581
-2.00405
-1.92682
-1.82294
-1.69255
-1.5418
-1.38191
-1.22468
-1.07823
-0.946085
-0.828471
-0.724008
-0.630779
-0.546871
-0.470574
-0.400429
-0.335211
-0.273899
-0.215636
-0.159689
-0.105415
-0.0522275
0.000426134
0.0530802
0.106269
0.160545
0.216495
0.274762
0.336079
0.401303
0.471455
0.54776
0.631677
0.724915
0.829389
0.947014
1.07917
1.22563
1.38287
1.54277
1.69352
1.82392
1.9278
2.00504
2.05908
2.09422
2.11393
2.12086
2.1146
2.09506
2.06
2.00586
1.92835
1.8241
1.69338
1.54239
1.38238
1.2251
1.07866
0.946529
0.828944
0.724509
0.631305
0.547418
0.471138
0.401008
0.335803
0.274502
0.21625
0.160315
0.106053
0.0528762
0.000234292
-0.0524076
-0.105584
-0.159847
-0.215783
-0.274035
-0.335337
-0.400545
-0.470679
-0.546966
-0.630864
-0.724083
-0.828536
-0.946141
-1.07828
-1.22472
-1.38194
-1.54182
-1.69257
-1.82295
-1.92683
-2.00406
-2.0581
-2.09324
-2.11294
-2.11929
-2.11294
-2.09324
-2.0581
-2.00405
-1.92682
-1.82294
-1.69255
-1.5418
-1.38191
-1.22468
-1.07823
-0.946085
-0.828471
-0.724008
-0.630779
-0.546871
-0.470574
-0.400429
-0.335211
-0.273899
-0.215636
-0.159689
-0.105415
-0.0522275
0.000426134
0.0530802
0.106269
0.160545
0.216495
0.274762
0.336079
0.401303
0.471455
0.54776
0.631677
0.724915
0.829389
0.947014
1.07917
1.22563
1.38287
1.54277
1.69352
1.82392
1.9278
2.00504
2.05908
2.09422
2.11393
2.12086
2.1146
2.09506
2.06
2.00586
1.92835
1.8241
1.69338
1.54239
1.38238
1.2251
1.07866
0.946529
0.828944
0.724509
0.631305
0.547418
0.471138
0.401008
0.335803
0.274502
0.21625
0.160315
0.106053
0.0528762
0.000234292
-0.0524076
-0.105584
-0.159847
-0.215783
-0.274035
-0.335337
-0.400545
-0.470679
-0.546966
-0.630864
-0.724083
-0.828536
-0.946141
-1.07828
-1.22472
-1.38194
-1.54182
-1.69257
-1.82295
-1.92683
-2.00406
-2.0581
-2.09324
-2.11294
-2.11929
-2.11294
-2.09324
-2.0581
-2.00405
-1.92682
-1.82294
-1.69255
-1.5418
-1.38191
-1.22468
-1.07823
-0.946085
-0.828471
-0.724008
-0.630779
-0.546871
-0.470574
-0.400429
-0.335211
-0.273899
-0.215636
-0.159689
-0.105415
-0.0522275
0.000426134
0.0530802
0.106269
0.160545
0.216495
0.274762
0.336079
0.401303
0.471455
0.54776
0.631677
0.724915
0.829389
0.947014
1.07917
1.22563
1.38287
1.54277
1.69352
1.82392
1.9278
2.00504
2.05908
2.09422
2.11393
2.12086
2.1146
2.09506
2.06
2.00586
1.92835
1.8241
1.69338
1.54239
1.38238
1.2251
1.07866
0.946529
0.828944
0.724509
0.631305
0.547418
0.471138
0.401008
0.335803
0.274502
0.21625
0.160315
0.106053
0.0528762
0.000234292
-0.0524076
-0.105584
-0.159847
-0.215783
-0.274035
-0.335337
-0.400545
-0.470679
-0.546966
-0.630864
-0.724083
-0.828536
-0.946141
-1.07828
-1.22472
-1.38194
-1.54182
-1.69257
-1.82295
-1.92683
-2.00406
-2.0581
-2.09324
-2.11294
-2.11929
-2.11294
-2.09324
-2.0581
-2.00405
-1.92682
-1.82294
-1.69255
-1.5418
-1.38191
-1.22468
-1.07823
-0.946085
-0.828471
-0.724008
-0.630779
-0.546871
-0.470574
-0.400429
-0.335211
-0.273899
-0.215636
-0.159689
-0.105415
-0.0522275
0.000426134
0.0530802
0.106269
0.160545
0.216495
0.274762
0.336079
0.401303
0.471455
0.54776
0.631677
0.724915
0.829389
0.947014
1.07917
1.22563
1.38287
1.54277
1.69352
1.82392
1.9278
2.00504
2.05908
2.09422
2.11393
2.12086
2.1146
2.09506
2.06
2.00586
1.92835
1.8241
1.69338
1.54239
1.38238
1.2251
1.07866
0.946529
0.828944
0.724509
0.631305
0.547418
0.471138
0.401008
0.335803
0.274502
0.21625
0.160315
0.106053
0.0528762
0.000234292
-0.0524076
-0.105584
-0.159847
-0.215783
-0.274035
-0.335337
-0.400545
-0.470679
-0.546966
-0.630864
-0.724083
-0.828536
-0.946141
-1.07828
-1.22472
-1.38194
-1.54182
-1.69257
-1.82295
-1.92683
-2.00406
-2.0581
-2.09324
-2.11294
-2.11929
-2.11294
-2.09324
-2.0581
-2.00405
-1.92682
-1.82294
-1.69255
-1.5418
-1.38191
-1.22468
-1.07823
-0.946085
-0.828471
-0.724008
-0.630779
-0.546871
-0.470574
-0.400429
-0.335211
-0.273899
-0.215636
-0.159689
-0.105415
-0.0522275
0.000426134
0.0530802
0.106269
0.160545
0.216495
0.274762
0.336079
0.401303
0.471455
0.54776
0.631677
0.724915
0.829389
0.947014
1.07917
1.22563
1.38287
1.54277
1.69352
1.82392
1.9278
2.00504
2.05908
2.09422
2.11393
2.12086
2.1146
2.09506
2.06
2.00586
1.92835
1.8241
1.69338
1.54239
1.38238
1.2251
1.07866
0.946529
0.828944
0.724509
0.631305
0.547418
0.471138
0.401008
0.335803
0.274502
0.21625
0.160315
0.106053
0.0528762
0.000234292
-0.0524076
-0.105584
-0.159847
-0.215783
-0.274035
-0.335337
-0.400545
-0.470679
-0.546966
-0.630864
-0.724083
-0.828536
-0.946141
-1.07828
-1.22472
-1.38194
-1.54182
-1.69257
-1.82295
-1.92683
-2.00406
-2.0581
-2.09324
-2.11294
-2.11929
-2.11294
-2.09324
-2.0581
-2.00405
-1.92682
-1.82294
-1.69255
-1.5418
-1.38191
-1.22468
-1.07823
-0.946085
-0.828471
-0.724008
-0.630779
-0.546871
-0.470574
-0.400429
-0.335211
-0.273899
-0.215636
-0.159689
-0.105415
-0.0522275
0.000426134
0.0530802
0.106269
0.160545
0.216495
0.274762
0.336079
0.401303
0.471455
0.54776
0.631677
0.724915
0.829389
0.947014
1.07917
1.22563
1.38287
1.54277
1.69352
1.82392
1.9278
2.00504
2.05908
2.09422
2.11393
2.12086
2.1146
2.09506
2.06
2.00586
1.92835
1.8241
1.69338
1.54239
1.38238
1.2251
1.07866
0.946529
0.828944
0.724509
0.631305
0.547418
0.471138
0.401008
0.335803
0.274502
0.21625
0.160315
0.106053
0.0528762
0.000234292
-0.0524076
-0.105584
-0.159847
-0.215783
-0.274035
-0.335337
-0.400545
-0.470679
-0.546966
-0.630864
-0.724083
-0.828536
-0.946141
-1.07828
-1.22472
-1.38194
-1.54182
-1.69257
-1.82295
-1.92683
-2.00406
-2.0581
-2.09324
-2.11294
-2.11929
-2.11294
-2.09324
-2.0581
-2.00405
-1.92682
-1.82294
-1.69255
-1.5418
-1.38191
-1.22468
-1.07823
-0.946085
-0.828471
-0.724008
-0.630779
-0.546871
-0.470574
-0.400429
-0.335211
-0.273899
-0.215636
-0.159689
-0.105415
-0.0522275
0.000426134
0.0530802
0.106269
0.160545
0.216495
0.274762
0.336079
0.401303
0.471455
0.54776
0.631677
0.724915
0.829389
0.947014
1.07917
1.22563
1.38287
1.54277
1.69352
1.82392
1.9278
2.00504
2.05908
2.09422
2.11393
2.12086
2.1146
2.09506
2.06
2.00586
1.92835
1.8241
1.69338
1.54239
1.38238
1.2251
1.07866
0.946529
0.828944
0.724509
0.631305
0.547418
0.471138
0.401008
0.335803
0.274502
0.21625
0.160315
0.106053
0.0528762
0.000234292
-0.0524076
-0.105584
-0.159847
-0.215783
-0.274035
-0.335337
-0.400545
-0.470679
-0.546966
-0.630864
-0.724083
-0.828536
-0.946141
-1.07828
-1.22472
-1.38194
-1.54182
-1.69257
-1.82295
-1.92683
-2.00406
-2.0581
-2.09324
-2.11294
-2.11929
-2.11294
-2.09324
-2.0581
-2.00405
-1.92682
-1.82294
-1.69255
-1.5418
-1.38191
-1.22468
-1.07823
-0.946085
-0.828471
-0.724008
-0.630779
-0.546871
-0.470574
-0.400429
-0.335211
-0.273899
-0.215636
-0.159689
-0.105415
-0.0522275
0.000426134
0.0530802
0.106269
0.160545
0.216495
0.274762
0.336079
0.401303
0.471455
0.54776
0.631677
0.724915
0.829389
0.947014
1.07917
1.22563
1.38287
1.54277
1.69352
1.82392
1.9278
2.00504
2.05908
2.09422
2.11393
2.12086
2.1146
2.09506
2.06
2.00586
1.92835
1.8241
1.69338
1.54239
1.38238
1.2251
1.07866
0.946529
0.828944
0.724509
0.631305
0.547418
0.471138
0.401008
0.335803
0.274502
0.21625
0.160315
0.106053
0.0528762
0.000234292
-0.0524076
-0.105584
-0.159847
-0.215783
-0.274035
-0.335337
-0.400545
-0.470679
-0.546966
-0.630864
-0.724083
-0.828536
-0.946141
-1.07828
-1.22472
-1.38194
-1.54182
-1.69257
-1.82295
-1.92683
-2.00406
-2.0581
-2.09324
-2.11294
-2.11929
-2.11294
-2.09324
-2.0581
-2.00405
-1.92682
-1.82294
-1.69255
-1.5418
-1.38191
-1.22468
-1.07823
-0.946085
-0.828471
-0.724008
-0.630779
-0.546871
-0.470574
-0.400429
-0.335211
-0.273899
-0.215636
-0.159689
-0.105415
-0.0522275
0.000426134
0.0530802
0.106269
0.160545
0.216495
0.274762
0.336079
0.401303
0.471455
0.54776
0.631677
0.724915
0.829389
0.947014
1.07917
1.22563
1.38287
1.54277
1.69352
1.82392
1.9278
2.00504
2.05908
2.09422
2.11393
2.12086
2.1146
2.09506
2.06
2.00586
1.92835
1.8241
1.69338
1.54239
1.38238
1.2251
1.07866
0.946529
0.828944
0.724509
0.631305
0.547418
0.471138
0.401008
0.335803
0.274502
0.21625
0.160315
0.106053
0.0528762
0.000234292
-0.0524076
-0.105584
-0.159847
-0.215783
-0.274035
-0.335337
-0.400545
-0.470679
-0.546966
-0.630864
-0.724083
-0.828536
-0.946141
-1.07828
-1.22472
-1.38194
-1.54182
-1.69257
-1.82295
-1.92683
-2.00406
-2.0581
-2.09324
-2.11294
-2.11929
-2.11294
-2.09324
-2.0581
-2.00405
-1.92682
-1.82294
-1.69255
-1.5418
-1.38191
-1.22468
-1.07823
-0.946085
-0.828471
-0.724008
-0.630779
-0.546871
-0.470574
-0.400429
-0.335211
-0.273899
-0.215636
-0.159689
-0.105415
-0.0522275
0.000426134
0.0530802
0.106269
0.160545
0.216495
0.274762
0.336079
0.401303
0.471455
0.54776
0.631677
0.724915
0.829389
0.947014
1.07917
1.22563
1.38287
1.54277
1.69352
1.82392
1.9278
2.00504
2.05908
2.09422
2.11393
2.12086
2.1146
2.09506
2.06
2.00586
1.92835
1.8241
1.69338
1.54239
1.38238
1.2251
1.07866
0.946529
0.828944
0.724509
0.631305
0.547418
0.471138
0.401008
0.335803
0.274502
0.21625
0.160315
0.106053
0.0528762
0.000234292
-0.0524076
-0.105584
-0.159847
-0.215783
-0.274035
-0.335337
-0.400545
-0.470679
-0.546966
-0.630864
-0.724083
-0.828536
-0.946141
-1.07828
-1.22472
-1.38194
-1.54182
-1.69257
-1.82295
-1.92683
-2.00406
-2.0581
-2.09324
-2.11294
-2.11929
-2.11294
-2.09324
-2.0581
-2.00405
-1.92682
-1.82294
-1.69255
-1.5418
-1.38191
-1.22468
-1.07823
-0.946085
-0.828471
-0.724008
-0.630779
-0.546871
-0.470574
-0.400429
-0.335211
-0.273899
-0.215636
-0.159689
-0.105415
-0.0522275
0.000426134
0.0530802
0.106269
0.160545
0.216495
0.274762
0.336079
0.401303
0.471455
0.54776
0.631677
0.724915
0.829389
0.947014
1.07917
1.22563
1.38287
1.54277
1.69352
1.82392
1.9278
2.00504
2.05908
2.09422
2.11393
2.12086
2.1146
2.09506
2.06
2.00586
1.92835
1.8241
1.69338
1.54239
1.38238
1.2251
1.07866
0.946529
0.828944
0.724509
0.631305
0.547418
0.471138
0.401008
0.335803
0.274502
0.21625
0.160315
0.106053
0.0528759
0.000561711
-0.0500224
-0.0988696
-0.145975
-0.191335
-0.234947
-0.276812
-0.316931
-0.355307
-0.391943
-0.426847
-0.460024
-0.491483
-0.521236
-0.549292
-0.575664
-0.600367
-0.623414
-0.644824
-0.664612
-0.682799
-0.699402
-0.714444
-0.727946
-0.739931
-0.750423
-0.759446
-0.767026
-0.77319
-0.777966
-0.781381
-0.783464
-0.784247
-0.783758
-0.782029
-0.779093
-0.774981
-0.769727
-0.763365
-0.755929
-0.747453
-0.737973
-0.727525
-0.716144
-0.703868
-0.690732
-0.676775
-0.662033
-0.646545
-0.630347
-0.613479
-0.595978
-0.577883
-0.559232
-0.540064
-0.520417
-0.500331
-0.479842
-0.458991
-0.437815
-0.416353
-0.394642
-0.37272
-0.350626
-0.328396
-0.306068
-0.283679
-0.261264
-0.238861
-0.216504
-0.194229
-0.172071
-0.150064
-0.128241
-0.106636
-0.085281
-0.0642083
-0.0434489
-0.0230333
-0.00299135
0.0166479
0.0358564
0.0546065
0.0728718
0.0906266
0.107846
0.124507
0.140585
0.156061
0.170911
0.185118
0.198662
0.211526
0.223694
0.235151
0.245883
0.255877
0.265123
0.27361
0.281329
0.288275
0.29444
0.299821
0.304415
0.308221
0.311239
0.313471
0.314921
0.315594
0.315496
0.314636
0.313025
0.310675
0.307599
0.303813
0.299336
0.294185
0.288384
0.281955
0.274924
0.267319
0.259168
0.250503
0.241358
0.23177
0.221776
0.211416
0.200733
0.189772
0.178579
0.167206
0.155703
0.144124
0.132527
0.12097
0.109516
0.0982289
0.0871749
0.0764238
0.0660477
0.0561213
0.046722
0.0379299
0.0298281
0.0225021
0.0160406
0.0105349
0.00607929
0.00277094
0.000709992
0
0
0
0
0
0
0
0
0
0
0
0
0
0
0
0
0
0
0
0
0
0
0
0
0
0
0
0
0
0
0
0
0
0
0
0
0
0
0
0
0
0
0
0
0
0
0
0
0
0
0
0
0
0
0
0
0
0
0
0
0
0
0
0
0
0
0
0
0
0
0
0
0
0
0
0
0
0
0
0
0
0
0
0
0
0
0
0
0
0
0
0
0
0
0
0
0
0
0
0
0
0
0
0
0
0
0
0
0
0
0
0
0
0
0
0
0
0
0
0
0
0
0
0
0
0
0
0
0
0
0
0
0
0
0
0
0
0
0
0
0
0
0
0
0
0
0
0
0
0
0
0
0
0
0
0
0
0
0
0
0
0
0
0
0
0
0
0
0
0
0
0
0
0
0
0
0
0
0
0
0
0
0
0
0
0
0
0
0
0
0
0
0
0
0
0
0
0
0
0
0
0