0
3.359046e-05
3.589568e-05
4.764301e-05
4.8e-05
3.540998e-05
3.305347e-05
4.082633e-05
4.49019e-05
5.089366e-05
5.295502e-05
3.823565e-05
3.214628e-05
3.396653e-05
4.6797e-05
4.996804e-05
4.508739e-05
3.614955e-05
3.00759e-05
3.889549e-05
4.09768e-05
5.191606e-05
5.101057e-05
5.397415e-05
5.100181e-05
4.204124e-05
3.704283e-05
3.898677e-05
3.602187e-05
4.099205e-05
5.095414e-05
5.001912e-05
5.30048e-05
5.500242e-05
5.60342e-05
5.901141e-05
5.995084e-05
5.597606e-05
4.896221e-05
4.50144e-05
4.601449e-05
4.712228e-05
5.311536e-05
5.905226e-05
6.401558e-05
6.513618e-05
7.004259e-05
7.195045e-05
6.902335e-05
6.987173e-05
6.395896e-05
6.205312e-05
6.396767e-05
6.3e-05
6.312969e-05
6.903162e-05
7.003821e-05
7.123357e-05
7.8e-05
7.814517e-05
8.210101e-05
8.512445e-05
8.813046e-05
9.1e-05
9.112181e-05
9.418233e-05
9.80991e-05
0.0001003653
0.000107388
0.0001154531
0.0001241974
0.0001284874
0.0001383901
0.0001455488
0.0001543251
0.000160356
0.0001674752
0.000175594
0.0001852388
0.0001893226
0.0001942651
0.0001984535
0.0002054228
0.0002116407
0.0002208208
0.0002329605
0.0002469236
0.0002602012
0.0002780046
0.0002921506
0.0003075095
0.0003263776
0.0003465217
0.000366951
0.0003905746
0.0004200519
0.0004563422
0.0004842352
0.0005106285
0.0005430767
0.000577274
0.0006127676
0.000645503
0.0006866628
0.0007392616
0.0007968849
0.0008610815
0.0009238461
0.0009897181
0.001054518
0.001135356
0.001228317
0.001335569
0.001450998
0.001568883
0.001693488
0.001831013
0.001995972
0.002177329
0.002377579
0.002593049
0.002827142
0.003087872
0.003383722
0.003721385
0.00410193
0.004530745
0.005002934
0.005529003
0.006117424
0.006782582
0.007539897
0.008401256
0.009382904
0.01049262
0.01174115
0.01315938
0.01477258
0.01661238
0.01871348
0.02111143
0.02383229
0.02691194
0.03038794
0.03430374
0.03870807
0.04363253
0.04910835
0.05514797
0.06177228
0.06901294
0.07690965
0.08549255
0.0947604
0.1047444
0.1155049
0.1270847
0.1395299
0.1528713
0.1671228
0.1823328
0.1984919
0.2155116
0.2332403
0.2514543
0.2698141
0.2878767
0.3051787
0.3212179
0.3356056
0.3480914
0.3586026
0.3671504
0.3739436
0.3792252
0.383273
0.3863235
0.3886223
0.3903296
0.391587
0.3925066
0.3931899
0.3937006
0.3940791
0.3943699
0.394588
0.39475
0.3948717
0.3949649
0.3950302
0.3950852
0.3951283
0.3951634
0.3951952
0.3952248
0.3952524
0.3952747
0.3952956
0.3953127
0.3953283
0.3953358
0.3953496
0.395366
0.3953812
0.3954005
0.3954215
0.3954436
0.3954692
0.3954935
0.3955175
0.3955397
0.395565
0.3955888
0.3956143
0.3956368
0.395658
0.3956784
0.3956947
0.3957142
0.3957306
0.3957426
0.395754
0.395754
0.395754
0.395754
0.395754
0.395754
0.395754
0.395754
0.395754
0.395754
0.395754
0.395754
0.395754
0.395754
0.395754
0.395754
0.395754
0.395754
0.395754
0.395754
0.395754
0.395754
0.395754
0.395754
0.395754
0.395754
0.395754
0.395754
0.395754
0.395754
0.395754
0.395754
0.395754
0.395754
0.395754
0.395754
0.395754
0.395754
0.395754
0.395754
0.395754
0.395754
0.395754
0.395754
0.395754
0.395754
0.395754
0.395754
0.395754
0.395754
0.395754
0.395754
0.395754
0.395754
0.395754
0.395754
0.395754
0.395754
0.395754
0.395754
0.395754
0.395754
0.395754
0.395754
0.395754
0.395754
0.395754
0.395754
0.395754
0.395754
0.395754
0.395754
0.395754
0.395754
0.395754
0.395754
0.395754
0.395754
0.395754
0.395754
0.395754
0.395754
0.395754
0.395754
0.395754
0.395754
0.395754
0.395754
0.395754
0.395754
0.395754
0.395754
0.395754
0.395754
0.395754
0.395754
0.395754
0.395754
0.395754
0.395754
0.395754
0.395754
0.395754
0.395754
0.395754
0.395754
0.395754
0.395754
0.395754
0.395754
0.395754
0.395754
0.395754
0.395754
0.395754
0.395754
0.395754
0.395754
0.395754
0.395754
0.395754
0.395754
0.395754
0.395754
0.395754
0.395754
0.395754
0.395754
0.395754
0.395754
0.395754
0.395754
0.395754
0.395754
0.395754
0.395754
0.395754
0.395754
0.395754
0.395754
0.395754
0.395754
0.395754
0.395754
0.395754
0.395754
0.395754
0.395754
0.395754
0.395754
0.395754
0.395754
0.395754
0.395754
0.395754
0.395754
0.395754
0.395754
0.395754
0.395754
0.395754
0.395754
0.395754
0.395754
0.395754
0.395754
0.395754
0.395754
0.395754
0.395754
0.395754
0.395754
0.395754
0.395754
0.395754
0.395754
0.395754
0.395754
0.395754
0.395754
0.395754
0.395754
0.395754
0.395754
0.395754
0.395754
0.395754
0.395754
0.395754
0.395754
0.395754
0.395754
0.395754
0.395754
0.395754
0.395754
0.395754
0.395754
0.395754
0.395754
0.395754
0.395754
0.395754
0.395754
0.395754
0.395754
0.395754
0.395754
0.395754
0.395754
0.395754
0.395754
0.395754
0.395754
0.395754
0.395754
0.395754
0.395754
0.395754
0.395754
0.395754
0.395754
0.395754
0.395754
0.395754
0.395754
0.395754
0.395754
0.395754
0.395754
0.395754
0.395754
0.395754
0.395754
0.395754
0.395754
0.395754
0.395754
0.395754
0.395754
0.395754
0.395754
0.395754
0.395754
0.395754
0.395754
0.395754
0.395754
0.395754
0.395754
0.395754
0.395754
0.395754
0.395754
0.395754
0.395754
0.395754
0.395754
0.395754
0.395754
0.395754
0.395754
0.395754
0.395754
0.395754
0.395754
0.395754
0.395754
0.395754
0.395754
0.395754
0.395754
0.395754
0.395754
0.395754
0.395754
0.395754
0.395754
0.395754
0.395754
0.395754
0.395754
0.395754
0.395754
0.395754
0.395754
0.395754
0.395754
0.395754
0.395754
0.395754
0.395754
0.395754
0.395754
0.395754
0.395754
0.395754
0.395754
0.395754
0.395754
0.395754
0.395754
0.395754
0.395754
0.395754
0.395754
0.395754
0.395754
0.395754
0.395754
0.395754
0.395754
0.395754
0.395754
0.395754
0.395754
0.395754
0.395754
0.395754
0.395754
0.395754
0.395754
0.395754
0.395754
0.395754
0.395754
0.395754
0.395754
0.395754
0.395754
0.395754
0.395754
0.395754
0.395754
0.395754
0.395754
0.395754
0.395754
0.395754
0.395754
0.395754
0.395754
0.395754
0.395754
0.395754
0.395754
0.395754
0.395754
0.395754
0.395754
0.395754
0.395754
0.395754
0.395754
0.395754
0.395754
0.395754
0.395754
0.395754
0.395754
0.395754
0.395754
0.395754
0.395754
0.395754
0.395754
0.395754
0.395754
0.395754
0.395754
0.395754
0.395754
0.395754
0.395754
0.395754
0.395754
0.395754
0.395754
0.395754
0.395754
0.395754
0.395754
0.395754
0.395754
0.395754
0.395754
0.395754
0.395754
0.395754
0.395754
0.395754
0.395754
0.395754
0.395754
0.395754
0.395754
0.395754
0.395754
0.395754
0.395754
0.395754
0.3957426
0.3957306
0.3957142
0.3956947
0.3956784
0.395658
0.3956368
0.3956143
0.3955888
0.395565
0.3955397
0.3955175
0.3954935
0.3954692
0.3954436
0.3954215
0.3954005
0.3953812
0.395366
0.3953496
0.3953358
0.3953283
0.3953127
0.3952956
0.3952747
0.3952524
0.3952248
0.3951952
0.3951634
0.3951283
0.3950852
0.3950302
0.3949649
0.3948717
0.39475
0.394588
0.3943699
0.3940791
0.3937006
0.3931899
0.3925066
0.391587
0.3903296
0.3886223
0.3863235
0.383273
0.3792252
0.3739436
0.3671504
0.3586026
0.3480914
0.3356056
0.3212179
0.3051787
0.2878767
0.2698141
0.2514543
0.2332403
0.2155116
0.1984919
0.1823328
0.1671228
0.1528713
0.1395299
0.1270847
0.1155049
0.1047444
0.0947604
0.08549255
0.07690965
0.06901294
0.06177228
0.05514797
0.04910835
0.04363253
0.03870807
0.03430374
0.03038794
0.02691194
0.02383229
0.02111143
0.01871348
0.01661238
0.01477258
0.01315938
0.01174115
0.01049262
0.009382904
0.008401256
0.007539897
0.006782582
0.006117424
0.005529003
0.005002934
0.004530745
0.00410193
0.003721385
0.003383722
0.003087872
0.002827142
0.002593049
0.002377579
0.002177329
0.001995972
0.001831013
0.001693488
0.001568883
0.001450998
0.001335569
0.001228317
0.001135356
0.001054518
0.0009897181
0.0009238461
0.0008610815
0.0007968849
0.0007392616
0.0006866628
0.000645503
0.0006127676
0.000577274
0.0005430767
0.0005106285
0.0004842352
0.0004563422
0.0004200519
0.0003905746
0.000366951
0.0003465217
0.0003263776
0.0003075095
0.0002921506
0.0002780046
0.0002602012
0.0002469236
0.0002329605
0.0002208208
0.0002116407
0.0002054228
0.0001984535
0.0001942651
0.0001893226
0.0001852388
0.000175594
0.0001674752
0.000160356
0.0001543251
0.0001455488
0.0001383901
0.0001284874
0.0001241974
0.0001154531
0.000107388
0.0001003653
9.80991e-05
9.418233e-05
9.112181e-05
9.1e-05
8.813046e-05
8.512445e-05
8.210101e-05
7.814517e-05
7.8e-05
7.123357e-05
7.003821e-05
6.903162e-05
6.312969e-05
6.3e-05
6.396767e-05
6.205312e-05
6.395896e-05
6.987173e-05
6.902335e-05
7.195045e-05
7.004259e-05
6.513618e-05
6.401558e-05
5.905226e-05
5.311536e-05
4.712228e-05
4.601449e-05
4.50144e-05
4.896221e-05
5.597606e-05
5.995084e-05
5.901141e-05
5.60342e-05
5.500242e-05
5.30048e-05
5.001912e-05
5.095414e-05
4.099205e-05
3.602187e-05
3.898677e-05
3.704283e-05
4.204124e-05
5.100181e-05
5.397415e-05
5.101057e-05
5.191606e-05
4.09768e-05
3.889549e-05
3.00759e-05
3.614955e-05
4.508739e-05
4.996804e-05
4.6797e-05
3.396653e-05
3.214628e-05
3.823565e-05
5.295502e-05
5.089366e-05
4.49019e-05
4.082633e-05
3.305347e-05
3.540998e-05
4.8e-05
4.764301e-05
3.589568e-05
3.359046e-05
0
