0
0
0
0
0
0
0
0
0
0
0
0
0
0
0
0
0
0
0
0
0
5e-05
5.416667e-05
5.833333e-05
6.25e-05
6.666667e-05
7.083333e-05
7.5e-05
7.916667e-05
8.333333e-05
8.75e-05
9.166667e-05
9.583333e-05
0.0001
0.0001041667
0.0001083333
0.0001125
0.0001166667
0.0001208333
0.000125
0.0001291667
0.0001333333
0.0001375
0.0001416667
0.0001458333
0.00015
0.0001541667
0.0001583333
0.0001625
0.0001666667
0.0001708333
0.000175
0.0001791667
0.0001833333
0.0001875
0.0001916667
0.0001958333
0.0002
0.0002041667
0.0002083333
0.0002125
0.0002166667
0.0002208333
0.000225
0.0002291667
0.0002333333
0.0002375
0.0002416667
0.0002458333
0.00025
0.0002541667
0.0002583333
0.0002625
0.0002666667
0.0002708333
0.000275
0.0002791667
0.0002833333
0.0002875
0.0002916667
0.0002958333
0.0003
0.00033
0.00036
0.00039
0.00042
0.00045
0.00048
0.00051
0.00054
0.00057
0.0006
0.00063
0.00066
0.00069
0.00072
0.00075
0.00078
0.00081
0.00084
0.00087
0.0009
0.0009890939
0.001078188
0.001167282
0.001256375
0.001345469
0.001434563
0.001523657
0.001612751
0.001701845
0.001790939
0.001905065
0.002021682
0.002139667
0.002257785
0.002406676
0.002558479
0.002720194
0.0028828
0.003084034
0.003289253
0.003514867
0.003742412
0.004016756
0.004295756
0.004622042
0.004953031
0.005337151
0.005725985
0.006205989
0.006694733
0.007262343
0.007837418
0.008548963
0.009273101
0.01014342
0.01102739
0.01211986
0.01322959
0.01461535
0.01602857
0.0177953
0.01958965
0.02188976
0.02424019
0.02727149
0.03036158
0.03445074
0.03862381
0.04425477
0.0500168
0.05803071
0.0662364
0.07806484
0.09021463
0.1084697
0.1272376
0.1551793
0.1839239
0.2183844
0.2533518
0.2765295
0.2986612
0.3072237
0.3146465
0.3178427
0.3206791
0.3228601
0.3249823
0.3272138
0.3294537
0.3319093
0.3343828
0.337102
0.339841
0.342865
0.3459118
0.3492529
0.3526195
0.3563018
0.3600073
0.3638782
0.3677626
0.3714306
0.3750814
0.3782378
0.3813539
0.3839318
0.3864663
0.3885176
0.3905311
0.3920643
0.3935601
0.3946154
0.3956379
0.3963511
0.3970401
0.3975314
0.3980078
0.3983516
0.3986861
0.3989228
0.3991517
0.3993058
0.3994541
0.3995652
0.3996734
0.3997599
0.3998447
0.3999178
0.3999898
0.4000423
0.4000933
0.4001271
0.4001596
0.4001834
0.4002065
0.4002299
0.4002533
0.4002736
0.4002936
0.400295
0.400295
0.400295
0.400295
0.400295
0.400295
0.400295
0.400295
0.400295
0.400295
0.400295
0.400295
0.400295
0.400295
0.400295
0.400295
0.400295
0.400295
0.400295
0.400295
0.400295
0.400295
0.400295
0.400295
0.400295
0.400295
0.400295
0.400295
0.400295
0.400295
0.400295
0.400295
0.400295
0.400295
0.400295
0.400295
0.400295
0.400295
0.400295
0.400295
0.400295
0.400295
0.400295
0.400295
0.400295
0.400295
0.400295
0.400295
0.400295
0.400295
0.400295
0.400295
0.400295
0.400295
0.400295
0.400295
0.400295
0.400295
0.400295
0.400295
0.400295
0.400295
0.400295
0.400295
0.400295
0.400295
0.400295
0.400295
0.400295
0.400295
0.400295
0.400295
0.400295
0.400295
0.400295
0.400295
0.400295
0.400295
0.400295
0.400295
0.400295
0.400295
0.400295
0.400295
0.400295
0.400295
0.400295
0.400295
0.400295
0.400295
0.400295
0.400295
0.400295
0.400295
0.400295
0.400295
0.400295
0.400295
0.400295
0.400295
0.400295
0.400295
0.400295
0.400295
0.400295
0.400295
0.400295
0.400295
0.400295
0.400295
0.400295
0.400295
0.400295
0.400295
0.400295
0.400295
0.400295
0.400295
0.400295
0.400295
0.400295
0.400295
0.400295
0.400295
0.400295
0.400295
0.400295
0.400295
0.400295
0.400295
0.400295
0.400295
0.400295
0.400295
0.400295
0.400295
0.400295
0.400295
0.400295
0.400295
0.400295
0.400295
0.400295
0.400295
0.400295
0.400295
0.400295
0.400295
0.400295
0.400295
0.400295
0.400295
0.400295
0.400295
0.400295
0.400295
0.400295
0.400295
0.400295
0.400295
0.400295
0.400295
0.400295
0.400295
0.400295
0.400295
0.400295
0.400295
0.400295
0.400295
0.400295
0.400295
0.400295
0.400295
0.400295
0.400295
0.400295
0.400295
0.400295
0.400295
0.400295
0.400295
0.400295
0.400295
0.400295
0.400295
0.400295
0.400295
0.400295
0.400295
0.400295
0.400295
0.400295
0.400295
0.400295
0.400295
0.400295
0.400295
0.400295
0.400295
0.400295
0.400295
0.400295
0.400295
0.400295
0.400295
0.400295
0.400295
0.400295
0.400295
0.400295
0.400295
0.400295
0.400295
0.400295
0.400295
0.400295
0.400295
0.400295
0.400295
0.400295
0.400295
0.400295
0.400295
0.400295
0.400295
0.400295
0.400295
0.400295
0.400295
0.400295
0.400295
0.400295
0.400295
0.400295
0.400295
0.400295
0.400295
0.400295
0.400295
0.400295
0.400295
0.400295
0.400295
0.400295
0.400295
0.400295
0.400295
0.400295
0.400295
0.400295
0.400295
0.400295
0.400295
0.400295
0.400295
0.400295
0.400295
0.400295
0.400295
0.400295
0.400295
0.400295
0.400295
0.400295
0.400295
0.400295
0.400295
0.400295
0.400295
0.400295
0.400295
0.400295
0.400295
0.400295
0.400295
0.400295
0.400295
0.400295
0.400295
0.400295
0.400295
0.400295
0.400295
0.400295
0.400295
0.400295
0.400295
0.400295
0.400295
0.400295
0.400295
0.400295
0.400295
0.400295
0.400295
0.400295
0.400295
0.400295
0.400295
0.400295
0.400295
0.400295
0.400295
0.400295
0.400295
0.400295
0.400295
0.400295
0.400295
0.400295
0.400295
0.400295
0.400295
0.400295
0.400295
0.400295
0.400295
0.400295
0.400295
0.400295
0.400295
0.400295
0.400295
0.400295
0.400295
0.400295
0.400295
0.400295
0.400295
0.400295
0.400295
0.400295
0.400295
0.400295
0.400295
0.400295
0.400295
0.400295
0.400295
0.400295
0.400295
0.400295
0.400295
0.400295
0.400295
0.400295
0.400295
0.400295
0.400295
0.400295
0.400295
0.400295
0.400295
0.400295
0.400295
0.400295
0.400295
0.400295
0.400295
0.400295
0.400295
0.400295
0.400295
0.400295
0.400295
0.400295
0.400295
0.400295
0.400295
0.400295
0.400295
0.400295
0.400295
0.400295
0.400295
0.400295
0.400295
0.400295
0.400295
0.400295
0.400295
0.400295
0.400295
0.400295
0.400295
0.400295
0.400295
0.400295
0.400295
0.400295
0.400295
0.400295
0.400295
0.400295
0.400295
0.400295
0.400295
0.400295
0.4002936
0.4002736
0.4002533
0.4002299
0.4002065
0.4001834
0.4001596
0.4001271
0.4000933
0.4000423
0.3999898
0.3999178
0.3998447
0.3997599
0.3996734
0.3995652
0.3994541
0.3993058
0.3991517
0.3989228
0.3986861
0.3983516
0.3980078
0.3975314
0.3970401
0.3963511
0.3956379
0.3946154
0.3935601
0.3920643
0.3905311
0.3885176
0.3864663
0.3839318
0.3813539
0.3782378
0.3750814
0.3714306
0.3677626
0.3638782
0.3600073
0.3563018
0.3526195
0.3492529
0.3459118
0.342865
0.339841
0.337102
0.3343828
0.3319093
0.3294537
0.3272138
0.3249823
0.3228601
0.3206791
0.3178427
0.3146465
0.3072237
0.2986612
0.2765295
0.2533518
0.2183844
0.1839239
0.1551793
0.1272376
0.1084697
0.09021463
0.07806484
0.0662364
0.05803071
0.0500168
0.04425477
0.03862381
0.03445074
0.03036158
0.02727149
0.02424019
0.02188976
0.01958965
0.0177953
0.01602857
0.01461535
0.01322959
0.01211986
0.01102739
0.01014342
0.009273101
0.008548963
0.007837418
0.007262343
0.006694733
0.006205989
0.005725985
0.005337151
0.004953031
0.004622042
0.004295756
0.004016756
0.003742412
0.003514867
0.003289253
0.003084034
0.0028828
0.002720194
0.002558479
0.002406676
0.002257785
0.002139667
0.002021682
0.001905065
0.001790939
0.001701845
0.001612751
0.001523657
0.001434563
0.001345469
0.001256375
0.001167282
0.001078188
0.0009890939
0.0009
0.00087
0.00084
0.00081
0.00078
0.00075
0.00072
0.00069
0.00066
0.00063
0.0006
0.00057
0.00054
0.00051
0.00048
0.00045
0.00042
0.00039
0.00036
0.00033
0.0003
0.0002958333
0.0002916667
0.0002875
0.0002833333
0.0002791667
0.000275
0.0002708333
0.0002666667
0.0002625
0.0002583333
0.0002541667
0.00025
0.0002458333
0.0002416667
0.0002375
0.0002333333
0.0002291667
0.000225
0.0002208333
0.0002166667
0.0002125
0.0002083333
0.0002041667
0.0002
0.0001958333
0.0001916667
0.0001875
0.0001833333
0.0001791667
0.000175
0.0001708333
0.0001666667
0.0001625
0.0001583333
0.0001541667
0.00015
0.0001458333
0.0001416667
0.0001375
0.0001333333
0.0001291667
0.000125
0.0001208333
0.0001166667
0.0001125
0.0001083333
0.0001041667
0.0001
9.583333e-05
9.166667e-05
8.75e-05
8.333333e-05
7.916667e-05
7.5e-05
7.083333e-05
6.666667e-05
6.25e-05
5.833333e-05
5.416667e-05
0
0
0
0
0
0
0
0
0
0
0
0
0
0
0
0
0
0
0
0
0
0
