0.0020411
0.0020769
0.0021138
0.0021516
0.0021904
0.0022303
0.00227110000000001
0.002313
0.00235580000000001
0.0023997
0.00244450000000001
0.0024904
0.00253720000000001
0.0025851
0.00263400000000001
0.0026839
0.00273470000000001
0.0027866
0.00283950000000001
0.0028934
0.00294830000000001
0.00300240000000001
0.00305880000000002
0.00311760000000001
0.00317870000000003
0.00324220000000003
0.00330790000000005
0.00337600000000006
0.00344640000000009
0.00351910000000012
0.00359420000000018
0.00367160000000025
0.00375130000000038
0.00383330000000054
0.0039177000000008
0.00400430000000115
0.00409330000000167
0.0041847000000024
0.00427830000000349
0.00437430000000501
0.00447260000000722
0.00457320000001035
0.00467620000001482
0.00478140000002115
0.00488900000003013
0.00499900000004279
0.00511120000006067
0.00522580000008575
0.00534270000012094
0.0054665000001701
0.0055954000002387
0.00572960000033408
0.00586890000046646
0.00601340000064962
0.00616310000090249
0.0063179000012506
0.00647790000172873
0.00664320000238363
0.00681360000327848
0.00698910000449796
0.00716990000615569
0.00735580000840328
0.00754690001144295
0.00774320001554318
0.00794470002105995
0.00815570002846348
0.00837540003837371
0.00860360005160516
0.00884050006922569
0.00908590009263079
0.00933990012363971
0.00960000016461699
0.00986790021862799
0.010146400289635
0.010435600382746
0.0107356005045271
0.0110463006633956
0.0113677008701116
0.0117008011383914
0.0120473014856705
0.0124072019340499
0.0127805025114648
0.0131671032531253
0.0135672042032841
0.0139846054174009
0.0144227069647809
0.0148784089317841
0.0153517114257108
0.0158427145794959
0.0163513185573539
0.0168775235615501
0.0174318298404885
0.0180193376983433
0.0186249475064812
0.0192583597169648
0.0199195748784511
0.0206099936548436
0.0213375168470888
0.0221031454185514
0.0229070805244357
0.0237542235457625
0.0246454761284474
0.0255810402280561
0.0265642181608413
0.0276107126616863
0.0287222269495949
0.0298988648013648
0.0311335306340671
0.0324556295969272
0.033864867673153
0.0353615517921785
0.0369823899526955
0.0387342913567131
0.0406170665547334
0.0426309276019176
0.0447574882249052
0.0470947639986508
0.0496426725323555
0.052401233663185
0.0554794696561047
0.0588831054076911
0.0626123686513514
0.0666670901608427
0.0712264039485052
0.076399047454041
0.0821825617191868
0.0886911915430301
0.0959732856122914
0.104249196600334
0.113763981228356
0.124533400281758
0.136740418574592
0.150365304854695
0.165248431642317
0.181065574995035
0.197133714192282
0.212462631333158
0.226152310842175
0.237498138878316
0.246161102644202
0.252270489593421
0.256358986535832
0.258918778642443
0.260369848353567
0.26100177419616
0.260921629518598
0.260097381153634
0.258316588022759
0.255179099697705
0.250077454937257
0.242170280219877
0.230302388294702
0.213277376775428
0.190296426802955
0.160869901804004
0.125356146373273
0.0844621853072153
0.0393153228166205
-0.00874425805531164
-0.0591492957849941
-0.111218250467806
-0.16511430364565
-0.221066357846396
-0.279562635823799
-0.341368579490285
-0.407292748540944
-0.477707718771584
-0.553616680100309
-0.635123434306919
-0.721374392511227
-0.811394772416008
-0.902213595346804
-0.990028183124647
-1.07044805481343
-1.13940982338621
-1.19388269235904
-1.23448255244181
-1.26279507825799
-1.28126932518439
-1.29280182636192
-1.29918898992613
-1.30179609650344
-1.3011709970153
-1.29713571082752
-1.28877612427653
-1.274673289598
-1.25206642427653
-1.21768911082751
-1.16757119701529
-1.10072539650342
-1.01491398992612
-0.913144826361902
-0.79953592518438
-0.678681678257966
-0.5549310524418
-0.431363992359039
-0.309646823386201
-0.190337754813397
-0.0730748831246383
0.0430701046532018
0.159243927584001
0.276775007488806
0.396933865693091
0.520963519899695
0.649638581228426
0.783106451459089
0.920674420509725
1.06021926417621
1.19797264215361
1.32912689635438
1.4476155495322
1.54933430421501
1.6313076419447
1.69460902281664
1.74059188530722
1.77242964637328
1.79416480180401
1.80805332680296
1.81669667677543
1.8212716882947
1.82274818021988
1.82152385493726
1.8172018996977
1.80916418802276
1.79545098115363
1.7746118295186
1.74376857419616
1.69938724835357
1.63779147864244
1.55768058653583
1.45847658959341
1.3433911026442
1.2163573388783
1.08338671084218
0.949436831333147
0.818359714192284
0.692090074995025
0.571789431642318
0.456949804854685
0.347363118574594
0.24192280028175
0.139419881228355
0.0386246966003258
-0.0615661143877096
-0.162390608456982
-0.265098238280814
-0.370800752545972
-0.480807796051495
-0.595936009839171
-0.716789331348649
-0.843522594592324
-0.975518830343896
-1.11008076633683
-1.24307142746764
-1.37006033600136
-1.48490821177509
-1.58674497239809
-1.66859533344527
-1.72870570864329
-1.7752657100473
-1.80923544820782
-1.83088183232685
-1.84563137040307
-1.85550096936593
-1.86049053519863
-1.86070757305041
-1.85818718733831
-1.85337558183916
-1.84627255977194
-1.83323222387155
-1.81059357645423
-1.77835681947556
-1.73235835458144
-1.66889338315291
-1.58796180634514
-1.48397112512155
-1.36927004028302
-1.24385855249352
-1.10773666230164
-0.972211370159511
-0.840861376438436
-0.713686581442646
-0.590686885420491
-0.475640488574289
-0.364549891068229
-0.257415193035219
-0.154236394582588
-0.0531117957967159
0.0485493032531195
0.150747002511471
0.253481301934062
0.359751501485677
0.470856601138385
0.586796800870119
0.708582100663417
0.836263700504534
0.967341900382738
1.10181660028964
1.23844110021865
1.36533770016462
1.48062940012363
1.58431640009264
1.66428350006924
1.72766640005161
1.77446540003837
1.80540390002846
1.82744470002106
1.84225980001554
1.84984910001144
1.8507003000084
1.85031720000616
1.8496058000045
1.84856610000328
1.84152050000238
1.82642760000172
1.80328740000125
1.7720999000009
1.72680880000065
1.66377120000045
1.58298690000033
1.48130770000024
1.36478780000016
1.2385933000001
1.10272440000008
0.968172500000068
0.837481600000035
0.710651600000009
0.588911200000014
0.472857800000021
0.361462100000004
0.25472409999999
0.152044199999999
0.0501697000000093
-0.0508996000000033
-0.151545799999993
-0.255095900000005
-0.362123799999993
-0.472629500000006
-0.587573699999993
-0.708253600000007
-0.834367899999993
-0.965916800000008
-1.10376509999999
-1.23654590000001
-1.36329599999999
-1.48290740000001
-1.58282869999999
-1.6644502
-1.7277718
-1.7721882
-1.804004
-1.8266287
-1.8400623
-1.8456639
-1.8492624
-1.8514215
-1.8521412
-1.847693
-1.8390011
-1.8266353
-1.8036427
-1.77002329999999
-1.725777
-1.66048099999999
-1.5786064
-1.48015309999999
-1.3651211
-1.23619239999999
-1.1050619
-0.971729499999984
-0.8361952
-0.709659699999986
-0.5882389
-0.471932799999987
-0.361081
-0.254687499999988
-0.1507277
-0.0492015999999887
0.0503862
0.151682200000012
0.2554067
0.361559700000013
0.4722182
0.588248900000014
0.709281
0.835314499999986
0.9687085
1.10159440000002
1.2339722
1.36457349999999
1.4804439
1.57913910000001
1.6606591
1.72316689999999
1.7702889
1.8050708
1.8275126
1.8397941
1.8484157
1.8537868
1.85590755939484
1.85378682613373
1.84841573238373
1.83979415893554
1.82751262187958
1.80507075786591
1.77028894424438
1.72316694259642
1.66065907478332
1.57913911342621
1.48044395446776
1.36457347869871
1.2339721918106
1.1015944480896
0.968708515167225
0.835314512252783
0.709281027317037
0.588248908519748
0.472218185663214
0.361559689044932
0.255406707525244
0.151682212948802
0.0503862127661616
-0.0503861904144489
-0.151682183146486
-0.255406707525251
-0.361559689044963
-0.472218185663247
-0.588248908519756
-0.709281027317045
-0.83531451225282
-0.968708515167264
-1.10159444808961
-1.23397219181061
-1.36457347869874
-1.48044395446779
-1.57913911342622
-1.66065907478332
-1.72316694259644
-1.77028894424438
-1.80507075786591
-1.82751262187958
-1.83979415893555
-1.84841573238373
-1.85378682613373
-1.85590755939484
-1.85378682613373
-1.84841573238373
-1.83979415893555
-1.82751262187958
-1.8050707578659
-1.77028894424438
-1.72316694259643
-1.66065907478332
-1.5791391134262
-1.48044395446777
-1.36457347869871
-1.23397219181061
-1.10159444808958
-0.968708515167235
-0.835314512252792
-0.709281027317045
-0.588248908519731
-0.472218185663222
-0.361559689044939
-0.255406707525252
-0.151682183146464
-0.0503861904144273
0.0503862127661835
0.151682212948801
0.255406707525267
0.361559689044954
0.472218185663238
0.588248908519748
0.709281027317063
0.835314512252811
0.968708515167255
1.1015944480896
1.23397219181063
1.36457347869873
1.48044395446779
1.57913911342621
1.66065907478333
1.72316694259644
1.77028894424439
1.80507075786591
1.82751262187958
1.83979415893555
1.84841573238373
1.85378682613373
1.85590755939484
1.85378682613373
1.84841573238373
1.83979415893555
1.82751262187958
1.80507075786591
1.77028894424438
1.72316694259644
1.66065907478333
1.57913911342621
1.48044395446776
1.36457347869873
1.23397219181063
1.1015944480896
0.968708515167225
0.835314512252811
0.709281027317065
0.588248908519748
0.472218185663214
0.361559689044955
0.255406707525268
0.151682212948802
0.0503862127661616
-0.0503861904144266
-0.151682183146463
-0.255406707525251
-0.361559689044963
-0.472218185663221
-0.58824890851973
-0.709281027317045
-0.83531451225282
-0.968708515167234
-1.10159444808958
-1.23397219181061
-1.36457347869874
-1.48044395446777
-1.5791391134262
-1.66065907478332
-1.72316694259644
-1.77028894424438
-1.8050707578659
-1.82751262187958
-1.83979415893555
-1.84841573238373
-1.85378682613373
-1.85590755939484
-1.85378682613373
-1.84841573238373
-1.83979415893555
-1.82751262187958
-1.8050707578659
-1.77028894424438
-1.72316694259644
-1.66065907478332
-1.5791391134262
-1.48044395446777
-1.36457347869874
-1.23397219181061
-1.10159444808958
-0.968708515167235
-0.835314512252821
-0.709281027317045
-0.588248908519731
-0.472218185663222
-0.361559689044963
-0.255406707525252
-0.151682183146464
-0.0503861904144273
0.0503862127661605
0.151682212948801
0.255406707525267
0.361559689044954
0.472218185663214
0.588248908519748
0.709281027317037
0.835314512252811
0.968708515167225
1.10159444808957
1.2339721918106
1.36457347869873
1.48044395446776
1.57913911342619
1.66065907478332
1.72316694259644
1.77028894424438
1.8050707578659
1.82751262187958
1.83979415893555
1.84841573238373
1.85378682613373
1.85590755939484
1.85378682613373
1.84841573238373
1.83979415893555
1.82751262187958
1.80507075786591
1.77028894424439
1.72316694259645
1.66065907478333
1.57913911342621
1.48044395446779
1.36457347869876
1.23397219181063
1.1015944480896
0.968708515167255
0.835314512252841
0.709281027317065
0.588248908519748
0.472218185663239
0.36155968904498
0.255406707525268
0.151682212948802
0.0503862127661842
-0.050386190414404
-0.151682183146463
-0.255406707525251
-0.361559689044938
-0.472218185663197
-0.58824890851973
-0.709281027317045
-0.835314512252792
-0.968708515167205
-1.10159444808958
-1.23397219181061
-1.36457347869871
-1.48044395446775
-1.5791391134262
-1.66065907478332
-1.72316694259643
-1.77028894424437
-1.8050707578659
-1.82751262187958
-1.83979415893555
-1.84841573238373
-1.85378682613373
-1.85590755939484
-1.85378682613373
-1.84841573238373
-1.83979415893555
-1.82751262187958
-1.80507075786591
-1.77028894424439
-1.72316694259644
-1.66065907478332
-1.57913911342622
-1.48044395446779
-1.36457347869874
-1.23397219181061
-1.10159444808961
-0.968708515167265
-0.835314512252821
-0.709281027317045
-0.588248908519757
-0.472218185663247
-0.361559689044963
-0.255406707525252
-0.151682183146487
-0.0503861904144489
0.0503862127661605
0.151682212948801
0.255406707525244
0.361559689044931
0.472218185663214
0.588248908519748
0.709281027317037
0.835314512252783
0.968708515167225
1.1015944480896
1.2339721918106
1.3645734786987
1.48044395446776
1.57913911342621
1.66065907478332
1.72316694259642
1.77028894424438
1.80507075786591
1.82751262187958
1.83979415893554
1.84841573238373
1.85378682613373
1.85590755939484
1.85378682613373
1.84841573238373
1.83979415893555
1.82751262187958
1.80507075786591
1.7702889442444
1.72316694259645
1.66065907478333
1.57913911342623
1.48044395446781
1.36457347869876
1.23397219181063
1.10159444808963
0.968708515167285
0.835314512252841
0.709281027317065
0.588248908519775
0.472218185663265
0.36155968904498
0.255406707525268
0.151682212948825
0.0503862127662065
-0.050386190414404
-0.151682183146463
-0.255406707525228
-0.361559689044915
-0.472218185663197
-0.58824890851973
-0.709281027317018
-0.835314512252764
-0.968708515167205
-1.10159444808958
-1.23397219181058
-1.36457347869868
-1.48044395446775
-1.5791391134262
-1.66065907478331
-1.72316694259641
-1.77028894424437
-1.8050707578659
-1.82751262187957
-1.83979415893554
-1.84841573238373
-1.85378682613373
-1.85590755939484
-1.85378682613373
-1.84841573238373
-1.83979415893555
-1.82751262187958
-1.80507075786591
-1.77028894424439
-1.72316694259644
-1.66065907478334
-1.57913911342624
-1.48044395446779
-1.36457347869874
-1.23397219181064
-1.10159444808964
-0.968708515167265
-0.835314512252821
-0.709281027317074
-0.588248908519784
-0.472218185663247
-0.361559689044963
-0.255406707525276
-0.151682183146509
-0.0503861904144489
0.0503862127661605
0.151682212948779
0.255406707525221
0.361559689044931
0.472218185663214
0.588248908519722
0.709281027317009
0.835314512252783
0.968708515167225
1.10159444808957
1.23397219181057
1.3645734786987
1.48044395446776
1.57913911342619
1.6606590747833
1.72316694259642
1.77028894424438
1.8050707578659
1.82751262187957
1.83979415893554
1.84841573238373
1.85378682613373
1.85590755939484
1.85378682613373
1.84841573238373
1.83979415893555
1.82751262187958
1.80507075786591
1.77028894424439
1.72316694259645
1.66065907478335
1.57913911342625
1.48044395446781
1.36457347869876
1.23397219181066
1.10159444808966
0.968708515167285
0.835314512252841
0.709281027317093
0.588248908519802
0.472218185663265
0.36155968904498
0.255406707525291
0.151682212948848
0.0503862127662065
-0.050386190414404
-0.151682183146441
-0.255406707525205
-0.361559689044915
-0.472218185663197
-0.588248908519704
-0.709281027316991
-0.835314512252764
-0.968708515167205
-1.10159444808955
-1.23397219181055
-1.36457347869868
-1.48044395446775
-1.57913911342617
-1.66065907478329
-1.72316694259641
-1.77028894424437
-1.80507075786589
-1.82751262187957
-1.83979415893554
-1.84841573238373
-1.85378682613373
-1.85590755939484
-1.85378682613373
-1.84841573238373
-1.83979415893555
-1.82751262187958
-1.80507075786591
-1.77028894424439
-1.72316694259645
-1.66065907478335
-1.57913911342624
-1.48044395446779
-1.36457347869877
-1.23397219181066
-1.10159444808964
-0.968708515167265
-0.83531451225285
-0.709281027317102
-0.588248908519784
-0.472218185663247
-0.361559689044988
-0.255406707525299
-0.151682183146509
-0.0503861904144489
0.050386212766139
0.151682212948756
0.255406707525221
0.361559689044931
0.472218185663189
0.588248908519695
0.709281027317009
0.835314512252783
0.968708515167195
1.10159444808954
1.23397219181057
1.3645734786987
1.48044395446774
1.57913911342617
1.6606590747833
1.72316694259642
1.77028894424437
1.80507075786589
1.82751262187957
1.83979415893554
1.84841573238373
1.85378682613373
1.85590755939484
1.85378682613373
1.84841573238373
1.83979415893555
1.82751262187958
1.80507075786591
1.77028894424439
1.72316694259645
1.66065907478334
1.57913911342622
1.4804439544678
1.36457347869877
1.23397219181064
1.10159444808962
0.96870851516727
0.835314512252856
0.709281027317079
0.588248908519762
0.472218185663252
0.361559689044992
0.255406707525279
0.151682212948836
0.0503862127661953
-0.0503861904143929
-0.15168218314643
-0.255406707525217
-0.361559689044927
-0.472218185663184
-0.588248908519691
-0.709281027317005
-0.835314512252778
-0.96870851516719
-1.10159444808954
-1.23397219181056
-1.3645734786987
-1.48044395446773
-1.57913911342617
-1.6606590747833
-1.72316694259641
-1.77028894424437
-1.80507075786589
-1.82751262187957
-1.83979415893554
-1.84841573238373
-1.85378682613373
-1.85590755939484
-1.85378682613373
-1.84841573238373
-1.83979415893555
-1.82751262187958
-1.80507075786591
-1.7702889442444
-1.72316694259645
-1.66065907478335
-1.57913911342624
-1.48044395446781
-1.36457347869877
-1.23397219181065
-1.10159444808964
-0.96870851516728
-0.83531451225285
-0.709281027317087
-0.588248908519784
-0.47221818566326
-0.361559689044988
-0.255406707525286
-0.151682183146509
-0.0503861904144604
0.050386212766139
0.151682212948767
0.255406707525221
0.361559689044919
0.472218185663189
0.588248908519709
0.709281027317009
0.835314512252768
0.968708515167195
1.10159444808956
1.23397219181057
1.36457347869869
1.48044395446774
1.57913911342618
1.6606590747833
1.72316694259642
1.77028894424437
1.8050707578659
1.82751262187957
1.83979415893554
1.84841573238373
1.85378682613373
1.85590755939484
1.85378682613373
1.84841573238373
1.83979415893555
1.82751262187958
1.80507075786591
1.77028894424439
1.72316694259645
1.66065907478334
1.57913911342623
1.4804439544678
1.36457347869876
1.23397219181064
1.10159444808963
0.96870851516727
0.835314512252841
0.709281027317079
0.588248908519775
0.472218185663252
0.36155968904498
0.255406707525279
0.151682212948825
0.0503862127661953
-0.050386190414404
-0.151682183146452
-0.255406707525228
-0.361559689044927
-0.472218185663197
-0.588248908519717
-0.709281027317018
-0.835314512252778
-0.968708515167205
-1.10159444808957
-1.23397219181056
-1.36457347869868
-1.48044395446773
-1.57913911342617
-1.6606590747833
-1.72316694259641
-1.77028894424437
-1.80507075786589
-1.82751262187957
-1.83979415893554
-1.84841573238373
-1.85378682613373
-1.85590755939484
-1.85378682613373
-1.84841573238373
-1.83979415893555
-1.82751262187958
-1.80507075786591
-1.7702889442444
-1.72316694259645
-1.66065907478335
-1.57913911342624
-1.48044395446781
-1.36457347869877
-1.23397219181065
-1.10159444808964
-0.96870851516728
-0.83531451225285
-0.709281027317074
-0.588248908519784
-0.472218185663247
-0.361559689044988
-0.255406707525276
-0.151682183146509
-0.0503861904144489
0.050386212766139
0.151682212948779
0.255406707525221
0.361559689044931
0.472218185663189
0.588248908519722
0.709281027317009
0.835314512252783
0.968708515167195
1.10159444808957
1.23397219181057
1.3645734786987
1.48044395446774
1.57913911342619
1.6606590747833
1.72316694259642
1.77028894424437
1.80507075786589
1.82751262187957
1.83979415893554
1.84841573238373
1.85378682613373
1.85590755939484
1.85378682613373
1.84841573238373
1.83979415893555
1.82751262187958
1.80507075786591
1.77028894424439
1.72316694259645
1.66065907478334
1.57913911342624
1.4804439544678
1.36457347869877
1.23397219181064
1.10159444808965
0.96870851516727
0.835314512252856
0.709281027317079
0.588248908519788
0.472218185663252
0.361559689044992
0.255406707525279
0.151682212948836
0.0503862127661953
-0.0503861904143929
-0.151682183146452
-0.255406707525217
-0.361559689044927
-0.472218185663184
-0.588248908519717
-0.709281027317005
-0.835314512252778
-0.96870851516719
-1.10159444808957
-1.23397219181056
-1.3645734786987
-1.48044395446773
-1.57913911342619
-1.6606590747833
-1.72316694259642
-1.77028894424437
-1.8050707578659
-1.82751262187957
-1.83979415893554
-1.84841573238373
-1.85378682613373
-1.85590755939484
-1.85378682613373
-1.84841573238373
-1.83979415893555
-1.82751262187958
-1.80507075786591
-1.7702889442444
-1.72316694259645
-1.66065907478335
-1.57913911342623
-1.48044395446781
-1.36457347869876
-1.23397219181065
-1.10159444808963
-0.96870851516728
-0.835314512252836
-0.709281027317087
-0.588248908519771
-0.47221818566326
-0.361559689044975
-0.255406707525286
-0.151682183146499
-0.0503861904144604
0.0503862127661504
0.151682212948767
0.255406707525233
0.361559689044919
0.472218185663201
0.588248908519709
0.709281027317023
0.835314512252768
0.96870851516721
1.10159444808956
1.23397219181058
1.36457347869869
1.48044395446775
1.57913911342618
1.66065907478331
1.72316694259642
1.77028894424438
1.8050707578659
1.82751262187957
1.83979415893554
1.84841573238373
1.85378682613373
1.85590755939484
1.85378682613373
1.84841573238373
1.83979415893555
1.82751262187958
1.80507075786591
1.77028894424439
1.72316694259645
1.66065907478335
1.57913911342623
1.48044395446781
1.36457347869876
1.23397219181066
1.10159444808963
0.968708515167285
0.835314512252841
0.709281027317093
0.588248908519775
0.472218185663265
0.36155968904498
0.255406707525291
0.151682212948825
0.0503862127662065
-0.050386190414404
-0.151682183146441
-0.255406707525228
-0.361559689044915
-0.472218185663197
-0.588248908519704
-0.709281027317018
-0.835314512252764
-0.968708515167205
-1.10159444808955
-1.23397219181058
-1.36457347869868
-1.48044395446775
-1.57913911342617
-1.66065907478331
-1.72316694259641
-1.77028894424437
-1.80507075786589
-1.82751262187957
-1.83979415893554
-1.84841573238373
-1.85378682613373
-1.85590755939484
-1.85378682613373
-1.84841573238373
-1.83979415893555
-1.82751262187958
-1.80507075786591
-1.77028894424439
-1.72316694259645
-1.66065907478334
-1.57913911342624
-1.48044395446779
-1.36457347869877
-1.23397219181064
-1.10159444808964
-0.968708515167265
-0.83531451225285
-0.709281027317074
-0.588248908519784
-0.472218185663247
-0.361559689044988
-0.255406707525276
-0.151682183146509
-0.0503861904144489
0.050386212766139
0.151682212948779
0.255406707525221
0.361559689044931
0.472218185663189
0.588248908519722
0.709281027317009
0.835314512252783
0.968708515167195
1.10159444808957
1.23397219181057
1.3645734786987
1.48044395446774
1.57913911342619
1.6606590747833
1.72316694259642
1.77028894424437
1.8050707578659
1.82751262187957
1.83979415893554
1.84841573238373
1.85378682613373
1.85590755939484
1.85378682613373
1.84841573238373
1.83979415893555
1.82751262187958
1.80507075786591
1.77028894424439
1.72316694259644
1.66065907478334
1.57913911342622
1.4804439544678
1.36457347869875
1.23397219181064
1.10159444808962
0.96870851516727
0.835314512252826
0.709281027317079
0.588248908519762
0.472218185663252
0.361559689044992
0.255406707525279
0.151682212948836
0.0503862127661953
-0.0503861904143929
-0.151682183146452
-0.255406707525217
-0.361559689044927
-0.472218185663184
-0.588248908519717
-0.709281027317005
-0.835314512252778
-0.96870851516719
-1.10159444808957
-1.23397219181056
-1.3645734786987
-1.48044395446773
-1.57913911342619
-1.6606590747833
-1.72316694259642
-1.77028894424437
-1.8050707578659
-1.82751262187957
-1.83979415893554
-1.84841573238373
-1.85378682613373
-1.85590755939484
-1.85378682613373
-1.84841573238373
-1.83979415893555
-1.82751262187958
-1.80507075786591
-1.7702889442444
-1.72316694259645
-1.66065907478335
-1.57913911342623
-1.48044395446781
-1.36457347869876
-1.23397219181065
-1.10159444808963
-0.96870851516728
-0.835314512252836
-0.709281027317087
-0.588248908519771
-0.47221818566326
-0.361559689044975
-0.255406707525286
-0.151682183146499
-0.0503861904144604
0.0503862127661504
0.151682212948767
0.255406707525233
0.361559689044919
0.472218185663201
0.588248908519709
0.709281027317023
0.835314512252768
0.96870851516721
1.10159444808956
1.23397219181058
1.36457347869869
1.48044395446775
1.57913911342618
1.66065907478331
1.72316694259642
1.77028894424438
1.8050707578659
1.82751262187957
1.83979415893554
1.84841573238373
1.85378682613373
1.85590755939484
1.85378682613373
1.84841573238373
1.83979415893555
1.82751262187958
1.80507075786591
1.77028894424439
1.72316694259645
1.66065907478333
1.57913911342623
1.48044395446779
1.36457347869876
1.23397219181063
1.10159444808963
0.968708515167255
0.835314512252841
0.709281027317065
0.588248908519775
0.472218185663239
0.36155968904498
0.255406707525268
0.151682212948825
0.0503862127661842
-0.050386190414404
-0.151682183146463
-0.255406707525228
-0.361559689044938
-0.472218185663197
-0.58824890851973
-0.709281027317018
-0.835314512252792
-0.968708515167205
-1.10159444808955
-1.23397219181058
-1.36457347869868
-1.48044395446775
-1.57913911342617
-1.66065907478331
-1.72316694259641
-1.77028894424437
-1.80507075786589
-1.82751262187957
-1.83979415893554
-1.84841573238373
-1.85378682613373
-1.85590755939484
-1.85378682613373
-1.84841573238373
-1.83979415893555
-1.82751262187958
-1.80507075786591
-1.77028894424439
-1.72316694259645
-1.66065907478334
-1.57913911342624
-1.48044395446779
-1.36457347869877
-1.23397219181064
-1.10159444808964
-0.968708515167265
-0.83531451225285
-0.709281027317074
-0.588248908519784
-0.472218185663247
-0.361559689044988
-0.255406707525276
-0.151682183146509
-0.0503861904144489
0.050386212766139
0.151682212948779
0.255406707525221
0.361559689044931
0.472218185663189
0.588248908519722
0.709281027317009
0.835314512252783
0.968708515167195
1.10159444808957
1.23397219181057
1.3645734786987
1.48044395446774
1.57913911342619
1.6606590747833
1.72316694259642
1.77028894424437
1.8050707578659
1.82751262187957
1.83979415893554
1.84841573238373
1.85378682613373
1.85590755939484
1.85378682613373
1.84841573238373
1.83979415893555
1.82751262187958
1.80507075786591
1.77028894424439
1.72316694259644
1.66065907478334
1.57913911342622
1.4804439544678
1.36457347869875
1.23397219181064
1.10159444808962
0.96870851516727
0.835314512252826
0.709281027317079
0.588248908519762
0.472218185663252
0.361559689044967
0.255406707525279
0.151682212948813
0.0503862127661953
-0.0503861904144155
-0.151682183146452
-0.25540670752524
-0.361559689044927
-0.472218185663209
-0.588248908519717
-0.709281027317032
-0.835314512252778
-0.96870851516722
-1.10159444808957
-1.23397219181059
-1.3645734786987
-1.48044395446776
-1.57913911342619
-1.66065907478332
-1.72316694259642
-1.77028894424438
-1.8050707578659
-1.82751262187957
-1.83979415893554
-1.84841573238373
-1.85378682613373
-1.85590755939484
-1.85378682613373
-1.84841573238373
-1.83979415893555
-1.82751262187958
-1.80507075786591
-1.7702889442444
-1.72316694259645
-1.66065907478335
-1.57913911342623
-1.48044395446781
-1.36457347869876
-1.23397219181065
-1.10159444808963
-0.96870851516728
-0.835314512252836
-0.709281027317087
-0.588248908519771
-0.47221818566326
-0.361559689044975
-0.255406707525286
-0.151682183146499
-0.0503861904144604
0.0503862127661504
0.151682212948767
0.255406707525233
0.361559689044919
0.472218185663201
0.588248908519709
0.709281027317023
0.835314512252768
0.96870851516721
1.10159444808956
1.23397219181058
1.36457347869869
1.48044395446775
1.57913911342618
1.66065907478331
1.72316694259642
1.77028894424438
1.8050707578659
1.82751262187957
1.83979415893554
1.84841573238373
1.85378682613373
1.85590755939484
1.85378682613373
1.84841573238373
1.83979415893555
1.82751262187958
1.80507075786591
1.77028894424439
1.72316694259645
1.66065907478333
1.57913911342623
1.48044395446779
1.36457347869876
1.23397219181063
1.10159444808963
0.968708515167255
0.835314512252841
0.709281027317065
0.588248908519775
0.472218185663239
0.36155968904498
0.255406707525268
0.151682212948825
0.0503862127661842
-0.050386190414404
-0.151682183146463
-0.255406707525228
-0.361559689044938
-0.472218185663197
-0.58824890851973
-0.709281027317018
-0.835314512252792
-0.968708515167205
-1.10159444808958
-1.23397219181058
-1.36457347869871
-1.48044395446775
-1.5791391134262
-1.66065907478331
-1.72316694259643
-1.77028894424437
-1.8050707578659
-1.82751262187957
-1.83979415893555
-1.84841573238373
-1.85378682613373
-1.85590755939484
-1.85378682613373
-1.84841573238373
-1.83979415893555
-1.82751262187958
-1.80507075786591
-1.77028894424439
-1.72316694259644
-1.66065907478334
-1.57913911342622
-1.48044395446779
-1.36457347869877
-1.23397219181064
-1.10159444808964
-0.968708515167265
-0.83531451225285
-0.709281027317074
-0.588248908519784
-0.472218185663247
-0.361559689044988
-0.255406707525276
-0.151682183146509
-0.0503861904144489
0.050386212766139
0.151682212948779
0.255406707525221
0.361559689044931
0.472218185663189
0.588248908519722
0.709281027317009
0.835314512252783
0.968708515167195
1.10159444808957
1.23397219181057
1.3645734786987
1.48044395446774
1.57913911342619
1.6606590747833
1.72316694259642
1.77028894424437
1.8050707578659
1.82751262187957
1.83979415893554
1.84841573238373
1.85378682613373
1.85590755939484
1.85378682613373
1.84841573238373
1.83979415893555
1.82751262187958
1.80507075786591
1.77028894424439
1.72316694259644
1.66065907478334
1.57913911342622
1.4804439544678
1.36457347869875
1.23397219181064
1.10159444808962
0.96870851516727
0.835314512252826
0.709281027317079
0.588248908519762
0.472218185663252
0.361559689044967
0.255406707525279
0.151682212948813
0.0503862127661953
-0.0503861904144155
-0.151682183146452
-0.25540670752524
-0.361559689044927
-0.472218185663209
-0.588248908519717
-0.709281027317032
-0.835314512252778
-0.96870851516722
-1.10159444808957
-1.23397219181059
-1.3645734786987
-1.48044395446776
-1.57913911342619
-1.66065907478332
-1.72316694259642
-1.77028894424438
-1.8050707578659
-1.82751262187957
-1.83979415893554
-1.84841573238373
-1.85378682613373
-1.85590755939484
-1.85378682613373
-1.84841573238373
-1.83979415893555
-1.82751262187958
-1.80507075786591
-1.77028894424439
-1.72316694259645
-1.66065907478333
-1.57913911342623
-1.48044395446778
-1.36457347869876
-1.23397219181062
-1.10159444808963
-0.96870851516725
-0.835314512252836
-0.70928102731706
-0.588248908519771
-0.472218185663235
-0.361559689044975
-0.255406707525264
-0.151682183146499
-0.0503861904144388
0.0503862127661504
0.151682212948767
0.255406707525233
0.361559689044919
0.472218185663201
0.588248908519709
0.709281027317023
0.835314512252768
0.96870851516721
1.10159444808956
1.23397219181058
1.36457347869869
1.48044395446775
1.57913911342618
1.66065907478331
1.72316694259642
1.77028894424438
1.8050707578659
1.82751262187957
1.83979415893554
1.84841573238373
1.85378682613373
1.85590755939484
1.85378682613373
1.84841573238373
1.83979415893555
1.82751262187958
1.80507075786591
1.77028894424439
1.72316694259645
1.66065907478334
1.57913911342623
1.48044395446779
1.36457347869876
1.23397219181063
1.10159444808964
0.968708515167259
0.835314512252845
0.709281027317068
0.588248908519778
0.472218185663242
0.361559689044983
0.255406707525271
0.151682212948827
0.0503862127661867
-0.0503861904144015
-0.151682183146461
-0.255406707525225
-0.361559689044936
-0.472218185663194
-0.588248908519727
-0.709281027317015
-0.835314512252788
-0.968708515167201
-1.10159444808958
-1.23397219181057
-1.36457347869871
-1.48044395446774
-1.57913911342619
-1.6606590747833
-1.72316694259643
-1.77028894424437
-1.8050707578659
-1.82751262187957
-1.83979415893555
-1.84841573238373
-1.85378682613373
-1.85590755939484
-1.85378682613373
-1.84841573238373
-1.83979415893555
-1.82751262187958
-1.80507075786591
-1.77028894424439
-1.72316694259644
-1.66065907478334
-1.57913911342622
-1.4804439544678
-1.36457347869875
-1.23397219181064
-1.10159444808962
-0.968708515167268
-0.835314512252825
-0.709281027317078
-0.58824890851976
-0.47221818566325
-0.361559689044967
-0.255406707525279
-0.15168218314649
-0.0503861904144517
0.0503862127661576
0.151682212948776
0.255406707525242
0.361559689044928
0.472218185663211
0.588248908519718
0.709281027317033
0.835314512252779
0.968708515167221
1.10159444808957
1.23397219181059
1.3645734786987
1.48044395446776
1.57913911342619
1.6606590747833
1.72316694259642
1.77028894424437
1.8050707578659
1.82751262187957
1.83979415893554
1.84841573238373
1.85378682613373
1.85590755939484
1.85378682613373
1.84841573238373
1.83979415893555
1.82751262187958
1.80507075786591
1.7702889442444
1.72316694259645
1.66065907478334
1.57913911342622
1.4804439544678
1.36457347869875
1.23397219181065
1.10159444808963
0.968708515167277
0.835314512252834
0.709281027317086
0.588248908519768
0.472218185663258
0.361559689044974
0.255406707525285
0.151682212948819
0.0503862127662007
-0.0503861904144097
-0.151682183146447
-0.255406707525234
-0.361559689044921
-0.472218185663203
-0.588248908519711
-0.709281027317025
-0.83531451225277
-0.968708515167212
-1.10159444808956
-1.23397219181058
-1.36457347869869
-1.48044395446775
-1.57913911342618
-1.66065907478331
-1.72316694259642
-1.77028894424438
-1.8050707578659
-1.82751262187957
-1.83979415893554
-1.84841573238373
-1.85378682613373
-1.85590755939484
-1.85378682613373
-1.84841573238373
-1.83979415893555
-1.82751262187958
-1.80507075786591
-1.77028894424439
-1.72316694259645
-1.66065907478334
-1.57913911342623
-1.48044395446779
-1.36457347869876
-1.23397219181063
-1.10159444808964
-0.968708515167257
-0.835314512252844
-0.709281027317067
-0.588248908519777
-0.472218185663241
-0.361559689044981
-0.25540670752527
-0.151682183146503
-0.0503861904144445
0.0503862127661447
0.151682212948785
0.255406707525227
0.361559689044937
0.472218185663195
0.588248908519728
0.709281027317016
0.83531451225279
0.968708515167202
1.10159444808958
1.23397219181057
1.36457347869871
1.48044395446774
1.57913911342619
1.66065907478331
1.72316694259643
1.77028894424437
1.8050707578659
1.82751262187957
1.83979415893555
1.84841573238373
1.85378682613373
1.85590755939484
1.85378682613373
1.84841573238373
1.83979415893555
1.82751262187958
1.80507075786591
1.77028894424439
1.72316694259645
1.66065907478334
1.57913911342624
1.4804439544678
1.36457347869877
1.23397219181064
1.10159444808964
0.968708515167266
0.835314512252852
0.709281027317075
0.588248908519785
0.472218185663249
0.361559689044989
0.255406707525277
0.151682212948833
0.0503862127661924
-0.0503861904143958
-0.151682183146455
-0.255406707525219
-0.36155968904493
-0.472218185663188
-0.58824890851972
-0.709281027317008
-0.835314512252781
-0.968708515167194
-1.10159444808957
-1.23397219181057
-1.3645734786987
-1.48044395446774
-1.57913911342619
-1.6606590747833
-1.72316694259642
-1.77028894424437
-1.8050707578659
-1.82751262187957
-1.83979415893554
-1.84841573238373
-1.85378682613373
-1.85590755939484
-1.85378682613373
-1.84841573238373
-1.83979415893555
-1.82751262187958
-1.80507075786591
-1.7702889442444
-1.72316694259644
-1.66065907478334
-1.57913911342622
-1.4804439544678
-1.36457347869875
-1.23397219181065
-1.10159444808962
-0.968708515167276
-0.835314512252832
-0.709281027317084
-0.588248908519767
-0.472218185663257
-0.361559689044972
-0.255406707525283
-0.151682183146496
-0.0503861904144575
0.0503862127661533
0.15168221294877
0.255406707525236
0.361559689044922
0.472218185663204
0.588248908519712
0.709281027317027
0.835314512252772
0.968708515167214
1.10159444808956
1.23397219181059
1.36457347869869
1.48044395446775
1.57913911342618
1.66065907478331
1.72316694259642
1.77028894424438
1.8050707578659
1.82751262187957
1.83979415893554
1.84841573238373
1.85378682613373
1.85590755939484
1.85378682613373
1.84841573238373
1.83979415893555
1.82751262187958
1.80507075786591
1.77028894424439
1.72316694259645
1.66065907478333
1.57913911342623
1.48044395446779
1.36457347869876
1.23397219181063
1.10159444808963
0.968708515167255
0.835314512252841
0.709281027317093
0.588248908519775
0.472218185663265
0.36155968904498
0.255406707525291
0.151682212948825
0.0503862127662065
-0.050386190414404
-0.151682183146441
-0.255406707525228
-0.361559689044915
-0.472218185663197
-0.588248908519704
-0.709281027317018
-0.835314512252764
-0.968708515167205
-1.10159444808955
-1.23397219181058
-1.36457347869868
-1.48044395446775
-1.57913911342617
-1.66065907478331
-1.72316694259641
-1.77028894424437
-1.80507075786589
-1.82751262187957
-1.83979415893554
-1.84841573238373
-1.85378682613373
-1.85590755939484
-1.85378682613373
-1.84841573238373
-1.83979415893555
-1.82751262187958
-1.80507075786591
-1.77028894424439
-1.72316694259645
-1.66065907478334
-1.57913911342624
-1.48044395446779
-1.36457347869877
-1.23397219181064
-1.10159444808964
-0.968708515167265
-0.83531451225285
-0.709281027317074
-0.588248908519784
-0.472218185663247
-0.361559689044988
-0.255406707525276
-0.151682183146509
-0.0503861904144489
0.050386212766139
0.151682212948779
0.255406707525221
0.361559689044907
0.472218185663214
0.588248908519722
0.709281027317009
0.835314512252754
0.968708515167225
1.10159444808957
1.23397219181057
1.36457347869868
1.48044395446776
1.57913911342619
1.6606590747833
1.72316694259641
1.77028894424438
1.8050707578659
1.82751262187957
1.83979415893554
1.84841573238373
1.85378682613373
1.85590755939484
1.85378682613373
1.84841573238373
1.83979415893555
1.82751262187958
1.80507075786591
1.77028894424439
1.72316694259644
1.66065907478334
1.57913911342624
1.48044395446778
1.36457347869875
1.23397219181064
1.10159444808965
0.968708515167244
0.83531451225283
0.709281027317082
0.588248908519792
0.472218185663229
0.36155968904497
0.255406707525282
0.151682212948839
0.0503862127661755
-0.0503861904144126
-0.151682183146449
-0.255406707525214
-0.361559689044947
-0.472218185663206
-0.588248908519714
-0.709281027317001
-0.835314512252746
-0.968708515167216
-1.10159444808956
-1.23397219181056
-1.36457347869867
-1.48044395446776
-1.57913911342618
-1.6606590747833
-1.72316694259641
-1.77028894424438
-1.8050707578659
-1.82751262187957
-1.83979415893554
-1.84841573238373
-1.85378682613373
-1.85590755939484
-1.85378682613373
-1.84841573238373
-1.83979415893555
-1.82751262187958
-1.80507075786592
-1.77028894424439
-1.72316694259645
-1.66065907478335
-1.57913911342625
-1.48044395446779
-1.36457347869876
-1.23397219181065
-1.10159444808966
-0.968708515167253
-0.83531451225284
-0.709281027317091
-0.588248908519801
-0.472218185663238
-0.361559689044978
-0.255406707525289
-0.151682183146524
-0.0503861904144417
0.0503862127661476
0.151682212948765
0.255406707525206
0.36155968904494
0.472218185663198
0.588248908519705
0.709281027316992
0.835314512252793
0.968708515167206
1.10159444808955
1.23397219181055
1.36457347869872
1.48044395446775
1.57913911342618
1.66065907478329
1.72316694259643
1.77028894424437
1.80507075786589
1.82751262187957
1.83979415893555
1.84841573238373
1.85378682613373
1.85590755939484
1.85378682613373
1.84841573238373
1.83979415893555
1.82751262187958
1.80507075786591
1.77028894424439
1.72316694259645
1.66065907478335
1.57913911342622
1.48044395446779
1.36457347869877
1.23397219181066
1.10159444808961
0.968708515167262
0.835314512252848
0.709281027317099
0.588248908519755
0.472218185663246
0.361559689044986
0.255406707525297
0.151682212948807
0.0503862127661896
-0.0503861904143986
-0.151682183146435
-0.255406707525246
-0.361559689044933
-0.472218185663191
-0.588248908519698
-0.709281027317038
-0.835314512252785
-0.968708515167197
-1.10159444808955
-1.2339721918106
-1.36457347869871
-1.48044395446774
-1.57913911342617
-1.66065907478332
-1.72316694259642
-1.77028894424437
-1.80507075786589
-1.82751262187957
-1.83979415893554
-1.84841573238373
-1.85378682613373
-1.85590755939484
-1.85378682613373
-1.84841573238373
-1.83979415893555
-1.82751262187958
-1.80507075786591
-1.77028894424439
-1.72316694259645
-1.66065907478336
-1.57913911342622
-1.4804439544678
-1.36457347869877
-1.23397219181067
-1.10159444808962
-0.968708515167272
-0.835314512252858
-0.709281027317109
-0.588248908519764
-0.472218185663254
-0.361559689044994
-0.255406707525305
-0.151682183146493
-0.0503861904144546
0.0503862127661333
0.15168221294875
0.255406707525239
0.361559689044925
0.472218185663182
0.588248908519689
0.70928102731703
0.835314512252775
0.968708515167187
1.10159444808954
1.23397219181059
1.3645734786987
1.48044395446773
1.57913911342616
1.66065907478331
1.72316694259642
1.77028894424437
1.80507075786589
1.82751262187957
1.83979415893554
1.84841573238373
1.85378682613373
1.85590755939484
1.85378682613373
1.84841573238373
1.83979415893555
1.82751262187958
1.80507075786591
1.7702889442444
1.72316694259646
1.66065907478333
1.57913911342623
1.48044395446781
1.36457347869879
1.23397219181063
1.10159444808963
0.968708515167285
0.835314512252871
0.709281027317065
0.588248908519775
0.472218185663265
0.361559689045004
0.255406707525268
0.151682212948825
0.0503862127662065
-0.0503861904143818
-0.151682183146463
-0.255406707525228
-0.361559689044915
-0.472218185663172
-0.58824890851973
-0.709281027317018
-0.835314512252764
-0.968708515167175
-1.10159444808958
-1.23397219181058
-1.36457347869868
-1.48044395446772
-1.5791391134262
-1.66065907478331
-1.72316694259641
-1.77028894424436
-1.8050707578659
-1.82751262187957
-1.83979415893554
-1.84841573238372
-1.85378682613373
-1.85590755939484
-1.85378682613373
-1.84841573238373
-1.83979415893555
-1.82751262187958
-1.80507075786591
-1.7702889442444
-1.72316694259644
-1.66065907478334
-1.57913911342624
-1.48044395446782
-1.36457347869879
-1.23397219181064
-1.10159444808964
-0.968708515167294
-0.835314512252881
-0.709281027317074
-0.588248908519784
-0.472218185663274
-0.361559689045012
-0.255406707525276
-0.151682183146509
-0.0503861904144719
0.0503862127661161
0.151682212948779
0.255406707525221
0.361559689044907
0.472218185663163
0.588248908519722
0.709281027317009
0.835314512252754
0.968708515167166
1.10159444808957
1.23397219181057
1.36457347869868
1.48044395446771
1.57913911342619
1.6606590747833
1.72316694259641
1.77028894424436
1.8050707578659
1.82751262187957
1.83979415893554
1.84841573238372
1.85378682613373
1.85590755939484
1.85378682613373
1.84841573238373
1.83979415893555
1.82751262187958
1.80507075786591
1.7702889442444
1.72316694259644
1.66065907478334
1.57913911342624
1.48044395446782
1.36457347869875
1.23397219181064
1.10159444808965
0.968708515167299
0.835314512252826
0.709281027317079
0.588248908519788
0.472218185663278
0.361559689044967
0.255406707525279
0.151682212948836
0.0503862127662176
-0.0503861904144155
-0.151682183146452
-0.255406707525217
-0.361559689044903
-0.472218185663209
-0.588248908519717
-0.709281027317005
-0.83531451225275
-0.96870851516722
-1.10159444808957
-1.23397219181056
-1.36457347869867
-1.48044395446776
-1.57913911342619
-1.6606590747833
-1.72316694259641
-1.77028894424438
-1.8050707578659
-1.82751262187957
-1.83979415893554
-1.84841573238373
-1.85378682613373
-1.85590755939484
-1.85378682613373
-1.84841573238373
-1.83979415893555
-1.82751262187958
-1.80507075786592
-1.77028894424439
-1.72316694259645
-1.66065907478335
-1.57913911342624
-1.48044395446778
-1.36457347869876
-1.23397219181065
-1.10159444808966
-0.96870851516725
-0.835314512252836
-0.709281027317087
-0.588248908519797
-0.472218185663235
-0.361559689044975
-0.255406707525286
-0.151682183146521
-0.0503861904144834
0.0503862127661504
0.151682212948767
0.255406707525209
0.361559689044895
0.472218185663201
0.588248908519709
0.709281027316995
0.835314512252741
0.96870851516721
1.10159444808956
1.23397219181055
1.36457347869866
1.48044395446775
1.57913911342618
1.66065907478329
1.7231669425964
1.77028894424438
1.8050707578659
1.82751262187957
1.83979415893554
1.84841573238373
1.85378682613373
1.85590755939484
1.85378682613373
1.84841573238373
1.83979415893555
1.82751262187958
1.80507075786592
1.77028894424439
1.72316694259645
1.66065907478335
1.57913911342625
1.48044395446779
1.36457347869876
1.23397219181066
1.10159444808966
0.968708515167255
0.835314512252841
0.709281027317093
0.588248908519802
0.472218185663239
0.36155968904498
0.255406707525291
0.151682212948848
0.0503862127661842
-0.050386190414404
-0.151682183146441
-0.255406707525205
-0.361559689044938
-0.472218185663197
-0.588248908519704
-0.709281027316991
-0.835314512252792
-0.968708515167205
-1.10159444808955
-1.23397219181055
-1.36457347869871
-1.48044395446775
-1.57913911342617
-1.66065907478329
-1.72316694259643
-1.77028894424437
-1.80507075786589
-1.82751262187957
-1.83979415893555
-1.84841573238373
-1.85378682613373
-1.85590755939484
-1.85378682613373
-1.84841573238373
-1.83979415893555
-1.82751262187958
-1.80507075786591
-1.77028894424439
-1.72316694259645
-1.66065907478335
-1.57913911342622
-1.48044395446779
-1.36457347869877
-1.23397219181066
-1.10159444808961
-0.968708515167265
-0.83531451225285
-0.709281027317102
-0.588248908519757
-0.472218185663247
-0.361559689044988
-0.255406707525299
-0.151682183146487
-0.0503861904144489
0.050386212766139
0.151682212948756
0.255406707525244
0.361559689044931
0.472218185663189
0.588248908519695
0.709281027317037
0.835314512252783
0.968708515167195
1.10159444808954
1.23397219181054
1.3645734786987
1.48044395446774
1.57913911342617
1.66065907478328
1.72316694259642
1.77028894424437
1.80507075786589
1.82751262187957
1.83979415893554
1.84841573238373
1.85378682613373
1.85590755939484
1.85378682613373
1.84841573238373
1.83979415893555
1.82751262187958
1.80507075786591
1.77028894424439
1.72316694259645
1.66065907478336
1.57913911342622
1.4804439544678
1.36457347869877
1.23397219181067
1.10159444808962
0.96870851516727
0.835314512252856
0.709281027317107
0.588248908519762
0.472218185663252
0.361559689044992
0.255406707525303
0.151682212948813
0.0503862127661953
-0.0503861904143929
-0.15168218314643
-0.25540670752524
-0.361559689044927
-0.472218185663184
-0.588248908519691
-0.709281027317032
-0.835314512252778
-0.96870851516719
-1.10159444808954
-1.23397219181059
-1.3645734786987
-1.48044395446773
-1.57913911342616
-1.66065907478332
-1.72316694259642
-1.77028894424437
-1.80507075786589
-1.82751262187957
-1.83979415893554
-1.84841573238373
-1.85378682613373
-1.85590755939484
-1.85378682613373
-1.84841573238373
-1.83979415893555
-1.82751262187958
-1.80507075786591
-1.7702889442444
-1.72316694259646
-1.66065907478333
-1.57913911342623
-1.48044395446781
-1.36457347869878
-1.23397219181062
-1.10159444808963
-0.96870851516728
-0.835314512252865
-0.70928102731706
-0.588248908519771
-0.47221818566326
-0.361559689045
-0.255406707525264
-0.151682183146499
-0.0503861904144604
0.0503862127661275
0.151682212948789
0.255406707525233
0.361559689044919
0.472218185663176
0.588248908519735
0.709281027317023
0.835314512252768
0.968708515167179
1.10159444808959
1.23397219181058
1.36457347869869
1.48044395446773
1.5791391134262
1.66065907478331
1.72316694259642
1.77028894424437
1.8050707578659
1.82751262187957
1.83979415893554
1.84841573238372
1.85378682613373
1.85590755939484
1.85378682613373
1.84841573238373
1.83979415893555
1.82751262187958
1.80507075786591
1.7702889442444
1.72316694259646
1.66065907478333
1.57913911342623
1.48044395446781
1.36457347869879
1.23397219181063
1.10159444808963
0.968708515167285
0.835314512252871
0.709281027317065
0.588248908519775
0.472218185663265
0.361559689045004
0.255406707525268
0.151682212948825
0.0503862127662065
-0.0503861904143818
-0.151682183146463
-0.255406707525228
-0.361559689044915
-0.472218185663172
-0.58824890851973
-0.709281027317018
-0.835314512252764
-0.968708515167175
-1.10159444808958
-1.23397219181058
-1.36457347869868
-1.48044395446772
-1.5791391134262
-1.66065907478331
-1.72316694259641
-1.77028894424436
-1.8050707578659
-1.82751262187957
-1.83979415893554
-1.84841573238372
-1.85378682613373
-1.85590755939484
-1.85378682613373
-1.84841573238373
-1.83979415893555
-1.82751262187958
-1.80507075786591
-1.7702889442444
-1.72316694259644
-1.66065907478334
-1.57913911342624
-1.48044395446782
-1.36457347869874
-1.23397219181064
-1.10159444808964
-0.968708515167294
-0.835314512252821
-0.709281027317074
-0.588248908519784
-0.472218185663274
-0.361559689044963
-0.255406707525276
-0.151682183146509
-0.0503861904144719
0.0503862127661605
0.151682212948779
0.255406707525221
0.361559689044907
0.472218185663214
0.588248908519722
0.709281027317009
0.835314512252754
0.968708515167225
1.10159444808957
1.23397219181057
1.36457347869868
1.48044395446776
1.57913911342619
1.6606590747833
1.72316694259641
1.77028894424438
1.8050707578659
1.82751262187957
1.83979415893554
1.84841573238373
1.85378682613373
1.85590755939484
1.85378682613373
1.84841573238373
1.83979415893555
1.82751262187958
1.80507075786591
1.77028894424439
1.72316694259644
1.66065907478334
1.57913911342624
1.48044395446778
1.36457347869875
1.23397219181064
1.10159444808965
0.968708515167299
0.835314512252826
0.709281027317079
0.588248908519788
0.472218185663278
0.361559689044967
0.255406707525279
0.151682212948836
0.0503862127662176
-0.0503861904144155
-0.151682183146452
-0.255406707525217
-0.361559689044903
-0.472218185663209
-0.588248908519717
-0.709281027317005
-0.83531451225275
-0.96870851516722
-1.10159444808957
-1.23397219181056
-1.36457347869867
-1.48044395446776
-1.57913911342619
-1.6606590747833
-1.72316694259641
-1.77028894424438
-1.8050707578659
-1.82751262187957
-1.83979415893554
-1.84841573238373
-1.85378682613373
-1.85590755939484
-1.85378682613373
-1.84841573238373
-1.83979415893555
-1.82751262187958
-1.80507075786592
-1.77028894424439
-1.72316694259645
-1.66065907478335
-1.57913911342624
-1.48044395446778
-1.36457347869876
-1.23397219181065
-1.10159444808966
-0.96870851516725
-0.835314512252836
-0.709281027317087
-0.588248908519797
-0.472218185663235
-0.361559689044975
-0.255406707525286
-0.151682183146521
-0.0503861904144388
0.0503862127661504
0.151682212948767
0.255406707525209
0.361559689044943
0.472218185663201
0.588248908519709
0.709281027316995
0.835314512252797
0.96870851516721
1.10159444808956
1.23397219181055
1.36457347869872
1.48044395446775
1.57913911342618
1.66065907478329
1.72316694259643
1.77028894424438
1.8050707578659
1.82751262187957
1.83979415893555
1.84841573238373
1.85378682613373
1.85590755939484
1.85378682613373
1.84841573238373
1.83979415893555
1.82751262187958
1.80507075786591
1.77028894424439
1.72316694259645
1.66065907478335
1.57913911342621
1.48044395446779
1.36457347869876
1.23397219181066
1.1015944480896
0.968708515167255
0.835314512252841
0.709281027317093
0.588248908519748
0.472218185663239
0.36155968904498
0.255406707525291
0.151682212948802
0.0503862127661842
-0.050386190414404
-0.151682183146441
-0.255406707525205
-0.361559689044938
-0.472218185663197
-0.588248908519704
-0.709281027316991
-0.835314512252792
-0.968708515167205
-1.10159444808955
-1.23397219181055
-1.36457347869871
-1.48044395446775
-1.57913911342617
-1.66065907478329
-1.72316694259643
-1.77028894424437
-1.80507075786589
-1.82751262187957
-1.83979415893555
-1.84841573238373
-1.85378682613373
-1.85590755939484
-1.85378682613373
-1.84841573238373
-1.83979415893555
-1.82751262187958
-1.80507075786591
-1.77028894424439
-1.72316694259645
-1.66065907478335
-1.57913911342622
-1.48044395446779
-1.36457347869877
-1.23397219181066
-1.10159444808961
-0.968708515167265
-0.83531451225285
-0.709281027317102
-0.588248908519757
-0.472218185663247
-0.361559689044988
-0.255406707525299
-0.151682183146487
-0.0503861904144489
0.050386212766139
0.151682212948756
0.255406707525244
0.361559689044931
0.472218185663189
0.588248908519695
0.709281027317037
0.835314512252783
0.968708515167195
1.10159444808954
1.2339721918106
1.3645734786987
1.48044395446774
1.57913911342617
1.66065907478332
1.72316694259642
1.77028894424437
1.80507075786589
1.82751262187958
1.83979415893554
1.84841573238373
1.85378682613373
1.85590755939484
1.85378682613373
1.84841573238373
1.83979415893555
1.82751262187958
1.80507075786591
1.77028894424439
1.72316694259645
1.66065907478333
1.57913911342622
1.4804439544678
1.36457347869877
1.23397219181061
1.10159444808962
0.96870851516727
0.835314512252856
0.709281027317051
0.588248908519762
0.472218185663252
0.361559689044992
0.255406707525256
0.151682212948813
0.0503862127661953
-0.0503861904143929
-0.151682183146475
-0.25540670752524
-0.361559689044927
-0.472218185663184
-0.588248908519743
-0.709281027317032
-0.835314512252778
-0.96870851516719
-1.1015944480896
-1.23397219181059
-1.3645734786987
-1.48044395446773
-1.57913911342621
-1.66065907478332
-1.72316694259642
-1.77028894424437
-1.80507075786589
-1.82751262187957
-1.83979415893554
-1.84841573238373
-1.85378682613373
-1.85590755939484
-1.85378682613373
-1.84841573238373
-1.83979415893555
-1.82751262187958
-1.80507075786591
-1.7702889442444
-1.72316694259646
-1.66065907478333
-1.57913911342623
-1.48044395446781
-1.36457347869878
-1.23397219181062
-1.10159444808963
-0.96870851516728
-0.835314512252865
-0.70928102731706
-0.588248908519771
-0.47221818566326
-0.361559689045
-0.255406707525264
-0.151682183146499
-0.0503861904144604
0.0503862127661275
0.151682212948789
0.255406707525233
0.361559689044919
0.472218185663176
0.588248908519735
0.709281027317023
0.835314512252768
0.968708515167179
1.10159444808959
1.23397219181058
1.36457347869869
1.48044395446773
1.5791391134262
1.66065907478331
1.72316694259642
1.77028894424437
1.8050707578659
1.82751262187957
1.83979415893554
1.84841573238372
1.85378682613373
1.85590755939484
1.85378682613373
1.84841573238373
1.83979415893555
1.82751262187958
1.80507075786591
1.7702889442444
1.72316694259644
1.66065907478333
1.57913911342623
1.48044395446781
1.36457347869873
1.23397219181063
1.10159444808963
0.968708515167285
0.835314512252811
0.709281027317065
0.588248908519775
0.472218185663265
0.361559689044955
0.255406707525268
0.151682212948825
0.0503862127662065
-0.0503861904144266
-0.151682183146463
-0.255406707525228
-0.361559689044915
-0.472218185663221
-0.58824890851973
-0.709281027317018
-0.835314512252764
-0.968708515167234
-1.10159444808958
-1.23397219181058
-1.36457347869868
-1.48044395446777
-1.5791391134262
-1.66065907478331
-1.72316694259641
-1.77028894424438
-1.8050707578659
-1.82751262187957
-1.83979415893554
-1.84841573238373
-1.85378682613373
-1.85590755939484
-1.85378682613373
-1.84841573238373
-1.83979415893555
-1.82751262187958
-1.80507075786591
-1.7702889442444
-1.72316694259644
-1.66065907478334
-1.57913911342624
-1.48044395446782
-1.36457347869874
-1.23397219181064
-1.10159444808964
-0.968708515167294
-0.835314512252821
-0.709281027317074
-0.588248908519784
-0.472218185663274
-0.361559689044963
-0.255406707525276
-0.151682183146509
-0.0503861904144719
0.0503862127661605
0.151682212948779
0.255406707525221
0.361559689044907
0.472218185663214
0.588248908519722
0.709281027317009
0.835314512252754
0.968708515167225
1.10159444808957
1.23397219181057
1.36457347869868
1.48044395446776
1.57913911342619
1.6606590747833
1.72316694259641
1.77028894424438
1.8050707578659
1.82751262187957
1.83979415893554
1.84841573238373
1.85378682613373
1.85590755939484
1.85378682613373
1.84841573238373
1.83979415893555
1.82751262187958
1.80507075786592
1.77028894424439
1.72316694259645
1.66065907478335
1.57913911342625
1.48044395446779
1.36457347869876
1.23397219181066
1.10159444808966
0.968708515167255
0.835314512252841
0.709281027317093
0.588248908519802
0.472218185663239
0.36155968904498
0.255406707525291
0.151682212948848
0.0503862127661842
-0.050386190414404
-0.151682183146441
-0.255406707525205
-0.361559689044938
-0.472218185663197
-0.588248908519704
-0.709281027316991
-0.835314512252792
-0.968708515167205
-1.10159444808955
-1.23397219181055
-1.36457347869871
-1.48044395446775
-1.57913911342617
-1.66065907478329
-1.72316694259643
-1.77028894424437
-1.80507075786589
-1.82751262187957
-1.83979415893555
-1.84841573238373
-1.85378682613373
-1.85590755939484
-1.85378682613373
-1.84841573238373
-1.83979415893555
-1.82751262187958
-1.80507075786591
-1.77028894424439
-1.72316694259645
-1.66065907478335
-1.57913911342622
-1.48044395446779
-1.36457347869877
-1.23397219181066
-1.10159444808961
-0.968708515167265
-0.83531451225285
-0.709281027317102
-0.58824890851981
-0.472218185663247
-0.361559689044988
-0.255406707525299
-0.151682183146533
-0.0503861904144489
0.050386212766139
0.151682212948756
0.255406707525197
0.361559689044931
0.472218185663189
0.588248908519695
0.709281027316984
0.835314512252783
0.968708515167195
1.10159444808954
1.23397219181054
1.3645734786987
1.48044395446774
1.57913911342617
1.66065907478328
1.72316694259642
1.77028894424437
1.80507075786589
1.82751262187957
1.83979415893554
1.84841573238373
1.85378682613373
1.85590755939484
1.85378682613373
1.84841573238373
1.83979415893555
1.82751262187958
1.80507075786591
1.7702889442444
1.72316694259646
1.66065907478336
1.57913911342623
1.48044395446781
1.36457347869879
1.23397219181068
1.10159444808963
0.968708515167285
0.835314512252871
0.709281027317121
0.588248908519775
0.472218185663265
0.361559689045004
0.255406707525315
0.151682212948825
0.0503862127662065
-0.0503861904143818
-0.151682183146418
-0.255406707525228
-0.361559689044915
-0.472218185663172
-0.588248908519678
-0.709281027317018
-0.835314512252764
-0.968708515167175
-1.10159444808952
-1.23397219181058
-1.36457347869868
-1.48044395446772
-1.57913911342615
-1.66065907478331
-1.72316694259641
-1.77028894424436
-1.80507075786589
-1.82751262187957
-1.83979415893554
-1.84841573238372
-1.85378682613373
-1.85590755939484
-1.85378682613373
-1.84841573238373
-1.83979415893555
-1.82751262187958
-1.80507075786591
-1.7702889442444
-1.72316694259646
-1.66065907478334
-1.57913911342624
-1.48044395446782
-1.36457347869879
-1.23397219181064
-1.10159444808964
-0.968708515167294
-0.835314512252881
-0.709281027317074
-0.588248908519784
-0.472218185663274
-0.361559689045012
-0.255406707525276
-0.151682183146509
-0.0503861904144719
0.0503862127661161
0.151682212948779
0.255406707525221
0.361559689044907
0.472218185663163
0.588248908519722
0.709281027317009
0.835314512252754
0.968708515167166
1.10159444808951
1.23397219181057
1.36457347869868
1.48044395446771
1.57913911342615
1.6606590747833
1.72316694259641
1.77028894424436
1.80507075786588
1.82751262187957
1.83979415893554
1.84841573238372
1.85378682613372
1.85590755939484
1.85378682613373
1.84841573238373
1.83979415893555
1.82751262187958
1.80507075786592
1.77028894424441
1.72316694259647
1.66065907478335
1.57913911342625
1.48044395446783
1.36457347869881
1.23397219181066
1.10159444808966
0.968708515167314
0.8353145122529
0.709281027317093
0.588248908519802
0.472218185663291
0.361559689045029
0.255406707525291
0.151682212948848
0.0503862127662292
-0.0503861904143593
-0.151682183146441
-0.255406707525205
-0.361559689044891
-0.472218185663147
-0.588248908519704
-0.709281027316991
-0.835314512252735
-0.968708515167145
-1.10159444808955
-1.23397219181055
-1.36457347869866
-1.4804439544677
-1.57913911342617
-1.66065907478329
-1.7231669425964
-1.77028894424435
-1.80507075786589
-1.82751262187957
-1.83979415893554
-1.84841573238372
-1.85378682613373
-1.85590755939484
-1.85378682613373
-1.84841573238373
-1.83979415893555
-1.82751262187958
-1.80507075786592
-1.77028894424441
-1.72316694259645
-1.66065907478335
-1.57913911342625
-1.48044395446784
-1.36457347869877
-1.23397219181066
-1.10159444808967
-0.968708515167323
-0.83531451225285
-0.709281027317102
-0.58824890851981
-0.472218185663299
-0.361559689044988
-0.255406707525299
-0.151682183146533
-0.0503861904144949
0.050386212766139
0.151682212948756
0.255406707525197
0.361559689044885
0.472218185663189
0.588248908519695
0.709281027316984
0.835314512252727
0.968708515167195
1.10159444808954
1.23397219181054
1.36457347869865
1.48044395446774
1.57913911342617
1.66065907478328
1.7231669425964
1.77028894424437
1.80507075786589
1.82751262187957
1.83979415893554
1.84841573238372
1.85378682613373
1.85590755939484
1.85378682613373
1.84841573238373
1.83979415893555
1.82751262187958
1.80507075786592
1.77028894424441
1.72316694259646
1.66065907478336
1.57913911342627
1.48044395446785
1.36457347869879
1.23397219181068
1.10159444808969
0.968708515167343
0.835314512252871
0.709281027317121
0.588248908519829
0.472218185663316
0.361559689045004
0.255406707525315
0.151682212948871
0.0503862127662515
-0.0503861904143818
-0.151682183146418
-0.255406707525182
-0.361559689044868
-0.472218185663172
-0.588248908519678
-0.709281027316965
-0.835314512252708
-0.968708515167175
-1.10159444808952
-1.23397219181052
-1.36457347869863
-1.48044395446772
-1.57913911342615
-1.66065907478327
-1.72316694259639
-1.77028894424436
-1.80507075786589
-1.82751262187956
-1.83979415893554
-1.84841573238372
-1.85378682613373
-1.85590755939483
-1.85378682613373
-1.84841573238373
-1.83979415893555
-1.82751262187959
-1.80507075786592
-1.7702889442444
-1.72316694259646
-1.66065907478337
-1.57913911342627
-1.48044395446782
-1.36457347869879
-1.23397219181069
-1.1015944480897
-0.968708515167294
-0.835314512252881
-0.709281027317129
-0.588248908519838
-0.472218185663274
-0.361559689045012
-0.255406707525323
-0.151682183146556
-0.0503861904144719
0.0503862127661161
0.151682212948733
0.255406707525175
0.361559689044907
0.472218185663163
0.588248908519671
0.709281027316956
0.835314512252754
0.968708515167166
1.10159444808951
1.23397219181051
1.36457347869868
1.48044395446771
1.57913911342615
1.66065907478326
1.72316694259641
1.77028894424436
1.80507075786588
1.82751262187956
1.83979415893554
1.84841573238372
1.85378682613372
1.8559075
1.8537868
1.8484157
1.8397941
1.82751260000001
1.8050708
1.77028890000001
1.72316690000002
1.66065910000002
1.57913910000001
1.48044390000002
1.36457350000003
1.23397220000005
1.10159440000007
0.968708500000023
0.835314500000038
0.70928100000005
0.588248900000062
0.47221820000002
0.361559700000031
0.255406700000042
0.151682200000053
0.0503862000000173
-0.0492015999999717
-0.15072769999996
-0.254687499999947
-0.361080999999982
-0.471932799999969
-0.588238899999954
-0.709659699999938
-0.836195199999978
-0.971729499999961
-1.10506189999995
-1.23619239999993
-1.36512109999998
-1.48015309999997
-1.57860639999996
-1.66048099999996
-1.72577699999999
-1.77002329999999
-1.80364269999999
-1.82663529999999
-1.8390011
-1.847693
-1.8521412
-1.8514215
-1.8492624
-1.8456639
-1.8400623
-1.82662870000001
-1.804004
-1.77218820000001
-1.72777180000002
-1.66445020000003
-1.58282870000001
-1.48290740000003
-1.36329600000005
-1.23654590000006
-1.10376510000002
-0.965916800000039
-0.834367900000052
-0.708253600000064
-0.58757370000002
-0.472629500000032
-0.362123800000043
-0.255095900000054
-0.151545800000016
-0.0508996000000262
0.0501696999999633
0.152044199999959
0.25472409999999
0.36146209999998
0.472857799999977
0.588911199999969
0.71065160000001
0.837481600000014
0.968172500000017
1.10272440000003
1.23859330000011
1.36478780000014
1.4813077000002
1.58298690000029
1.66377120000046
1.72680880000064
1.7720999000009
1.80328740000125
1.82642760000175
1.84152050000241
1.84856610000332
1.84960580000455
1.85031720000623
1.8507003000085
1.84984910001158
1.84225980001573
1.82744470002132
1.80540390002881
1.77446540003885
1.72766640005225
1.66428350007007
1.58431640009377
1.48062940012517
1.36533770016666
1.23844110022128
1.10181660029316
0.967341900387414
0.836263700510679
0.708582100671421
0.586796800880646
0.470856601152177
0.359751501503661
0.253481301957416
0.150747002541814
0.0485493032924421
-0.0531117957459143
-0.154236394517126
-0.257415192951095
-0.364549890960327
-0.475640488436271
-0.590686885244389
-0.713686581218535
-0.840861376153897
-0.972211369799123
-1.10773666184637
-1.24385855191984
-1.3692700395619
-1.48397112421733
-1.5879618052142
-1.66889338174195
-1.73235835282547
-1.77835681729568
-1.81059357375487
-1.83323222053725
-1.84627255566363
-1.85337557678979
-1.85818718114784
-1.86070756547989
-1.86049052596353
-1.85550095812838
-1.84563135676301
-1.83088181581197
-1.80923542826217
-1.77526568601832
-1.72870567976729
-1.66859529883116
-1.58674493100926
-1.48490816240916
-1.37006027726784
-1.2430713577634
-1.11008068381926
-0.975518732901541
-0.843522479813034
-0.716789196485389
-0.595935851773368
-0.48080761125387
-0.370800537035099
-0.265097987579688
-0.162390317547688
-0.0615657776644326
0.0386250853794849
0.13942032899022
0.241923314687083
0.347363708066804
0.456950478707367
0.571790200004762
0.69209094893488
0.818360705734506
0.949437953494124
1.0833879776577
1.21635876542452
1.34339270505026
1.45847838504449
1.55768259326537
1.63779371591229
1.69938973642107
1.74377133426689
1.77461488368384
1.79545435231166
1.80916789978333
1.81720597626919
1.82152832099603
1.82275306076204
1.82127700847032
1.81670246170574
1.80805960138147
1.79417159048261
1.77243697293484
1.7405997726265
1.6946174926117
1.6313167145214
1.54934399820705
1.44762588164009
1.32913788108643
1.19798429157271
1.06023158765537
0.920687424500822
0.783120139278085
0.649652952861167
0.520978571831122
0.396949590764076
0.276791394783374
0.159260962350004
0.0430877682583467
-0.0730566131987102
-0.19031890493782
-0.309627423711177
-0.431344076699854
-0.55491065812414
-0.678660845923668
-0.799514698558857
-0.913123251985897
-1.01489211685359
-1.10070327596951
-1.16754888207742
-1.21766665598453
-1.2520438850698
-1.27465072219965
-1.28875358506981
-1.29711325598455
-1.30114868207743
-1.30177397596952
-1.29916711685364
-1.29278025198594
-1.28124809855889
-1.26277424592369
-1.2344621581242
-1.19386277669991
-1.13939042371123
-1.07042920493787
-0.990009913198781
-0.902195931741723
-0.811377737650064
-0.721358005216691
-0.635107709236
-0.55360162816895
-0.477693347138898
-0.40727906072197
-0.341355575499256
-0.279550312344701
-0.221054708427351
-0.16510331891362
-0.111207918359968
-0.059139601792991
-0.00873518547863885
0.03932379261167
0.0844700726264718
0.125363472934819
0.160876690482593
0.190302701381456
0.213283161705731
0.230307708470316
0.242175160762039
0.250081920996028
0.255183176269192
0.258320299783337
0.26010075231166
0.260924683683844
0.26100453426691
0.260372336421089
0.258921015912311
0.256360993265396
0.252272285044547
0.246162705050306
0.23749956542457
0.226153577657734
0.212463753494187
0.197134705734569
0.181066448934928
0.165249200004797
0.150365978707433
0.136741008066857
0.124533914687124
0.113764428990249
0.104249585379544
0.095973622335616
0.0886914824523502
0.0821828124203398
0.0763992629649648
0.071226588746184
0.0666672482266749
0.0626125035146425
0.0588832201870423
0.055479567098521
0.0524013161807855
0.0496427422366278
0.0470948227322296
0.0447575375908893
0.0426309689907716
0.040617101168851
0.0387343202327365
0.0369824139816998
0.0353615717378397
0.0338648841880302
0.0324556432369947
0.0311335418716258
0.0298988740364666
0.0287222345201141
0.0276107188521599
0.026564223210202
0.0255810443363659
0.0246454794627438
0.023754226245114
0.0229070827042979
0.0221031471745045
0.0213375182580368
0.0206099947857411
0.0199195757826207
0.0192583604380571
0.0186249480801299
0.0180193381535569
0.0174318302008174
0.0168775238460598
0.0163513187814372
0.0158427147555457
0.0153517115636782
0.0148784090396369
0.014422707048882
0.0139846054828169
0.0135672042540395
0.0131671032924074
0.0127805025417913
0.012407201957404
0.0120473015036102
0.0117008011521377
0.0113677008806184
0.0110463006714063
0.0107356005106194
0.0104356003873678
0.0101464002931325
0.00986790022126807
0.00960000016660481
0.00933990012513273
0.00908590009374942
0.0088405000700617
0.00860360005222834
0.00837540003883711
0.00815570002880727
0.00794470002131433
0.0077432000157309
0.00754690001158116
0.00735580000850483
0.00716990000623009
0.0069891000045523
0.0068136000033181
0.00664320000241248
0.00647790000174967
0.00631790000126573
0.00616310000091341
0.00601340000065752
0.00586890000047215
0.00572960000033814
0.00559540000024161
0.00546650000017221
0.00534270000012245
0.00522580000008681
0.00511120000006142
0.00499900000004336
0.00488900000003054
0.00478140000002142
0.00467620000001502
0.00457320000001051
0.00447260000000735
0.00437430000000509
0.00427830000000355
0.00418470000000247
0.00409330000000173
0.00400430000000117
0.00391770000000082
0.00383330000000058
0.00375130000000042
0.00367160000000027
0.0035942000000002
0.00351910000000015
0.00344640000000012
0.00337600000000007
0.00330790000000006
0.00324220000000005
0.00317870000000005
0.00311760000000002
0.00305880000000003
0.00300240000000003
0.00294830000000003
0.00289340000000001
0.00283950000000002
0.00278660000000002
0.00273470000000003
0.00268390000000001
0.00263400000000002
0.00258510000000002
0.00253720000000003
0.00249040000000001
0.00244450000000002
0.00239970000000002
0.00235580000000002
0.00231300000000001
0.00227110000000001
0.00223030000000002
0.00219040000000002
0.00215160000000001
0.00211380000000001
0.00207690000000002
4.97898071990603e-22
