0.00010953883719724
0.0001106768100217
0.000111829565563012
0.000112997333980553
0.000114180349607729
0.000115378851022337
0.000116593081166452
0.000117823287400809
0.000119069721626966
0.000120332640361805
0.000121612304844593
0.000122908981133771
0.000124222940205257
0.000125554458060456
0.00012690381583195
0.000128271299882525
0.000129657201929777
0.000131061819158848
0.000132485454324712
0.000133928415887932
0.000135391018126009
0.000136873581262419
0.000138376431600145
0.000139899901640708
0.000141444330229375
0.000143010062689349
0.000144597450955958
0.000146206853735002
0.000147838636642658
0.000149493172344219
0.000151170840747718
0.000152872029109173
0.000154597132248731
0.000156346552673782
0.000158120700781039
0.000159919995018438
0.000161744862068203
0.000163595737028823
0.000165473063601809
0.000167377294293214
0.000169308890609567
0.0001712683232577
0.000173256072348056
0.00017527262763596
0.000177318488701332
0.00017939416520202
0.000181500177101017
0.000183637054889453
0.000185805339846048
0.000188005584277926
0.000190238351774185
0.00019250421747934
0.000194803768340703
0.00019713760341061
0.000199506334109049
0.00020191058452627
0.000204350991713201
0.00020682820599561
0.000209342891286126
0.000211895725388466
0.000214487400367213
0.000217118622853367
0.000219790114404391
0.000222502611859067
0.000225256867723213
0.000228053650523252
0.000230893745197756
0.00023377795352345
0.000236707094482478
0.000239682004711479
0.000242703538936475
0.000245772570380626
0.000248889991271426
0.00025205671326205
0.000255273667944254
0.000258541807326706
0.000261862104353656
0.00026523555341404
0.000268663170883771
0.000272145995684217
0.000275685089845915
0.000279281539085377
0.000282936453404265
0.000286650967728539
0.000290426242498031
0.000294263464366282
0.000298163846842997
0.000302128630980311
0.000306159086105968
0.000310256510526456
0.00031442223229198
0.000318657609968186
0.000322964033430673
0.000327342924667336
0.000331795738653299
0.000336323964171221
0.000340929124745475
0.000345612779536914
0.000350376524283001
0.000355221992289192
0.000360150855404458
0.000365164825078507
0.000370265653406991
0.000375455134220121
0.000380735104223159
0.000386107444143988
0.000391574079929157
0.000397136983979199
0.000402798176406938
0.000408559726348612
0.000414423753318982
0.000420392428565805
0.000426467976532925
0.00043265267631516
0.000438948863188489
0.00044535893014678
0.000451885329546395
0.000458530574762151
0.000465297241869156
0.000472187971466018
0.00047920547045002
0.000486352513920762
0.000493631947109992
0.00050104668739589
0.000508599726343909
0.000516294131856569
0.00052413305035297
0.000532119709060465
0.000540257418313895
0.000548549574013072
0.000556999660077751
0.000565611251047518
0.000574388014718069
0.000583333714885549
0.000592452214183761
0.000601747476998476
0.000611223572487283
0.000620884677695862
0.000630735080772324
0.000640779184304732
0.000651021508734573
0.00066146669592505
0.00067211951281861
0.000682984855217032
0.000694067751706315
0.000705373367704261
0.000716907009626466
0.000728674129219444
0.000740680328035927
0.000752931362023747
0.000765433146333368
0.000778191760245873
0.000791213452272762
0.000804504645430739
0.000818071942722346
0.000831922132774714
0.000846062195673574
0.00086049930903519
0.000875240854233487
0.000890294422887302
0.000905667823557657
0.000921369088674445
0.00093740648171526
0.000953788504619068
0.000970523905494685
0.000987621686555422
0.00100509111237547
0.00102294171839373
0.00104118331979303
0.00105982602059703
0.00107888022317733
0.00109835663805128
0.00111826629405175
0.00113862054885253
0.0011594310998841
0.00118070999562373
0.00120246964731256
0.00122472284109494
0.00124748275058585
0.00127076294990388
0.00129457742719637
0.00131894059860234
0.00134386732283312
0.00136937291614419
0.00139547316799612
0.00142218435720191
0.00144952326869503
0.00147750721095337
0.00150615403400972
0.00153548214815313
0.00156551054336364
0.00159625880940857
0.00162774715673326
0.00165999643810867
0.00169302817111274
0.0017268645614099
0.0017615285269662
0.00179704372312825
0.00183343456865759
0.00187072627274622
0.0019089448630693
0.00194811721486767
0.00198827108114328
0.00202943512401689
0.00207163894723079
0.00211491312993827
0.00215928926171087
0.00220479997895271
0.00225147900262571
0.00229936117745287
0.00234848251260081
0.00239888022391795
0.00245059277773904
0.00250365993645007
0.00255812280567892
0.00261402388334721
0.00267140711059364
0.00273031792457346
0.00279080331335152
0.00285291187280001
0.00291669386572072
0.00298220128316337
0.00304948790807374
0.00311860938139708
0.00318962327059095
0.003262589140819
0.00333756862873225
0.00341462551908469
0.00349382582419458
0.00357523786636668
0.00365893236337668
0.00374498251716818
0.00383346410576645
0.00392445557862376
0.00401803815543963
0.00411429592858692
0.00421331596925444
0.00431518843741184
0.00442000669572705
0.00452786742754469
0.00463887075901217
0.00475312038550057
0.00487072370244033
0.00499179194062256
0.00511644030616243
0.00524478812513779
0.00537695899307723
0.00551308092936107
0.00565328653661945
0.00579771316524798
0.0059465030830575
0.00609980365019115
0.00625776749930084
0.00642055272107168
0.00658832305509756
0.00676124808611192
0.0069395034455645
0.00712327101853231
0.00731273915587713
0.00750810289153312
0.00770956416488483
0.00791733204795597
0.00813162297731621
0.00835266099035195
0.00858067796564005
0.00881591386703416
0.00905861699097907
0.00930904421658258
0.00956746125773635
0.00983414291660423
0.01010937333755
0.0103934462605759
0.0106866652730175
0.0109893440581711
0.01130180663927
0.011624387616959
0.0119574323981545
0.0123012974137662
0.0126563503224892
0.013022970197232
0.0134015476903405
0.0137924851730475
0.014196196843842
0.0146131087995057
0.0150436590615571
0.0154882975494561
0.0159474859904446
0.0164216977540145
0.0169114175968278
0.0174171413011305
0.0179393751865665
0.0184786354712771
0.0190354474535462
0.019610344479212
0.0202038666532464
0.0208165592450338
0.0214489707262952
0.0221016503676312
0.0227751453033717
0.0234699969546603
0.0241867366760415
0.0249258804602189
0.0256879224977727
0.0264733273412013
0.0272825203636327
0.0281158761286271
0.0289737041947599
0.0298562317622964
0.0307635824228331
0.0316957500880679
0.0326525669409695
0.0336336639582739
0.0346384221811911
0.0356659124406768
0.0367148206492212
0.0377833550208498
0.0388691306366226
0.0399690255892963
0.0410790014662021
0.0421938791097699
0.0433070583798541
0.044410167999303
0.0454926285066722
0.0465411079717934
0.0475388467259806
0.0484648244908709
0.049292742028197
0.0499897916317931
0.0505151994762697
0.0508185426856071
0.0508378816441925
0.0504978120814771
0.0497076408954842
0.0483600302906566
0.0463306310814076
0.0434794084353604
0.0396544836753292
0.0346992610925558
0.0284632445274623
0.0208161918059101
0.0116641897619853
0.00096519318635558
-0.0112589281332258
-0.0249163402274366
-0.039846340958765
-0.0558270531068684
-0.0725878960529412
-0.0898246073346033
-0.107214899814144
-0.124433389731848
-0.141164813890982
-0.157114744903027
-0.172017285496346
-0.185639793856485
-0.19778541546708
-0.20829463110458
-0.217046858954506
-0.223962517355159
-0.229005344702339
-0.23218455049007
-0.233556495488692
-0.233225733651485
-0.231345085763062
-0.228113906492847
-0.223773091555515
-0.218595066828562
-0.21286742280982
-0.206870205332433
-0.200848936774621
-0.194987557096351
-0.18938672454612
-0.18405253229893
-0.178898480887856
-0.173760116228152
-0.168418416968059
-0.16262622739408
-0.156132509587604
-0.148701451920857
-0.140126136316108
-0.130238174918976
-0.118914972733191
-0.106085512726306
-0.091734624329973
-0.0759050899641063
-0.0586966421762442
-0.0402607414797361
-0.0207901668539758
-0.000503328160347214
0.0203750768680677
0.0416335747975214
0.0630892777091389
0.0845957609127042
0.106042658714381
0.127349055705241
0.148454616472358
0.169312497548693
0.189886515650433
0.210152561613241
0.230101906199791
0.249742800596686
0.269097128560524
0.288190663915106
0.30703800476692
0.325625509074903
0.343896669919777
0.361743920564302
0.379009082498906
0.39549234774577
0.410967707061241
0.425201597418665
0.437971224315986
0.44907927904783
0.458362548111263
0.465693342875771
0.470974738338806
0.474132695757098
0.475109167352097
0.47385941948995
0.470354320545816
0.464585593055801
0.456570587423886
0.44635363518264
0.434002875356372
0.419603399498042
0.403248706891547
0.385032600768592
0.365043127391018
0.34335942146665
0.320051672211532
0.295183953251202
0.268819327013246
0.241026367058674
0.211885992653583
0.181497292809416
0.149980934234531
0.117478988105998
0.0841507657351063
0.0501655227470135
0.0156942751692087
-0.0190963132748624
-0.0540456928396387
-0.0889966340057845
-0.123790117075019
-0.158261451803669
-0.192240478393452
-0.22555646784052
-0.258045989140964
-0.289560828032192
-0.319973362861198
-0.349178064419727
-0.377089155487889
-0.403635399269673
-0.428753374062116
-0.452380590835053
-0.474449624799247
-0.494884192264344
-0.513597847956583
-0.530495674166045
-0.545478913135393
-0.558451900126823
-0.569329922452322
-0.578045984212072
-0.584554320782789
-0.588829303661759
-0.590860128796806
-0.590643704721238
-0.5881792582788
-0.583467454358883
-0.576514489770204
-0.567339010877693
-0.555978360720802
-0.542491216113448
-0.526955528241792
-0.50946262988928
-0.490109511803009
-0.468991407498023
-0.44619629854352
-0.421802216744123
-0.3958775712443
-0.368484255617029
-0.339682954671333
-0.309539802197869
-0.278133292972345
-0.245560137836872
-0.21193866935808
-0.177408645001201
-0.142127047357173
-0.106260748745794
-0.0699782917942392
-0.0334437551919022
0.00318500584201939
0.0397535349877159
0.0761056086897328
0.112079287789427
0.147507054957423
0.182220669597253
0.216059013150042
0.248876006137174
0.280545994058094
0.310965260428763
0.340049697725508
0.367729605025801
0.393942972616892
0.41862861416909
0.441720320233175
0.463142964362043
0.482811233905388
0.50063135117058
0.516505729528284
0.53033991576234
0.542050440286683
0.551571555069393
0.558858707718855
0.563887400703941
0.566647839606057
0.567137797140425
0.565357217523425
0.561307358278856
0.554994923730549
0.546439029399494
0.535677491770136
0.522769495503241
0.507793548128501
0.490841586711601
0.472011243464922
0.451398414851753
0.42909175049038
0.405169940752617
0.379702031962108
0.352750524249065
0.32437667162214
0.294647135460427
0.263640894837628
0.231455102570848
0.198208494571078
0.164041199623424
0.129110549329475
0.0935837552674918
0.0576297036297441
0.0214128339072314
-0.0149086121496862
-0.0511797645442051
-0.0872439651805606
-0.122938831614843
-0.158096408878159
-0.192548037355118
-0.22613220726234
-0.258702480520715
-0.290132878011669
-0.320319391872974
-0.349177654655651
-0.37663773451885
-0.402637416546769
-0.427115330379747
-0.450005097682165
-0.471231430949805
-0.49070885645013
-0.508343428193829
-0.524037378938085
-0.537696060816475
-0.549235798037549
-0.558590631545773
-0.565715803202266
-0.570586626592412
-0.573193145793419
-0.573533006188102
-0.57160606000072
-0.567413503222035
-0.560961999457435
-0.552270632487132
-0.541377184927778
-0.528340797353371
-0.513239918927924
-0.496166413775754
-0.477217828943589
-0.456489967154183
-0.4340713795629
-0.410040656796129
-0.384466747001711
-0.357412056038408
-0.328937749476155
-0.299110407647168
-0.268008937105933
-0.235730427261894
-0.202393559561454
-0.168138416085115
-0.133122287052117
-0.0975123442564423
-0.0614774310815056
-0.0251819365473838
0.011215959197576
0.0475614601510589
0.0836979932338021
0.119463268443119
0.154689425903856
0.189207899030265
0.222857265274489
0.255491165645743
0.286983690894328
0.317230893673321
0.346148458157051
0.373666496091985
0.399722829315186
0.424256118964635
0.447200014919998
0.468479256898301
0.488008399784336
0.505693529754895
0.521436916788836
0.535143955769737
0.546731018353627
0.556132195437669
0.563302778017569
0.568218124093544
0.570868313777562
0.571251017589333
0.569366101316583
0.565214764332982
0.558803666543523
0.550151884908362
0.539297195933165
0.526298737671455
0.511234961899933
0.494197740748291
0.475284633995495
0.454591460683867
0.432206790633432
0.408209234345757
0.382667760085604
0.355644793238333
0.327201517569984
0.297404529613942
0.266332749568182
0.234083277535597
0.200774802593882
0.166547411701075
0.131558398057301
0.0959749359821153
0.0599658728103966
0.023695604903923
-0.0126776753033211
-0.0489991538901367
-0.0851122346194023
-0.120854600453468
-0.156058362537801
-0.190554925365394
-0.224182839186578
-0.256795720640852
-0.288267639499504
-0.318494630947013
-0.347392365020387
-0.374890942283664
-0.400928175820488
-0.425442719780608
-0.448368218025862
-0.469629404332286
-0.489140826803801
-0.506808563176551
-0.522534872754906
-0.536225137333765
-0.547795713391622
-0.557180675428965
-0.564335298168231
-0.569234925070303
-0.571869624994901
-0.572237061615685
-0.570337098656009
-0.566170937717108
-0.559745243994575
-0.551079101169769
-0.540210292282235
-0.527197960479465
-0.512120560484326
-0.495069965053238
-0.476143732497665
-0.455437678736741
-0.433040369309397
-0.409030409746214
-0.383476763062849
-0.356441849484308
-0.32798684804535
-0.298178351297966
-0.267095276496449
-0.234834722056968
-0.201515376720514
-0.167277328352068
-0.132277871929052
-0.0966841837559647
-0.0606651124713577
-0.0243850541097372
0.0119978016290197
0.0483286463447486
0.0844508919748938
0.120202231701895
0.155414788030814
0.189919976985786
0.223556359693857
0.256177562446714
0.287657663145117
0.317892703507481
0.346798358594521
0.37430473267314
0.4003496414706
0.424871741041884
0.447804676788612
0.469073184071248
0.488591813038816
0.506266644304925
0.521999941146778
0.535697090515022
0.547274455084015
0.556666116192321
0.56382735541368
0.56873352230238
0.571374690291131
0.571748525535404
0.569854891927612
0.565694989123608
0.559275478826918
0.550615440460667
0.539752652831079
0.526746255504097
0.511674700642187
0.49462985957215
0.47570929021975
0.455008808965264
0.432616982422455
0.408612417584868
0.383064079115387
0.356034388883939
0.327584527389901
0.297781088297298
0.266702989460389
0.234447329256551
0.201132795687164
0.166899475220554
0.131904660968412
0.0963155272466784
0.0603009210558608
0.024025237656583
-0.0123533327322089
-0.0486799796757547
-0.0847981116130603
-0.120545417075147
-0.155754013242329
-0.190255310663009
-0.223887865290263
-0.256505298860427
-0.287981685505663
-0.318213064004432
-0.347115107258534
-0.374617918051032
-0.400659311156585
-0.425177942036257
-0.448107455660375
-0.469372586908329
-0.488887885183892
-0.506559429898913
-0.522289482533291
-0.535983427593936
-0.547557624732729
-0.556946151890418
-0.564104287198797
-0.569007377142294
-0.571645492877632
-0.572016299405211
-0.57011966072539
-0.565956777777321
-0.559534314427879
-0.550871352723114
-0.540005674116534
-0.526996420493521
-0.511922045793343
-0.494874422503817
-0.475951109132483
-0.455247922162111
-0.432853427953294
-0.408846233013337
-0.383295301399151
-0.356263054360689
-0.327810671866094
-0.29800474723817
-0.266924198275721
-0.234666123665299
-0.20134921212506
-0.167113551229741
-0.13211643548479
-0.0965250406903713
-0.0605082151468911
-0.0242303549271006
0.0121503496846186
0.0484790890767531
0.0845992733829469
0.120348593528981
0.155559169515469
0.190062414831686
0.223696888223838
0.256316213882567
0.287794467952065
0.318027690752656
0.346931556284658
0.374436168048363
0.400479341238886
0.424999731540957
0.447930984063748
0.469197833860651
0.48871483066485
0.506388054481132
0.522119767724646
0.53581535621038
0.547391181234911
0.556781322607017
0.563941060361649
0.568845742681792
0.571485441971692
0.571857823833362
0.569962752133098
0.565801426984017
0.559380510901153
0.550719084295165
0.539854926954789
0.526847179279997
0.51177429403445
0.494728142888215
0.475806283872363
0.455104533279325
0.432711457494711
0.4087056631944
0.383156114679687
0.356125233456585
0.327674199698057
0.297869606818016
0.266790372533459
0.23453359522698
0.201217963063613
0.16698356282608
0.131987688051288
0.0963975135148823
0.0603818866055874
0.0241052027842499
-0.0122743478165316
-0.0486019551878638
-0.0847210285253272
-0.120469257379632
-0.155678760107579
-0.190180948473995
-0.223814379586227
-0.256432676200563
-0.287909913295335
-0.318142130310374
-0.347045000632886
-0.374548627377687
-0.40059082552854
-0.425110250670974
-0.448040547858753
-0.469306452061745
-0.48882251283046
-0.50649480982486
-0.522225604908606
-0.535920283123093
-0.547495204794462
-0.55688444863524
-0.564043293574041
-0.568947086822717
-0.571585900097413
-0.571957398709854
-0.570061446684376
-0.565899244709608
-0.559477456189407
-0.550815162587292
-0.539950144754335
-0.526941544036616
-0.51186781395038
-0.494820826697728
-0.475898140633466
-0.455195572200621
-0.432801687806754
-0.408795094065961
-0.383244755176785
-0.3562130925416
-0.327761286268315
-0.297955929783143
-0.266875940928529
-0.234618418354291
-0.201302050647547
-0.167066925156668
-0.132070336082854
-0.0964794588843291
-0.0604631415417011
-0.0241857798997699
0.0121944358300348
0.0485226959147926
0.0846424101675113
0.120391269024757
0.155601391885466
0.190104191591017
0.223738226254867
0.25635711949668
0.287834946979674
0.318067748644448
0.34697119821101
0.374475398987891
0.400518166050011
0.425038155012266
0.447969010939976
0.469235468842301
0.488752078381285
0.506424919439715
0.52215625424218
0.535851468337031
0.547426922684464
0.556816696709097
0.563976070051659
0.568880390539094
0.571519730307892
0.571891754820842
0.569996327953221
0.565834649968155
0.559413383639891
0.550751609699753
0.539887108267541
0.526879020042114
0.511805798026365
0.494759314058725
0.475837126269953
0.455135050993784
0.432741654612679
0.408735543769615
0.383185682717642
0.35615449291334
0.327703154493174
0.297898260861684
0.266818729767191
0.234561659674789
0.201245738888399
0.167011054381599
0.132014899917539
0.0964244505035206
0.0604085537254245
0.0241316051642446
-0.0122482050386606
-0.0485760669936531
-0.0846953901375096
-0.120443864356619
-0.155653608397345
-0.190156034423996
-0.22378969991593
-0.256408227948646
-0.287885693754178
-0.31811813695904
-0.347021231076373
-0.374525079296496
-0.400567496641822
-0.425087138714269
-0.448017650577882
-0.46928376722272
-0.488800038245592
-0.506472543392276
-0.522203544660476
-0.535898427275271
-0.547473551787183
-0.556862997154518
-0.564022042543495
-0.568926035361303
-0.571565047444493
-0.571936744128365
-0.570040989358497
-0.565878983656054
-0.55945739019733
-0.550795290195215
-0.539930464261316
-0.526922053539446
-0.511848511394061
-0.49480170992825
-0.475879207444152
-0.455176820368527
-0.432783115118019
-0.408776698331178
-0.383226534237243
-0.356195044268173
-0.327743408552873
-0.297938220523164
-0.266858398005551
-0.23460103960762
-0.201284833846201
-0.167049867974041
-0.132053436080623
-0.0964627135119827
-0.0604465481567717
-0.0241693358104949
0.012210733304157
0.0485388493745308
0.0846584220697195
0.120407141634635
0.155617127251732
0.1901197915455
0.223753692431737
0.25637245336403
0.287850149876469
0.318082821816551
0.346986142842868
0.374490216228223
0.400532857029949
0.425052720855838
0.447983452766641
0.46924978776102
0.48876627547689
0.506438995752715
0.522170210744536
0.535865305907744
0.547440642090002
0.556830298593976
0.563989554944542
0.568893758876716
0.571532982476375
0.571904891208585
0.570009349006716
0.565847556239516
0.559426175817236
0.550764288616379
0.539899674891512
0.526891475451603
0.51181814337886
0.494771550560506
0.475849255150494
0.455147073486547
0.432753571942744
0.408747357146784
0.383197393334216
0.356166101945672
0.327714663106741
0.297909670219356
0.266830041040125
0.234572874055734
0.201256857605133
0.167022078708791
0.132025831184109
0.0964352900919168
0.0604193030604214
0.0241422656912376
-0.0122376318838637
-0.0485655798184036
-0.0846849876225096
-0.120433545277294
-0.155643371633295
-0.19014587895719
-0.223779624819866
-0.256398232372182
-0.287875776903938
-0.318108298082077
-0.347011469444566
-0.374515394193976
-0.400557887354992
-0.4250776045259
-0.448008190765144
-0.469274381060477
-0.488790725014224
-0.506463302391204
-0.522194375225209
-0.535889328797405
-0.547464523734068
-0.556854039084924
-0.564013154115989
-0.568917216331239
-0.571556297648275
-0.571928063455857
-0.570032377717627
-0.565870440936283
-0.559448916238611
-0.550786884767257
-0.539922127055448
-0.526913784171487
-0.511840309415479
-0.494793574840976
-0.475871138716175
-0.455168817447943
-0.432775177443764
-0.408768825340058
-0.383218725367688
-0.356187298959241
-0.327735726239523
-0.297930600626901
-0.266850839921001
-0.234593542685572
-0.201277397375261
-0.167042491163949
-0.132046118050713
-0.0964554532894325
-0.0604393446875008
-0.0241621879829139
0.0122178266249915
0.0485458893079263
0.0846654096819749
0.120414077909534
0.155624013072819
0.190126627690602
0.223760479578139
0.256379192101674
0.28785684072484
0.318089465242953
0.346992739279229
0.374496766085174
0.400539360707068
0.425059178747679
0.447989865263582
0.469256155245481
0.488772598314357
0.506445274278601
0.522176445248323
0.535871496616055
0.547446789152504
0.556836402074915
0.563995614822514
0.568899775055149
0.571538954804229
0.571910819509194
0.57001523311044
0.565853396016345
0.559431971203444
0.5507700396327
0.53990538164962
0.52689713815136
0.511823762296845
0.494777126034321
0.475854787561643
0.455152563244282
0.43275901947065
0.408752762872705
0.383202757683586
0.356171425338213
0.327719945956213
0.297914912935986
0.266835244035922
0.234578037751524
0.20126198243948
0.167027165147666
0.132030879729392
0.0964403012882662
0.0604242774977376
0.0241472040014842
-0.0122327290364719
-0.0485607117534375
-0.0846801536643058
-0.120428744777205
-0.15563860399006
-0.190141143631491
-0.223774921342277
-0.25639356034279
-0.287871135986591
-0.318103687993951
-0.34700688994415
-0.374510845069151
-0.400553368412637
-0.425073115583548
-0.448003731645613
-0.469269951588907
-0.488786325018394
-0.506458931703614
-0.522190033687541
-0.535885016265292
-0.547460240082361
-0.556849784211545
-0.564008927943348
-0.568913018804402
-0.571552128728984
-0.571923923113739
-0.570028265919592
-0.56586635763543
-0.559444861365793
-0.550782858225216
-0.539918128716705
-0.526909813878981
-0.511836366985595
-0.494789660067752
-0.475867251375662
-0.455164957302704
-0.43277134424669
-0.408765018838115
-0.383214945304484
-0.356183545077457
-0.32773199828243
-0.297926898339089
-0.266847163048315
-0.234589890973788
-0.201273770567684
-0.167038888997783
-0.132042540252964
-0.0964518995733453
-0.060435814750823
-0.0241586815103212
0.0122213099554379
0.0485493498141234
0.0846688476664606
0.120417493649134
0.155627406812653
0.190129999643388
0.223763829927753
0.256382521009631
0.287860148337905
0.318092751700345
0.346996004718637
0.374500010647217
0.400542584538834
0.42506238200458
0.447993048110576
0.469259317856767
0.488775740872202
0.506448396970287
0.522179548261375
0.535874580131909
0.547449853337802
0.556839447072361
0.563998640743065
0.568902781972584
0.571541942756334
0.571913788504642
0.570018183141992
0.565856327075628
0.559434883295208
0.550772932783888
0.539908255913023
0.526899993603357
0.51182659903192
0.494779944157992
0.475857587183667
0.455155344473506
0.432761782411303
0.408755507622535
0.383205484333612
0.356174133974066
0.327722636661097
0.297917585796371
0.266837899148148
0.234580675230787
0.201264602429901
0.167029767831557
0.132033465333916
0.0964428700874252
0.0604268298074735
0.0241497401680375
-0.0122302086536197
-0.0485582068005877
-0.0846776638113793
-0.120426269730496
-0.155636143498498
-0.190138697487319
-0.223772489376347
-0.256391142417633
-0.287868731987899
-0.318101297823366
-0.347004513512877
-0.374508482293627
-0.400551019211796
-0.425070779878078
-0.448001409359045
-0.469267642650792
-0.488784029368497
-0.506456649297742
-0.52218776450388
-0.535882760309814
-0.547457997392815
-0.556847554857382
-0.56400671202224
-0.568910816433563
-0.571549940033712
-0.571921748213661
-0.570026104915001
-0.565864210596982
-0.559442728327349
-0.550780739181899
-0.53991602362756
-0.526907722672726
-0.511834289568411
-0.494787596331452
-0.475865201204878
-0.455162920580366
-0.432769320857541
-0.408763008670386
-0.383212948249178
-0.356181561026375
-0.327730027123664
-0.29792493995167
-0.26684521729537
-0.234587957695538
-0.201271849575557
-0.167036980070422
-0.132040643136957
-0.096450013987663
-0.0604339403965589
-0.024156818081942
0.0122231627580167
0.0485511922758435
0.0846706800499815
0.120419316191018
0.15562921972182
0.190131803100798
0.223765624087871
0.256384306002549
0.287861924272528
0.318094518668116
0.346997762798472
0.374501759908904
0.400544325046458
0.425064113818369
0.447994771286793
0.469261032445539
0.488777446913462
0.506450094488082
0.522181237257492
0.535876260579932
0.547451525179427
0.556841110217495
0.564000295073561
0.568904427350242
0.571543579033008
0.571915415532532
0.570019800782423
0.565857935205407
0.559436481811179
0.55077452160594
0.539909834986361
0.52690156289947
0.511828158548546
0.494781493918282
0.475859127233572
0.455156874878905
0.43276330325468
0.408757018999977
0.383206986351776
0.356175626748492
0.327724120314433
0.297919060457479
0.266839364951815
0.234582132317687
0.201266050947062
0.167031207932671
0.13203489718097
0.0964442938507152
0.0604282456654754
0.0241511483051081
-0.0122288080521895
-0.0485568135561241
-0.0846762777601233
-0.120424890731932
-0.155634771441135
-0.190137332290375
-0.223771130987894
-0.256389790810098
-0.287867387152237
-0.318099959762822
-0.34700318223875
-0.374507157821374
-0.400549701559144
-0.425069469064177
-0.448000105404305
-0.469266345577406
-0.48878273920137
-0.506455366064867
-0.522186488236512
-0.535881491042088
-0.547456735160339
-0.556846299695468
-0.564005463962456
-0.56890957550012
-0.571548706238415
-0.571920521550515
-0.570024885356131
-0.565862998089956
-0.55944152279568
-0.550779540528871
-0.539914831742928
-0.526906537440044
-0.511833110871489
-0.494786424059304
-0.475864035254209
-0.455161760856131
-0.432768167272165
-0.408761861142374
-0.383211806701518
-0.356180425385764
-0.327728897320133
-0.297923815919284
-0.266844098973904
-0.234586845033363
-0.201270742532281
-0.167035878620294
-0.132039547270864
-0.0964489237139706
-0.0604328557399202
-0.0241557390802831
0.0122242360576071
0.0485522598219184
0.0846717417920999
0.120420372084079
0.155630269730476
0.190132847202146
0.223766662272214
0.256385338273075
0.287862950643122
0.318095539160779
0.346998777439612
0.374502768727339
0.400545328070816
0.425065111075916
0.447995762803406
0.469262018246228
0.488778427024199
0.506451068938299
0.522182206082979
0.535877223826301
0.547452482904871
0.556842062494569
0.56400124198913
0.5689053690042
0.571544515534261
0.571916346995734
0.57002072732337
0.56585885693756
0.559437398842265
0.550775434035113
0.539910742902124
0.526902466378552
0.511829057656142
0.494782388708845
0.475860017752539
0.455157761165074
0.43276418534266
0.408757896921627
0.383207860138903
0.356176496432901
0.327724985929666
0.2979199220382
0.266840222533455
0.234582985935728
0.201266900634949
0.167032053720845
0.132035739094045
0.0964451319059485
0.0604290798711538
0.024151978659605
-0.0122279815605288
-0.0485559909488096
-0.0846754590661371
-0.120424075985511
-0.155633960676847
-0.190136525539712
-0.223770328274322
-0.256388992146309
-0.287866592537593
-0.318099169183125
-0.347002395665402
-0.374506375211865
-0.400548922857978
-0.425068694203421
-0.447999334303986
-0.469265578146955
-0.488781975340507
-0.506454605666372
-0.522185731189579
-0.535880737237967
-0.547455984499096
-0.556845552094701
-0.564004719365693
-0.568908833884058
-0.57154796761696
-0.571919785973912
-0.570024152905133
-0.565862268865327
-0.559440796906685
-0.550778818081829
-0.539914112831712
-0.526905822141694
-0.511832399244818
-0.494785716146775
-0.475863331085211
-0.455161060451256
-0.432767470647264
-0.408761168311568
-0.383211117679494
-0.356179740188838
-0.327728215966056
-0.297923138425342
-0.266843425353414
-0.234586175290299
-0.20127007665559
-0.167035216576124
-0.132038888995945
-0.0964482691114221
-0.0604322046779389
-0.024155091396511
0.012224880548544
0.0485529013160031
0.0846723804816797
0.120421008145842
0.155630903313863
0.190133478424044
0.223767291215559
0.256385964989281
0.287863575157737
0.318096161479535
0.346999397555094
0.37450338662396
0.400545943728887
0.425065724473757
0.447996373917875
0.469262627052309
0.488779033492832
0.50645167303316
0.522182807758132
0.535877823022053
0.547453079546477
0.556842656491052
0.56400183323541
0.568905957385677
0.571545100933472
0.571916929300416
0.570021306434122
0.565859432774544
0.55943797134898
0.550776003179852
0.539911308676209
0.526903028792953
0.511829616736712
0.494782944491351
0.47586057027853
0.455158310478457
0.432764731486261
0.408758439936737
0.383208400063858
0.356177033303566
0.327725519779488
0.297920452899582
0.266840750439906
0.234583510923036
0.201267422743689
0.1670325729977
0.132036255593299
0.0964456456898884
0.0604295910098676
0.0241524872298198
-0.0122274754783439
-0.048555487271508
-0.0846749577113989
-0.12042357687334
-0.155633463733015
-0.190136030695759
-0.223769835469798
-0.256388501328695
-0.287866103662181
-0.318098682211722
-0.347001910566306
-0.374505891957525
-0.400548441424136
-0.425068214567967
-0.447998856446426
-0.469265102047381
-0.488781500980386
-0.5064541330295
-0.522185260262934
-0.535880268014117
-0.547455516978766
-0.556845086288565
-0.564004255297503
-0.568908371590636
-0.571547507149117
-0.571919327394643
-0.570023696285603
-0.565861814282583
-0.559440344437439
-0.550778367798512
-0.539913664799331
-0.526905376415528
-0.511831955869773
-0.49478527515886
-0.475862892512782
-0.455160624317846
-0.43276703697288
-0.408760737115
-0.383210688978618
-0.356179314000298
-0.327727792304338
-0.297922717300196
-0.26684300676587
-0.234585759229079
-0.201269663091486
-0.167034805458465
-0.132038480249434
-0.0964478626363465
-0.0604318003523712
-0.0241546890823023
0.0122252809969922
0.0485533000419316
0.0846727776178719
0.120421403806083
0.155631297590318
0.190133871385232
0.223767682909815
0.256386355447665
0.287863964400103
0.31809654951945
0.346999784403339
0.374503772292483
0.400546328231829
0.425066107828986
0.447996756145814
0.469263008174415
0.488779413528952
0.506452051997915
0.522183185656458
0.535878199844792
0.547453455267075
0.556843031062377
0.564002206590721
0.568906329440139
0.571545471590831
0.571917298459593
0.570021673997844
0.565859798656178
0.559438335478938
0.550776365507496
0.539911669170632
0.526903387440223
0.511829973536279
0.494783299451255
0.475860923411893
0.455158661799834
0.432765081009417
0.408758787673923
0.383208746024755
0.356177377497037
0.327725862214438
0.297920793587688
0.266841089397953
0.234583848177297
0.201267758332362
0.167032906974728
0.132036588028958
0.096445976671435
0.0604299206376105
0.0241528156131698
-0.0122271482283408
-0.048555161049689
-0.0846746324246361
-0.12042325244625
-0.155633140111119
-0.190135707846656
-0.223769513382039
-0.256388180008922
-0.287865783131784
-0.318098362504077
-0.347001591722778
-0.374505574026844
-0.400548124459521
-0.425067898628381
-0.447998541596959
-0.469264788360132
-0.488781188536618
-0.506453821919836
-0.5221849505886
-0.535879959884433
-0.547455210506925
-0.556844781584991
-0.564003952459913
-0.56890807069458
-0.571547208237569
-0.571919030472045
-0.570023401317588
-0.565861521198457
-0.559440053139994
-0.550778078174509
-0.539913376730207
-0.526905089786737
-0.511831670575855
-0.494784991105818
-0.475862609618975
-0.455160342511487
-0.432766756189064
-0.408760457293111
-0.383210410060859
-0.356179035928821
-0.327727515021052
-0.297922440747398
-0.266842730888
-0.234585483975923
-0.201269388423117
-0.167034531350198
-0.132038206698402
-0.0964475896651898
-0.0604315280125347
-0.0241544174517485
0.0122255518161279
0.0485535699333681
0.0846730464600127
0.12042167148243
0.155631563999313
0.190134136446224
0.223767946565704
0.256386617665732
0.287864225168277
0.318096808842522
0.347000042299196
0.374504028787637
0.400546583359819
0.425066361626711
0.447997008654122
0.469263259437149
0.488779663594055
0.506452300917781
0.522183433488052
0.535878446650102
0.547453701109629
0.556843276006768
0.564002450696389
0.568906572758686
0.57154571415949
0.571917540300027
0.570021915114433
0.565860039037567
0.559438575101047
0.550776604338672
0.539911907174248
0.526903624580352
0.511830209778974
0.494783534766445
0.475861157773976
0.455158895185416
0.432765313398823
0.408759019046991
0.383208976361534
0.356177606774827
0.32772609040757
0.297921020666529
0.266841315328763
0.23458407292188
0.201267981850933
0.167033129226227
0.132036808975169
0.0964461962795194
0.0604301388841932
0.0241530324868159
-0.0122269327231765
-0.0485549468922574
-0.0846744195773545
-0.120423040856514
-0.155632929714156
-0.190135498570933
-0.223769305153172
-0.256387972754116
-0.28786557678327
-0.31809815699895
-0.347001387004617
-0.374505370042913
-0.400547921160318
-0.425067695964157
-0.447998339515442
-0.469264586806368
-0.48878098744991
-0.506453621235229
-0.522184750236904
-0.535879759796139
-0.547455010616451
-0.556844581835501
-0.564003752809505
-0.568907871121978
-0.57154700874642
-0.571918831092291
-0.570023202105157
-0.565861322230458
-0.559439854508934
-0.550777879979613
-0.539913179069398
-0.526904892748537
-0.511831474235782
-0.494784795522697
-0.475862414834609
-0.455160148553087
-0.432766563072401
-0.408760265026709
-0.383210218648501
-0.356178845375764
-0.327727325335999
-0.297922251947168
-0.266842542999294
-0.234585297037371
-0.201269202483958
-0.167034346467346
-0.132038022931305
-0.096447407068132
-0.0604313466260166
-0.0241542372961651
0.0122257307474231
0.048553747673114
0.0846732230641999
0.120421847024347
0.155631738559561
0.19013431010467
0.223768119394621
0.256386789723844
0.287864396499057
0.318096979473334
0.347000212243436
0.374504198046533
0.400546751923687
0.425066529480406
0.447997175777089
0.469263425808148
0.488779829193644
0.506452465731137
0.522183597508229
0.535878609881203
0.547453863569287
0.556843437726004
0.564002611719361
0.568906733138575
0.571545873955303
0.571917699568716
0.5700220739065
0.565860197391941
0.559438733041264
0.550776761873017
0.539912064295612
0.526903781267915
0.511830366002542
0.494783690488523
0.475861312953619
0.455159049781681
0.432765467371368
0.408759172359168
0.383209128981572
0.356177758677399
0.327726241575309
0.297921171092492
0.266841465017527
0.234584221891899
0.201268130135437
0.167033276872864
0.132036956044762
0.0964463428419545
0.0604302850126781
0.0241531782504772
-0.0122267872664184
-0.0485548017007864
-0.0846742746292568
-0.120422896149746
-0.155632785263522
-0.1901353544029
-0.223769161299778
-0.256387829248568
-0.287865433655661
-0.318098014275058
-0.347001244704948
-0.374505228184439
-0.400547779758366
-0.425067555035142
-0.44799819908014
-0.469264446891501
-0.48878084809288
-0.506453482484266
-0.522184612153055
-0.535879622451197
-0.547454874089479
-0.556844446208862
-0.564003618159571
-0.568907737511714
-0.571546876217176
-0.571918699659574
-0.570023071754976
-0.565861192922947
-0.559439726181217
-0.550777752555298
-0.53991305246413
-0.52690476688015
-0.511831349027609
-0.494784670908412
-0.475862290759165
-0.455160024971259
-0.432766439948091
-0.408760142328688
-0.383210096348119
-0.356178723442811
-0.327727203738155
-0.297922130645396
-0.26684242194886
-0.234585176186493
-0.201269081776804
-0.167034225848366
-0.13203790234962
-0.0964472864846434
-0.0604312260180514
-0.0241541166626031
0.0122258513855888
0.0485538682754553
0.0846733435743485
0.120421967377491
0.155631858687942
0.190134429945348
0.223768238891205
0.25638690883189
0.287864515184511
0.318097097712689
0.347000330022993
0.374504315359352
0.400546868769329
0.425066645862318
0.44799729170181
0.46926354128364
0.488779944227177
0.50645258032982
0.52218371167714
0.535878723621299
0.547453976880284
0.556843550604474
0.564002724161396
0.568906845142618
0.571545985523846
0.571917810713683
0.570022184648317
0.565860307760151
0.55943884307346
0.550776871609312
0.539912173776947
0.52690389053294
0.511830475084703
0.494783799416568
0.475861421751759
0.455159158469391
0.432765575966079
0.408759280876289
0.383209237434065
0.356177867076594
0.327726349928253
0.297921279400962
0.266841573274721
0.23458433008126
0.201268238226464
0.16703338482039
0.1320370637885
0.0964464503077469
0.0604303921163592
0.0241532849022719
-0.0122266811552459
-0.0485546962120749
-0.0846741698324997
-0.120422792098998
-0.155632681994909
-0.190135251935405
-0.22376905963707
-0.256387728384041
-0.287865333574825
-0.318097914960547
-0.34700114613784
-0.374505130347846
-0.400547682636945
-0.425067458614046
-0.447998103344848
-0.469264351826312
-0.488780753677276
-0.50645338869105
-0.522184518946634
-0.535879529785265
-0.547454781906779
-0.556844354442387
-0.564003526736527
-0.568907646358236
-0.571546785263866
-0.571918608848682
-0.570022981042503
-0.565861102283245
-0.559439635606453
-0.550777662053952
-0.539912962058406
-0.526904676600528
-0.511831258911205
-0.494784580992642
-0.475862201081287
-0.455159935565797
-0.432766350846274
-0.408760053557237
-0.383210007931127
-0.35617863540072
-0.327727116087085
-0.297922043397469
-0.266842335111051
-0.234585089759914
-0.201268995753475
-0.167034140211762
-0.132037817073298
-0.0964472015321431
-0.0604311413462023
-0.0241540322243487
0.0122259356362581
0.0485539523769599
0.0846734275553349
0.120422051253871
0.155631942463408
0.190134513612257
0.223768322436079
0.256386992237077
0.287864598431913
0.318097180787103
0.347000412912027
0.374504398055012
0.400546951268323
0.425066728164305
0.447997373809564
0.469263623201357
0.488780025958967
0.506452661877634
0.522183793037951
0.535878804787105
0.547454057832388
0.556843631315317
0.564002804591424
0.568906925242801
0.571546065237955
0.57191788998083
0.570022263409481
0.565860385963319
0.559438920677233
0.550776948586666
0.539912250114995
0.526903966231829
0.511830550155656
0.494783873877612
0.475861495625058
0.455159231777958
0.432765648731195
0.408759353116446
0.383209309163633
0.35617793830585
0.327726420663462
0.297921349644884
0.266841643028814
0.234584399346344
0.20126830700373
0.167033453116966
0.132037131617076
0.0964465176883148
0.0604304590790048
0.0241533514864028
-0.0122266149036915
-0.0485546302415829
-0.0846741040902774
-0.120422726534677
-0.155632616563437
-0.190135186597928
-0.223768994364893
-0.256387663153948
-0.287865268371917
-0.318097849774409
-0.347001080962111
-0.374505065177341
-0.400547617466822
-0.425067393440151
-0.447998038162661
-0.469264286631365
-0.488780688465293
-0.506453323459657
-0.522184453695069
-0.535879464516488
-0.547454716629226
-0.556844289169853
-0.564003461489669
-0.568907581166231
-0.57154672016316
-0.571918543881642
-0.570022916257141
-0.565861037728658
-0.559439571331535
-0.550777598101901
-0.539912898465221
-0.526904613393655
-0.511831196108116
-0.494784518604422
-0.475862139111744
-0.455159874014617
-0.432766289710106
-0.408759992833096
-0.38320994761589
-0.356178575492599
-0.327727056586624
-0.297921984308304
-0.266842276439548
-0.23458503151573
-0.201268937949354
-0.167034082863117
-0.132037760195058
-0.0964471451393752
-0.0604310854478777
-0.0241539768218037
0.0122259905530791
0.04855400683187
0.0846734815858718
0.120422104907573
0.155631995795742
0.19013456668036
0.223768375292193
0.256387044926429
0.287864650988732
0.31809723323499
0.347000465263502
0.374504450312994
0.400547003427742
0.425066780214535
0.44799742573505
0.46926367498364
0.488780077579368
0.506452713317627
0.522183844282171
0.53587885582343
0.547454108655994
0.556843681926897
0.564002855001915
0.568906975468763
0.571546115302715
0.571917939910262
0.57002231322819
0.565860435691892
0.559438970327784
0.550776998163221
0.539912299613687
0.52690401564202
0.511830599461281
0.494783923062329
0.475861544672078
0.455159280673125
0.432765697463337
0.408759401678375
0.383209357551778
0.356177986521103
0.327726468711019
0.297921397532231
0.266841690766887
0.234584446946919
0.201268354480247
0.167033500479414
0.132037178873906
0.0964465648426444
0.0604305061260762
0.0241533984148524
-0.0122265681111654
-0.0485545836073897
-0.0846740576391246
-0.120422680290582
-0.155632570547501
-0.190135140828422
-0.223768948853815
-0.25638761790965
-0.287865223397172
-0.31809780506975
-0.347001036523567
-0.374505020999121
-0.400547573541909
-0.425067349760162
-0.447997994716619
-0.469264243408054
-0.488780645452655
-0.506453280643835
-0.522184411062352
-0.535879422051904
-0.547454674317555
-0.556844246998127
-0.564003419444115
-0.568907539234387
-0.571546678333209
-0.571918502142258
-0.570022874599063
-0.565860996143078
-0.559439529812365
-0.550777556644899
-0.539912857069295
-0.52690457206182
-0.511831154844407
-0.494784477415973
-0.475862098005744
-0.455159833000448
-0.432766248796796
-0.408759952029147
-0.383209906930157
-0.356178534934223
-0.327727016164725
-0.297921944032059
-0.266842236319095
-0.234584991560435
-0.201268898169908
-0.16703404326739
-0.132037720790579
-0.0964471059300205
-0.0604310464367314
-0.024153938009016
0.0122260291672683
0.0485540452473158
0.0846735198002609
0.120422142916595
0.155632033592711
0.190134604257439
0.223768412642414
0.256387082043823
0.287864687870638
0.318097269880509
0.347000501676083
0.37450448649837
0.400547039395084
0.425066815974074
0.44799746130081
0.469263710370421
0.488780112804055
0.50645274839735
0.522183879234837
0.535878890666625
0.547454143404067
0.5568437165913
0.564002889586921
0.568907009972701
0.571546149715152
0.571917974213156
0.570022347398527
0.565860469703099
0.559439004154234
0.550777031780897
0.539912333003858
0.526904048791267
0.51183063236153
0.494783955709876
0.475861577066253
0.455159312815098
0.432765729354014
0.408759433318085
0.383209388939955
0.356178017653926
0.327726499582397
0.29792142813459
0.266841721089877
0.234584476978064
0.201268384208032
0.167033529894218
0.132037207967467
0.0964465936132206
0.0604305345783344
0.0241534265610934
-0.0122265402509139
-0.0485545560069608
-0.0846740302691331
-0.120422653119881
-0.155632543546881
-0.190135113972
-0.223768922121812
-0.256387591288276
-0.287865196879037
-0.318097778650961
-0.347001010205863
-0.374504994785209
-0.400547547436746
-0.425067323768411
-0.447997968842724
-0.469264217654624
-0.488780619819959
-0.506453255130351
-0.522184385663649
-0.535879396763308
-0.547454649132885
-0.556844221909981
-0.564003394448782
-0.568907514328831
-0.571546653516396
-0.571918477416136
-0.570022849965868
-0.565860971606238
-0.559439505374585
-0.550777532308649
-0.539912832836986
-0.526904547934043
-0.511831130822884
-0.494784453501274
-0.47586207419911
-0.45515980930117
-0.432766225206736
-0.408759928548726
-0.38320988355978
-0.356178511674506
-0.32772699301782
-0.297921920999239
-0.266842213400766
-0.234584968757941
-0.201268875482811
-0.167034020693584
-0.132037698325937
-0.0964470835676776
-0.0604310241682603
-0.0241539158252273
0.0122260512767178
0.0485540672899357
0.0846735417821293
0.120422164840801
0.155632055460478
0.19013462606759
0.223768434392922
0.256387103731641
0.287864709492945
0.318097291435128
0.3470005231595
0.374504507907883
0.400547060727058
0.425066837224769
0.447997482463611
0.469263731438408
0.488780133766045
0.506452769239819
0.522183899940127
0.535878911215252
0.547454163771772
0.55684373675409
0.5640029095209
0.568907029656286
0.571546169131214
0.571917993350436
0.570022366251734
0.565860488273953
0.559439022448149
0.550777049808279
0.539912350774954
0.526904066319584
0.511830649659125
0.494783972788864
0.475861593935822
0.455159329483824
0.432765745830966
0.408759449610372
0.383209405055096
0.356178033599685
0.327726515366839
0.297921443767799
0.26684173658355
0.234584492344794
0.201268399461622
0.167033545049017
0.132037223038454
0.0964466086135423
0.0604305495186678
0.0241534414500214
-0.0122265254095521
-0.0485545412122726
-0.0846740155234067
-0.120422638427694
-0.155632528916064
-0.190135099409518
-0.223768907636619
-0.256387576887183
-0.287865182568641
-0.318097764436452
-0.347000996090609
-0.374504980773599
-0.40054753353016
-0.425067309967769
-0.447997955150223
-0.469264204070978
-0.488780606345674
-0.506453241767482
-0.522184372415075
-0.535879383632087
-0.547454636124308
-0.556844209030111
-0.564003381703707
-0.568907501724985
-0.571546641061472
-0.571918465114812
-0.570022837823137
-0.565860959624897
-0.559439493554344
-0.550777520648618
-0.539912821334527
-0.526904536585252
-0.51183111962386
-0.494784442447367
-0.475862063285987
-0.455159798526552
-0.432766214566572
-0.408759918041264
-0.383209873183719
-0.356178501428878
-0.327726982901374
-0.297921911011418
-0.266842203542038
-0.234584959026352
-0.201268865878138
-0.167034011214466
-0.132037688971324
-0.096447074336655
-0.0604310150603609
-0.0241539068403299
0.0122260601380032
0.0485540760269713
0.0846735503940629
0.1204221733281
0.155632063823056
0.19013463430745
0.223768442511882
0.256387111732571
0.287864717378831
0.318097299208605
0.347000530823417
0.374504515465103
0.400547068179464
0.425066844573739
0.44799748971155
0.469263738585652
0.488780140814094
0.506452776188642
0.522183906790164
0.535878917965421
0.547454170422652
0.556843743304112
0.564002915969313
0.568907036002394
0.571546175374681
0.57191799949172
0.570022372291079
0.565860494211175
0.559439028283726
0.550777055540962
0.539912356404529
0.526904071843186
0.511830655075465
0.494783978095112
0.475861599129371
0.45515933456428
0.432765750795596
0.408759454457939
0.383209409784414
0.356178038211313
0.327726519860631
0.29792144814481
0.266841740844698
0.234584496493225
0.201268403500253
0.167033548981591
0.132037226868525
0.0964466123445974
0.0604305531545097
0.024153444991904
-0.0122265219605181
-0.0485545378575206
-0.0846740122647566
-0.120422635269207
-0.15563252586099
-0.190135096463265
-0.223768904801915
-0.256387574169102
-0.287865179970347
-0.3180977619611
-0.347000993741633
-0.37450497855275
-0.40054753144031
-0.425067308011174
-0.447997953328635
-0.469264202386815
-0.488780604801902
-0.506453240366445
-0.522184371158533
-0.535879382522664
-0.547454635163812
-0.556844208218523
-0.564003381040642
-0.568907501210322
-0.571546640691739
-0.571918464887008
-0.570022837731353
-0.565860959664277
-0.559439493719561
-0.55077752093265
-0.539912821731885
-0.526904537090464
-0.511831120232005
-0.494784443154609
-0.475862064090343
-0.455159799426228
-0.432766215559961
-0.408759919128645
-0.383209874365313
-0.356178502706186
-0.327726984275971
-0.297921912486283
-0.266842205121261
-0.234584960715395
-0.201268867681203
-0.167034013138643
-0.132037691023633
-0.0964470765248661
-0.060431017390159
-0.0241539093177098
0.0122260575066525
0.0485540732381451
0.084673547444526
0.120422170216496
0.155632060547513
0.19013463086654
0.223768438906052
0.256387107961486
0.287864713442223
0.318097295107749
0.347000526558506
0.37450451103631
0.400547063588436
0.425066839821356
0.447997484797986
0.46926373351283
0.48878013558367
0.506452770803283
0.522183901253497
0.535878912281533
0.54745416459588
0.556843737342137
0.564002909877699
0.568907029789009
0.571546169046023
0.571917993052222
0.570022365743904
0.565860487558855
0.559439021525426
0.550777048675763
0.539912349431695
0.526904064760892
0.51183064788315
0.494783970792578
0.475861591718928
0.455159327047184
0.43276574317553
0.408759446739547
0.383209401972866
0.356178030310634
0.327726511876242
0.297921440078234
0.266841732697651
0.234584488262718
0.201268395181566
0.167033540564368
0.132037218339221
0.0964466036856323
0.0604305443488021
0.0241534360201438
-0.012226531114457
-0.0485545472050647
-0.084674021814366
-0.120422645023175
-0.155632535817317
-0.190135106616223
-0.22376891514541
-0.256387584695293
-0.287865190671819
-0.318097772831902
-0.347001004778535
-0.374504989753942
-0.400547542805373
-0.425067319543629
-0.447997965030235
-0.46926421426197
-0.488780616855679
-0.506453252603206
-0.522184383581398
-0.535879395132269
-0.547454647958676
-0.556844221195361
-0.56400339419282
-0.568907514527414
-0.571546654162875
-0.571918478500458
-0.570022851476563
-0.565860973531525
-0.559439507702132
-0.550777535028627
-0.539912835939972
-0.526904551414027
-0.511831134673881
-0.494784457719834
-0.475862078783314
-0.455159814251713
-0.43276623052125
-0.408759934228407
-0.383209889603701
-0.356178518080973
-0.327726999784502
-0.297921928121836
-0.26684222087371
-0.234584976572175
-0.201268883627073
-0.167034029155473
-0.13203770709004
-0.0964470926198822
-0.0604310334933883
-0.0241539254115206
0.0122260414393
0.0485540572046935
0.0846735314500302
0.120422154258525
0.15563204461973
0.190134614958163
0.223768423003851
0.256387092050996
0.287864697510733
0.318097279141914
0.347000510547462
0.374504494970888
0.400547047460533
0.425066823625474
0.447997468528677
0.469263717165906
0.488780119153381
0.506452754284723
0.522183884639199
0.53587889556116
0.547454147758714
0.556843720373364
0.564002892762802
0.568907012509473
0.571546151583685
0.571917975389877
0.570022347867431
0.565860469453967
0.559439003184433
0.550777030094471
0.539912330609221
0.526904045700108
0.51183062858823
0.494783951269097
0.475861571973411
0.455159307084583
0.43276572300163
0.408759426356793
0.383209381385056
0.356178009519801
0.327726490884176
0.297921418889194
0.266841711315439
0.234584466695093
0.201268373437782
0.167033518655993
0.132037196282976
0.0964465814998434
0.0604305220505499
0.024153413629032
-0.0122265535820683
-0.0485545697372114
-0.0846740444031368
-0.120422667665982
-0.155632558517646
-0.190135129381952
-0.223768937985045
-0.256387607620017
-0.287865213692668
-0.318097795956735
-0.347001028014574
-0.374505013102754
-0.400547566266517
-0.425067343112665
-0.447997988701459
-0.469264238024918
-0.488780640699693
-0.506453276515383
-0.522184407550644
-0.535879419148485
-0.547454672015958
-0.556844245293354
-0.564003418338466
-0.56890753873403
-0.571546678452305
-0.571918502899757
-0.570022876014248
-0.565860998237578
-0.559439532600448
-0.550777560139388
-0.539912861279086
-0.526904576987161
-0.511831160487032
-0.494784483772572
-0.475862105074184
-0.455159840776969
-0.432766257279919
-0.408759961218076
-0.383209916824651
-0.356178545535527
-0.32772702747486
-0.29792195605228
-0.266842249050211
-0.234585004999299
-0.201268912309075
-0.167034058092201
-0.132037736278624
-0.0964471220505352
-0.0604310631506448
-0.0241539552735209
0.0122260113987687
0.0485540270170829
0.0846735011440233
0.120422123861671
0.155632014154941
0.190134584444276
0.223768392451403
0.256387061466477
0.287864666893991
0.318097248489015
0.347000479851585
0.374504464223396
0.400547016649821
0.425066792738395
0.4479974375525
0.469263686085982
0.488780087953872
0.506452722949061
0.522183853150341
0.535878863903071
0.547454115912759
0.556843688322382
0.564002860490098
0.568906980003238
0.571546118833484
0.57191794239116
0.570022314622124
0.565860435966571
0.559438969466471
0.550776996155406
0.539912296464133
0.526904011361737
0.511830594067771
0.494783916576376
0.475861537114007
0.455159272063516
0.432765687820204
0.408759391015599
0.38320934588104
0.356177973850664
0.327726455047054
0.297921382877162
0.26684167512347
0.234584430317783
0.201268336867639
0.167033481890301
0.132037159312731
0.0964465443170911
0.0604304846465199
0.0241533759931634
-0.0122265914602684
-0.0485546078697
-0.0846740827968204
-0.120422706324874
-0.155632597438767
-0.19013516855798
-0.223768977406542
-0.25638764727284
-0.287865253560904
-0.318097836027182
-0.347001068273674
-0.374505053540316
-0.400547606874669
-0.425067383884947
-0.447998029632765
-0.469264279111771
-0.488780681939025
-0.506453317906219
-0.52218444909115
-0.535879460838535
-0.547454713853601
-0.556844287273552
-0.564003460454155
-0.568907580973739
-0.571546720795625
-0.571918545324555
-0.570022918494208
-0.565861040744781
-0.559439575114662
-0.550777602643027
-0.539912903761346
-0.526904619446635
-0.511831202924627
-0.494784526194225
-0.475862147485767
-0.455159883185901
-0.432766299688253
-0.4087600036289
-0.383209959238309
-0.356178587950709
-0.327727069890983
-0.297921998471299
-0.266842291475399
-0.23458504744174
-0.201268954786734
-0.167034100632187
-0.132037778919065
-0.0964471648405348
-0.0604311061473157
-0.0241539985381661
0.0122259677998053
0.0485539830216782
0.0846734566956599
0.120422078913887
0.155631968674102
0.190134538407564
0.223768345849728
0.256387014297231
0.28786461916614
0.318097200214744
0.347000431046127
0.374504414903851
0.400546966832281
0.425066742438504
0.447997386786639
0.469263634869169
0.488780036302278
0.506452670880655
0.522183800688959
0.535878811074042
0.547454062749615
0.556843634862754
0.564002806775773
0.568906926076369
0.571546064735736
0.571917888160347
0.570022260285442
0.56586038154637
0.559438914975131
0.550776941600464
0.539912241842114
0.526903956669231
0.511830539299308
0.494783861724532
0.475861482172416
0.45515921702904
0.432765632689402
0.408759335787671
0.383209290558238
0.356177918434317
0.327726399542498
0.297921327290706
0.266841619458993
0.234584374580674
0.201268281062802
0.167033426017554
0.132037103372418
0.0964464883078951
0.0604304285661909
0.0241533198370643
-0.0122266476955354
-0.0485546641904423
-0.0846741392112692
-0.120422762844127
-0.155632654078555
-0.19013522533899
-0.223769034349293
-0.256387704400775
-0.287865310899951
-0.318097893602093
-0.347001126106515
-0.37450511165455
-0.400547665293615
-0.425067442631486
-0.447998088732299
-0.469264338591799
-0.488780741827222
-0.506453378233179
-0.522184509885819
-0.535879522128763
-0.547454775663342
-0.556844349619948
-0.564003523346142
-0.568907644408022
-0.571546784763484
-0.571918609804273
-0.570022983455695
-0.565861106155903
-0.559439640935508
-0.550777668834073
-0.539912970282485
-0.52690468626438
-0.511831270009002
-0.494784593520447
-0.475862215040377
-0.455159950954642
-0.432766367669091
-0.408760071817055
-0.383210027634686
-0.356178656553759
-0.327727138696001
-0.297922067472109
-0.266842360659755
-0.234585116792154
-0.201269024281196
-0.167034170245793
-0.132037848628031
-0.0964472346212829
-0.0604311759859187
-0.0241540684284686
0.012225897853994
0.0485539130055045
0.0846733865918199
0.120422008699143
0.155631898326548
0.190134467906773
0.223768275181075
0.256386943450717
0.287864548134467
0.31809712899599
0.34700035964215
0.374504343319275
0.400546895074166
0.42506667051791
0.447997314714131
0.469263562655055
0.488779963958038
0.5064525984183
0.522183728112201
0.535878738386932
0.54745398994761
0.556843561937092
0.564002733710938
0.568906852853873
0.571545991332253
0.5719178145507
0.570022186444294
0.565860307445496
0.559438840584806
0.550776866890965
0.539912166783758
0.526903881232535
0.511830463454082
0.494783785442863
0.475861405426447
0.455159139793344
0.432765554937358
0.408759257495876
0.383209211705684
0.356177839000892
0.327726319509628
0.29792124664861
0.266841538200473
0.234584292705379
0.201268198581535
0.167033342950197
0.132037019750636
0.0964464041736717
0.0604303439657589
0.0241532348244679
-0.0122267330687134
-0.0485547498743723
-0.0846742251601951
-0.120422849022178
-0.155632740456365
-0.19013531189161
-0.223769121058642
-0.256387791251986
-0.287865397882
-0.318097980701389
-0.347001213312417
-0.37450519895897
-0.400547752685372
-0.425067530102616
-0.447998176277354
-0.469264426205603
-0.488780829512842
-0.506453465997379
-0.522184597745271
-0.535879610105688
-0.547454863791442
-0.556844437945126
-0.564003611916794
-0.568907733283482
-0.571546874003027
-0.571918699467122
-0.570023073602214
-0.565861196834437
-0.559439732190897
-0.550777760697931
-0.539913062777294
-0.526904779398619
-0.511831363783058
-0.494784687927578
-0.475862310061447
-0.4551600465732
-0.432766463860895
-0.408760168559006
-0.383210124899839
-0.356178754317064
-0.32772723693178
-0.297922166151664
-0.266842459756161
-0.234585216277312
-0.201269124122972
-0.167034270414489
-0.132037949087571
-0.0964473353348722
-0.0604312769139277
-0.0241541695308476
0.0122257966215809
0.0485538116795554
0.0846732852004761
0.120421907260717
0.155631796839374
0.190134366358456
0.223768173542889
0.256386841682699
0.287864446191542
0.318097026827402
0.34700025719591
0.374504240544526
0.400546791923658
0.425066566942434
0.447997210666997
0.469263458094475
0.488779858840842
0.506452492700791
0.52218362175353
0.535878631347306
0.547453882189789
0.556843453428375
0.564002624424278
0.568906742767118
0.571545880438933
0.571917702853276
0.570022073963412
0.565860194219366
0.559438726665989
0.550776752344289
0.539912051681273
0.526903765648627
0.511830347459821
0.494783669103035
0.475861288799448
0.455159022925658
0.432765437869432
0.408759140259365
0.38320909432176
0.35617772148806
0.327726201876635
0.297921128895032
0.266841420319779
0.23458417467716
0.201268080373083
0.167033224510573
0.132036901018605
0.096446285066275
0.0604302243922651
0.0241531146827785
-0.0122268538794453
-0.0485548714449722
-0.0846743475756177
-0.120422972341725
-0.155632864718152
-0.190135437111796
-0.223769247237005
-0.256387918371886
-0.287865525916087
-0.318098109620485
-0.347001343086281
-0.374505329552906
-0.400547884072236
-0.425067662254018
-0.4479983091668
-0.469264559807652
-0.488780963797576
-0.506453600931736
-0.522184733285097
-0.535879746201026
-0.547455000380252
-0.556844574948814
-0.564003749250133
-0.568907870847221
-0.571547011697799
-0.571918837193092
-0.570023211266074
-0.565861334360036
-0.559439869520139
-0.550777897799122
-0.539913199637654
-0.526904916030933
-0.511831500213171
-0.494784824191446
-0.475862446204772
-0.455160182642852
-0.43276659990359
-0.408760304618268
-0.383210261021625
-0.356178890543578
-0.327727373309001
-0.297922302731619
-0.266842596594935
-0.234585353446067
-0.201269261707856
-0.167034408517588
-0.132038087827857
-0.0964474748487768
-0.0604314173478461
-0.0241543110354228
0.0122256538978973
0.0485536676103592
0.0846731396799353
0.120421760213773
0.155631648228741
0.190134216175018
0.223768021806653
0.256386688434962
0.287864291481874
0.318096870713184
0.347000099733133
0.374504081784309
0.400546631908904
0.425066405713749
0.447997048257858
0.469263294532936
0.488779694159436
0.506452326930074
0.52218345494118
0.53587846355168
0.547453713489281
0.556843283922258
0.564002454231092
0.568906572025785
0.571545709291807
0.571917531442848
0.570021902412565
0.56586002263076
0.559438555103498
0.550776580842047
0.539911880243692
0.526903594252339
0.511830176063208
0.494783497661073
0.475861117258123
0.455158851238121
0.432765265995209
0.408758968166325
0.383208921986242
0.356177548898814
0.327726029028494
0.297920955790776
0.266841246973318
0.234584001103187
0.201267906589139
0.167033050537499
0.132036726863834
0.0964461107359602
0.0604300498813101
0.0241529399722942
-0.0122270288220669
-0.0485550466650519
-0.0846745231300681
-0.120423148296818
-0.155633041144758
-0.190135614082419
-0.223769424820006
-0.256388096633078
-0.287865704910682
-0.318098289397396
-0.34700152368313
-0.374505511001544
-0.400548066393055
-0.42506784546444
-0.447998493274887
-0.46926474482155
-0.48878114972105
-0.50645378776593
-0.522184921032367
-0.535879934866099
-0.547455189969043
-0.556844765472038
-0.564003940727912
-0.568908063304315
-0.571547205162885
-0.571919031699878
-0.570023406849814
-0.565861531049539
-0.559440067336773
-0.550778096752791
-0.539913399732715
-0.526905117255737
-0.511831702553312
-0.494785027625092
-0.475862650708078
-0.455160388189469
-0.432766806465858
-0.408760512172358
-0.383210469542354
-0.356179100008175
-0.327727583697619
-0.297922514023307
-0.266842808774582
-0.234585566498275
-0.20126947562225
-0.167034623283219
-0.132038303435566
-0.0964476912882468
-0.0604316346067224
-0.024154529099096
0.0122254350497706
0.0485534479969228
0.0846729193245014
0.120421539140244
0.155631426457909
0.19013399372468
0.22376779868866
0.256386464657709
0.287864067043679
0.31809664561145
0.346999873958765
0.374503855321877
0.400546404747849
0.425066177831245
0.447996819632688
0.469263065141699
0.48877946397418
0.506452095927185
0.522183223086679
0.535878230815522
0.547453479839768
0.556843049325209
0.56400221865764
0.568906335440299
0.57154547166183
0.571917292731866
0.570021662586857
0.565859781650764
0.55943831293648
0.550776337453937
0.539911635606908
0.526903348344916
0.511829928874824
0.494783249183133
0.475860867494471
0.455158600193362
0.432765013678062
0.408758714591475
0.383208667170045
0.356177292856429
0.32772577177715
0.297920697344325
0.266840987341277
0.23458374029863
0.201267644610956
0.167032787383361
0.132036462526648
0.0964458452066359
0.0604297831426298
0.0241526720164166
-0.012227298001746
-0.0485553170696741
-0.0846747947533966
-0.120423421129239
-0.155633315176905
-0.190135889308092
-0.223769701238663
-0.256388374248451
-0.287865983734941
-0.318098569445231
-0.347001804971385
-0.374505793552567
-0.400548350228589
-0.425068130605758
-0.447998779745789
-0.469265032637358
-0.488781438894318
-0.50645407830044
-0.522185212925971
-0.53588022810569
-0.547455484528859
-0.556845061320391
-0.564004237824421
-0.568908361606544
-0.571547504629805
-0.571919332296656
-0.570023708547017
-0.565861833824893
-0.559440371177528
-0.550778401654627
-0.539913705691533
-0.526905424272599
-0.511832010630245
-0.49478533676886
-0.475862960927593
-0.455160699491781
-0.4327671188653
-0.408760825682934
-0.38321078417825
-0.356179415789542
-0.32772790064161
-0.297922832149726
-0.266843128103479
-0.234585887043172
-0.201269797397065
-0.167034946297525
-0.132038627695975
-0.0964480167933074
-0.0604319613553529
-0.0241548570873491
0.0122251058215713
0.0485531175273387
0.0846725876073454
0.120421206162746
0.15563109220224
0.190133658168574
0.22376746180381
0.256386126412753
0.287863727411012
0.318096304559699
0.346999531458409
0.374503511350122
0.400546059278528
0.425065830845707
0.447996471115297
0.469262715075916
0.488779112351275
0.506451742732735
0.522182868311941
0.535877874448176
0.547453121864527
0.556842689724288
0.564001857408689
0.56890597252119
0.571545107049673
0.571916926410809
0.570021294539523
0.56585941186761
0.559437941412728
0.550775964193684
0.539911260610391
0.526902971619405
0.51182955042211
0.494782869007407
0.475860485595088
0.455158216569686
0.432764628326927
0.408758327506654
0.383208278337461
0.356176902263498
0.32772537941351
0.297920303196986
0.266840591398396
0.234583342549242
0.201267245054017
0.167032386020655
0.132036059366049
0.096445440260669
0.0604293764291124
0.0241522635487731
-0.012227708211897
-0.0485557290173675
-0.0846752084334358
-0.12042383654516
-0.155633732334726
-0.190136308210867
-0.223770121892094
-0.256388796658209
-0.287866407903716
-0.318098995378474
-0.347002232677065
-0.374506223036517
-0.400548781500489
-0.425068563678934
-0.447999214631994
-0.469265469353849
-0.488781877463822
-0.506454518753976
-0.522185655299386
-0.535880672440716
-0.547455930877578
-0.556845509736665
-0.564004688360336
-0.5689088143133
-0.571547959553633
-0.571919789470001
-0.570024167996701
-0.565862295570515
-0.559440835230494
-0.550778868016824
-0.539914174366427
-0.526905895253266
-0.511832483906354
-0.494785812325163
-0.475863438743672
-0.455161179542322
-0.432767601120673
-0.408761310112066
-0.383211270749059
-0.356179904467001
-0.327728391398795
-0.297923324960784
-0.266843622948262
-0.234586383919824
-0.201270296311942
-0.167035447275983
-0.132039130784482
-0.0964485220589265
-0.060432468875727
-0.0241553669521859
0.0122245935264183
0.0485526027138264
0.0846720702078623
0.120420686122633
0.155630569481588
0.19013313273811
0.223766933644865
0.256385595506483
0.287863193737994
0.318095768099472
0.346998992185367
0.37450296923577
0.400545514288075
0.42506528294733
0.447995920276516
0.469262161271236
0.488778555558975
0.506451182944978
0.522182305530716
0.535877308694927
0.547452553174359
0.556842118152167
0.564001283021592
0.568905395396752
0.571544527272537
0.571916344058672
0.570020709688105
0.565858824577184
0.559437351731195
0.550775372140069
0.539910666195797
0.526902374833979
0.511828951248021
0.494782267410459
0.475859881542299
0.45515761002372
0.432764019255903
0.408757715876985
0.383207664127713
0.356176285449839
0.327724759977762
0.297919681125692
0.266839966687237
0.234582715194966
0.201266615059236
0.167031753396473
0.132035424127536
0.0964448024228011
0.0604287360120077
0.0241516205601583
-0.0122283537740615
-0.0485563771723323
-0.0846758592236734
-0.120424490034791
-0.155634388597463
-0.190136967337342
-0.223770783976972
-0.25638946178925
-0.287867076168227
-0.318099666853431
-0.347002907431486
-0.374506901131575
-0.40054946299077
-0.425069248613529
-0.44799990306259
-0.469266161328762
-0.48878257303667
-0.506455217983066
-0.522186358245808
-0.535881379177439
-0.54745664147575
-0.556846224270501
-0.564005406902264
-0.56890953692775
-0.571548686285436
-0.571920520349895
-0.57002490302967
-0.565863034743798
-0.559441578511951
-0.550779615358454
-0.539914925714241
-0.526906650559863
-0.511833243125347
-0.494786575419771
-0.475864205690032
-0.455161950329958
-0.432768375747557
-0.408762088587472
-0.38321205308416
-0.356180690680761
-0.327729181503894
-0.297924118971222
-0.2668444208711
-0.234587185753387
-0.201271102046357
-0.167036256894939
-0.132039944259979
-0.0964493393639698
-0.060433289986506
-0.0241561918543498
0.0122237648295088
0.0485517702088113
0.0846712338535104
0.120419845865603
0.155629725258468
0.190132284477427
0.223766081279579
0.256384738972833
0.287862332983663
0.318094903074136
0.346998122851397
0.374502095559164
0.400544636239317
0.425064400495386
0.447995033386294
0.469261269899613
0.488777659656693
0.506450282449009
0.522181400366506
0.535876398771298
0.547451638397651
0.556841198422858
0.564000358248818
0.568904465498863
0.571543592187025
0.571915403754005
0.570019764151817
0.565857873825795
0.559436395790061
0.550774411056051
0.53990970001507
0.526901403600979
0.511827975004843
0.494781286191742
0.475858895375323
0.45515661892442
0.432763023234233
0.408756714933139
0.383206658258307
0.356175274648571
0.327723744228939
0.297918660405478
0.266838940955616
0.23458168439563
0.201265579109681
0.167030712180346
0.132034377496208
0.0964437501911355
0.060427677964722
0.0241505564655997
-0.0122294241525461
-0.0485574540504871
-0.0846769427865266
-0.1204255804226
-0.155635485911397
-0.190138071630056
-0.223771895264792
-0.256390580070813
-0.287868201425139
-0.318100799064956
-0.347004046578739
-0.37450804720192
-0.400550615982742
-0.425070408528027
-0.448001069903067
-0.469267335104184
-0.488783753744558
-0.506456405607512
-0.522187552758466
-0.535882580519964
-0.547457849562047
-0.556847438990812
-0.56400662811576
-0.568910764475065
-0.571549920005855
-0.571921760082966
-0.570026148643896
-0.565864286133973
-0.559442835618551
-0.550780878169562
-0.539916194261605
-0.526907924899428
-0.511834523350712
-0.494787861634573
-0.475865497998711
-0.455163248844784
-0.432769680570793
-0.408763399813532
-0.383213370800368
-0.356182014963716
-0.327730512427033
-0.297925456606258
-0.266845765287761
-0.23458853702571
-0.201272460256557
-0.167037622129048
-0.132041316625292
-0.096450718973091
-0.0604346769699884
-0.0241575863534687
0.0122223626583694
0.048550360211026
0.0846698158719047
0.120418419745136
0.155628290859452
0.190130841672569
0.223764629957627
0.256383279036967
0.287860864348669
0.318093425668851
0.346996636606967
0.374500600405075
0.400543132116245
0.425062887333073
0.447993511117396
0.469259738454499
0.488776118958473
0.506448732425389
0.522179840941271
0.535874829881383
0.547450059982616
0.55683961043752
0.56399876065702
0.568902858286196
0.571541975349192
0.571913777286959
0.570018128056344
0.565856228091834
0.559434740406153
0.550772745998924
0.539908025249782
0.526899719094596
0.511826280712321
0.494779582079662
0.475857181403709
0.455154895065065
0.432761289458664
0.40875497122195
0.383204904601184
0.3561735110356
0.327721970659721
0.297916876885734
0.26683714749459
0.23457988100477
0.201263765799815
0.16702888895712
0.132032544352999
0.0964419071067682
0.0604258248961928
0.0241486933489556
-0.0122312974034704
-0.0485593375441532
-0.0846788366557774
-0.120427484815694
-0.155637400994149
-0.19013999758283
-0.223773832274945
-0.256392528331113
-0.287870161129517
-0.318102770406985
-0.34700602974551
-0.374510042374096
-0.400552623335783
-0.425072428236209
-0.448003102132602
-0.469269380015966
-0.488785811500504
-0.506458476366726
-0.52218963667311
-0.535884677738691
-0.547459960226452
-0.55684956321648
-0.564008766007484
-0.568912916109238
-0.571552085421343
-0.571923939300621
-0.570028341642305
-0.565866492879296
-0.559445056057553
-0.550783112238793
-0.539918441897053
-0.526910186054075
-0.511836797977173
-0.494790149708729
-0.475867799509689
-0.455165563791591
-0.432772008969276
-0.408765741683434
-0.383215726174223
-0.356184383888181
-0.327732894954931
-0.297927852807338
-0.266848175255482
-0.234590960876064
-0.201274898147632
-0.16704007425585
-0.132043783222129
-0.0964532003259741
-0.0604371734023696
-0.0241600982187042
0.0122198349920222
0.0485478163670572
0.0846672554808943
0.120415842466912
0.15562569637034
0.190128229687067
0.223762000216843
0.256380631316792
0.287858198445452
0.318090741399951
0.346993933802849
0.374497878915414
0.400540391785034
0.425060128029573
0.447990732703492
0.469256940806309
0.488773301964221
0.506445895990476
0.522176984998692
0.535871954390087
0.547447164941228
0.556836695883
0.563995826671009
0.56889990498573
0.571539002879112
0.571910785815295
0.570015117761261
0.565853199137271
0.559431692925581
0.550769680088695
0.539904940959391
0.526896616413141
0.511823159583697
0.494776442394819
0.475854023021559
0.455151717813613
0.432758093150669
0.408751755659574
0.383201669574596
0.356170256333427
0.327718696062812
0.29791358216396
0.266833832396873
0.234576545262637
0.201260409105109
0.167025510964955
0.132029144678239
0.0964384853163043
0.0604223805177946
0.0241452258791507
-0.0122347884881078
-0.0485628527743961
-0.0846823765322818
-0.120431049804192
-0.155640991506039
-0.19014361396695
-0.223777474821574
-0.256396197278812
-0.287873856673176
-0.31810649270976
-0.347009778958888
-0.374513818643065
-0.400556426807445
-0.425076259066005
-0.448006960489306
-0.469273266075596
-0.488789725445635
-0.50646241837764
-0.52219360692548
-0.535888676380732
-0.547463987375854
-0.55685361894502
-0.564012850336831
-0.568917029001481
-0.571556226796443
-0.571928109042344
-0.570032539632892
-0.565870719017141
-0.559449310280846
-0.550787394556476
-0.539922752383309
-0.526914524855696
-0.511841165308687
-0.494794545832491
-0.475872224727973
-0.455170018421654
-0.432776493334538
-0.408770256106666
-0.383220270966603
-0.356188959339579
-0.327737501337791
-0.297932490378663
-0.266852844260816
-0.234595661553352
-0.201279630728752
-0.167044839002849
-0.132048580417613
-0.0964580302991797
-0.0604420365440454
-0.0241649949819416
0.0122149040894667
0.0485428507520761
0.0846622545579543
0.120410805620992
0.155620623008828
0.190123119248407
0.223756852176708
0.256375445199404
0.287852973810665
0.318085477840817
0.346988630937215
0.37449253637154
0.400535009198994
0.425054705029649
0.447985268918544
0.469251435857929
0.488767755464269
0.506440307541366
0.522171354206237
0.535866280857549
0.547441448284889
0.556830935746988
0.563990022731565
0.568894056956607
0.571533110523029
0.571904848940776
0.570009136194657
0.565847172730037
0.559425621527991
0.550763563541078
0.539898779076093
0.526890408988632
0.511816906385547
0.494770143167605
0.475847677490315
0.455145325695116
0.432751654152316
0.408745269477757
0.38319513590314
0.356163674858698
0.327712066452651
0.297906904072532
0.266827105445358
0.234569769023246
0.201253583104844
0.167018634663718
0.132022217451013
0.0964315064615723
0.0604153492518204
0.0241381413550216
-0.0122419271571578
-0.0485700464893499
-0.0846896261824128
-0.120438356236881
-0.15564835551557
-0.190151036304455
-0.223784956179324
-0.256403738319411
-0.287881458039686
-0.318114155033962
-0.347017502874889
-0.374521604796654
-0.400564275849686
-0.425084171664419
-0.448014937311707
-0.469281307803649
-0.488797832747754
-0.506470591917937
-0.522201847335044
-0.535896984248801
-0.547472363234127
-0.556862063261343
-0.564021363482207
-0.568925611276641
-0.571564878429849
-0.571936830230539
-0.570041330556313
-0.565879579888793
-0.559458241373381
-0.550796396219101
-0.539931825048513
-0.526923669027828
-0.511850381554249
-0.494803834762516
-0.475881586972289
-0.455179454625981
-0.432786004146473
-0.408779842166441
-0.383229932909175
-0.356198697799264
-0.3277473169609
-0.297942383828236
-0.266862816234047
-0.23460571280528
-0.20128976209307
-0.167055051400667
-0.132058874886123
-0.0964684079960664
-0.060452498739728
-0.0241755430513619
0.0122042687011259
0.0485321265701146
0.0846514401100861
0.120399899477473
0.155609623795648
0.190112025657038
0.223745662967367
0.256364159172519
0.287841589807753
0.318073994720816
0.346977047561965
0.3744808515992
0.400523221878501
0.425042813993444
0.447973272997343
0.469239333863434
0.488755546219618
0.506427989889624
0.522158927022576
0.535853743084783
0.547428798957763
0.556818174009959
0.563977147874275
0.568881068414081
0.571520007862921
0.571891631821013
0.569995804334864
0.565833725834008
0.559412059234943
0.550749885372248
0.539884984413525
0.526876497062709
0.511802876292331
0.494755993889197
0.475833407926062
0.455130934690187
0.432737140518803
0.408730632021382
0.383180373423262
0.356148786142143
0.327697050265989
0.297891759132975
0.266811830405666
0.234554362423012
0.201238043338895
0.167002959940836
0.132006405771842
0.0964155555964787
0.0603992567525243
0.0241219045780563
-0.012258310991065
-0.0485865802246892
-0.0847063126560902
-0.120455198211854
-0.155665355626684
-0.190168197033627
-0.223802279865391
-0.256421227169903
-0.287899114160699
-0.318131980473871
-0.347035499656351
-0.374539774935059
-0.400582621383578
-0.425102694656294
-0.448033639861734
-0.469300192023293
-0.488816900756357
-0.506489845812498
-0.522221289140832
-0.535916615890058
-0.547492186462503
-0.556882079619808
-0.56404157427406
-0.568946017549168
-0.571585481013667
-0.571957629783135
-0.570062327672017
-0.565900775193669
-0.559479635631292
-0.550817990403318
-0.53995362039532
-0.526945667037914
-0.511872583981878
-0.494826243561836
-0.475904204257532
-0.455202282613841
-0.432809045104094
-0.408803098394508
-0.383253406718885
-0.356222391522987
-0.32777123296185
-0.29796652454411
-0.266887184226819
-0.234630310811699
-0.201314593093105
-0.167080118689615
-0.132084182130185
-0.0964939592461894
-0.0604782984458704
-0.0242015960052094
0.0121779574455487
0.0485055518228899
0.0846245966711758
0.12037278225831
0.155582227902858
0.190084346440699
0.223717696017125
0.256335900286597
0.287813034944024
0.318045139934557
0.346947888951851
0.374451385260514
0.400493443867519
0.425012720313502
0.447942859585458
0.469208596616886
0.488724481004126
0.506396592593086
0.522127193614193
0.535821669675189
0.547396381887821
0.556785409923756
0.563944033754129
0.568847601606628
0.571486186013153
0.571857452779185
0.569961266005032
0.565798826012452
0.559376795468613
0.550714254848901
0.53984898390691
0.526840122939359
0.511766124544075
0.494718860209476
0.475795887796289
0.455093023446642
0.43269883342546
0.408691924304275
0.383141260285571
0.356109262763454
0.32765711175428
0.297851400482702
0.266771046409211
0.234513147588022
0.20119639178675
0.166960865302551
0.131963861114504
0.0963725533613341
0.0603557887527339
0.0240779620723415
-0.0123027371855337
-0.0486314995548399
-0.0847517346482775
-0.120501132304017
-0.155711811047153
-0.190215182734164
-0.22384980453128
-0.25646929924714
-0.287947741945909
-0.318181172177271
-0.347085263479455
-0.37459011914477
-0.400633554344164
-0.425154224851919
-0.448085775903201
-0.469352942632703
-0.488870274721115
-0.50654385191427
-0.522275936084287
-0.53597191217258
-0.547548140262438
-0.556938698658044
-0.564098865745468
-0.569003988085963
-0.571644136748424
-0.572016976496423
-0.570122371019168
-0.565961520972312
-0.559541090023436
-0.550880160192358
-0.540016513069967
-0.527009290832093
-0.51193694780275
-0.494891356898009
-0.475970077041045
-0.455268925071688
-0.432876467669744
-0.408871311624185
-0.383322421278757
-0.356292218208384
-0.327841882778265
-0.298038008826367
-0.266959514769954
-0.234703500053223
-0.201388654306116
-0.167155066145254
-0.132160031234152
-0.0965707266341975
-0.0605560019513538
-0.0242802545297543
0.0120983241776699
0.0484249235888484
0.0845429530918016
0.120290103106688
0.155498493327503
0.189999537071955
0.223631792944028
0.256248884980767
0.287724889088381
0.317955845267914
0.346857427115374
0.374359737660964
0.400400591605461
0.424918644121623
0.447847539826047
0.469112013322083
0.488626613959868
0.506297421460005
0.52202669812128
0.535719829846849
0.547293178307061
0.556680823960931
0.563838047754374
0.568740198920225
0.571377350886246
0.571747170025463
0.569849520559157
0.565685602393539
0.55926207728135
0.550598024383951
0.539731221920963
0.526720808606749
0.511645235577975
0.494596373084804
0.475671778021404
0.454967265840693
0.432571402336056
0.408562793738187
0.383010403962913
0.355976654060068
0.327522723563201
0.297715204993117
0.26663301482867
0.234373249809666
0.201054596040963
0.16681713779361
0.131818165722122
0.0962248514460004
0.0602060391358275
0.0239261212154311
-0.0124567147665002
-0.0487876607299519
-0.0849101270288458
-0.120661803655313
-0.155874808836907
-0.190380553914998
-0.224017595500932
-0.256639556014053
-0.288120510380038
-0.318356498323605
-0.347263193845184
-0.374770700943253
-0.400816835698483
-0.425340254893649
-0.448274604827727
-0.469544621651595
-0.489064855930844
-0.506741388075136
-0.522476480273638
-0.536175517349864
-0.547754858751833
-0.557148581657252
-0.564311962919266
-0.569220347442455
-0.571863804824883
-0.572239998942987
-0.570348793470939
-0.566191390093952
-0.559774454543502
-0.551117071703058
-0.54025702652982
-0.527253464692994
-0.51218484381955
-0.49514303970564
-0.476225613611708
-0.455528384201393
-0.433139919538769
-0.409138827548299
-0.383594073645024
-0.356568080604561
-0.328122030341139
-0.298322518692195
-0.267248466707043
-0.234996977169427
-0.201686743773796
-0.167457859983716
-0.132467626966853
-0.0968832277487901
-0.0608735180015625
-0.0246029008393582
0.0117704272832908
0.0480916518812408
0.0842041797274485
0.1199456998071
0.155148331285293
0.189643487414186
0.223269726784267
0.255880673098768
0.287350401394828
0.317574950158295
0.346469990834751
0.373965623747052
0.399999660438035
0.424510752640964
0.447432541379716
0.468689757699241
0.488196947612927
0.505860187979174
0.521581738930651
0.535266985190557
0.546832288391576
0.556211730141509
0.563360593456942
0.568254230046178
0.57088271542161
0.571243716814053
0.569337097288895
0.565164053205049
0.558731240334221
0.550057729896045
0.539181290914902
0.52616105250707
0.511075456586863
0.494016365101432
0.47508132785795
0.454366154403514
0.431959405578292
0.407939683193804
0.38237594679437
0.355330612584738
0.326864854377478
0.297045257688036
0.265950730438154
0.233678359036746
0.200346817364829
0.166096175565815
0.131083708448935
0.0954765705213869
0.0594435883093709
0.0231491370508003
-0.0132486113778461
-0.0495948621947908
-0.085733036238483
-0.12150083128819
-0.156730371329865
-0.191253072363905
-0.224907495613413
-0.257547268896328
-0.289046473917535
-0.319301158848935
-0.34822700785402
-0.375754136694281
-0.401820374533929
-0.426364392291105
-0.449319851020438
-0.470611501831321
-0.490153909942921
-0.50785316942321
-0.523611554455185
-0.537334459403381
-0.548938250283879
-0.558357007718981
-0.565546009485115
-0.570480600251132
-0.573150850314622
-0.573554427511736
-0.571691204876791
-0.567562400071781
-0.561174701562493
-0.552547222634352
-0.541717780395213
-0.528745554101702
-0.513709034296899
-0.496700127421211
-0.477816422352492
-0.457153762347205
-0.434800737826644
-0.410835978023714
-0.385328470074956
-0.358340660364548
-0.329933757514329
-0.300174388201872
-0.269141509194447
-0.236932264413094
-0.203665394479957
-0.169481045671561
-0.134536577557426
-0.0989992361390856
-0.0630379428889582
-0.026817166960025
0.00950483177528133
0.0457731805783747
0.081831234559989
0.117516637620273
0.152661468861887
0.187097104034351
0.220662063969323
0.253209931888443
0.284614737805434
0.314772469525622
0.343598741685837
0.371023591733444
0.396984762695045
0.421420832963874
0.444265366473201
0.46544301483147
0.484868244023874
0.502447052439828
0.518081625869286
0.531677281422558
0.543150321895526
0.552434779480561
0.559485895556035
0.564278983619473
0.566804077699716
0.567058792351378
0.565042919620062
0.560757561801734
0.554209256738203
0.545416936930281
0.534418218107355
0.521272069107883
0.506056771850349
0.488864033941253
0.469791259154814
0.448934118988432
0.426381041303389
0.402210495349073
0.376491303066931
0.349285732803178
0.320654795836869
0.290664897150186
0.25939474382513
0.226941199387779
0.193422691379195
0.158979019097294
0.123767161757308
0.0879539552069265
0.0517078886452921
0.0151929887780013
-0.0214329228560166
-0.0580153944177476
-0.0943981759562388
-0.130419279155478
-0.165911130141528
-0.200705442757262
-0.234641081034252
-0.267571989777237
-0.299372589683339
-0.329939295971025
-0.359188192058414
-0.387049827371107
-0.413462499323185
-0.438365379638789
-0.461692658650844
-0.483369638993003
-0.50331145130874
-0.521424758529447
-0.537612394908675
-0.551780293602023
-0.563845328129201
-0.573742051579883
-0.581426185355885
-0.586873507088594
-0.590074538295225
-0.591027450988236
-0.58973270783535
-0.586192223745135
-0.580413497735673
-0.572416554943568
-0.562240199316953
-0.549944638492355
-0.535609400548753
-0.519327414675786
-0.501197266722522
-0.481315774362651
-0.459772495294469
-0.43664704235762
-0.412009428549679
-0.385923191909223
-0.35845071652498
-0.329659900180131
-0.299631073774895
-0.268462864755271
-0.236275615204205
-0.203211202524624
-0.169428859527817
-0.135097854309069
-0.100389272456497
-0.0654698633352275
-0.0305002386280811
0.00436236054463301
0.0389589573049645
0.0731249386365709
0.106690219517899
0.139484101477471
0.171343102983409
0.202118850769495
0.2316834373412
0.259930911223398
0.286774940120932
0.312143627440533
0.335972855076285
0.358199525060773
0.378755883437139
0.397565865751342
0.414544145158753
0.429598260641504
0.442633784839212
0.453561898857754
0.462308010469237
0.468819408321123
0.473069813482595
0.475059493300683
0.474811358594767
0.472365474935658
0.46777547364812
0.461109537329338
0.452456170666366
0.441932207012144
0.429689013021313
0.415913308929027
0.400820886201848
0.384643672604185
0.367612257342108
0.349936962612813
0.331790974128887
0.313298940320929
0.294533602823242
0.275521289500991
0.256254804890495
0.236710194339974
0.216862915774873
0.196699570946718
0.176223308218891
0.155453550722568
0.134422836749277
0.113174435592277
0.0917636582456038
0.0702637100886021
0.0487743747862242
0.0274298426847443
0.00640150111455867
-0.0141071677936274
-0.0338737605159424
-0.0526755704907657
-0.0703094436386836
-0.0866089421244574
-0.101456544372551
-0.114790485883736
-0.126607020401368
-0.136959218407283
-0.14595331782299
-0.153743394114896
-0.160524631816381
-0.16652462454366
-0.171991225960852
-0.177175305354545
-0.182307992909193
-0.187574470980133
-0.193088935785513
-0.19887652840798
-0.204866964443039
-0.210901630175541
-0.216752350146373
-0.222147307549983
-0.226798598526491
-0.23042668075354
-0.232778911310631
-0.233641541231755
-0.232846162815436
-0.230272326028749
-0.225847933634182
-0.219548461575909
-0.211395469627569
-0.201454581550635
-0.189833175173657
-0.17667819270166
-0.162174397204892
-0.146542895871115
-0.130039068931734
-0.112948680722268
-0.0955812006006008
-0.0782600424967216
-0.0613100895421131
-0.0450432302278832
-0.0297428140202831
-0.0156482374581439
-0.00294139513796205
0.00826281963329413
0.0179199119315856
0.0260520363167043
0.032737691966369
0.0380970037768236
0.0422755119942681
0.045429176049133
0.0477123768053287
0.049269595588171
0.0502305695415784
0.0507082337539993
0.0507986184529287
0.0505819471435623
0.0501243532320236
0.0494798158766804
0.0486920695926954
0.0477963547823684
0.0468209510036268
0.0457884801628293
0.0447169915563793
0.0436208525410363
0.0425114724780641
0.0413978872173107
0.0402872289253171
0.0391851027089079
0.0380958881366469
0.0370229804815218
0.0359689838163626
0.0349358656896988
0.0339250811869188
0.032937672583673
0.0319743495282999
0.0310355537084366
0.0301215110694517
0.0292322741107629
0.028367756180737
0.0275277593576762
0.0267119971578984
0.025920113068604
0.0251516956965536
0.0244062911621927
0.0236834132733751
0.0229825518691302
0.0223031796619423
0.0216447578822118
0.0210067408958136
0.0203885800139975
0.0197897266060645
0.0192096346520134
0.0186477628208909
0.0181035761811552
0.0175765475523022
0.0170661586181084
0.0165719007786308
0.0160932758601753
0.0156297966120294
0.0151809871160769
0.0147463830573747
0.0143255319062943
0.013917993022673
0.0135233377037068
0.0131411491538799
0.0127710224311662
0.0124125643402772
0.0120653932905984
0.0117291391485226
0.0114034430460038
0.0110879571689753
0.0107823445591326
0.0104862788752116
0.0101994441502935
0.00992153456381228
0.00965225417636858
0.00939131669171734
0.00913844519026911
0.0088933718887545
0.00865583787788105
0.00842559286659146
0.00820239494581891
0.00798601031196788
0.00777621307105164
0.00757278494458007
0.00737551507045726
0.00718419974525362
0.00699864223048351
0.00681865248944418
0.00664404699830909
0.00647464852056932
0.00631028590725512
0.00615079388761479
0.00599601287979125
0.00584578879581546
0.00569997285524723
0.0055584214049143
0.00542099574840508
0.00528756197210025
0.00515799077278327
0.0050321573138704
0.00490994105791961
0.00479122562466306
0.00467589863803927
0.00456385158667643
0.00445497970397753
0.00434918180667006
0.0042463601988961
0.00414642053251936
0.00404927168741954
0.00395482566195897
0.00386299747103309
0.0037737050135459
0.00368686900356896
0.00360241284201724
0.00352026253529064
0.00344034659245341
0.00336259595966117
0.00328694390003858
0.0032133259342633
0.0031416797530074
0.00307194514958521
0.00300406391518743
0.00293797981231918
0.00287363846513628
0.00281098731531409
0.00274997555235526
0.00269055404996997
0.00263267531663971
0.00257629340581167
0.0025213639109693
0.00246784386502588
0.00241569172222151
0.00236486728457561
0.0023153316729957
0.00226704726739502
0.00221997767348528
0.0021740876710225
0.00212934317934753
0.00208571120610794
0.00204315983208584
0.00200165814631658
0.00196117623365458
0.00192168512766805
0.00188315678000794
0.00184556403169417
0.00180888058142984
0.00177308095940143
0.00173814048483364
0.00170403526029007
0.00167074212702837
0.00163823864871056
0.0016065030836705
0.00157551436453908
0.00154525207872553
0.00151569642731473
0.00148682822995794
0.00145862888729011
0.00143108036995436
0.00140416518768968
0.00137786639537322
0.00135216754397325
0.00132705268680866
0.0013025063521732
0.00127851353940324
0.0012550596806638
0.00123213065508655
0.00120971274994749
0.00118779266630088
0.00116635748925235
0.00114539468300319
0.00112489208927706
0.00110483789363246
0.00108522062202751
0.00106602914863126
0.00104725265378518
0.00102888063359317
0.00101090289302585
0.000993309520359245
0.000976090888504111
0.000959237648565602
0.000942740708117448
0.000926591241420167
0.000910780659609276
0.000895300630385799
0.000880143042135035
0.000865300012407591
0.000850763880266798
0.000836527199137349
0.000822582721919982
0.000808923402847636
0.000795542396576912
0.000782433037381499
0.000769588839696865
0.000757003504633782
0.000744670894630739
0.000732585042313298
0.000720740139592472
0.000709130536044934
0.000697750726314375
0.00068659536250632
0.000675659232136801
0.000664937263805222
0.000654424512106327
0.000644116174962442
0.000634007565205619
0.000624094128236906
0.000614371419567875
0.00060483511609993
0.000595481000482375
0.000586304972076921
0.000577303030763747
0.000568471281438608
0.000559805931214839
0.000551303274540797
0.000542959712706693
0.000534771730910191
0.000526735902038092
0.000518848890301308
0.00051110744444512
0.000503508384746599
0.000496048619484798
0.000488725135957336
0.00048153498919444
0.000474475316070643
0.000467543313205464
0.000460736254246712
0.000454051472978124
0.000447486378663609
0.000441038431348706
0.000434705163135725
0.000428484161541235
0.000422373068777643
0.00041636959319832
0.000410471488447423
0.00040467656359238
0.000398982688207136
0.00039338777428221
0.00038788978828142
0.000382486735768382
0.00037717668033125
0.000371957726645229
0.000366828027807388
0.000361785765017013
0.000356829179977118
0.00035195655100343
0.000347166185230044
0.00034245644198109
0.000337825710440584
0.000333272421022179
0.000328795044694661
0.000324392072840018
0.000320062043136238
0.000315803515671852
0.000311615099819517
0.000307495426184882
0.000303443151838423
0.000299456973647775
0.000295535606818447
0.000291677805392306
0.000287882349882664
0.000284148034911988
0.00028047370389825
0.000276858204098803
0.000273300421608593
0.000269799257877687
0.000266353646712072
0.0002629625493961
0.000259624931019386
0.000256339794588844
0.000253106159114489
0.000249923069545747
0.000246789578066489
0.000243704776192089
0.000240667761852227
0.000237677654368022
0.000234733599132043
0.000231834744531439
0.000228980272845586
0.000226169372070911
0.000223401254041684
0.000220675145551995
0.000217990290237952
0.000215345938001069
0.000212741373765521
0.000210175876986374
0.000207648755838844
0.000205159322934406
0.000202706921440246
0.000200290885155972
0.000197910571219964
0.000195565361976735
0.00019325462955388
0.000190977784221956
0.000188734228383076
0.000186523380326006
0.000184344672322867
0.000182197558338106
0.000180081479956474
0.000177995914184786
0.000175940329311242
0.000173914220913066
0.000171917078192957
0.000169948412770019
0.000168007737879173
0.000166094585668064
0.000164208484809707
0.000162348983855968
0.000160515635256432
0.000158708002899727
0.000156925653841972
0.000155168169005548
0.000153435135513999
0.000151726145805721
0.000150040810365575
