0.000125962672376845
0.000127312099635657
0.000128679573565069
0.000130065382951745
0.000131469821970882
0.000132893190276529
0.000134335793130438
0.000135797941511508
0.000137279952240071
0.000138782148105106
0.000140304857997545
0.000141848417022861
0.000143413166663332
0.000144999454880051
0.000146607636294296
0.00014823807229173
0.000149891131199104
0.000151567188423734
0.000153266626604124
0.000154989835772537
0.000156737213531976
0.00015850916519377
0.000160306103973625
0.000162128451147434
0.000163976636256219
0.000165851097251524
0.000167752280721152
0.000169680642056579
0.00017163664566674
0.000173620765168366
0.000175633483603157
0.000177675293644007
0.000179746697816941
0.000181848208727274
0.000183980349279847
0.000186143652924602
0.000188338663894779
0.000190565937445406
0.000192826040129462
0.000195119550032081
0.000197447057054905
0.000199809163183209
0.0002022064827733
0.000204639642826987
0.000207109283311611
0.000209616057435725
0.000212160631981996
0.000214743687617678
0.000217365919222004
0.000220028036227771
0.000222730762972603
0.000225474839033118
0.000228261019606051
0.000231090075887757
0.000233962795439208
0.000236879982603428
0.00023984245888077
0.000242851063382108
0.000245906653214327
0.000249010103958335
0.000252162310103696
0.000255364185493032
0.000258616663831396
0.000261920699155547
0.00026527726633047
0.000268687361578399
0.000272152003010149
0.000275672231160598
0.00027924910954556
0.000282883725249658
0.000286577189521441
0.000290330638349898
0.000294145233127171
0.000298022161274206
0.000301962636901952
0.000305967901490086
0.000310039224589402
0.000314177904535738
0.000318385269197739
0.000322662676729072
0.000327011516346305
0.000331433209151768
0.000335929208935048
0.000340501003054249
0.000345150113283196
0.000349878096735076
0.000354686546774771
0.000359577093988756
0.000364551407157274
0.000369611194260949
0.000374758203546971
0.000379994224571646
0.000385321089320442
0.000390740673343026
0.000396254896926311
0.000401865726296146
0.00040757517486393
0.00041338530448686
0.000419298226820501
0.000425316104635988
0.000431441153258302
0.000437675641974874
0.000444021895533491
0.000450482295678046
0.000457059282710164
0.000463755357123306
0.000470573081287489
0.000477515081155889
0.000484584048056993
0.000491782740527711
0.000499113986209743
0.000506580683792696
0.000514185805040754
0.000521932396842805
0.000529823583385893
0.000537862568338821
0.000546052637140761
0.000554397159352301
0.000562899591081408
0.000571563477473334
0.000580392455308075
0.000589390255667935
0.000598560706678542
0.000607907736342918
0.000617435375492029
0.000627147760797396
0.000637049137903705
0.000647143864645327
0.000657436414396942
0.00066793137948647
0.000678633474782724
0.000689547541344586
0.000700678550217915
0.000712031606359525
0.000723611952685216
0.000735424974244327
0.000747476202559563
0.000759771320071491
0.000772316164781576
0.000785116735017802
0.000798179194348625
0.000811509876715984
0.000825115291698603
0.000839002129946606
0.000853177268854561
0.000867647778371812
0.000882420927038746
0.000897504188234739
0.000912905246634166
0.000928632004868786
0.000944692590457649
0.000961095362944626
0.000977848921306323
0.000994962111594369
0.00101244403488488
0.00103030405545158
0.00104855180929003
0.00106719721287647
0.0010862504722939
0.00110572209265183
0.00112562288783549
0.00114596399061685
0.00116675686313504
0.00118801330771792
0.00120974547812862
0.00123196589118816
0.00125468743883405
0.00127792340061583
0.00130168745662488
0.0013259937009098
0.00135085665537833
0.00137629128418185
0.00140231300868035
0.00142893772287814
0.00145618180950196
0.00148406215661435
0.00151259617485912
0.0015418018153613
0.00157169758825084
0.00160230258189388
0.00163363648285113
0.00166571959655022
0.00169857286875477
0.00173221790779495
0.00176667700769065
0.00180197317208266
0.00183813013908394
0.00187517240708444
0.00191312526148848
0.00195201480250412
0.00199186797392698
0.00203271259307074
0.00207457738180171
0.00211749199873123
0.0021614870726831
0.00220659423737391
0.00225284616748701
0.0023002766160125
0.00234892045313868
0.00239881370653383
0.00244999360321203
0.00250249861299549
0.0025563684936202
0.00261164433761399
0.00266836862092487
0.00272658525345245
0.00278633963149291
0.00284767869221426
0.00291065097022506
0.00297530665631458
0.00304169765844862
0.00310987766510143
0.00317990221104978
0.00325182874566262
0.00332571670385173
0.00340162757967204
0.00347962500287185
0.00355977481823169
0.003642145168053
0.00372680657774834
0.00381383204471299
0.00390329713058431
0.00399528005702244
0.00408986180510521
0.00418712621852291
0.00428716011064642
0.00439005337564587
0.00449589910378322
0.00460479370101968
0.00471683701307447
0.00483213245413013
0.0049507871402344
0.00507291202768584
0.005198622056408
0.00532803629859657
0.00546127811271592
0.00559847530300886
0.00573976028471902
0.00588527025510887
0.00603514737049557
0.00618953892940005
0.00634859756197489
0.00651248142586185
0.0066813544085727
0.00685538633658674
0.00703475319118943
0.00721963733125113
0.00741022772297141
0.0076067201766897
0.00780931759082455
0.0080182302029843
0.00823367584825063
0.00845588022462665
0.0086850771656235
0.00892150891990719
0.00916542643786528
0.00941708966497391
0.00967676784175286
0.00994473980997847
0.0102212943249557
0.0105067303733247
0.010801357496008
0.01110549611567
0.0114194778680762
0.0117436459365141
0.0120783553884097
0.0124239735130131
0.0127808801589791
0.0131494680703966
0.0135301432196252
0.0139233251350585
0.0143294472216484
0.0147489570716752
0.0151823167629661
0.0156300031411525
0.0160925080822895
0.0165703387313721
0.0170640177117914
0.0175740832998072
0.0181010895573601
0.018645606415365
0.0192082196983697
0.0197895310799791
0.020390157956657
0.021010733225317
0.0216519049477253
0.022314335881508
0.0229987028541085
0.0237056959514906
0.024436017488195
0.02519038071894
0.0259695082441267
0.026774130052364
0.0276049811313744
0.0284627985648939
0.0293483180157906
0.0302622694746567
0.0312053721272444
0.0321783281620357
0.0331818152999848
0.0342164777793943
0.0352829154685051
0.0363816707028088
0.0375132123503154
0.0386779164906829
0.0398760429473328
0.0411077067277908
0.0423728431963023
0.0436711655120108
0.0450021124996075
0.0463647846568058
0.047757865418826
0.0491795240617594
0.0506272956928546
0.0520979325962957
0.0535872197144116
0.0550897451709502
0.0565986143951909
0.0581050934815667
0.0595981638118542
0.0610639655763892
0.0624851025949346
0.0638397747832846
0.065100697947863
0.0662337638650981
0.0671963879560169
0.0679354894268503
0.0683850532035879
0.0684632403707444
0.0680690533943766
0.0670786373825566
0.0653414259610879
0.0626765380149331
0.0588701109300504
0.0536746060254933
0.0468114838343661
0.0379788851499049
0.026865843983181
0.0131738338705134
-0.0033550547091644
-0.0229061231655656
-0.0455611380242977
-0.0712743315909659
-0.0998602916721525
-0.130995997650962
-0.164235892305814
-0.199036362111738
-0.234785195046269
-0.270832219669084
-0.306518423240918
-0.341201597754255
-0.374276919892725
-0.405191382436437
-0.433452100070383
-0.458629929280137
-0.480360699208546
-0.498346024053985
-0.512354450966134
-0.522222548711203
-0.527855192425427
-0.529224675179946
-0.526368722107212
-0.519387398222575
-0.508438191773846
-0.493727665028281
-0.475497725582159
-0.454005422822346
-0.429497351435919
-0.402182604992503
-0.372210474536985
-0.339659401830592
-0.304541492701766
-0.266822742470443
-0.226454522053637
-0.183408607641853
-0.137707446087809
-0.0894436989005711
-0.0387873565229709
0.0140170459993482
0.0686581023256304
0.124765067855102
0.181912180218769
0.239619538336104
0.297352994425055
0.354527297421696
0.410517099270775
0.464679041672081
0.516384984884443
0.565062273495719
0.610233358061409
0.65154593084453
0.688786864329331
0.721877811609322
0.75085520585446
0.77584055067132
0.797007534888014
0.814551174136457
0.828662025170514
0.839506526325165
0.847213181699261
0.851863684960613
0.853488006255785
0.85206273327468
0.847512395854062
0.839713992837792
0.828505380088324
0.813698448622021
0.795097951755835
0.772526221526156
0.745852684969717
0.71502510913063
0.680097360572902
0.641247143535045
0.598777822222874
0.553101580767203
0.504706060411559
0.454111240499457
0.401825597143544
0.348309641619139
0.293951668061193
0.239056701585785
0.183846741037049
0.128469030291058
0.0730090564374403
0.0175057030250225
-0.0380330404098069
-0.0936145279112452
-0.149246147588742
-0.204920011037729
-0.260597402383574
-0.316193075801949
-0.371560125801839
-0.426477036695501
-0.480639486346965
-0.533660202049529
-0.585080121760838
-0.634392744752978
-0.681080653618587
-0.724659353757361
-0.764720316405444
-0.800964198631349
-0.833217499480247
-0.861430548215056
-0.885659604513732
-0.906038987567022
-0.92274977885635
-0.935990310460944
-0.945951499632477
-0.952798102004897
-0.956655618803563
-0.957601966940581
-0.955662945344004
-0.950810801533073
-0.942965650270561
-0.93199999671365
-0.917747063629835
-0.900013891797314
-0.87860010584694
-0.853322609756629
-0.824045137157943
-0.790709590623405
-0.753363950303617
-0.712180197867793
-0.667456330816293
-0.619599684093682
-0.569093666959855
-0.516454666393665
-0.462188157011112
-0.406752142978025
-0.350532791872743
-0.293833278089814
-0.236873945838788
-0.179800529465363
-0.122697123612418
-0.065601320450397
-0.00851990406590717
0.0485556203299367
0.105633744526065
0.162707674910247
0.219739801269536
0.276645997872453
0.333280477884442
0.3894228101091
0.444769680872495
0.498934710056681
0.551459586819672
0.601838419695877
0.649554288671311
0.694123143121921
0.735136920772473
0.772296844233872
0.805430137120504
0.834488044081081
0.85952793161241
0.880685391326289
0.898142899362117
0.912100253169858
0.922749854030332
0.930257913151063
0.934751320638741
0.936309289270541
0.934958808541486
0.930673213606222
0.923373619398291
0.912933468662156
0.899186888459652
0.881941819118227
0.860998803457796
0.83617569711948
0.807337222750868
0.77442630086489
0.737491937930015
0.69670712010066
0.65237079270805
0.60489114933421
0.554752345209856
0.50247139053221
0.448554264089816
0.393459369415215
0.337573188193196
0.281199143417149
0.224557778899855
0.167794991615194
0.110995010040412
0.0541955374790576
-0.00259654769571745
-0.0593896561624932
-0.116192198530173
-0.17299729653087
-0.229767248169612
-0.286417829438728
-0.342803154117253
-0.398702699821217
-0.453813081139868
-0.507747876080188
-0.560048768265782
-0.610209896863778
-0.657714400346808
-0.702078298525194
-0.742893590849529
-0.779861532011022
-0.812809331454298
-0.841688164307304
-0.866555271464702
-0.887546069257719
-0.904842819986493
-0.918645081957208
-0.929145005278276
-0.936508549775499
-0.940862363356183
-0.942285432111908
-0.940804537289794
-0.936392823757917
-0.928971230687308
-0.918413034020317
-0.904552196342769
-0.887196489192969
-0.86614627658559
-0.841219221378155
-0.812279837938991
-0.779270824506948
-0.742240956071276
-0.70136298587661
-0.656935634598801
-0.609366889261728
-0.559140724674899
-0.506774001491834
-0.452772580762567
-0.397594777747651
-0.341627010961659
-0.28517266031421
-0.22845224199981
-0.171611637110086
-0.114735067115731
-0.0578602348523314
-0.00099402254992285
0.0558719745830954
0.112746161486462
0.169621656217872
0.226460755876132
0.283179237687652
0.339631216694183
0.395596168504493
0.450770698587927
0.504768365228833
0.557130819596832
0.607352155812748
0.654915457627459
0.699336685980822
0.740207784488815
0.777229962365668
0.810230399807412
0.839160262233286
0.864076800801673
0.88511546004508
0.902458544732267
0.916305665500507
0.926849030253633
0.934254658197662
0.938649255161762
0.940111861674599
0.93866930900135
0.93429478773273
0.92690927949947
0.916386101135006
0.902559256608472
0.885236561465566
0.864218428282855
0.839322574501876
0.810413575833495
0.777434198359281
0.740433289971619
0.699583679263692
0.655184161213617
0.607642792323974
0.557443608729867
0.505103522002666
0.451128432824008
0.395976685202708
0.340034716814716
0.283605918847653
0.22691081259631
0.170095279556377
0.113243538121081
0.0563932855946649
-0.000448602828560975
-0.0572905395588244
-0.114140936901028
-0.170992919425648
-0.227808789713451
-0.284504329814433
-0.340933659875096
-0.396876262274866
-0.452028752498542
-0.506004703511592
-0.558345786690685
-0.608546121819784
-0.656088822553699
-0.700489881674874
-0.741341273574741
-0.778344234090377
-0.811325963383852
-0.840237638729852
-0.865136514772493
-0.886158031933605
-0.903484484737403
-0.917315469218058
-0.927843176093056
-0.93523360635946
-0.939613447831964
-0.941061724026258
-0.939605250572185
-0.935217203768379
-0.927818551910947
-0.91728259880833
-0.903443334906952
-0.886108560867479
-0.865078672196583
-0.840171366406403
-0.811251196014244
-0.778260900642825
-0.741249298974416
-0.700389188702883
-0.655979333729636
-0.608427761022067
-0.558218480319095
-0.505868381106202
-0.45188334686092
-0.396721709245556
-0.340769897974589
-0.28433129994734
-0.227626435079568
-0.170801185698025
-0.113939772640693
-0.0570798967590276
-0.000228437436397429
0.0566230133308498
0.113482863585088
0.170344234013714
0.227169423729011
0.283874211511196
0.340312713965721
0.396264408992439
0.451425905906935
0.50541076914222
0.557760658770898
0.607969680534021
0.655520931884902
0.699930388351047
0.740790007466739
0.777801010110166
0.810790584613163
0.839709900279854
0.864616207800465
0.885644947317169
0.902978416070692
0.916816214976162
0.927350540962774
0.934747401838509
0.939133492259268
0.9405878422355
0.939137273367332
0.93475496740868
0.927361897766171
0.916831373306927
0.902997389858093
0.885667754195383
0.864642869082642
0.839740440784156
0.810825032299258
0.777839395506674
0.740832362905438
0.699976747067791
0.655571327087778
0.608024144559244
0.557819222434549
0.505473461348997
0.451492753513501
0.39633543686399
0.340387945130041
0.283953667310706
0.227253123894265
0.170432196621002
0.113575104905167
0.0567195476141848
-0.000127598168560787
-0.0569747428467016
-0.113830296788452
-0.170687382830178
-0.227508302058998
-0.284208835186422
-0.340643100963771
-0.396590580007272
-0.451747885315006
-0.505728586320655
-0.558074349626207
-0.608279289007331
-0.65582651114309
-0.70023200138511
-0.74108772691341
-0.778094917270282
-0.811080767810008
-0.839996452822348
-0.864899225855748
-0.885924527957616
-0.903254655673345
-0.917089208055884
-0.927620379440088
-0.935014174687873
-0.939397285452388
-0.940848738879729
-0.939395353936513
-0.935010309970334
-0.927614578121993
-0.917081464981817
-0.903244963892219
-0.885912878714312
-0.86488560864199
-0.839980855513031
-0.811063176902598
-0.778075318229917
-0.741066104605082
-0.700208340550994
-0.655800796865772
-0.608251507096618
-0.558044486882515
-0.505696630657964
-0.451713825759995
-0.396554406617069
-0.340604804716105
-0.284168407891721
-0.227465736328882
-0.170642672115912
-0.113783435481107
-0.0569257264125918
-7.64232830344017e-05
0.0567728829715428
0.113630601420343
0.170489853689968
0.227312939736122
0.284015639135658
0.340452069350776
0.396401709349915
0.451561169899665
0.505544017419126
0.557891914593837
0.608098970395645
0.65564828599243
0.700055840856779
0.740913596367458
0.77792277680571
0.810910573187512
0.839828156619481
0.864732778680912
0.885759879570954
0.90309175591164
0.916928007513552
0.927460829904712
0.934856229360284
0.93924089899932
0.940693867375222
0.939241954749694
0.934858341653344
0.927464000345253
0.916932238553922
0.903097050892285
0.885766242753711
0.864740215260777
0.839836672700015
0.810920175706445
0.777933473401395
0.740925395184991
0.70006875030401
0.655662314469654
0.608114126032201
0.557908205026571
0.505561449638164
0.451579750169899
0.396421443197561
0.340472961591154
0.284037693913278
0.22733616055269
0.170514243406027
0.113656162229289
0.0567996163563241
-4.85165922841709e-05
-0.0568966464604158
-0.113753183073209
-0.170611248764224
-0.227433144158156
-0.284134649515965
-0.340569883093281
-0.396518324886688
-0.451676587063177
-0.505658237936351
-0.55800494265318
-0.60821081320537
-0.655758954229383
-0.700165348907122
-0.7410219622935
-0.778030022027333
-0.811016721926167
-0.839933235196154
-0.864836814774577
-0.885862901530835
-0.903193792187186
-0.917029086232063
-0.927560978598
-0.934955474822469
-0.939339267246675
-0.940791383674046
-0.939338643677555
-0.934954227161155
-0.927559105791417
-0.917026586687363
-0.903190663766066
-0.885859141557368
-0.864832420065869
-0.839928202123978
-0.811011046513562
-0.778023700078068
-0.741014989544048
-0.700157721183482
-0.655750667587028
-0.608201864032459
-0.557995327725965
-0.505647954427201
-0.451665632512749
-0.396506697158099
-0.34055758032689
-0.28412167009981
-0.227419486722907
-0.170596912204516
-0.113738166590707
-0.0568809496188189
-3.21393717245265e-05
0.0568166735175386
0.113673898414087
0.170532657222192
0.22735525015871
0.284057457062285
0.340493395689927
0.396442545381458
0.451601517399045
0.505583878822975
0.557931293188914
0.608137870502037
0.655686713105966
0.700093801717528
0.74095109893343
0.777959830129933
0.810947187216697
0.83986434194664
0.864768546288254
0.885795240594336
0.903126721447532
0.916962588477939
0.927495036943893
0.934890072806942
0.939274388863797
0.940727013359867
0.939274766274046
0.934890827878499
0.927496170187329
0.916964100678499
0.903128613683921
0.885797514257155
0.864771203093023
0.839867383936162
0.81095061674703
0.777963649834918
0.740955311664562
0.700098410459859
0.655691720876251
0.608143280240538
0.55793710765946
0.505590100534235
0.451608148554509
0.396449587857838
0.340500851037046
0.284065326514143
0.227363534645671
0.170541357377495
0.113683014572675
0.0568262057098863
-2.2191424972284e-05
-0.0568705865044322
-0.113727389187172
-0.170585721650513
-0.227407884370917
-0.284109657457753
-0.340545158991638
-0.396493868743941
-0.451652398577145
-0.505634316395588
-0.557981286817742
-0.608187421190808
-0.655735823415734
-0.700142475893529
-0.740999342911692
-0.778007651415373
-0.810994594651297
-0.839911345406506
-0.86481515635717
-0.885841468256373
-0.903172577828661
-0.917008084651471
-0.927540183801426
-0.934934880987577
-0.939318868729082
-0.940771174999838
-0.939318619529297
-0.934934382364355
-0.927539435307444
-0.917007085617496
-0.903171327370634
-0.885839965291809
-0.864813399634743
-0.839909333551219
-0.810992326224618
-0.778005124985601
-0.740996557125531
-0.700139429537437
-0.655732515455701
-0.608183850784385
-0.557977453299007
-0.505630219240846
-0.451648037362893
-0.396489243108489
-0.340540268608791
-0.284104502026706
-0.227402463622825
-0.170580035369453
-0.113721437241175
-0.056864368881357
-1.57082675421733e-05
0.0568329540746219
0.113690027612556
0.170548634343953
0.227371074570892
0.28407312821504
0.340508913125558
0.396457908759186
0.451616726537786
0.505598933761131
0.557946194256517
0.608152618396027
0.655701308956229
0.700108247130434
0.74096539600203
0.777973981406511
0.810961195650815
0.839878210798944
0.864782279033573
0.885808840827546
0.903140192802068
0.916975934562781
0.927508261300247
0.934903178883391
0.939287380006072
0.940739892811128
0.939287537180887
0.934903493298657
0.927508733094976
0.916976563964562
0.90314098014893
0.885809786595215
0.864783383865877
0.839879475537496
0.810962621358168
0.77797556937513
0.740967147741063
0.700110164324799
0.655703393398275
0.608154871897597
0.557948618555609
0.505601530439136
0.45161949695961
0.396460854041114
0.340512034128299
0.284076425554436
0.227374548637399
0.17055228532377
0.113693855506273
0.0568369587127305
-1.15272105502894e-05
-0.0568600118712764
-0.11371690486394
-0.170575328304869
-0.227397582612151
-0.284099447835294
-0.340535041986011
-0.396483844747579
-0.45164246786399
-0.505624479080616
-0.557971542810196
-0.60817777014758
-0.655726264702983
-0.700133008564668
-0.740989965707277
-0.777998362786463
-0.810985392802638
-0.839902228352779
-0.864806121983437
-0.885832514375059
-0.903163702227617
-0.916999285130259
-0.927531458195391
-0.934926227181168
-0.939310284660463
-0.940762658659726
-0.939310168956801
-0.934925995642568
-0.92753111056111
-0.916998821014951
-0.903163121131271
-0.885831815700528
-0.864805305063815
-0.839901292489306
-0.810984337311542
-0.777997187049973
-0.740988669220641
-0.700131590969835
-0.65572472580104
-0.608176109886811
-0.557969761253463
-0.505622576360851
-0.451640444138818
-0.396481700162481
-0.340532776651424
-0.284097061819061
-0.227395075945641
-0.170572700999621
-0.113714156934973
-0.0568571433635116
-8.53822508438818e-06
0.0568400679946231
0.113697084802718
0.170555634235336
0.227378016632928
0.284080011958981
0.340515738113531
0.396464674620652
0.45162343299363
0.505605580654388
0.557952781586464
0.608159146350853
0.655707777938216
0.700114657768143
0.74097174914618
0.77798027810926
0.810967437131984
0.839884398404416
0.864788414192433
0.885814925012958
0.903146227499362
0.916981921246183
0.927514201418177
0.934909073851055
0.939293231203669
0.940745701585706
0.939293304849952
0.934909221153539
0.927514422402511
0.916982215965418
0.903146596051572
0.885815367564362
0.86478893100499
0.839884989865229
0.810968103780078
0.777981020653056
0.740972568464324
0.70011555488798
0.6557087539905
0.608160202506029
0.557953918983306
0.505606800334302
0.45162473585122
0.396466061375757
0.340517209303719
0.284081567947308
0.227379657624459
0.170557360296532
0.113698895880327
0.0568419639325685
-6.55767020814968e-06
-0.0568550785068778
-0.113712008146178
-0.170570468682468
-0.227392760514661
-0.28409466367336
-0.340530296147279
-0.39647913758679
-0.451637799686516
-0.505619850119708
-0.557966953199815
-0.608173219894215
-0.65572175366127
-0.700128536421646
-0.740985531979233
-0.777993966829447
-0.810981033835063
-0.839897905485853
-0.864801834254381
-0.885828260778495
-0.903159481741777
-0.916995096736613
-0.927527300891494
-0.934922099987516
-0.939306186622714
-0.940758588847795
-0.93930612646225
-0.93492197957565
-0.927527120048794
-0.91699485520065
-0.90315917917758
-0.885827896795376
-0.86480140843076
-0.83989741740229
-0.810980483113481
-0.777993353173941
-0.740984855211206
-0.700127796501183
-0.655720950688474
-0.608172354089017
-0.55796602486459
-0.50561885959372
-0.451636747302376
-0.39647802363682
-0.340529120863931
-0.2840934272237
-0.227391463006589
-0.170569110179253
-0.113710588685803
-0.0568535981234783
-5.01641548653985e-06
0.0568435659692063
0.11370055855326
0.170559083386874
0.227381440823871
0.284083410842467
0.340519111362179
0.396468021935586
0.451626754118317
0.505608875392643
0.557956049823085
0.608162388071833
0.655710993246963
0.700117846894158
0.740974912443855
0.777983416046686
0.810970550271623
0.83988748737933
0.864791479681703
0.885817967719567
0.903149248132377
0.916984920508078
0.927517179996924
0.934912032416209
0.939296170405543
0.940748622056371
0.939296207204983
0.934912105993684
0.927517290314215
0.91698506751978
0.903149431800887
0.885818188036158
0.864791736693304
0.839887781219641
0.810970881193027
0.777983784447004
0.740975318880466
0.700118292078335
0.655711478014987
0.608162913335081
0.557956616505814
0.505609484369286
0.451627406161785
0.396468717683173
0.340519851300535
0.284084195308509
0.227382270016485
0.170559957384154
0.113701477331688
0.0568445294226457
-4.0084573318464e-06
-0.0568525458766029
-0.113709492392361
-0.170567970086207
-0.22739027934217
-0.284092200172165
-0.340527850540099
-0.396476710062853
-0.451635390390423
-0.505617459138874
-0.55796458055209
-0.608170865517816
-0.655719417409247
-0.700126218062295
-0.740983231202848
-0.777991683260269
-0.810978767046413
-0.839895655016045
-0.864799599621372
-0.885826041491978
-0.903157277312075
-0.916992906680398
-0.927525124734822
-0.934919937266618
-0.939304036883244
-0.940756451643213
-0.939304001351854
-0.934919866123075
-0.927525017821279
-0.91699276377005
-0.903157098123331
-0.885825825710269
-0.864799346929699
-0.839895365134109
-0.810978439775284
-0.777991318526486
-0.740982829093054
-0.700125778838914
-0.655718941500416
-0.608170353481174
-0.557964033019265
-0.505616876753015
-0.451634773749506
-0.396476059678405
-0.340527166815181
-0.28409148339756
-0.227389529706757
-0.170567187696465
-0.113708677296668
-0.0568516980909345
-3.12799037803636e-06
0.0568454425460127
0.113702423048653
0.170560935573744
0.227383280480491
0.284085237753688
0.340520925323261
0.396469822759221
0.451628541645052
0.505610649504241
0.557957810457359
0.608164135236674
0.655712727030773
0.700119567469814
0.740976620065116
0.777985111037016
0.810972233007883
0.839889158273361
0.864793139162779
0.885819616219961
0.903150886077136
0.916986548308838
0.927518798049256
0.934913641099578
0.939297770084885
0.940750213084427
0.939297789924913
0.934913680741012
0.927518857418051
0.916986627302422
0.903150984575812
0.885819734103582
0.864793276333394
0.839889314683205
0.810972408690412
0.77798530613624
0.740976834856834
0.700119802367489
0.655712982571532
0.608164412047554
0.557958109207281
0.50561097085169
0.451628886191224
0.396470191013937
0.340521317686125
0.284085654509244
0.227383721803797
0.170561401542292
0.113702913657471
0.0568459577240435
-2.5883633212731e-06
-0.0568511341663642
-0.11370808923798
-0.170566575657237
-0.22738889380641
-0.284090823694783
-0.340526483280654
-0.396475352169657
-0.451634041992179
-0.505616120334091
-0.557963251397411
-0.608169546017283
-0.655718107506495
-0.700124917638069
-0.740981940078391
-0.777990401206311
-0.810977493795739
-0.839894390277294
-0.864798343091706
-0.885824792867147
-0.903156036293322
-0.916991672978378
-0.927523898070998
-0.934918717372984
-0.939302823501039
-0.94075524452114
-0.939302800244485
-0.934918670789712
-0.927523828025876
-0.916991579282294
-0.903155918721283
-0.885824651184521
-0.864798177089061
-0.839894199812256
-0.810977278837703
-0.777990161876576
-0.740981676676203
-0.700124630643505
-0.655717797555529
-0.60816921385124
-0.557962897796963
-0.505615746051613
-0.451633647695867
-0.396474938407375
-0.3405260504654
-0.284090372108631
-0.227388423617237
-0.170566086942607
-0.113707582011419
-0.0568506084033319
-2.04402514541593e-06
0.0568465206685859
0.11370349521268
0.17056200166761
0.227384340396761
0.284086291389398
0.340521972580693
0.396470863547347
0.451629575881825
0.505611677119642
0.557958831397055
0.608165149466136
0.655713734539282
0.700120568274068
0.740977614211511
0.777986098602326
0.810973214098003
0.839890133020013
0.8647941077188
0.885820578753739
0.903151842766943
0.916987499337523
0.927519743599842
0.934914581351778
0.939298705212502
0.940751143253533
0.939298715292526
0.934914601454046
0.927519773612347
0.91698753910189
0.903151892091649
0.885820637433822
0.864794175563253
0.839890209886331
0.810973299931344
0.777986193473829
0.740977718347896
0.700120682069705
0.65571385854438
0.608165284350802
0.557958977897076
0.505611835975469
0.451629747782779
0.396471049090008
0.34052217224518
0.28408650553249
0.227384569257796
0.170562245382759
0.113703753833381
0.0568467941816955
-1.75567687036273e-06
-0.0568503053005509
-0.113707264236834
-0.170565754558579
-0.227388076642013
-0.284090010491815
-0.340525674064294
-0.396474546967094
-0.451633240837801
-0.505615323274971
-0.557962458498262
-0.608168757363033
-0.655717323201334
-0.700124137799538
-0.740981164827672
-0.777989630656024
-0.810976728038389
-0.839893629376439
-0.864797587077587
-0.88582404173657
-0.903155290013135
-0.916990931490869
-0.927523161300089
-0.934917985230006
-0.939302095889551
-0.940754521340446
-0.939302081391803
-0.934917956161147
-0.927523117515949
-0.916990872782606
-0.903155216118151
-0.885823952356019
-0.864797481901931
-0.839893508119459
-0.81097659047772
-0.777989476675374
-0.740980994452789
-0.700123951219062
-0.655717120764809
-0.608168539554494
-0.557962225889606
-0.50561507646976
-0.451632980417153
-0.396474273447325
-0.34052538787105
-0.284089711950766
-0.227387765982916
-0.170565431928592
-0.11370692971918
-0.0568499589354674
-1.39748315202036e-06
0.056847164185538
0.113704135608219
0.170562638848237
0.227384974272102
0.284086921872679
0.340522599590034
0.396471487008022
0.451630195729533
0.505612293304677
0.557959443888805
0.608165758257004
0.655714339647178
0.700121169742612
0.740978212107689
0.777986693012022
0.810973805120404
0.839890720761865
0.864794692289722
0.885821160262991
0.903152421321725
0.916988075042821
0.927520316559212
0.934915151668856
0.939299272992877
0.940751708606817
0.939299278334208
0.934915162307049
0.927520332408148
0.916988095980688
0.903152447201396
0.885821190927636
0.86479472759474
0.839890760602782
0.810973849464794
0.777986741930994
0.74097826580027
0.700121228545919
0.655714404026777
0.608165828777007
0.55795952116671
0.505612377960197
0.451630288337799
0.396471588064556
0.340522709490803
0.284087040908571
0.227385102634403
0.170562776641308
0.113704282865959
0.056847320889136
-1.2313871287224e-06
-0.0568497835170893
-0.11370674504704
-0.170565238051249
-0.227387562909874
-0.284089499633451
-0.340525166185027
-0.396474042178423
-0.45163273925458
-0.505614825010179
-0.557961963655135
-0.608168266025301
-0.655716835422828
-0.700123653595711
-0.740980684170459
-0.777989153473802
-0.810976254220708
-0.83989315878269
-0.864797119547252
-0.885823577099659
-0.903154828098847
-0.916990472134454
-0.927522704347342
-0.934917530539931
-0.93930164333574
-0.940754070811466
-0.939301632791173
-0.934917509407007
-0.927522672540691
-0.916990429532336
-0.903154774551855
-0.885823512444267
-0.864797043624713
-0.839893071463144
-0.810976155431103
-0.777989043225321
-0.740980562580404
-0.700123520897213
-0.655716691958255
-0.608168112222646
-0.557961799991447
-0.505614651969633
-0.451632557289912
-0.396473851681782
-0.340524967471178
-0.284089292934977
-0.227387348381781
-0.170565015781918
-0.113706515072657
-0.0568495458376365
-9.85982618612251e-07
0.0568475740423669
0.113704543779055
0.170563045296398
0.227385378967527
0.284087324792519
0.340523000718602
0.396471886335956
0.451630593251797
0.505612689017741
0.557959837787035
0.608166150329017
0.655714729873373
0.700121558094453
0.740978598549557
0.777987077505295
0.810974187628541
0.839891101255568
0.864795070750766
0.885821536686152
0.903152795714836
0.916988447425387
0.927520686959988
0.93491552012301
0.939299639539142
0.940752073284724
0.939299641181611
0.934915523358112
0.927520691691391
0.91698845351774
0.903152803006113
0.885821545006408
0.864795079947702
0.839891111226567
0.810974198356869
0.777987089094755
0.740978611250415
0.700121572312461
0.655714746156259
0.608166169330467
0.557959860214427
0.505612715574552
0.451630624585677
0.396471923001257
0.340523043156199
0.284087373325494
0.227385433809322
0.170563106566418
0.113704611521969
0.0568476482486968
-9.05356248517456e-07
-0.0568494588486834
-0.113706421773452
-0.170564916200309
-0.227387242502125
-0.284089180679429
-0.340524848683236
-0.396473726114029
-0.451632424599615
-0.505614511725588
-0.557961651694909
-0.608167955342352
-0.655716525975858
-0.700123345355037
-0.740980377121827
-0.77798884761909
-0.810975949575279
-0.839892855370601
-0.864796817395564
-0.885823276233086
-0.903154528535644
-0.916990173883698
-0.927522407407473
-0.934917234898348
-0.939301348969027
-0.94075377768583
-0.939301340863126
-0.93491721862395
-0.927522382841896
-0.916990140850016
-0.903154486812766
-0.885823225572101
-0.86479675754336
-0.839892786101016
-0.810975870726155
-0.777988759130399
-0.740980279067919
-0.700123237962079
-0.655716409618354
-0.608167830516403
-0.557961518972975
-0.505614371702624
-0.451632277841486
-0.396473573117436
-0.340524689851325
-0.284089016313089
-0.227387072804013
-0.170564741287579
-0.11370624169537
-0.0568492736065975
-7.14924118620085e-07
0.0568478439034433
0.113704812417645
0.170563312685792
0.227385645077668
0.284087589588747
0.340523264160531
0.396472148377036
0.451630853839988
0.505612948097342
0.557960095302036
0.60816640622798
0.655714984114632
0.700121810651334
0.740978849413951
0.777987326689069
0.810974435162362
0.839891347185647
0.864795315134551
0.885821779587577
0.903153037200517
0.91698868756146
0.927520925810415
0.934915757748824
0.939299875998586
0.94075230863411
0.939299875476794
0.934915756656186
0.92752092405292
0.916988685008809
0.903153033700344
0.885821774986255
0.86479530930465
0.839891340059491
0.810974426767961
0.777987317183142
0.74097883910372
0.700121799997756
0.655714973712523
0.608166396764094
0.557960087499166
0.50561294265564
0.451630851387174
0.3964721494343
0.340523269126991
0.28408759874154
0.227385658583562
0.170563330619146
0.113704834781367
0.0568478706499297
-6.83872634578011e-07
-0.056849238338828
-0.113706202292333
-0.17056469780397
-0.227387025249346
-0.284088964632854
-0.34052463390929
-0.396473512681366
-0.451632212575641
-0.505614301171008
-0.557961442656769
-0.608167747846602
-0.655716320021047
-0.700123140908788
-0.740980174121444
-0.777988645976113
-0.810975749183305
-0.839892656114213
-0.864796619158976
-0.885823078906702
-0.903154332020402
-0.916989978093083
-0.92752221226783
-0.934917040348145
-0.939301154957262
-0.94075358417062
-0.939301147810398
-0.934917026006494
-0.927522190638693
-0.916989949046155
-0.903154295399567
-0.885823034547617
-0.864796566912823
-0.839892595877105
-0.810975680929037
-0.777988569786875
-0.740980090210064
-0.700123049625386
-0.655716221839493
-0.608167643331224
-0.557961332415232
-0.505614185803518
-0.451632092629889
-0.396473388620671
-0.340524506096114
-0.284088833326497
-0.227386890614143
-0.170564559923997
-0.113706061189239
-0.0568490939906216
-5.36232216474978e-07
0.0568480216368847
0.113704989158772
0.170563488402629
0.227385819742384
0.284087763180217
0.340523436667611
0.396472319802225
0.451631024202615
0.50561311743624
0.557960263676048
0.608166573714151
0.655715150803622
0.700121976640588
0.740979014799797
0.777987491559595
0.810974599592268
0.839891511234078
0.864795478845293
0.885821942991543
0.903153200318928
0.916988850409456
0.927521088400076
0.934915920091654
0.939300038107171
0.940752470522929
0.939300037162337
0.934915918156417
0.927521085385735
0.916988846189974
0.903153194740604
0.885821935887934
0.864795470058169
0.839891500640327
0.810974587134751
0.77798747727813
0.740978998855581
0.700121959327271
0.65571513253992
0.608166555016795
0.557960245118205
0.505613099599312
0.451631007632
0.396472304973325
0.340523423966408
0.28408775289706
0.227385812076712
0.170563483474618
0.113704987024808
0.0568480223068597
-5.32777641983449e-07
-0.0568490877824336
-0.113706052252551
-0.170564548260505
-0.227386876183963
-0.284088816030353
-0.340524485758957
-0.396473364979056
-0.451632065326456
-0.505614154392016
-0.557961296379236
-0.608167602116951
-0.655716174899575
-0.700122996466205
-0.740980030433051
-0.77798850311507
-0.810975607214274
-0.839892515088629
-0.864796479112393
-0.8858229398585
-0.903154193975286
-0.916989841043577
-0.927522076197267
-0.934916905233281
-0.939301020770906
-0.940753450883489
-0.93930101539228
-0.934916894426928
-0.927522059867128
-0.916989819051388
-0.903154166148736
-0.885822906004607
-0.864796439036287
-0.839892468618604
-0.810975554231169
-0.777988443582731
-0.740979964424078
-0.700122924176227
-0.655716096644875
-0.608167518313806
-0.557961207508531
-0.505614060956651
-0.451631967810175
-0.396473263814071
-0.340524381305665
-0.284088708569588
-0.227386765919173
-0.170564435327082
-0.113705936731315
-0.0568489697150998
-4.12183111216312e-07
0.0568481454159956
0.11370511262572
0.170563611516963
0.227385942465441
0.284087885474868
0.340523558497836
0.396472441132338
0.451631144996865
0.505613237658094
0.557960383288121
0.608166692678687
0.655715269083745
0.700122094202144
0.740979131613869
0.777987607604617
0.810974714855721
0.839891625712936
0.864795592545658
0.88582205592733
0.903153312510013
0.916988961879731
0.92752119917564
0.934916030199333
0.939300147573428
0.940752579373252
0.939300145420899
0.934916025846258
0.92752119252917
0.916988952809196
0.90315330085861
0.885822041529352
0.864795575250105
0.839891605412696
0.810974691520109
0.777987581310389
0.740979102568046
0.700122062749808
0.655715235695778
0.608166657919932
0.55796034777153
0.505613201994448
0.451631109749998
0.396472406786519
0.340523525440599
0.284087853993441
0.227385912753622
0.170563583688658
0.113705086731686
0.0568481214616354
-4.34220144655945e-07
-0.056848989867302
-0.113705955024445
-0.170564451762429
-0.22738678045581
-0.28408872110633
-0.340524391664136
-0.396473271725141
-0.451631972906868
-0.505614062777484
-0.557961205514524
-0.608167511920425
-0.655716085265913
-0.700122907273061
-0.740979941550297
-0.777988414415003
-0.810975518580619
-0.839892426422795
-0.864796390336266
-0.885822850914323
-0.903154104823018
-0.916989751657138
-0.927521986560253
-0.934916815335414
-0.939300930604638
-0.94075336044163
-0.939300924666496
-0.934916803407178
-0.92752196854208
-0.916989727409679
-0.90315407418161
-0.885822813709244
-0.864796346420559
-0.839892375705575
-0.810975461063812
-0.777988350226849
-0.740979870968552
-0.700122830729805
-0.655716003329186
-0.60816742525417
-0.557961114823689
-0.505613968750127
-0.45163187616433
-0.396473172787701
-0.340524290934526
-0.284088618869136
-0.227386676888407
-0.170564346952579
-0.113705848991066
-0.0568488825816516
-3.2562621089366e-07
0.056848231427446
0.113705198121909
0.170563696525908
0.227386027011748
0.284087969578794
0.340523642174306
0.396472524390288
0.451631227838848
0.505613320080459
0.557960465282026
0.608166774231496
0.655715350181483
0.700122174831982
0.740979211766454
0.77798768727568
0.810974794046728
0.839891704430772
0.864795670801582
0.885822133735413
0.903153389885691
0.916989038838561
0.927521275732212
0.934916106366594
0.939300223362342
0.940752654792686
0.939300220477636
0.934916100544917
0.92752126687277
0.916989026799327
0.903153374496055
0.885822114814832
0.864795648185165
0.839891678000907
0.810974763768346
0.777987653229892
0.740979174175263
0.700122134066225
0.655715306747193
0.608166728734743
0.55796041837862
0.505613272420949
0.451631180019677
0.396472476918742
0.340523595450125
0.284087923890841
0.227385982546173
0.170563653381355
0.113705156328365
0.0568481909658758
-3.64804201457626e-07
-0.0568489205345412
-0.113705885768528
-0.170564382576138
-0.227386711331568
-0.28408865203748
-0.340524322646676
-0.396473202760028
-0.451631904002543
-0.505613993952515
-0.557961136799374
-0.608167443357833
-0.6557160169098
-0.700122839184938
-0.740979873794511
-0.777988347053197
-0.810975451667055
-0.839892360000871
-0.864796324437321
-0.885822785557682
-0.903154040017726
-0.916989687404053
-0.927521922854442
-0.934916752168281
-0.93930086796566
-0.940753298319532
-0.939300863050106
-0.934916742285581
-0.927521907904353
-0.916989667244186
-0.903154014474781
-0.885822754443932
-0.864796287573834
-0.839892317247089
-0.810975402953956
-0.777988292416329
-0.740979813399382
-0.70012277333804
-0.655715946049592
-0.60816736802535
-0.557961057593517
-0.505613911479416
-0.451631818829139
-0.396473115379149
-0.340524233457486
-0.284088561339702
-0.227386619331133
-0.17056428939784
-0.113705791472787
-0.0568488251356644
-2.68288914999373e-07
0.0568482886199903
0.11370525513459
0.170563753325149
0.227386083566146
0.284088025859647
0.340523698156612
0.396472580053652
0.451631283168614
0.505613375068432
0.557960519927081
0.608166828539405
0.655715404163863
0.700122228504757
0.740979265147513
0.777987740383074
0.810974846896961
0.83989175703793
0.864795723177227
0.8858221858889
0.903153441825063
0.916989090571178
0.927521327265533
0.934916157708883
0.939300274522798
0.940752705781707
0.939300271306639
0.934916151226128
0.927521317418565
0.91698907722165
0.90315342480541
0.885822165019165
0.8647956982887
0.839891728003122
0.810974813663138
0.777987703005429
0.740979223814532
0.700122183548507
0.655715356050204
0.608166777837039
0.557960467261577
0.505613321070105
0.451631228425234
0.396472525075212
0.340523643355264
0.284087971544557
0.227386029949493
0.170563700535418
0.113705203233696
0.0568482376222338
-3.18398005698377e-07
-0.0568488743806928
-0.113705839869701
-0.170564336934968
-0.227386665950235
-0.284088606916712
-0.34052427778514
-0.396473158153302
-0.451631859642529
-0.505613949827006
-0.557961092892341
-0.60816739965023
-0.655715973380962
-0.70012279581446
-0.740979830564018
-0.777988303947846
-0.810975408676137
-0.839892317117931
-0.864796281659341
-0.88582274288424
-0.903153997449754
-0.916989644942999
-0.927521880501485
-0.934916709923827
-0.939300825829124
-0.940753256289361
-0.939300821123946
-0.934916700460642
-0.927521866177844
-0.916989625614058
-0.903153972940335
-0.885822713006868
-0.864796246239015
-0.839892276023143
-0.810975361853698
-0.777988251456433
-0.740979772599485
-0.700122732719178
-0.655715905632166
-0.608167327827154
-0.557961017628296
-0.505613871756111
-0.451631779351765
-0.39647307614758
-0.340524194468499
-0.284088522587966
-0.227386580810257
-0.170564251100985
-0.113705753393189
-0.0568487872667168
-2.3062418546307e-07
0.0568483260867333
0.113705292409737
0.17056379041524
0.227386120477902
0.284088062599983
0.34052373473235
0.396472616471018
0.451631319432676
0.505613411182332
0.55796055589121
0.608166864350906
0.655715439816405
0.700122263988847
0.740979300451677
0.777987775495019
0.810974881804966
0.839891791732204
0.86479575765046
0.885822220136842
0.903153475846329
0.916989124366892
0.927521360839
0.934916191064951
0.939300307667633
0.940752738722328
0.939300304051049
0.934916183783174
0.927521349798312
0.916989109435531
0.903153456866788
0.885822196943768
0.864795730094977
0.839891759712352
0.81097484529912
0.777987734593714
0.740979255380758
0.700122215116602
0.655715387640075
0.608166809462672
0.557960498929789
0.505613352780364
0.451631260170172
0.396472556841757
0.340523675126364
0.284088003300744
0.227386061670029
0.170563732199346
0.113705234820366
0.0568482691114448
-2.87026039020396e-07
-0.0568488431455126
-0.113705808791075
-0.170564306033509
-0.227386635247535
-0.284088576436086
-0.340524247551476
-0.396473128193165
-0.451631829983564
-0.505613920496867
-0.557961063917196
-0.608167371052777
-0.655715945178306
-0.700122768016611
-0.740979803172822
-0.777988276956975
-0.810975382072111
-0.83989229088187
-0.864796255768823
-0.885822717315172
-0.903153972178081
-0.916989619945641
-0.927521855757101
-0.934916685412854
-0.939300801533733
-0.940753232193043
-0.939300797210929
-0.934916676715239
-0.927521842583728
-0.91698960215355
-0.903153949593737
-0.885822689752101
-0.86479622305161
-0.839892252876618
-0.810975338720735
-0.777988228310691
-0.740979749417768
-0.70012270948386
-0.655715882333252
-0.608167304463343
-0.557960994206901
-0.505613848291914
-0.451631755865191
-0.396473052662408
-0.340524171009807
-0.284088499180646
-0.22738655747797
-0.17056422786577
-0.113705730275452
-0.0568487642855208
-2.07797914251201e-07
0.0568483487400166
0.113705314871504
0.170563812665951
0.22738614249665
0.284088084364427
0.340523756218735
0.396472637655133
0.451631340291165
0.505613431694598
0.557960576041866
0.608166884132133
0.65571545922983
0.700122283046589
0.740979319175689
0.777987793915149
0.81097489995639
0.839891809652081
0.864795775375365
0.885822237700521
0.903153493278545
0.916989141692995
0.927521378079945
0.934916208237903
0.939300324786566
0.940752755798717
0.939300321094405
0.934916200801692
0.927521366798923
0.916989126424123
0.903153473848071
0.885822213920903
0.864795747069168
0.839891776682121
0.810974862259809
0.777987751537176
0.740979272295196
0.700122231987131
0.655715404449541
0.608166826193008
0.557960515563334
0.505613369301068
0.451631276564293
0.396472573098456
0.340523691237667
0.284088019261199
0.227386077476316
0.170563747849794
0.113705250314725
0.0568482844503041
-2.71841475016433e-07
-0.0568488281134995
-0.113705793909705
-0.170564291300571
-0.227386620660927
-0.284088561993654
-0.340524233251374
-0.396473114033891
-0.451631815964202
-0.505613906617195
-0.557961050177836
-0.608167357455227
-0.655715931724851
-0.700122754709902
-0.740979790015573
-0.777988263951593
-0.810975369220332
-0.839892278184412
-0.864796243225358
-0.885822704924373
-0.903153959937707
-0.91698960785282
-0.927521843808442
-0.93491667360478
-0.939300789862518
-0.940753220655118
-0.9393007858029
-0.934916665434107
-0.927521831426894
-0.916989591118983
-0.903153938679986
-0.885822678958353
-0.86479621237744
-0.839892242322094
-0.810975328285851
-0.777988217995252
-0.740979739221105
-0.700122699404474
-0.655715872368743
-0.608167294610622
-0.557960984462454
-0.505613838652109
-0.451631746326758
-0.396473043222836
-0.34052416166734
-0.284088489934465
-0.227386548327889
-0.170564218812237
-0.113705721319234
-0.0568487554273592
-1.99038284715526e-07
0.0568483574010556
0.113705323434441
0.170563821132282
0.227386150868735
0.284088092645428
0.340523764412802
0.396472645767014
0.451631348325744
0.505613439656508
0.557960583934717
0.608166891957732
0.6557154669879
0.700122290734212
0.740979326787612
0.777987801444345
0.810974907394731
0.83989181699132
0.864795782607661
0.885822244819181
0.90315350027807
0.916989148569235
0.927521384829982
0.934916214859739
0.939300331278864
0.940752762160605
0.939300327325159
0.934916206900446
0.927521372764572
0.916989132255207
0.903153479542623
0.885822219476565
0.864795752483341
0.839891781952051
0.810974867383234
0.777987756512312
0.740979277121519
0.700122236665382
0.655715408981896
0.60816683058275
0.557960519814504
0.505613373418023
0.4516312805511
0.396472576958533
0.340523694973372
0.284088022873913
0.227386080966479
0.170563751216985
0.113705253557955
0.0568482875681861
-2.68850261211599e-07
-0.0568488252502941
-0.11370579117522
-0.170564288694899
-0.227386618183105
-0.284088559641536
-0.340524231021226
-0.396473111920379
-0.451631813960038
-0.505613904713659
-0.557961048364849
-0.608167355722189
-0.655715930061542
-0.700122753107617
-0.740979788467779
-0.777988262454775
-0.810975367773829
-0.839892276790478
-0.864796241888422
-0.885822703650537
-0.903153958734009
-0.916989606726719
-0.927521842767503
-0.934916672656385
-0.939300789013827
-0.940753219912926
-0.939300785173958
-0.934916664924965
-0.927521831044405
-0.916989590870244
-0.903153938572636
-0.885822679000504
-0.864796212577931
-0.839892242690126
-0.810975328830925
-0.777988218726535
-0.740979740146712
-0.700122700530926
-0.655715873700106
-0.608167296148239
-0.557960986204826
-0.50561384059521
-0.451631748464397
-0.396473045547495
-0.34052416417076
-0.284088492608011
-0.227386551163302
-0.170564221801577
-0.113705724455019
-0.0568487587026634
-2.02446535341108e-07
0.0568483538660021
0.113705319778757
0.17056381736195
0.227386146989925
0.284088088664406
0.3405237603359
0.396472641600757
0.45163134407617
0.505613435329242
0.557960579534225
0.608166887487022
0.655715462448172
0.700122286124417
0.740979322104893
0.777987796684112
0.810974902551218
0.839891812058242
0.86479577757878
0.885822239688734
0.903153495040753
0.916989143220701
0.927521379366568
0.934916209278375
0.939300325576985
0.940752756335961
0.939300321375444
0.93491620082327
0.927521366557402
0.916989125914963
0.903153473065917
0.885822212859445
0.86479574572162
0.839891775041544
0.810974860319944
0.777987749292981
0.740979269744227
0.7001222291295
0.655715401288513
0.608166822734545
0.55796051181522
0.50561336527213
0.451631272263258
0.396472568533031
0.340523686414128
0.284088014183974
0.227386072148339
0.170563742272434
0.113705244488412
0.0568482783747979
-2.78166579051216e-07
-0.0568488346884554
-0.113705800733894
-0.170564298372522
-0.227386627977588
-0.28408856955042
-0.340524241041559
-0.396473122048936
-0.451631824193537
-0.505613915048952
-0.557961058799329
-0.608167366254118
-0.655715940690241
-0.700122763833216
-0.740979799291436
-0.777988273377747
-0.810975378797402
-0.839892287915348
-0.864796253114377
-0.885822714976515
-0.903153970157858
-0.916989618245521
-0.927521854377698
-0.934916684353863
-0.939300800794189
-0.940753231772005
-0.939300797107665
-0.934916676929808
-0.92752184311754
-0.916989603009861
-0.903153950778264
-0.885822691273258
-0.864796224920574
-0.839892255107315
-0.810975341329091
-0.777988231313426
-0.740979752831254
-0.700122713322218
-0.655715886607271
-0.608167309179723
-0.557960999368288
-0.505613853897286
-0.451631761911127
-0.396473059144527
-0.340524177923623
-0.284088506522315
-0.227386565244928
-0.170564236056848
-0.113705738890637
-0.0568487733257425
-2.17264545390395e-07
0.0568483388456059
0.113705304548299
0.170563801914087
0.227386131317682
0.284088072761831
0.34052374419851
0.396472625225972
0.451631327464126
0.505613418483089
0.557960562460658
0.608166870195996
0.655715444952424
0.700122268438941
0.740979304245342
0.777987778666115
0.810974884389146
0.839891793764785
0.864795759164401
0.88582222116188
0.903153476408395
0.916989124488255
0.9275213605389
0.93491619035981
0.939300306572173
0.940752737250089
0.939300302214777
0.934916181595586
0.927521347272007
0.916989106583133
0.903153453700741
0.885822193475585
0.86479572633451
0.83989175566637
0.81097484096985
0.777987729977405
0.740979250466648
0.700122209886344
0.655715382068481
0.608166803519273
0.557960492581139
0.505613345992596
0.451631252911412
0.396472549083876
0.340523666846034
0.284087994479685
0.227386052294779
0.170563722260745
0.113705224312832
0.0568482580320362
-2.98678357766843e-07
-0.0568488553705808
-0.113705821588193
-0.170564319402166
-0.227386649188164
-0.284088590950255
-0.340524262642753
-0.396473143867171
-0.451631846247789
-0.505613937360501
-0.557961081389993
-0.608167389143886
-0.655715963895113
-0.700122787363024
-0.740979823148861
-0.777988297558259
-0.810975403290354
-0.839892312706062
-0.864796278186106
-0.885822740312383
-0.903153995742527
-0.916989644065865
-0.927521880423413
-0.93491671061744
-0.939300827270755
-0.940753258458644
-0.939300824002985
-0.934916704033248
-0.927521870428672
-0.916989630527784
-0.90315397850066
-0.88582271919587
-0.8647962530366
-0.839892283407012
-0.810975369799833
-0.777988259940302
-0.740979781597669
-0.70012274221149
-0.655715915603763
-0.608167338270213
-0.557961028542518
-0.505613883148679
-0.451631791236067
-0.396473088541593
-0.340524207392938
-0.284088536064942
-0.227386594861665
-0.170564265748137
-0.113705768655892
-0.0568488031634849
-2.47172024559117e-07
0.0568483088719282
0.113705274513025
0.170563771822482
0.227386101175241
0.284088042573946
0.340523713970041
0.396472594960346
0.451631297163177
0.505613388146052
0.557960532083917
0.608166839773294
0.655715414474455
0.70012223789417
0.740979273620618
0.777987747947299
0.810974853562035
0.839891762815246
0.864795728079148
0.885822189928329
0.903153445014554
0.916989092922865
0.927521328790976
0.934916158418773
0.939300274427516
0.940752704891287
0.939300269631285
0.934916148776767
0.927521314207042
0.916989073261407
0.903153420111901
0.885822159609957
0.864795692183361
0.839891721222697
0.810974806228869
0.777987694937065
0.74097921512798
0.700122174253611
0.655715346148784
0.608166767321857
0.557960456116567
0.505613309271748
0.451631215944728
0.396472511880635
0.340523629413912
0.284087956824744
0.227386014421316
0.170563684171476
0.113705186009159
0.0568482195144339
-3.37410053649542e-07
-0.0568488943169108
-0.113705860749633
-0.170564358778422
-0.227386688777632
-0.284088630749519
-0.340524302645119
-0.396473184061889
-0.451631886619078
-0.505613977886794
-0.55796112204412
-0.608167429894038
-0.655716004706154
-0.700122828199984
-0.740979863979346
-0.777988338355732
-0.810975444035795
-0.839892353388637
-0.864796318803274
-0.885822780868368
-0.903154036246764
-0.916989684531213
-0.927521920864924
-0.934916751050988
-0.93930086771228
-0.940753298923234
-0.939300864505363
-0.934916744587425
-0.927521911048363
-0.916989671226984
-0.903154019294301
-0.885822760100781
-0.864796294072424
-0.839892324597119
-0.810975411171978
-0.77798830152682
-0.74097982343441
-0.700122784336742
-0.655715958055381
-0.608167381082768
-0.557961071744855
-0.505613926761612
-0.451631835271457
-0.396473133002668
-0.340524252274922
-0.284088581356684
-0.227386640547385
-0.170564311809011
-0.113705815071412
-0.0568488499125662
-2.942338579586e-07
0.0568482615178933
0.11370522688588
0.170563723940265
0.22738605305494
0.284087994231709
0.340523665421346
0.396472546220952
0.451631248249135
0.505613339074754
0.557960482874293
0.60816679044571
0.655715365050907
0.700122188397013
0.740979224071325
0.777987698365166
0.81097480396241
0.839891713209012
0.864795678471853
0.885822140320374
0.903153395401491
0.916989043296067
0.927521279138088
0.934916108724607
0.939300224674124
0.940752655058391
0.939300219696111
0.9349160987139
0.927521263988233
0.916989022854739
0.903153369481235
0.885822108714587
0.864795640978212
0.839891669658597
0.810974754254224
0.777987642500429
0.740979162181225
0.700122120756124
0.655715292070507
0.608166712646242
0.557960400840847
0.505613253406292
0.451631159510861
0.396472454907571
0.340523571935613
0.284087898877377
0.227385956041532
0.170563625395126
0.113705126871082
0.0568481600482281
-3.97171437942099e-07
-0.0568489543404647
-0.113705921001773
-0.170564419224479
-0.227386749381033
-0.284088691471737
-0.340524363445974
-0.396473244900537
-0.45163194745556
-0.50561403868452
-0.55796118277252
-0.608167490531705
-0.65571606524384
-0.700122888641041
-0.740979924340228
-0.777988398663801
-0.810975504326364
-0.839892413701495
-0.864796379179171
-0.885822841346582
-0.903154096863302
-0.916989745317779
-0.927521981848518
-0.934916812254213
-0.93930092915344
-0.940753360617322
-0.939300926463817
-0.93491680681881
-0.927521973558444
-0.91698973401884
-0.903154082368691
-0.885822823455674
-0.864796357703221
-0.839892388497025
-0.810975475331577
-0.777988365934843
-0.740979888078431
-0.700122849203935
-0.655716023133202
-0.608167446360003
-0.557961137211905
-0.505613992410681
-0.451631901096535
-0.396473198998842
-0.340524318438102
-0.284088647682557
-0.227386707031359
-0.170564378445414
-0.113705881853345
-0.056848916831657
-3.61280617781892e-07
0.0568481943537693
0.113705159615584
0.170563656574133
0.227385985601822
0.284087926696875
0.340523597804542
0.396472478513959
0.451631180433963
0.50561327112122
0.557960414740035
0.608166722076868
0.655715296385104
0.700122119367976
0.740979154614026
0.777987628420866
0.810974733482711
0.839891642157324
0.86479560682382
0.885822068061899
0.903153322526826
0.916988969804968
0.927521205033279
0.934916034010095
0.939300149353311
0.940752579133617
0.93930014316801
0.934916021581877
0.927521186250889
0.916988944511369
0.903153290533656
0.885822029169669
0.864795560849867
0.839891588970715
0.810974673042698
0.777987560813412
0.740979080078454
0.700122038305735
0.655715209343903
0.608166629712646
0.557960317762195
0.505613170233299
0.451631076280521
0.396472371644419
0.340523488652853
0.284087815579482
0.227385872727281
0.170563542060209
0.113705043509818
0.0568480766554427
-4.80599503020652e-07
-0.0568490378059143
-0.113706004504986
-0.170564502764747
-0.227386832957756
-0.284088775085649
-0.340524447101591
-0.396473328607946
-0.451632031232986
-0.505614122559172
-0.557961266782458
-0.608167574724422
-0.65571614967407
-0.700122973367419
-0.740980009420478
-0.777988484150735
-0.810975590264614
-0.839892500126071
-0.86479646611545
-0.885822928811384
-0.90315418486737
-0.916989833867741
-0.927522070948877
-0.934916901909251
-0.939301019368623
-0.940753451400013
-0.939301017824333
-0.934916898769922
-0.927522066116124
-0.916989827200602
-0.90315417619273
-0.885822917939284
-0.864796452860068
-0.839892484334332
-0.81097557184777
-0.77798846311718
-0.740979985902151
-0.700122947632866
-0.655716122122914
-0.608167545861999
-0.557961237178093
-0.505614092798348
-0.451632001871344
-0.39647330013673
-0.340524419925527
-0.284088749515671
-0.227386809214591
-0.170564480989321
-0.113705984773531
-0.056849020147152
-4.65012176748649e-07
0.056848090184443
0.113705054987053
0.170563551466772
0.227385879999613
0.284087820588921
0.340523491187746
0.396472371395177
0.451631072832489
0.505613163070354
0.557960306287044
0.608166613281115
0.655715187313658
0.700122010089935
0.740979045193757
0.777987518911774
0.810974623923291
0.839891532569311
0.864795497212766
0.885821958420146
0.903153212836696
0.916988860042292
0.927521095171672
0.934915924022824
0.939300039216299
0.940752468826755
0.939300032676874
0.934915910897641
0.927521075371505
0.916988833440724
0.903153179280842
0.885821917746612
0.86479544926893
0.839891477239855
0.810974561161053
0.777987448766208
0.740978967833128
0.700121925810184
0.655715096529119
0.608166516497214
0.557960204060504
0.505613055963659
0.451630961372693
0.396472256043985
0.340523372323786
0.28408769850378
0.227385754902362
0.17056342349587
0.113704924224722
0.0568479566733347
-6.01252829697774e-07
-0.0568491591057897
-0.113706126429996
-0.170564625299041
-0.227386956092583
-0.284088898820723
-0.340524571444476
-0.396473453573966
-0.451632156842162
-0.505614248833472
-0.557961393740069
-0.608167702375191
-0.655716278014934
-0.700123102380518
-0.74098013907343
-0.777988614400049
-0.810975721061379
-0.839892631421464
-0.864796597865974
-0.885823060982057
-0.90315431743388
-0.916989966816324
-0.927522204275648
-0.934917035618003
-0.939301153469685
-0.940753585908397
-0.939301152757838
-0.934917034149173
-0.927522201962209
-0.91698996353586
-0.903154313039836
-0.885823055321321
-0.86479659080106
-0.839892622859445
-0.810975710984021
-0.77798860289295
-0.740980126347794
-0.700123088779052
-0.655716263999324
-0.608167688494184
-0.557961380585907
-0.50561423699335
-0.451632146855695
-0.396473445902986
-0.340524566457
-0.284088896787858
-0.227386957196138
-0.170564629643645
-0.113706134059462
-0.0568491700200298
-6.1542456280747e-07
0.0568479392823829
0.113704903646809
0.170563399741283
0.227385727940945
0.284087668247948
0.340523338611177
0.396472218623435
0.45163091989646
0.505613009989443
0.557960153066541
0.608166459912399
0.655715033775095
0.700121856349802
0.740978891214675
0.777987364654651
0.810974469350839
0.839891377648644
0.864795341915512
0.885821802722108
0.903153056716321
0.91698870347896
0.927520938143284
0.934915766504497
0.939299881178405
0.940752310233385
0.939299873484459
0.934915751053728
0.927520914813302
0.916988672095364
0.903153017064792
0.885821754567901
0.864795285029727
0.839891311842066
0.81097439451294
0.777987280791342
0.740978798477936
0.700121755050857
0.655714924373807
0.608166342984585
0.557960029252956
0.505612879938285
0.451630784211688
0.396472077826033
0.340523193118213
0.28408751836751
0.227385573879313
0.170563241618788
0.113704741517442
0.0568477731545417
-7.85566989771556e-07
-0.0568493441968867
-0.113706312275341
-0.170564811867246
-0.227387143341664
-0.284089086694827
-0.340524759873598
-0.396473642472859
-0.451632346113343
-0.505614438371579
-0.557961583439535
-0.608167892138953
-0.655716467764751
-0.700123292064812
-0.740980328672009
-0.777988803924415
-0.810975910550393
-0.83989282093432
-0.864796787474535
-0.885823250763277
-0.903154507463261
-0.916990157164797
-0.927522395007088
-0.934917226789264
-0.93930134513081
-0.940753778103814
-0.939301345528146
-0.934917227532322
-0.927522395996037
-0.916990158259489
-0.903154508495512
-0.8858232515558
-0.864796787866832
-0.839892820814566
-0.810975909891101
-0.777988802817957
-0.740980327355743
-0.700123290930487
-0.655716467346192
-0.608167893077214
-0.557961586432219
-0.505614444117073
-0.451632355259408
-0.39647365558039
-0.340524777395799
-0.284089108972704
-0.227387170610714
-0.170564844272613
-0.113706349889262
-0.0568493870395439
-8.33625035447519e-07
0.0568477199078449
0.113704683104128
0.170563178036285
0.227385505082063
0.284087444247696
0.34052311348974
0.396471992411105
0.451630692636206
0.505612781738419
0.557959923895722
0.608166229902908
0.655714803012734
0.700121624917202
0.74097865918278
0.777987132076464
0.810974236256935
0.83989114404654
0.864795107792287
0.885821568048697
0.903152821452723
0.916988467579695
0.927520701561436
0.934915529195738
0.939299643103
0.940752071358005
0.93929963378249
0.934915510506297
0.92752067340865
0.916988429827349
0.903152773931701
0.885821510569496
0.86479504016453
0.839891066102519
0.810974147880942
0.777987033234185
0.740978549946495
0.700121505479763
0.655714673685335
0.608166091094787
0.557959776080449
0.505612625411522
0.451630528275587
0.39647182044452
0.340522934274997
0.284087258064063
0.227385312132186
0.170562978455007
0.113704476971717
0.0568475072658473
-1.05275787825406e-06
-0.0568496126502679
-0.11370658195272
-0.170565082734528
-0.22738741536857
-0.28408935985657
-0.34052503415065
-0.396473917850869
-0.451632622582276
-0.505614715923514
-0.557961862066521
-0.608168171830824
-0.655716748506985
-0.700123573837395
-0.740980611450759
-0.777989087683045
-0.810976195264299
-0.839893106583834
-0.864797074047818
-0.885823538258451
-0.90315479588892
-0.916990446539803
-0.927522685359496
-0.934917518155037
-0.939301637551822
-0.940754071626537
-0.93930164020217
-0.9349175234087
-0.927522693126228
-0.916990456694127
-0.903154808283445
-0.885823552743306
-0.864797090496737
-0.839893124926069
-0.810976215520202
-0.777989109996676
-0.740980636112848
-0.70012360129133
-0.655716779332334
-0.608168206705124
-0.55796190171188
-0.505614761050091
-0.451632673837751
-0.396473975785361
-0.340525099198113
-0.284089432332974
-0.227387495480042
-0.170565170594512
-0.113706677600549
-0.0568497160714149
-1.16390462265978e-06
0.0568473884558038
0.113704350555769
0.170562844466286
0.227385170560829
0.284087108837406
0.340522777240168
0.396471655354713
0.451630354784111
0.505612443076315
0.557959584383445
0.608165889475367
0.655714461585935
0.700121282395352
0.740978315466895
0.777986787072833
0.810973889882343
0.839890796230742
0.864794758478157
0.885821217188465
0.903152469005205
0.916988113506051
0.927520345821644
0.934915171745828
0.939299283892775
0.940751710329827
0.939299270870427
0.934915145634969
0.927520306494459
0.916988060779608
0.903152402654839
0.885821136966717
0.864794664143389
0.839890687581982
0.810973766798851
0.777986649554857
0.740978163666636
0.700121116630625
0.655714282330807
0.60816569732516
0.557959380002748
0.50561222713916
0.45163012791882
0.396471418103684
0.340522530037278
0.284086852001667
0.227384904304791
0.170562568911904
0.113704065754716
0.0568470944131057
-1.46720885892267e-06
-0.0568500286600646
-0.113706999477962
-0.170565501725407
-0.227387835768864
-0.284089781602727
-0.340525457172906
-0.396474342075649
-0.451633047935071
-0.505615142335109
-0.557962289478684
-0.608168600203236
-0.655717177822903
-0.700124004107288
-0.740981042713205
-0.777989520001712
-0.810976628722956
-0.839893541280379
-0.864797510087265
-0.885823975748675
-0.903155234936978
-0.916990887250054
-0.927523127833509
-0.934917962491966
-0.939302083850033
-0.940754519985824
-0.939302090725125
-0.934917976203279
-0.927523148307542
-0.916990914385513
-0.903155268617095
-0.885824015859624
-0.864797556541514
-0.839893594046381
-0.810976687856626
-0.777989585675318
-0.740981115236015
-0.700124083929031
-0.655717265516871
-0.608168696430319
-0.557962394936357
-0.505615257704992
-0.451633173835727
-0.396474479030381
-0.340525605592556
-0.284089941784134
-0.227388007902784
-0.170565685911763
-0.113707195743474
-0.0568502369770618
-1.68751335229424e-06
0.0568468622034555
0.113703821722992
0.170562313123439
0.227384636789406
0.28408657273488
0.340522238922752
0.396471114960808
0.451629812473429
0.505611899027648
0.557959038786618
0.608165342520748
0.655713913448172
0.700120733218241
0.740977765350183
0.777986236063267
0.810973337972408
0.839890243363198
0.86479420455432
0.885820662080528
0.90315191256656
0.916987555580828
0.927519786252888
0.93491461037959
0.939298720581677
0.940751144934142
0.939298703258174
0.934914575681728
0.927519734080706
0.91698748578909
0.903151824971772
0.885820556473077
0.864794080714296
0.839890101083343
0.810973177084825
0.777986056467784
0.740977567039488
0.700120516293572
0.655713678120837
0.608165089097465
0.557958767641183
0.505611610565415
0.451629507095761
0.396470793036117
0.340521900767373
0.284086218603498
0.227384266876993
0.170561927571628
0.113703420631995
0.0568464456462908
-2.11947680801129e-06
-0.0568506842836752
-0.113707658312269
-0.170566163627876
-0.227388500601312
-0.28409044923509
-0.340526127485002
-0.39647501496146
-0.451633723306132
-0.50561582012329
-0.557962969638103
-0.608169282712337
-0.65571786268343
-0.700124691343322
-0.740981732368175
-0.777990212136407
-0.81097732341281
-0.839894238613129
-0.864798210161629
-0.885824678672342
-0.903155940825412
-0.916991596224993
-0.927523840021386
-0.934918678022891
-0.939302802856415
-0.940755242601076
-0.939302817082243
-0.93491870643363
-0.927523882538695
-0.916991652739055
-0.903156011205939
-0.885824762785062
-0.864798307890931
-0.839894349890297
-0.810977448248411
-0.777990350651813
-0.740981884819795
-0.700124858132407
-0.655718044345322
-0.608169479885141
-0.557963183015455
-0.505616050402112
-0.451633971137856
-0.396475280914594
-0.340526412024855
-0.284090752716342
-0.227388823274231
-0.170566505648603
-0.113708019760403
-0.0568510651788523
-2.519796929028e-06
0.0568460259468355
0.113702981603948
0.170561469251869
0.227383789269511
0.284085721660328
0.340521384371499
0.396470256989529
0.451628951114073
0.505611034284047
0.557958170634698
0.608164470911394
0.655713038312582
0.700119854474195
0.740976882908429
0.777985349831818
0.810972447858569
0.839889349272846
0.864793306389693
0.885819759738345
0.903151005935224
0.916986644539952
0.927518870671619
0.934913690117555
0.93929779548926
0.940750214853274
0.939297768023224
0.934913635121042
0.927518788018249
0.916986534046893
0.903150867373364
0.88581959284793
0.864793110902905
0.839889124943829
0.810972194498992
0.777985067345414
0.740976571322452
0.70011951395611
0.65571266916672
0.608164073555758
0.557957745560115
0.505610582006376
0.451628472128512
0.396469751734746
0.340520853207783
0.284085164863668
0.227383207035286
0.170560861708188
0.113702348829743
0.0568453679906417
-3.20289598392775e-06
-0.0568517733717727
-0.113708752969775
-0.170567263750173
-0.227389606079722
-0.284091559956482
-0.340527243334562
-0.396476135823707
-0.451634849067593
-0.505616950675158
-0.557964104881012
-0.608170422560002
-0.655719007068748
-0.700125840222842
-0.74098288572801
-0.777991369994332
-0.810978485819991
-0.839895405653316
-0.864799381947727
-0.88582585534235
-0.90315712253714
-0.916992783150823
-0.927525032344142
-0.934919875932331
-0.939304006546045
-0.940756452267209
-0.939304032922749
-0.934919928647858
-0.927525111327352
-0.916992888304969
-0.903157253754084
-0.885826012521792
-0.864799565023027
-0.839895614622817
-0.810978720781918
-0.777991631177466
-0.740983173514611
-0.700126155152587
-0.655719349821249
-0.608170793915961
-0.557964505667412
-0.50561738170694
-0.451635311095009
-0.396476629495329
-0.340527769175523
-0.284092118364522
-0.227390197331643
-0.170567888015246
-0.113709410326472
-0.0568524638263246
-3.92640037872624e-06
0.0568446115190155
0.113701559489177
0.170560039591141
0.227382352205363
0.284084277333611
0.340519932917373
0.396468798531592
0.451627485758658
0.505609562114142
0.557956691703674
0.608162985238546
0.655711545880649
0.700118355228995
0.740975376761316
0.777983836663458
0.810970927523379
0.83988782160372
0.864791771202488
0.885818216833888
0.903149455101959
0.916985085554517
0.927517303300395
0.934912114114872
0.939296210598045
0.940748620803473
0.939296164530738
0.934912021886578
0.927517164726625
0.916984900367685
0.903149222962536
0.885817937352184
0.864791443967297
0.839887446221455
0.810970503664052
0.777983364109583
0.740974855448895
0.70011778527212
0.655710927572359
0.608162319023326
0.557955978129782
0.505608801773872
0.451626679231696
0.396467946339795
0.340519035497425
0.284083335027638
0.227381365266358
0.170559008199285
0.113700483773852
0.056843491583688
-5.09045284528447e-06
-0.0568536718692211
-0.113710662187823
-0.170569183455967
-0.227391536027789
-0.284093499889891
-0.340529192988011
-0.396478094929353
-0.451636817364404
-0.505618927921167
-0.557966090868523
-0.60817241713257
-0.655721010135738
-0.700127851773428
-0.74098490583581
-0.777993398817881
-0.810980523594536
-0.839897452679071
-0.864801438575992
-0.885827921961093
-0.903159199558764
-0.916994871004427
-0.927527131469071
-0.934921986775466
-0.939306129562283
-0.940758587919708
-0.939306181686984
-0.934922091014241
-0.927527287804492
-0.916995079421715
-0.90315946005945
-0.885828234582152
-0.86480180341481
-0.839897869920256
-0.810980993540025
-0.777993921910259
-0.740985482670567
-0.700128483092841
-0.655721696800963
-0.608173160075669
-0.557966891034151
-0.505619786205377
-0.451637734565362
-0.396479071713503
-0.340530229875056
-0.284094597251562
-0.227392694098838
-0.170570402348178
-0.113711941907092
-0.0568550123330922
-6.49150571258857e-06
0.0568420301522643
0.113698962211449
0.170557426769257
0.227379724225307
0.284081634600719
0.340517275854481
0.396466127573909
0.451624801343037
0.505606864663654
0.55795398160648
0.608160262822503
0.655708811386251
0.700115608786397
0.740972618373704
0.777981066200863
0.81096814472854
0.839885026106323
0.864788962539823
0.885815394473163
0.903146618461441
0.916982234020499
0.927514436239577
0.934909230883955
0.939293310546246
0.940745703274463
0.939293228860351
0.934909067400146
0.927514190734969
0.916981906163718
0.903146207820316
0.885814900526843
0.864788384700757
0.839884363752963
0.810967397246375
0.777980233030162
0.74097169905712
0.700114603005861
0.655707718982723
0.60815908379229
0.55795271607623
0.50560551285078
0.451623363510972
0.396464603993327
0.340515666775252
0.284079940237656
0.227377944757712
0.170555562351318
0.113697012988416
0.0568399962823761
-8.60982949172749e-06
-0.056857214861985
-0.113714228318493
-0.170572772229838
-0.227395146936783
-0.28409713242063
-0.340532846633394
-0.396481769204051
-0.451640511826084
-0.505622642195097
-0.557969824673155
-0.608176170304441
-0.655724782649259
-0.700131643749763
-0.740988717542985
-0.777997230659841
-0.810984376092397
-0.839901326448692
-0.864805334305292
-0.885831840390678
-0.903163141466298
-0.916998837193391
-0.927531122761426
-0.934926004008746
-0.939310173587852
-0.940762659604498
-0.939310281914331
-0.934926220686168
-0.927531447842494
-0.916999270763898
-0.9031636836558
-0.885832491383536
-0.864806094356908
-0.839902195902979
-0.810985355401201
-0.777998320398768
-0.7409899184221
-0.700132956609202
-0.655726208440658
-0.608177710054567
-0.557971479435444
-0.505624412996742
-0.451642399621343
-0.396483774836007
-0.340534970812186
-0.284099375713057
-0.227397509764682
-0.17057525487465
-0.113716830927807
-0.0568599374579983
-1.14523189790307e-05
0.0568370340937533
0.113693931378582
0.170552361658971
0.227374625354886
0.284076502500127
0.340512111052821
0.396460930583507
0.451619572637755
0.505601604654223
0.557948690612385
0.608154941043208
0.655703458876075
0.7001102254346
0.740967203894603
0.777975620134326
0.810962666450599
0.839879514847894
0.864783417410294
0.88580981448451
0.903141002551678
0.916976581072705
0.927508745097342
0.934903500360971
0.93928753943312
0.940739890340447
0.939287372853397
0.934903167045869
0.927508244735601
0.916975913198804
0.903140166551051
0.885808809606484
0.864782242789652
0.839878169539413
0.810961149475079
0.777973930532902
0.740965340784864
0.700108188058356
0.655701246630773
0.608152553490782
0.557946127465313
0.505598865745119
0.451616657882005
0.396457839943078
0.340508844511306
0.284073060049759
0.227371006999081
0.170548567424289
0.113689961338102
0.0568328883936635
-1.57734339607726e-05
-0.0568644336204854
-0.113721501632168
-0.170580099466638
-0.227402527438586
-0.284104565515644
-0.340540331651523
-0.396489305498929
-0.451648098801704
-0.505630279337149
-0.557977511584271
-0.608183906740397
-0.655732568553087
-0.700139479279819
-0.740996603091298
-0.778005166857246
-0.81099236380178
-0.839909366746323
-0.864813428455026
-0.885839989814299
-0.903171347713667
-0.917007101916391
-0.927539447693499
-0.93493439094933
-0.93931862439479
-0.940771176189369
-0.939318866244854
-0.934934874788405
-0.927540173804033
-0.917008070735513
-0.903172559845116
-0.885841446042129
-0.8648151297559
-0.839911314295199
-0.810994558971768
-0.778007611206186
-0.740999298332294
-0.700142427235908
-0.655735771096459
-0.608187365723287
-0.557981228769356
-0.505634256338785
-0.451652337043872
-0.396493806191545
-0.340545095783966
-0.284109593858599
-0.227407820550804
-0.170585657698766
-0.11372732512931
-0.0568705223202784
-2.21270674858167e-05
0.0568262702958702
0.113683079431928
0.170541422525233
0.227363600047767
0.284065392068044
0.340500916554121
0.396449653048995
0.451608213022849
0.505590163780818
0.557937169101575
0.608143339247323
0.655691776815519
0.700098462749908
0.740955359820961
0.777963693501026
0.810950655705387
0.839867418098551
0.864771232477382
0.88579753895542
0.903128633830437
0.916964116422028
0.927496181668931
0.934890835215673
0.939274769551339
0.940727012622846
0.939274384117892
0.934890064018198
0.927495024043899
0.91696257137107
0.903126700023067
0.885795214743082
0.864768515925003
0.839864307035515
0.81094714779992
0.777959786353039
0.740951051061815
0.700093750138715
0.655686658313358
0.608137813062708
0.557931233698752
0.505583817860617
0.451601455486367
0.396442482955667
0.340493333090751
0.284057394531902
0.22735518784982
0.17053259521254
0.113673836722693
0.056816612122503
-3.22005174595962e-05
-0.0568810105704585
-0.113738227397169
-0.170596972893137
-0.22741954728256
-0.284121730466131
-0.340557640367582
-0.396506756660091
-0.451665691175563
-0.505648011864872
-0.557995383480527
-0.608201917600128
-0.655750718456204
-0.700157768876986
-0.74101503365883
-0.778023740313496
-0.811011082684424
-0.839928234154371
-0.864832447972691
-0.885859165424365
-0.903190683717193
-0.917026602861806
-0.927559118322801
-0.934954236162861
-0.939338649231288
-0.940791385822412
-0.939339265988595
-0.934955470111268
-0.927560970342027
-0.917029074297969
-0.903193776408492
-0.885862881721103
-0.864836790747849
-0.839933206794469
-0.811016689052129
-0.77802998467829
-0.741021920588733
-0.700165303103858
-0.655758904717591
-0.608210760481992
-0.558004887279104
-0.505658180485769
-0.451676528076058
-0.396518264830597
-0.340569822341878
-0.284134588340458
-0.227433082731504
-0.17061118717331
-0.113753121334984
-0.0568965845407913
-4.8454425212635e-05
0.0567996788498012
0.113656225120242
0.170514306737832
0.227336224318693
0.284037758034775
0.340473025896394
0.396421507403564
0.451579813872881
0.50556151231646
0.557908266059883
0.608114184740205
0.655662370163992
0.70006880234829
0.740925443048753
0.777933516696859
0.810920214202131
0.839836706311851
0.864740244024182
0.885766266787411
0.903097070361558
0.916932253636835
0.927464011208044
0.934858348430913
0.939241957534787
0.940693866211981
0.939240893880621
0.934856220230031
0.927460816662222
0.916927990022748
0.903091734014104
0.88575985310627
0.864732747511939
0.839828120663573
0.81091053244989
0.777922731410291
0.740913546576344
0.700055787074422
0.65564822874708
0.608098910300911
0.557891852297479
0.505543953549454
0.451561105019503
0.396401643925537
0.340452003737846
0.28401557357922
0.227312874381231
0.170489788598419
0.113630536590969
0.0567728183589826
-7.64877491753159e-05
-0.0569257908093456
-0.113783499875066
-0.170642736546179
-0.227465800789203
-0.284168472312982
-0.340604868949791
-0.396554470421733
-0.451713888794053
-0.505696692481591
-0.55804454697405
-0.608251564882237
-0.655800851763011
-0.700208392016034
-0.741066152178194
-0.778075361566363
-0.811063215785637
-0.839980889847298
-0.864885638433477
-0.885912904040266
-0.903244984870768
-0.917081481744011
-0.927614590788764
-0.935010318636105
-0.939395358657483
-0.940848739666583
-0.93939728226669
-0.935014167442335
-0.927620368000248
-0.917089192247659
-0.903254635293286
-0.885924502790932
-0.86489919569971
-0.83999641751589
-0.811080727267824
-0.778094871515962
-0.74108767610489
-0.70023194582505
-0.655826451270517
-0.608279225367287
-0.558074282825041
-0.505728516975918
-0.451747814008712
-0.396590507251243
-0.340643027180111
-0.284208760701372
-0.227508227107815
-0.17068730756989
-0.113830221313552
-0.056974667206793
-0.000127522386811709
0.0567196235235978
0.113575180919263
0.170432272689707
0.227253199921367
0.283953743136411
0.340388020512666
0.396335511466468
0.451492826896731
0.505473532976259
0.557819291690486
0.608024210784682
0.655571389627443
0.699976805323313
0.740832416383895
0.777839443852762
0.81082507530743
0.839740478389206
0.864642901333913
0.885667781223198
0.902997411837348
0.916831390426229
0.92736191020134
0.934754975304513
0.939137276825147
0.94058784130571
0.93913348693912
0.934747392071764
0.92735052664491
0.916816195962311
0.902978392189095
0.885644918388973
0.864616173663779
0.839709860820833
0.81079053979929
0.777800960020184
0.740789952312005
0.699930328481023
0.655520867772145
0.607969612740457
0.557760587900674
0.505410695791483
0.451425830620101
0.396264332230689
0.340312636091009
0.283874132783821
0.227169344314951
0.170344153997603
0.113482782987531
0.0566229321260114
-0.000228519303132069
-0.0570799793525054
-0.113939856017391
-0.170801269885303
-0.227626520053921
-0.28433138561049
-0.340769984127951
-0.396721795568216
-0.45188343289226
-0.505868466240204
-0.558218563817378
-0.608427842046296
-0.655979411395985
-0.700389262147871
-0.741249367423125
-0.778260963463317
-0.811251252748989
-0.840171416777217
-0.865078716085967
-0.886108598284649
-0.90344336594675
-0.91728262361222
-0.927818570631845
-0.935217216543885
-0.939605257504611
-0.941061725170064
-0.939613443186151
-0.935233595866974
-0.927843159644453
-0.917315446662279
-0.903484455899096
-0.886157996639437
-0.865136472885509
-0.840237590190946
-0.811325908256635
-0.778344172600345
-0.741341206134566
-0.700489808887317
-0.656088745184069
-0.608546040744114
-0.55834570282498
-0.506004617741081
-0.452028665616912
-0.39687617494361
-0.340933572605894
-0.284504242970245
-0.22780870352313
-0.170992834006585
-0.114140852284765
-0.0572904557165954
-0.000448519695016886
0.0563933680982424
0.11324362006619
0.170095360985825
0.226910893503159
0.283605999154444
0.340034796353461
0.395976763698789
0.451128509887306
0.505103597131313
0.557443681329956
0.607642861747638
0.65518422681211
0.699583740446601
0.740433346261983
0.777434249430939
0.810413621524898
0.839322614805733
0.864218463317261
0.88523659143424
0.902559281760088
0.916386121726
0.926909295763569
0.934294799858618
0.938669317116556
0.940111865835529
0.938649255347051
0.934254654306099
0.926849022105022
0.916305652842313
0.902458527251992
0.885115437390599
0.864076772613303
0.839160228184979
0.810230359656152
0.777229916003373
0.740207731987132
0.699336627615422
0.654915393876259
0.60735208732243
0.557130747125538
0.504768289576166
0.450770620528934
0.395596088737523
0.339631135808137
0.283179156151109
0.226460674041646
0.169621574337452
0.112746079733642
0.0558718930766631
-0.000994103721476333
-0.0578603156065048
-0.11473514735329
-0.171611716692683
-0.228452320729789
-0.285172737916184
-0.341627087069046
-0.397594851895446
-0.45277265239408
-0.506774069978433
-0.559140789353733
-0.609366949487335
-0.656935689802255
-0.701363035621478
-0.742241000091692
-0.779270862721951
-0.812279870440434
-0.841219248396203
-0.866146298442741
-0.887196506257334
-0.90455220898637
-0.918413042587055
-0.928971235471644
-0.936392824992662
-0.940804535139919
-0.942285426673925
-0.940862354659919
-0.936508537788734
-0.929144989912318
-0.91864506307588
-0.904842797417236
-0.887546042807441
-0.866555240939849
-0.84168812953932
-0.81280929232697
-0.779861488490214
-0.742893543003656
-0.702078246538265
-0.657714344513813
-0.61020983756941
-0.560048705952282
-0.507747811207681
-0.453813014149377
-0.398702631105883
-0.342803084003771
-0.286417758181088
-0.229767175949752
-0.172997223466577
-0.116192124686615
-0.0593895815652153
-0.00259647234503427
0.0541956135935596
0.110995086922238
0.167795069244595
0.224557857212949
0.281199222285076
0.337573267400573
0.393459448638928
0.448554342885847
0.502471468331766
0.554752421332043
0.604891223017244
0.652370863159229
0.696707186555594
0.737491999713133
0.774426357437119
0.80733727373474
0.83617574230027
0.860998842764654
0.881941852591205
0.899186916211763
0.912933490842715
0.923373636162081
0.930673225089603
0.934958814844377
0.936309290446357
0.934751316687571
0.930257904019426
0.922749839615418
0.912100233328961
0.898142873929186
0.880685360135232
0.859527894528517
0.834488001037586
0.805430088158257
0.772296789535953
0.735136860686906
0.694123078162206
0.649554219493281
0.601838347050266
0.551459511492917
0.498934632807374
0.444769602380472
0.389422730940317
0.333280398476474
0.276645918535936
0.219739722202088
0.162707596214596
0.105633666234012
0.0485555424235188
-0.00851998163305445
-0.0656013977326034
-0.122697200652867
-0.179800606277615
-0.236874022386883
-0.29383335426931
-0.350532867492566
-0.40675221774496
-0.462188230520641
-0.516454738133295
-0.569093736325429
-0.619599750423095
-0.667456393437836
-0.712180256154919
-0.753364003726855
-0.790709638788472
-0.824045179821887
-0.853322646823567
-0.878600137345206
-0.900013917847406
-0.917747084409342
-0.932000012425484
-0.942965661116867
-0.950810807697321
-0.955662946978278
-0.957601964159749
-0.956655611682667
-0.952798090583
-0.945951483918373
-0.935990290443253
-0.922749754518106
-0.906038958905668
-0.885659571563489
-0.861430511074153
-0.833217458335092
-0.800964153776386
-0.764720268250244
-0.724659302817364
-0.68108060048814
-0.634392690063521
-0.58508006613339
-0.533660146049695
-0.480639430452173
-0.426476981276493
-0.371560071119937
-0.316193022017561
-0.260597349571278
-0.20491995920521
-0.149246096695036
-0.0936144778840106
-0.0380329911614723
0.0175057515853409
0.0730091043913774
0.128469077700136
0.183846787932106
0.239056747957474
0.293951713850879
0.348309686711395
0.401825641362565
0.454111283610316
0.504706102129611
0.55310162077305
0.598777860186284
0.641247179140462
0.680097393544639
0.715025139250392
0.745852712086278
0.772526245554142
0.79509797266671
0.813698466430954
0.828505394838426
0.839714004586289
0.847512404659828
0.852062739188217
0.853488009311401
0.851863685171772
0.847213179053764
0.839506520782804
0.828662016662373
0.814551162565292
0.797007520132426
0.775840532593836
0.750855184315086
0.721877786484359
0.688786835536406
0.651545898369433
0.610233321984199
0.565062234006816
0.516384942289063
0.464678996377604
0.410517051761074
0.354527248223085
0.297352944072392
0.239619487345817
0.181912129071095
0.124765016985412
0.0686580521217618
0.0140169967997798
-0.03878740443089
-0.0894437452875776
-0.137707490788371
-0.183408650558611
-0.226454563151426
-0.266822781756191
-0.304541530192582
-0.339659437512619
-0.372210508324992
-0.402182636703072
-0.429497380778203
-0.454005449412336
-0.475497748972802
-0.49372768475072
-0.508438207378523
-0.519387409312846
-0.526368728364315
-0.529224676376757
-0.527855188434474
-0.522222539509588
-0.512354436635168
-0.498346004779344
-0.480360675275526
-0.458629901067156
-0.433452068040094
-0.40519134712794
-0.374276881912326
-0.341201557769714
-0.306518381970996
-0.270832177870263
-0.234785153492019
-0.199036321567947
-0.164235853500098
-0.130995961240557
-0.0998602582090819
-0.0712743014921962
-0.0455611115490016
-0.0229061004063181
-0.00335503559866503
0.0131738495344586
0.026865856503031
0.0379788948886921
0.0468114911786351
0.0536746113555081
0.0588701145994896
0.0626765403384716
0.0653414272103885
0.0670786377851759
0.0680690531387027
0.0684632396098682
0.0683850520598896
0.067935487998273
0.0671963863199183
0.0662337620819783
0.0651006960653398
0.0638397728381022
0.0624851006160994
0.0610639635858509
0.0595981618265392
0.0581050915145361
0.0565986124562235
0.0550897432674296
0.0535872178513639
0.0520979307776804
0.0506272939214553
0.0491795223391425
0.0477578637457466
0.0463647830339415
0.04500211092686
0.0436711639888501
0.042372841722064
0.0411077053017126
0.0398760415688171
0.0386779151583272
0.0375132110630233
0.0363816694593407
0.0352829142678006
0.0342164766199665
0.0331818141806855
0.0321783270816743
0.0312053710844271
0.0302622684681197
0.0293483170445702
0.0284627976277554
0.0276049802270014
0.0267741291795685
0.0259695074019639
0.0251903799062904
0.0244360167041994
0.0237056951948876
0.0229987021239891
0.0223143351772204
0.0216519042678222
0.0210107325691387
0.02039015732339
0.0197895304687596
0.0192082191083584
0.018645605845882
0.0181010890075766
0.0175740827690892
0.017064017199475
0.0165703382366199
0.0160925076046639
0.0156300026798119
0.0151823163174596
0.0147489566414249
0.0143294468061566
0.0139233247336158
0.013530142831935
0.0131494676957025
0.0127808797968801
0.0124239731631744
0.0120783550502846
0.011743645609705
0.0114194775523827
0.0111054958105311
0.0108013572008659
0.0105067300878859
0.0102212940489391
0.00994473954286087
0.00967676758343202
0.00941708941531035
0.00916542619626415
0.00892150868611781
0.00868507693945303
0.0084558800057543
0.00823367563646079
0.00801822999805872
0.00780931739235587
0.00760671998471184
0.00741022753703851
0.00721963715110781
0.00703475301684951
0.00685538616761304
0.00668135424480901
0.00651248126724882
0.00634859740843899
0.00618953878058833
0.00603514722633009
0.00588527011541416
0.00573976014929728
0.00559847517185953
0.00546127798536445
0.00532803617502713
0.00519862193676149
0.00507291191175205
0.00495078702776964
0.00483213234492557
0.00471683690709396
0.00460479359831536
0.00449589900405071
0.00439005327901158
0.00428716001673416
0.00418712612729979
0.00408986171653151
0.00399527997115185
0.00390329704707993
0.00381383196360413
0.00372680649908606
0.00364214509160685
0.00355977474383285
0.00347962493041074
0.00340162750948939
0.00332571663565137
0.00325182867941533
0.00317990214656946
0.00310987760243563
0.00304169759775652
0.00297530659729254
0.00291065091292762
0.00284767863636776
0.00278633957714542
0.00272658520069696
0.00266836856945553
0.00261164428774599
0.00255636844494595
0.00250249856566761
0.00244999355720495
0.00239881366178469
0.00234892040932089
0.00230027657367104
0.00225284612590801
0.00220659419704342
0.00216148703344446
0.0021174919603539
0.0020745773445201
0.0020327125568372
0.00199186793879899
0.00195201476808915
0.00191312522806865
0.00187517237455162
0.00183813010718537
0.0018019731410941
0.00176667697752238
0.00173221787843309
0.00169857283998403
0.00166571956864284
0.00163363645549153
0.00160230255519838
0.00157169756223804
0.00154180179008329
0.00151259615010253
0.00148406213244801
0.00145618178606397
0.00142893770017622
0.00140231298648337
0.00137629126249473
0.001350856633987
0.001325993680212
0.0013016874365351
0.00127792338087017
0.00125468741944557
0.0012319658721772
0.00120974545974975
0.00118801328987545
0.00116675684552701
0.00114596397346013
0.00112562287113878
0.0011057220764115
0.00108625045646511
0.00106719719717329
0.00104855179399631
0.0010303040404193
0.00101244402016509
0.000994962097475214
0.000977848907547882
0.000961095349034355
0.000944692577159948
0.000928631991781593
0.000912905233925107
0.000897504175784055
0.000882420914795489
0.000867647766415534
0.00085317725735313
0.000839002118817156
0.000825115280417464
0.000811509865907698
0.000798179183811511
0.000785116724479026
0.000772316154466172
0.000759771310019427
0.00074747619286979
0.000735424964780347
0.000723611943397241
0.000712031597128297
0.000700678541216187
0.00068954753255171
0.000678633466217604
0.000667931371302984
0.000657436406307992
0.000647143856477892
0.00063704912997691
0.000627147752951827
0.00061743536773426
0.000607907728796666
0.000598560699407604
0.000589390248501192
0.000580392448382113
0.000571563470513053
0.000562899584136163
0.000554397152905605
0.000546052630961727
0.000537862562090866
0.000529823577421817
0.000521932390802555
0.00051418579894663
0.000506580677948945
0.000499113980465372
0.000491782735084704
0.000484584042654644
0.00047751507570221
0.00047057307603634
0.000463755352043087
0.000457059277718126
0.000450482290623239
0.000444021890595028
0.000437675637170251
0.000431441148323732
0.000425316099947271
0.000419298222185044
0.00041338529996028
0.000407575170314564
0.000401865722011554
0.000396254892788175
0.000390740669303228
0.000385321085229162
0.000379994220718362
0.000374758199756363
0.000369611190323707
0.000364551403295763
0.000359577090400074
0.000354686543501406
0.000349878093171403
0.000345150109932988
0.000340500999555147
0.000335929205478172
0.000331433205747193
0.000327011513324526
0.00032266267355805
0.000318385265888908
0.000314177901422736
0.000310039221533765
0.00030596789850742
0.000301962634063762
0.000298022158460201
0.000294145230114676
0.000290330635575659
0.00028657718674655
0.000282883722585868
0.000279249106665011
0.000275672228649821
0.000272152000697534
0.000268687359113399
0.000265277263677351
0.000261920696683589
0.000258616661544884
0.000255364183014814
0.000252162307889133
0.000249010101644442
0.000245906650952178
0.000242851061058479
0.000239842456757174
0.000236879980368312
0.000233962793156861
0.000231090073562785
0.000228261017685549
0.000225474837085019
0.000222730761114806
0.000220028034321387
0.000217365917423864
0.000214743685743494
0.000212160630194526
0.000209616055651944
0.000207109281669505
0.000204639640921857
0.000202206481107743
0.000199809161492735
0.000197447055571444
0.000195119548375009
0.000192826038573519
0.000190565935944037
0.000188338662566466
0.000186143651563165
0.000183980347737386
0.00018184820705619
0.000179746696208219
0.000177675292241508
0.000175633482159473
0.000173620763812597
0.000171636644432266
0.000169680640523609
0.000167752279440569
0.00016585109596202
0.000163976634921837
0.000162128449859763
0.000160306102751176
0.000158509164138913
0.000156737212216876
0.00015498983452528
0.000153266625474133
0.000151567187448892
0.000149891129984812
0.000148238071011759
0.000146607635059354
0.000144999453847232
0.000143413165602206
0.00014184841609888
0.00014030485695323
0.000138782147029581
0.00013727995121057
0.000135797940553926
0.000134335792267697
0.000132893189358353
0.000131469821114455
0.00013006538178318
0.000128679572439553
0.000127312098695929
0.000125962671466435
